    1    1   0.1166667
    1    2  -0.0966667
    2    1  -0.4333333
    2    2  -0.4533333
    3    1  -0.0233333
    3    2  -0.0800000
    4    1  -0.7200000
    4    2  -0.2833333
    5    1   0.2500000
    5    2   0.9333333
    6    1   0.3866667
    6    2   0.3133333
    7    1   0.0833333
    7    2  -0.3733333
    8    1   0.4066667
    8    2  -0.7066667
    9    1  -0.4800000
    9    2  -0.8866667
   10    1  -0.8233334
   10    2  -0.6300000
   11    1   0.8633333
   11    2  -0.7266667
   12    1   0.4766667
   12    2   0.3500000
   13    1   0.4533333
   13    2   0.9066667
   14    1  -0.8333334
   14    2  -0.6566667
   15    1  -0.5166667
   15    2  -0.5866667
   16    1  -0.4166667
   16    2  -0.8733333
   17    1  -0.5366667
   17    2   0.7366667
   18    1  -0.9500000
   18    2   0.3900000
   19    1   0.6533334
   19    2   0.7900000
   20    1   0.1033333
   20    2   0.1066667
   21    1   0.7433333
   21    2   0.0200000
   22    1   0.3933333
   22    2   0.4500000
   23    1   0.5766667
   23    2   0.3100000
   24    1  -0.5500000
   24    2  -0.8300000
   25    1  -0.5333334
   25    2  -0.7633334
   26    1  -0.2100000
   26    2  -0.6200000
   27    1  -0.5466667
   27    2  -0.7900000
   28    1   0.3533334
   28    2  -0.9266667
   29    1  -0.0533333
   29    2  -0.9500000
   30    1  -0.2500000
   30    2   0.2366667
   31    1   0.8700000
   31    2   0.6066667
   32    1   0.4500000
   32    2  -0.2200000
   33    1   0.1266667
   33    2  -0.0266667
   34    1   0.6366667
   34    2  -0.1633333
   35    1  -0.3233334
   35    2  -0.0666667
   36    1  -0.0533333
   36    2  -0.1100000
   37    1   0.3566667
   37    2   0.1600000
   38    1   0.8566667
   38    2   0.0666667
   39    1   0.3600000
   39    2  -0.1866667
   40    1   0.9733334
   40    2   0.5366667
   41    1   0.5466667
   41    2  -0.4566667
   42    1  -0.2566667
   42    2   0.1200000
   43    1  -0.2433333
   43    2  -0.4300000
   44    1   0.3500000
   44    2  -0.8233334
   45    1   0.2500000
   45    2   0.4766667
   46    1  -0.5233334
   46    2  -0.6900000
   47    1   0.0200000
   47    2   0.6133333
   48    1  -0.3766667
   48    2   0.0200000
   49    1   0.5633333
   49    2  -0.7233334
   50    1   0.2700000
   50    2  -0.2666667
   51    1   0.7100000
   51    2  -0.8800000
   52    1   0.7366667
   52    2  -0.8900000
   53    1   0.5633333
   53    2  -0.8433334
   54    1  -0.6266667
   54    2   0.2133333
   55    1  -0.1066667
   55    2  -0.6466667
   56    1   0.5000000
   56    2  -0.0666667
   57    1   0.2866667
   57    2   0.7333333
   58    1   0.0000000
   58    2   0.1633333
   59    1  -0.8900000
   59    2   0.7333333
   60    1  -0.4933333
   60    2  -0.3833334
   61    1  -0.9800000
   61    2  -0.4633333
   62    1   0.2000000
   62    2  -0.3566667
   63    1  -0.9433333
   63    2   0.3800000
   64    1  -0.7266667
   64    2   0.6266667
   65    1   0.2633334
   65    2  -0.3233334
   66    1  -0.4166667
   66    2  -0.3000000
   67    1  -0.2966667
   67    2   0.8533334
   68    1   0.6933333
   68    2  -0.4200000
   69    1  -0.7966667
   69    2  -0.6100000
   70    1  -0.0233333
   70    2  -0.7500000
   71    1   0.5266667
   71    2   0.4066667
   72    1  -0.6433334
   72    2  -0.1200000
   73    1   0.5133333
   73    2  -0.4400000
   74    1  -0.5400000
   74    2  -0.2100000
   75    1   0.5233334
   75    2   1.0000000
   76    1   0.9066667
   76    2   0.5233334
   77    1  -0.5666667
   77    2   0.3566667
   78    1  -0.0666667
   78    2  -0.1400000
   79    1   0.5066667
   79    2   0.2866667
   80    1  -0.6933333
   80    2   0.6366667
   81    1   0.0566667
   81    2  -0.4233333
   82    1   0.7966667
   82    2   0.5666667
   83    1   0.5033333
   83    2   0.2400000
   84    1   0.3833334
   84    2  -0.0666667
   85    1  -0.5966667
   85    2  -0.2866667
   86    1  -0.9433333
   86    2  -0.8100000
   87    1   0.0666667
   87    2  -0.0066667
   88    1  -0.5066667
   88    2   0.3300000
   89    1  -0.3633333
   89    2   0.1433333
   90    1  -0.7900000
   90    2   0.3666667
   91    1  -0.2600000
   91    2   0.0200000
   92    1  -0.2033333
   92    2  -0.3900000
   93    1  -0.0300000
   93    2   0.5833334
   94    1   0.3300000
   94    2   0.6033334
   95    1  -0.9233333
   95    2  -0.7200000
   96    1   0.4733334
   96    2   0.7400000
   97    1  -0.6366667
   97    2  -0.4733334
   98    1   0.3233334
   98    2  -0.6400000
   99    1   0.8000000
   99    2  -0.2800000
  100    1   0.2700000
  100    2  -0.7633334
  101    1   0.2966667
  101    2  -0.4133334
  102    1   0.5800000
  102    2  -0.1633333
  103    1  -0.2066667
  103    2   0.2100000
  104    1   0.8666667
  104    2   0.4933333
  105    1  -0.8166667
  105    2   0.6800000
  106    1   0.2066667
  106    2   0.4833333
  107    1   0.0533333
  107    2   0.7600000
  108    1  -0.7766667
  108    2  -0.6966667
  109    1   0.9866667
  109    2  -0.3466667
  110    1   0.4033333
  110    2  -0.4766667
  111    1  -0.5500000
  111    2   0.5233334
  112    1  -0.4466667
  112    2   0.4000000
  113    1  -0.9533334
  113    2   0.1333333
  114    1  -0.0366667
  114    2  -0.6400000
  115    1   0.5066667
  115    2  -0.6066667
  116    1  -0.5900000
  116    2  -0.2166667
  117    1   0.9033334
  117    2   0.4633333
  118    1   0.4366667
  118    2  -0.5433334
  119    1  -0.5533333
  119    2  -0.0033333
  120    1   0.0966667
  120    2   0.6466667
  121    1   0.4633333
  121    2   0.7533333
  122    1   0.8166667
  122    2   0.6633334
  123    1  -0.8733333
  123    2  -0.0266667
  124    1   0.4100000
  124    2  -0.6433334
  125    1  -0.5266667
  125    2  -0.9533334
  126    1  -0.9533334
  126    2   0.6166667
  127    1   0.3833334
  127    2  -0.3633333
  128    1  -0.5666667
  128    2  -0.5700000
  129    1   0.0466667
  129    2  -0.9133334
  130    1   0.6400000
  130    2   0.8733333
  131    1  -0.8900000
  131    2  -0.0466667
  132    1   0.2033333
  132    2   0.1766667
  133    1  -0.6833333
  133    2  -0.3466667
  134    1   0.2866667
  134    2  -0.0033333
  135    1   0.5666667
  135    2  -0.2500000
  136    1   0.6400000
  136    2   0.4866667
  137    1  -0.2033333
  137    2   0.5433334
  138    1  -0.1166667
  138    2  -0.3366667
  139    1   0.6233333
  139    2   0.3600000
  140    1   0.4133334
  140    2  -0.2700000
  141    1   0.2233333
  141    2   0.4400000
  142    1  -0.5500000
  142    2   0.4900000
  143    1  -0.9100000
  143    2   0.6400000
  144    1  -0.7100000
  144    2   0.7100000
  145    1   0.0100000
  145    2  -0.2900000
  146    1  -0.3633333
  146    2  -0.3166667
  147    1   0.6733333
  147    2  -0.0933333
  148    1  -0.6833333
  148    2   0.4733334
  149    1  -0.8366667
  149    2  -0.4200000
  150    1   0.1500000
  150    2   0.1933333
  151    1   0.1833333
  151    2  -0.4900000
  152    1   0.9300000
  152    2   0.1333333
  153    1  -0.2266667
  153    2  -0.5400000
  154    1  -0.1033333
  154    2   0.6733333
  155    1   0.6100000
  155    2   0.4100000
  156    1  -0.9833333
  156    2  -0.9466667
  157    1   0.8533334
  157    2  -0.7333333
  158    1   0.3700000
  158    2   0.0966667
  159    1  -0.9100000
  159    2  -0.5200000
  160    1  -0.4133334
  160    2   0.2266667
  161    1  -0.1200000
  161    2   0.7100000
  162    1   0.3000000
  162    2   0.2733333
  163    1   0.7300000
  163    2  -0.9066667
  164    1  -0.2166667
  164    2   0.7133334
  165    1  -0.3533334
  165    2   0.8033333
  166    1   0.8200000
  166    2  -0.0066667
  167    1  -0.7133334
  167    2   0.7733334
  168    1   0.3600000
  168    2   0.5133333
  169    1   0.7800000
  169    2   0.0300000
  170    1   0.7966667
  170    2   0.1200000
  171    1   0.5900000
  171    2   0.8133333
  172    1   0.6900000
  172    2  -0.6900000
  173    1  -0.9900000
  173    2  -0.4866667
  174    1   0.3466667
  174    2   0.0433333
  175    1  -0.1433333
  175    2   0.7100000
  176    1   0.2066667
  176    2   0.9133334
  177    1   0.6100000
  177    2   0.9033334
  178    1   0.7400000
  178    2   0.8866667
  179    1   0.2333333
  179    2  -0.1100000
  180    1  -0.4166667
  180    2   0.2066667
  181    1   0.8733333
  181    2  -0.6400000
  182    1   0.5433334
  182    2  -0.8500000
  183    1   0.6933333
  183    2  -0.0233333
  184    1   0.6666667
  184    2   0.7300000
  185    1   0.9966667
  185    2   0.3666667
  186    1   0.3966667
  186    2   0.4866667
  187    1   0.0933333
  187    2   0.7033334
  188    1   0.3533334
  188    2   0.6133333
  189    1   0.7233334
  189    2   0.2500000
  190    1  -0.7000000
  190    2   0.1266667
  191    1   0.3766667
  191    2   0.7233334
  192    1  -0.9500000
  192    2  -0.3033333
  193    1  -0.5433334
  193    2   0.4766667
  194    1  -0.3600000
  194    2   0.0500000
  195    1  -0.0500000
  195    2   0.5800000
  196    1  -0.7800000
  196    2   0.5900000
  197    1   0.5300000
  197    2   0.5233334
  198    1   0.5266667
  198    2   0.3066667
  199    1   0.1366667
  199    2  -0.0433333
  200    1  -0.9000000
  200    2  -0.5566667
  201    1  -0.7000000
  201    2   0.5266667
  202    1   0.2400000
  202    2  -0.8166667
  203    1  -0.5233334
  203    2   0.9366667
  204    1  -0.4533333
  204    2  -0.2533333
  205    1  -0.0400000
  205    2   0.0566667
  206    1  -0.4433334
  206    2  -0.9533334
  207    1   0.1500000
  207    2   0.5200000
  208    1   0.3233334
  208    2  -0.2533333
  209    1   0.5600000
  209    2  -0.2466667
  210    1  -0.7866667
  210    2   0.5800000
  211    1   0.7133334
  211    2   0.3533334
  212    1   0.1200000
  212    2  -0.6566667
  213    1   0.1500000
  213    2   0.9800000
  214    1   0.6166667
  214    2  -0.8700000
  215    1   0.4033333
  215    2   0.6666667
  216    1  -0.7433333
  216    2  -0.1133333
  217    1  -0.5900000
  217    2  -0.9000000
  218    1  -0.7233334
  218    2  -0.5800000
  219    1   0.0133333
  219    2   0.1066667
  220    1   0.5633333
  220    2  -0.4833333
  221    1   0.2100000
  221    2  -0.2366667
  222    1   0.9833333
  222    2   0.3400000
  223    1  -0.3300000
  223    2  -0.6566667
  224    1  -0.4433334
  224    2   0.9833333
  225    1  -0.1000000
  225    2   0.6800000
  226    1  -0.3200000
  226    2   0.7700000
  227    1   0.6000000
  227    2  -0.1266667
  228    1   0.8400000
  228    2   0.7966667
  229    1  -0.7300000
  229    2   0.9300000
  230    1   0.5000000
  230    2  -0.3166667
  231    1   0.7466667
  231    2  -0.4833333
  232    1   0.0900000
  232    2   0.5733333
  233    1   0.5900000
  233    2  -0.2666667
  234    1   0.4866667
  234    2  -0.4966667
  235    1   0.1833333
  235    2  -0.4266667
  236    1   0.3633333
  236    2   0.9566667
  237    1  -0.2466667
  237    2  -0.2733333
  238    1  -0.0266667
  238    2   0.2533333
  239    1   0.7766667
  239    2   0.6433334
  240    1   0.7200000
  240    2   0.2633334
  241    1   0.1533333
  241    2  -0.4200000
  242    1   0.7133334
  242    2   0.4000000
  243    1   0.7133334
  243    2  -0.1166667
  244    1   0.1966667
  244    2  -0.7800000
  245    1  -0.2700000
  245    2   0.2000000
  246    1   0.3700000
  246    2   0.2033333
  247    1   0.8766667
  247    2  -0.7100000
  248    1   0.5500000
  248    2   0.5100000
  249    1  -0.1166667
  249    2   0.0133333
  250    1   0.4433334
  250    2   0.0900000
  251    1  -0.7100000
  251    2   0.7833334
  252    1  -0.5100000
  252    2  -0.6600000
  253    1   0.2700000
  253    2  -0.7366667
  254    1   0.9233333
  254    2  -0.0366667
  255    1  -0.4800000
  255    2  -0.1966667
  256    1   0.6133333
  256    2   0.5933334
  257    1   0.6033334
  257    2   0.2000000
  258    1   0.7933334
  258    2  -0.4066667
  259    1  -0.8266667
  259    2   0.6300000
  260    1   0.6300000
  260    2   0.1400000
  261    1   0.3300000
  261    2   0.6733333
  262    1   0.3833334
  262    2   0.6266667
  263    1  -0.2000000
  263    2  -0.6566667
  264    1   0.5800000
  264    2   0.2666667
  265    1  -0.4866667
  265    2   0.3300000
  266    1  -0.0266667
  266    2  -0.4233333
  267    1   0.0033333
  267    2  -0.0866667
  268    1   0.9800000
  268    2  -0.4666667
  269    1  -0.2566667
  269    2  -0.7366667
  270    1   0.2766667
  270    2  -0.1633333
  271    1   0.9333333
  271    2  -0.6566667
  272    1  -0.9866667
  272    2   0.9400000
  273    1   0.1733333
  273    2   0.0800000
  274    1  -0.2966667
  274    2  -0.0700000
  275    1   0.4133334
  275    2  -0.9300000
  276    1  -0.7866667
  276    2   0.0600000
  277    1  -0.1066667
  277    2  -0.2400000
  278    1   0.2233333
  278    2  -0.8866667
  279    1   0.4700000
  279    2   0.8033333
  280    1   0.2766667
  280    2  -0.3100000
  281    1   0.2833333
  281    2  -0.7900000
  282    1  -0.0200000
  282    2   0.0533333
  283    1  -0.8733333
  283    2   0.1800000
  284    1   0.6500000
  284    2  -0.3500000
  285    1  -0.2733333
  285    2  -0.0166667
  286    1   0.5766667
  286    2  -0.5733333
  287    1   0.4833333
  287    2  -0.1900000
  288    1  -0.7500000
  288    2   0.0300000
  289    1   0.6966667
  289    2   0.4866667
  290    1  -0.5433334
  290    2   0.6766667
  291    1  -0.7733334
  291    2  -0.1600000
  292    1  -0.4233333
  292    2  -0.4166667
  293    1  -0.9533334
  293    2   0.8266667
  294    1  -0.1300000
  294    2   0.6233333
  295    1  -0.0033333
  295    2  -0.9066667
  296    1   0.3466667
  296    2  -0.0600000
  297    1   0.2266667
  297    2   0.0466667
  298    1  -0.3766667
  298    2   0.7366667
  299    1   0.3300000
  299    2  -0.5533333
  300    1  -0.8966667
  300    2   0.4000000
  301    1   0.3900000
  301    2   0.6133333
  302    1   0.4266667
  302    2   0.5166667
  303    1   0.6500000
  303    2  -0.8200000
  304    1   0.7666667
  304    2   0.0466667
  305    1   0.1800000
  305    2   0.3833334
  306    1  -0.9566667
  306    2  -0.1466667
  307    1   0.9666667
  307    2  -0.4933333
  308    1   0.6466667
  308    2  -0.9733334
  309    1   0.8233334
  309    2   0.9966667
  310    1  -0.7933334
  310    2   0.2466667
  311    1   0.3166667
  311    2  -0.3333333
  312    1   0.4900000
  312    2   0.4866667
  313    1  -0.7333333
  313    2   0.3633333
  314    1  -0.3166667
  314    2   0.8066667
  315    1   0.5566667
  315    2   0.0100000
  316    1   0.7000000
  316    2  -0.6733333
  317    1   0.9466667
  317    2   0.4833333
  318    1  -0.7500000
  318    2  -0.4566667
  319    1  -0.6433334
  319    2   0.3200000
  320    1   0.9600000
  320    2   0.8000000
  321    1   0.7133334
  321    2  -0.7100000
  322    1  -0.2333333
  322    2   0.1766667
  323    1   0.6933333
  323    2   0.1733333
  324    1   0.8766667
  324    2   0.2933334
  325    1   0.4566667
  325    2  -0.6566667
  326    1  -0.6533334
  326    2   0.6600000
  327    1   0.3366667
  327    2   0.1300000
  328    1   0.0433333
  328    2   0.7466667
  329    1   0.9366667
  329    2   0.6600000
  330    1   0.5533333
  330    2   0.5066667
  331    1  -0.1233333
  331    2  -0.6266667
  332    1   0.5233334
  332    2  -0.4966667
  333    1   0.2066667
  333    2   0.4066667
  334    1   0.8566667
  334    2  -0.2600000
  335    1  -0.5400000
  335    2  -0.2000000
  336    1   0.3133333
  336    2   0.2433333
  337    1  -0.8633333
  337    2   0.6533334
  338    1  -0.6400000
  338    2  -0.2233333
  339    1  -0.3033333
  339    2  -0.0833333
  340    1   0.1333333
  340    2  -0.8700000
  341    1   0.1533333
  341    2  -0.1366667
  342    1  -0.3233334
  342    2  -0.4366667
  343    1  -0.1333333
  343    2   0.2400000
  344    1   0.2766667
  344    2   0.8233334
  345    1  -0.0400000
  345    2   0.3633333
  346    1   0.9666667
  346    2  -0.4433334
  347    1   0.0400000
  347    2   0.1733333
  348    1  -0.4200000
  348    2  -0.6266667
  349    1   0.8433334
  349    2   0.1100000
  350    1   0.1833333
  350    2  -0.2866667
  351    1   0.3433333
  351    2   0.2866667
  352    1  -0.6333333
  352    2  -0.4466667
  353    1  -0.8666667
  353    2  -0.6633334
  354    1   0.4266667
  354    2   0.4966667
  355    1   0.7466667
  355    2  -0.3133333
  356    1  -0.3466667
  356    2  -0.9066667
  357    1   0.1500000
  357    2   0.0033333
  358    1   0.8100000
  358    2  -0.1833333
  359    1  -0.9533334
  359    2  -0.6666667
  360    1   0.4933333
  360    2  -0.6966667
  361    1  -0.8100000
  361    2  -0.6166667
  362    1   0.0566667
  362    2  -0.4333333
  363    1  -0.1033333
  363    2  -0.4233333
  364    1   0.3900000
  364    2  -0.7100000
  365    1   0.7300000
  365    2  -0.7400000
  366    1   0.8100000
  366    2  -0.3266667
  367    1  -0.5100000
  367    2  -0.8000000
  368    1   0.1333333
  368    2   0.3100000
  369    1   0.7933334
  369    2  -0.1933333
  370    1  -0.8533334
  370    2   0.1333333
  371    1   0.9700000
  371    2   0.1933333
  372    1   0.2933334
  372    2  -0.6300000
  373    1  -0.8466667
  373    2   0.5566667
  374    1   0.8566667
  374    2   0.4966667
  375    1   0.3900000
  375    2   0.7600000
  376    1   0.4233333
  376    2  -0.6000000
  377    1  -0.9066667
  377    2   0.1366667
  378    1   0.6000000
  378    2   0.1466667
  379    1  -0.8300000
  379    2  -0.6800000
  380    1  -0.0866667
  380    2  -0.0566667
  381    1   0.1300000
  381    2  -0.7500000
  382    1   0.0966667
  382    2  -0.8200000
  383    1   0.7600000
  383    2   0.1866667
  384    1  -0.7166667
  384    2   0.1100000
  385    1  -0.9133334
  385    2   0.0800000
  386    1   0.6233333
  386    2   0.5666667
  387    1  -0.8033333
  387    2   0.0000000
  388    1  -0.5900000
  388    2   0.9666667
  389    1  -0.9266667
  389    2  -0.8800000
  390    1  -0.2333333
  390    2  -0.9966667
  391    1   0.6100000
  391    2   0.3066667
  392    1  -0.1500000
  392    2  -0.9233333
  393    1   0.0500000
  393    2   0.0166667
  394    1  -0.2433333
  394    2   0.2033333
  395    1   0.4900000
  395    2   0.8166667
  396    1  -0.8566667
  396    2  -0.9700000
  397    1  -0.9633334
  397    2   0.1766667
  398    1   0.3600000
  398    2  -0.1900000
  399    1   0.9633334
  399    2  -0.7733334
  400    1  -0.3933333
  400    2   0.0033333
  401    1  -0.7633334
  401    2  -0.6266667
  402    1  -0.5733333
  402    2  -0.7866667
  403    1   0.1900000
  403    2   0.4433334
  404    1  -0.0766667
  404    2   0.8200000
  405    1   0.0066667
  405    2   0.2333333
  406    1   0.7100000
  406    2  -0.9333333
  407    1  -0.1233333
  407    2   0.5766667
  408    1  -0.2633334
  408    2  -0.3233334
  409    1  -0.9333333
  409    2  -0.5200000
  410    1  -0.5000000
  410    2  -0.1933333
  411    1   0.3100000
  411    2  -0.4400000
  412    1  -0.2300000
  412    2  -0.8166667
  413    1  -0.4733334
  413    2  -0.8833333
  414    1   0.6700000
  414    2   0.2233333
  415    1  -0.9600000
  415    2  -0.8666667
  416    1  -0.4733334
  416    2   0.7633334
  417    1  -0.8166667
  417    2  -0.2433333
  418    1  -0.7100000
  418    2  -0.9733334
  419    1   0.6600000
  419    2   0.1733333
  420    1  -0.2566667
  420    2  -0.8933334
  421    1   0.1833333
  421    2   0.5400000
  422    1  -0.3433333
  422    2   0.1200000
  423    1   0.9966667
  423    2   0.5833334
  424    1   0.2633334
  424    2  -0.8033333
  425    1  -0.0033333
  425    2   0.4900000
  426    1  -0.4700000
  426    2   0.5833334
  427    1  -0.5333334
  427    2  -0.4333333
  428    1  -0.6866667
  428    2  -0.3166667
  429    1   0.1866667
  429    2  -0.8633333
  430    1  -0.3100000
  430    2   0.1733333
  431    1  -0.4866667
  431    2   0.8900000
  432    1  -0.4433334
  432    2  -0.6633334
  433    1  -0.3466667
  433    2  -0.0566667
  434    1  -0.6466667
  434    2  -0.7400000
  435    1  -0.7266667
  435    2   0.6633334
  436    1  -0.7466667
  436    2   0.5166667
  437    1  -0.7966667
  437    2   0.4866667
  438    1  -0.3333333
  438    2  -0.6166667
  439    1  -0.0333333
  439    2   0.1966667
  440    1  -0.6766667
  440    2  -0.9533334
  441    1  -0.8000000
  441    2  -0.4500000
  442    1  -0.4266667
  442    2   0.4866667
  443    1  -0.7666667
  443    2  -0.9700000
  444    1   0.6233333
  444    2  -0.1933333
  445    1   0.0433333
  445    2   0.8766667
  446    1  -0.3000000
  446    2   0.1866667
  447    1   0.5500000
  447    2  -0.6000000
  448    1  -0.3666667
  448    2   0.9300000
  449    1   0.7400000
  449    2   0.6066667
  450    1  -0.8900000
  450    2   0.5633333
  451    1  -0.5133333
  451    2   0.7200000
  452    1  -0.9400000
  452    2  -0.9833333
  453    1   0.1233333
  453    2   0.9933333
  454    1  -0.7566667
  454    2  -0.2100000
  455    1   0.9366667
  455    2   0.2033333
  456    1  -0.7400000
  456    2   0.3500000
  457    1   0.7133334
  457    2  -0.8933334
  458    1   0.0766667
  458    2   0.5500000
  459    1  -0.7766667
  459    2  -0.4700000
  460    1  -0.2233333
  460    2   0.9466667
  461    1   0.2033333
  461    2   0.2866667
  462    1   0.0033333
  462    2   0.6266667
  463    1   0.1433333
  463    2   0.6533334
  464    1   0.9766667
  464    2   0.0366667
  465    1  -0.0500000
  465    2  -0.9366667
  466    1  -0.6833333
  466    2  -0.4400000
  467    1  -0.6133333
  467    2   0.8433334
  468    1   0.5666667
  468    2  -0.5933334
  469    1   0.2366667
  469    2   0.7066667
  470    1   0.0433333
  470    2  -0.6933333
  471    1   0.5100000
  471    2  -0.6733333
  472    1   0.4166667
  472    2   0.1566667
  473    1  -0.4266667
  473    2  -0.1700000
  474    1   0.9533334
  474    2  -0.9200000
  475    1   0.7000000
  475    2   0.3400000
  476    1  -0.0233333
  476    2   0.9166667
  477    1   0.7433333
  477    2  -0.5900000
  478    1  -0.4033333
  478    2  -0.0066667
  479    1  -0.7333333
  479    2   0.1300000
  480    1   0.0966667
  480    2  -0.8300000
  481    1   0.1233333
  481    2   0.0533333
  482    1   0.7366667
  482    2  -0.5500000
  483    1   0.0000000
  483    2  -0.5933334
  484    1  -0.8166667
  484    2  -0.1700000
  485    1  -0.8666667
  485    2   0.3000000
  486    1   0.0366667
  486    2  -0.9566667
  487    1   0.8733333
  487    2   0.0933333
  488    1   0.8366667
  488    2  -0.0566667
  489    1  -0.0866667
  489    2   0.7566667
  490    1   0.4000000
  490    2  -0.1866667
  491    1  -0.0366667
  491    2  -0.0466667
  492    1  -0.5966667
  492    2  -0.9200000
  493    1  -0.2900000
  493    2   0.3800000
  494    1  -0.6333333
  494    2  -0.3733333
  495    1   0.7666667
  495    2   0.1966667
  496    1  -0.3166667
  496    2  -0.2433333
  497    1   0.6700000
  497    2  -0.5633333
  498    1   0.2500000
  498    2   0.5800000
  499    1  -0.5666667
  499    2   0.9733334
  500    1   0.1433333
  500    2  -0.2900000
  501    1  -0.4300000
  501    2   0.5000000
  502    1  -0.7766667
  502    2   0.5266667
  503    1  -0.7433333
  503    2  -0.0433333
  504    1   0.8566667
  504    2  -0.2233333
  505    1  -0.3466667
  505    2  -0.7433333
  506    1   0.3700000
  506    2  -0.5266667
  507    1   0.9500000
  507    2   0.0633333
  508    1   0.2100000
  508    2  -0.7500000
  509    1  -0.2333333
  509    2  -0.0566667
  510    1   0.3233334
  510    2   0.4366667
  511    1   0.2800000
  511    2   0.1900000
  512    1   0.2100000
  512    2  -0.8800000
  513    1   0.2200000
  513    2   0.6266667
  514    1   0.5433334
  514    2  -0.8833333
  515    1  -0.2500000
  515    2   0.3466667
  516    1   0.7066667
  516    2  -0.6033334
  517    1   0.3533334
  517    2   0.7500000
  518    1  -0.5066667
  518    2   0.8533334
  519    1  -0.6133333
  519    2   0.9533334
  520    1   0.4866667
  520    2   0.2200000
  521    1   0.6433334
  521    2   0.6600000
  522    1   0.3633333
  522    2   0.1466667
  523    1   0.5566667
  523    2   0.5633333
  524    1   0.1500000
  524    2   0.6866667
  525    1   0.2000000
  525    2   0.0600000
  526    1  -0.1466667
  526    2   0.6233333
  527    1   0.4566667
  527    2  -0.5400000
  528    1  -0.1633333
  528    2  -0.6600000
  529    1   0.8900000
  529    2  -0.3800000
  530    1   0.3433333
  530    2   0.8900000
  531    1  -0.0566667
  531    2  -0.3400000
  532    1  -0.0533333
  532    2   0.1700000
  533    1  -0.1133333
  533    2  -0.1866667
  534    1  -0.9133334
  534    2  -0.1333333
  535    1   0.6366667
  535    2   0.8033333
  536    1   0.9000000
  536    2  -0.2166667
  537    1   0.4166667
  537    2  -0.7400000
  538    1  -0.4000000
  538    2  -0.1366667
  539    1  -0.8966667
  539    2   0.8500000
  540    1   0.6166667
  540    2   0.3800000
  541    1   0.0333333
  541    2  -0.6000000
  542    1   0.9400000
  542    2  -0.2233333
  543    1   0.6533334
  543    2  -0.4666667
  544    1  -0.3166667
  544    2  -0.6100000
  545    1  -0.1033333
  545    2  -0.3566667
  546    1  -0.8633333
  546    2   0.7966667
  547    1   0.8600000
  547    2   0.0933333
  548    1   0.7800000
  548    2   0.6833333
  549    1   0.4766667
  549    2   0.0933333
  550    1  -0.5766667
  550    2   0.9600000
  551    1   0.4133334
  551    2  -0.1933333
  552    1   0.2033333
  552    2  -0.0733333
  553    1  -0.8466667
  553    2   0.6633334
  554    1  -0.8433334
  554    2   0.6200000
  555    1  -0.6500000
  555    2  -0.3733333
  556    1  -0.4900000
  556    2   0.4800000
  557    1  -0.4866667
  557    2   0.0433333
  558    1  -0.8933334
  558    2  -0.1200000
  559    1  -0.1500000
  559    2   0.1133333
  560    1  -0.3666667
  560    2   0.3200000
  561    1   0.5100000
  561    2  -0.7766667
  562    1   0.1866667
  562    2  -1.0000000
  563    1  -0.6566667
  563    2  -0.2533333
  564    1  -0.4000000
  564    2   0.6900000
  565    1   0.3100000
  565    2  -0.1400000
  566    1  -0.0233333
  566    2  -0.5833334
  567    1  -0.6366667
  567    2   0.1833333
  568    1  -0.4133334
  568    2   0.7200000
  569    1   0.7066667
  569    2   0.1033333
  570    1   0.1600000
  570    2   0.6400000
  571    1  -0.8400000
  571    2   0.1166667
  572    1   0.2666667
  572    2  -0.0133333
  573    1   0.5200000
  573    2   0.1533333
  574    1  -0.2900000
  574    2   0.2066667
  575    1  -0.0900000
  575    2  -0.5933334
  576    1   0.1633333
  576    2  -0.2866667
  577    1  -0.4433334
  577    2   0.6966667
  578    1  -0.4100000
  578    2  -0.7400000
  579    1   0.1400000
  579    2   0.7333333
  580    1  -0.6133333
  580    2   0.5633333
  581    1   0.5600000
  581    2  -0.6966667
  582    1  -0.2266667
  582    2  -0.8033333
  583    1   0.5466667
  583    2   0.9533334
  584    1  -0.5433334
  584    2  -0.1700000
  585    1   0.2500000
  585    2  -0.6666667
  586    1  -0.6833333
  586    2  -0.6066667
  587    1   0.9266667
  587    2   0.2500000
  588    1   0.4000000
  588    2   0.1900000
  589    1  -0.3700000
  589    2   0.3966667
  590    1  -0.5800000
  590    2   0.0833333
  591    1   0.1266667
  591    2   0.9333333
  592    1   0.2733333
  592    2   0.5533333
  593    1  -0.1866667
  593    2  -0.0766667
  594    1  -0.7233334
  594    2  -0.3000000
  595    1   0.0666667
  595    2   0.7633334
  596    1   0.8266667
  596    2   0.5333334
  597    1   0.9100000
  597    2   0.2200000
  598    1   0.6133333
  598    2   0.6800000
  599    1   0.1666667
  599    2   0.9500000
  600    1  -0.2200000
  600    2  -0.3266667
  601    1  -0.9433333
  601    2   0.3466667
  602    1  -0.5500000
  602    2  -0.7500000
  603    1  -0.7766667
  603    2   0.4233333
  604    1  -0.8466667
  604    2  -0.9533334
  605    1  -0.9333333
  605    2   0.4800000
  606    1   0.9233333
  606    2   0.4700000
  607    1  -0.1933333
  607    2   0.8500000
  608    1   0.0533333
  608    2   0.1933333
  609    1   0.2166667
  609    2   0.7766667
  610    1  -0.1333333
  610    2   0.2366667
  611    1  -0.7433333
  611    2   0.9466667
  612    1  -0.9000000
  612    2   0.1500000
  613    1   0.0433333
  613    2  -0.5233334
  614    1   0.3066667
  614    2  -0.9733334
  615    1  -0.8900000
  615    2   0.5733333
  616    1   0.2000000
  616    2  -0.5933334
  617    1   0.8800000
  617    2  -0.7733334
  618    1  -0.0666667
  618    2   0.0233333
  619    1  -0.2833333
  619    2  -0.0500000
  620    1   0.5433334
  620    2  -0.2233333
  621    1  -0.4300000
  621    2   0.6166667
  622    1  -0.6333333
  622    2   0.6633334
  623    1  -0.7700000
  623    2   0.5200000
  624    1   0.0566667
  624    2   0.4866667
  625    1   0.6566667
  625    2  -0.5500000
  626    1  -0.4866667
  626    2   0.3266667
  627    1   0.8700000
  627    2  -0.6633334
  628    1  -0.5033333
  628    2  -0.7800000
  629    1   0.2500000
  629    2  -0.5833334
  630    1   0.9100000
  630    2  -0.8166667
  631    1   0.9166667
  631    2   0.8466667
  632    1  -0.1033333
  632    2  -0.4766667
  633    1   0.3033333
  633    2  -0.0466667
  634    1  -0.8566667
  634    2   0.0800000
  635    1  -0.1133333
  635    2  -0.1466667
  636    1  -0.6133333
  636    2  -0.5000000
  637    1  -0.1333333
  637    2  -0.2666667
  638    1  -0.1966667
  638    2  -0.5766667
  639    1   0.4033333
  639    2   0.4000000
  640    1   0.7100000
  640    2   0.3733333
  641    1   0.7400000
  641    2  -0.5500000
  642    1  -0.6433334
  642    2   0.2333333
  643    1   0.2933334
  643    2   0.3333333
  644    1  -0.9366667
  644    2   0.1700000
  645    1   0.9400000
  645    2   0.4666667
  646    1  -0.2133333
  646    2   0.8166667
  647    1  -0.1566667
  647    2   0.6300000
  648    1  -0.1766667
  648    2   0.1900000
  649    1  -0.8333334
  649    2  -0.8400000
  650    1  -0.7966667
  650    2   0.1833333
  651    1  -0.2733333
  651    2   0.4266667
  652    1  -0.3800000
  652    2   0.6266667
  653    1   0.0633333
  653    2   0.5566667
  654    1   0.6000000
  654    2   0.2766667
  655    1   0.8733333
  655    2  -0.0466667
  656    1   0.4700000
  656    2   0.0666667
  657    1  -0.3533334
  657    2   0.0766667
  658    1  -0.4766667
  658    2   0.8033333
  659    1  -0.4766667
  659    2  -0.4033333
  660    1   0.7666667
  660    2  -0.3400000
  661    1  -0.3233334
  661    2   0.2833333
  662    1  -0.9166667
  662    2   0.5366667
  663    1   0.0766667
  663    2   0.7000000
  664    1   0.5600000
  664    2  -0.9333333
  665    1   0.8000000
  665    2   0.2466667
  666    1  -0.3000000
  666    2   0.2633334
  667    1  -0.5700000
  667    2  -0.2333333
  668    1   0.1633333
  668    2   0.2233333
  669    1   0.8866667
  669    2  -0.8066667
  670    1   0.2566667
  670    2  -0.2433333
  671    1  -0.3100000
  671    2   0.3466667
  672    1   0.9900000
  672    2  -0.5333334
  673    1  -0.6500000
  673    2  -0.1300000
  674    1  -0.3000000
  674    2  -0.2133333
  675    1   0.3433333
  675    2  -0.2000000
  676    1   0.8666667
  676    2   0.0633333
  677    1  -0.1266667
  677    2  -0.2133333
  678    1   0.1900000
  678    2   0.7466667
  679    1   0.5800000
  679    2   0.4133334
  680    1   0.1200000
  680    2  -0.9733334
  681    1  -0.5600000
  681    2  -0.8333334
  682    1  -0.5500000
  682    2  -0.2000000
  683    1  -0.1866667
  683    2   0.1200000
  684    1  -0.4866667
  684    2   0.6100000
  685    1   0.0100000
  685    2  -0.9866667
  686    1  -0.3333333
  686    2  -0.8766667
  687    1  -0.3700000
  687    2  -0.8033333
  688    1  -0.6966667
  688    2  -0.2266667
  689    1  -0.6266667
  689    2   0.1500000
  690    1  -0.3866667
  690    2  -0.7700000
  691    1  -0.0800000
  691    2   0.1533333
  692    1   0.8800000
  692    2   0.1866667
  693    1   0.2600000
  693    2  -0.1733333
  694    1  -0.7300000
  694    2  -0.1433333
  695    1   0.4033333
  695    2   0.0666667
  696    1  -0.8566667
  696    2   0.1166667
  697    1   0.2533333
  697    2   0.5466667
  698    1   0.0400000
  698    2   0.7600000
  699    1  -0.1633333
  699    2   0.6266667
  700    1  -0.3666667
  700    2   0.3500000
  701    1  -0.3666667
  701    2  -0.1433333
  702    1  -0.4066667
  702    2   0.9300000
  703    1  -0.3633333
  703    2   0.2400000
  704    1  -0.8900000
  704    2  -0.6500000
  705    1   0.4333333
  705    2   0.9600000
  706    1  -0.2500000
  706    2  -0.9500000
  707    1  -0.9766667
  707    2   0.6700000
  708    1   0.3700000
  708    2  -0.3266667
  709    1   0.6533334
  709    2  -0.9566667
  710    1  -0.6466667
  710    2  -0.7966667
  711    1   0.0766667
  711    2   0.2966667
  712    1   0.1533333
  712    2  -0.8866667
  713    1  -0.8366667
  713    2   0.3300000
  714    1   0.7033334
  714    2   0.5266667
  715    1  -0.0833333
  715    2  -0.0066667
  716    1   0.1100000
  716    2   0.6100000
  717    1  -0.3000000
  717    2   0.7200000
  718    1  -0.6633334
  718    2   0.6066667
  719    1  -0.1766667
  719    2   0.9566667
  720    1   0.5733333
  720    2   0.1033333
  721    1  -0.1166667
  721    2   0.7866667
  722    1   0.5266667
  722    2  -0.3900000
  723    1  -0.8200000
  723    2  -0.7333333
  724    1  -0.7433333
  724    2  -0.1133333
  725    1   0.7566667
  725    2   0.9433333
  726    1  -0.4366667
  726    2  -0.3366667
  727    1   0.6200000
  727    2  -0.8033333
  728    1  -0.7566667
  728    2   0.7900000
  729    1  -0.1600000
  729    2  -0.4366667
  730    1   0.3800000
  730    2  -0.8600000
  731    1  -0.0733333
  731    2  -0.3800000
  732    1   0.6466667
  732    2   0.3933333
  733    1  -0.9066667
  733    2   0.3533334
  734    1   0.2666667
  734    2  -0.6500000
  735    1   0.1566667
  735    2   0.3866667
  736    1   0.7000000
  736    2  -0.2166667
  737    1   0.8333334
  737    2   0.1100000
  738    1  -0.8600000
  738    2  -0.5266667
  739    1  -0.1200000
  739    2   0.2300000
  740    1  -0.7066667
  740    2  -0.2133333
  741    1   0.3166667
  741    2  -0.6733333
  742    1   0.0033333
  742    2  -0.4000000
  743    1   0.1433333
  743    2  -0.5433334
  744    1   0.4466667
  744    2   0.8133333
  745    1  -0.0600000
  745    2  -0.7733334
  746    1   0.8133333
  746    2  -0.0766667
  747    1   0.1400000
  747    2  -1.0000000
  748    1  -0.8033333
  748    2   0.1466667
  749    1   0.0400000
  749    2   0.8200000
  750    1  -0.8733333
  750    2  -0.1633333
  751    1  -0.4366667
  751    2  -0.7600000
  752    1  -0.5800000
  752    2   0.0866667
  753    1   0.7933334
  753    2   0.6133333
  754    1  -0.6433334
  754    2  -0.3766667
  755    1   0.9733334
  755    2  -0.4600000
  756    1  -0.4866667
  756    2  -0.4433334
  757    1  -0.1400000
  757    2   0.6533334
  758    1   0.5566667
  758    2  -0.1066667
  759    1   0.9600000
  759    2   0.7366667
  760    1   0.9566667
  760    2   0.4566667
  761    1   0.6833333
  761    2   0.7466667
  762    1   0.5566667
  762    2   0.4033333
  763    1  -0.4833333
  763    2   0.8300000
  764    1  -0.8933334
  764    2   0.1700000
  765    1   0.6366667
  765    2   0.2200000
  766    1   0.0133333
  766    2  -0.6433334
  767    1  -0.7466667
  767    2  -0.7533333
  768    1  -0.8466667
  768    2  -0.1500000
  769    1  -0.6433334
  769    2  -0.9733334
  770    1   0.9900000
  770    2  -0.1033333
  771    1  -0.9666667
  771    2  -0.1733333
  772    1  -0.9433333
  772    2  -0.5900000
  773    1   0.1900000
  773    2  -0.6633334
  774    1  -0.3533334
  774    2  -0.2066667
  775    1  -0.6666667
  775    2   0.3500000
  776    1   0.6066667
  776    2   0.9633334
  777    1  -0.1800000
  777    2   0.5233334
  778    1   0.9433333
  778    2   0.7200000
  779    1  -0.5666667
  779    2   0.0966667
  780    1   0.3433333
  780    2   0.2533333
  781    1  -0.8100000
  781    2  -0.9533334
  782    1  -0.7533333
  782    2   0.4500000
  783    1  -0.7166667
  783    2   0.2033333
  784    1  -0.2633334
  784    2  -0.8333334
  785    1   0.4500000
  785    2  -0.6600000
  786    1  -0.0466667
  786    2   0.5766667
  787    1   0.7566667
  787    2   0.7366667
  788    1   0.9000000
  788    2  -0.3500000
  789    1  -0.5966667
  789    2   0.9766667
  790    1   0.5433334
  790    2  -0.1533333
  791    1  -0.7966667
  791    2  -0.6966667
  792    1  -0.0866667
  792    2   0.4300000
  793    1  -0.1300000
  793    2   0.2200000
  794    1  -0.3666667
  794    2  -0.8266667
  795    1  -0.4266667
  795    2   0.2933334
  796    1  -0.0766667
  796    2  -0.0066667
  797    1   0.5166667
  797    2  -0.6366667
  798    1  -0.7233334
  798    2  -0.9300000
  799    1   0.7600000
  799    2  -0.6266667
  800    1  -0.8000000
  800    2   0.3300000
  801    1   0.0866667
  801    2  -0.7000000
  802    1  -0.3566667
  802    2  -0.8866667
  803    1  -0.2500000
  803    2   0.6866667
  804    1   0.1000000
  804    2   0.7133334
  805    1   0.7466667
  805    2  -0.5000000
  806    1   0.0433333
  806    2   0.9933333
  807    1  -0.8333334
  807    2  -0.0433333
  808    1  -0.9600000
  808    2   0.5500000
  809    1   0.5500000
  809    2   0.2733333
  810    1  -0.1566667
  810    2  -0.1900000
  811    1  -0.1600000
  811    2  -0.5666667
  812    1   0.2266667
  812    2   0.3333333
  813    1  -0.6700000
  813    2   0.0000000
  814    1  -0.9100000
  814    2   0.5933334
  815    1   0.8366667
  815    2  -0.0333333
  816    1   0.9200000
  816    2   0.1700000
  817    1  -0.2900000
  817    2   0.8066667
  818    1   0.8166667
  818    2  -0.0400000
  819    1   0.6600000
  819    2   0.3100000
  820    1   0.1100000
  820    2   0.6966667
  821    1  -0.2366667
  821    2  -0.2966667
  822    1   0.2733333
  822    2  -0.2166667
  823    1   1.0000000
  823    2  -0.6500000
  824    1  -0.7833334
  824    2   0.9300000
  825    1   0.6433334
  825    2  -0.7300000
  826    1  -0.1133333
  826    2  -0.8733333
  827    1   0.5900000
  827    2  -0.2466667
  828    1  -0.0400000
  828    2  -0.3666667
  829    1  -0.9400000
  829    2  -0.8133333
  830    1   0.8233334
  830    2  -0.9266667
  831    1   0.7266667
  831    2   0.7533333
  832    1  -0.8033333
  832    2  -0.8966667
  833    1   0.0900000
  833    2  -0.5900000
  834    1  -0.9600000
  834    2   0.6933333
  835    1   0.1100000
  835    2   0.3800000
  836    1  -0.9900000
  836    2  -0.3133333
  837    1  -0.0566667
  837    2  -0.9200000
  838    1  -0.4766667
  838    2  -0.5066667
  839    1  -0.6700000
  839    2   0.2733333
  840    1  -0.9400000
  840    2   0.4800000
  841    1   0.2233333
  841    2  -0.8666667
  842    1   0.1733333
  842    2   0.2800000
  843    1   0.5700000
  843    2   0.9400000
  844    1   0.9366667
  844    2  -0.4666667
  845    1   0.7600000
  845    2  -0.6066667
  846    1  -0.9600000
  846    2   0.4733334
  847    1   0.8500000
  847    2   0.3133333
  848    1  -0.3200000
  848    2   0.9200000
  849    1  -0.2100000
  849    2   0.5433334
  850    1   0.3600000
  850    2   0.9800000
  851    1   0.6933333
  851    2  -0.6633334
  852    1  -0.4666667
  852    2   0.2833333
  853    1  -0.6133333
  853    2  -0.6733333
  854    1   0.9233333
  854    2  -0.2800000
  855    1   0.7166667
  855    2   0.2000000
  856    1  -0.3200000
  856    2  -0.8300000
  857    1   0.8566667
  857    2  -0.8700000
  858    1  -0.6400000
  858    2   0.0333333
  859    1   0.8433334
  859    2  -0.9333333
  860    1   0.3200000
  860    2   0.8766667
  861    1  -0.2566667
  861    2   0.2333333
  862    1  -0.0100000
  862    2   0.3633333
  863    1   0.4233333
  863    2   0.0200000
  864    1  -0.2366667
  864    2  -0.8600000
  865    1   0.0000000
  865    2   0.9233333
  866    1   0.0466667
  866    2  -0.6200000
  867    1  -0.6200000
  867    2   0.0100000
  868    1  -0.2333333
  868    2   0.9100000
  869    1   0.7666667
  869    2   0.7700000
  870    1  -0.0200000
  870    2   0.7466667
  871    1   0.4233333
  871    2   0.2566667
  872    1   0.4700000
  872    2   0.7166667
  873    1  -0.5100000
  873    2   0.8866667
  874    1   0.7533333
  874    2  -0.2966667
  875    1  -0.3766667
  875    2  -0.4233333
  876    1  -0.1300000
  876    2  -0.7466667
  877    1  -0.6700000
  877    2   0.1300000
  878    1   0.3066667
  878    2  -0.9200000
  879    1  -0.1900000
  879    2   0.4400000
  880    1   0.1533333
  880    2  -0.4933333
  881    1   0.6666667
  881    2   0.1633333
  882    1   0.5833334
  882    2   0.4333333
  883    1  -0.5433334
  883    2   0.5133333
  884    1  -0.7966667
  884    2  -0.9733334
  885    1   0.2166667
  885    2  -0.3500000
  886    1   0.9466667
  886    2   0.5333334
  887    1  -0.7200000
  887    2  -0.9200000
  888    1   0.2800000
  888    2  -0.6266667
  889    1  -0.4600000
  889    2   0.6766667
  890    1   0.0866667
  890    2  -0.3933333
  891    1   0.1866667
  891    2   0.7833334
  892    1  -0.2133333
  892    2  -0.1300000
  893    1  -0.0366667
  893    2  -0.1900000
  894    1   0.4833333
  894    2   0.5700000
  895    1   0.0066667
  895    2  -0.1466667
  896    1  -0.7233334
  896    2  -0.1633333
  897    1  -0.0033333
  897    2   0.8066667
  898    1  -0.7266667
  898    2  -0.1333333
  899    1   0.2100000
  899    2   0.2766667
  900    1   0.8400000
  900    2  -0.6633334
  901    1   0.2266667
  901    2  -0.7433333
  902    1   0.0533333
  902    2  -0.6533334
  903    1  -0.4600000
  903    2  -0.3733333
  904    1  -0.4633333
  904    2   0.4000000
  905    1   0.9000000
  905    2   0.3433333
  906    1   0.1400000
  906    2  -0.9866667
  907    1   0.2333333
  907    2   0.6566667
  908    1  -0.2866667
  908    2  -0.5700000
  909    1   0.6433334
  909    2   0.5966667
  910    1   0.9666667
  910    2  -0.0833333
  911    1  -0.1133333
  911    2   0.1333333
  912    1   0.8666667
  912    2  -0.7566667
  913    1   0.9300000
  913    2  -0.2666667
  914    1   0.8466667
  914    2   0.6433334
  915    1  -0.6566667
  915    2  -0.4500000
  916    1   0.6633334
  916    2   0.8700000
  917    1   0.2166667
  917    2   0.5233334
  918    1  -0.9366667
  918    2   0.2033333
  919    1  -0.2900000
  919    2   0.9833333
  920    1  -0.4066667
  920    2   0.4366667
  921    1  -0.1500000
  921    2   0.1733333
  922    1  -0.7833334
  922    2  -0.8633333
  923    1  -0.3666667
  923    2  -0.9766667
  924    1   0.8133333
  924    2   0.9166667
  925    1   0.5666667
  925    2   0.6266667
  926    1   0.0800000
  926    2  -0.2666667
  927    1  -0.8966667
  927    2   0.9733334
  928    1  -0.8600000
  928    2  -0.3300000
  929    1  -0.9733334
  929    2   0.8800000
  930    1   0.0933333
  930    2  -0.2300000
  931    1   0.7166667
  931    2  -0.2300000
  932    1  -0.4500000
  932    2   0.8266667
  933    1   0.4000000
  933    2   0.1833333
  934    1  -0.2933334
  934    2   0.4233333
  935    1   0.2033333
  935    2  -0.5233334
  936    1  -0.7100000
  936    2  -0.5433334
  937    1  -0.2600000
  937    2   0.6333333
  938    1   0.7733334
  938    2   0.8966667
  939    1  -0.5600000
  939    2  -0.6266667
  940    1  -0.8133333
  940    2  -0.0433333
  941    1  -0.1066667
  941    2   0.6766667
  942    1  -0.4466667
  942    2  -0.8866667
  943    1  -0.1133333
  943    2  -0.9166667
  944    1   0.1000000
  944    2  -0.3033333
  945    1  -0.9266667
  945    2  -0.0033333
  946    1   0.3066667
  946    2  -0.6133333
  947    1  -0.7900000
  947    2  -0.8833333
  948    1  -0.6700000
  948    2   0.4933333
  949    1   0.7000000
  949    2   0.3133333
  950    1  -0.4200000
  950    2  -0.8933334
  951    1   0.3100000
  951    2   0.7100000
  952    1  -0.2766667
  952    2  -0.3800000
  953    1  -0.7000000
  953    2   0.7300000
  954    1  -0.3766667
  954    2   0.3633333
  955    1   0.0700000
  955    2   0.7433333
  956    1   0.7300000
  956    2   0.9633334
  957    1   0.5500000
  957    2  -0.2900000
  958    1  -0.4866667
  958    2   0.4500000
  959    1   0.6933333
  959    2  -0.2466667
  960    1   0.8733333
  960    2  -0.5133333
  961    1   0.4100000
  961    2   0.5700000
  962    1   0.8800000
  962    2   0.6066667
  963    1  -0.4233333
  963    2  -0.2966667
  964    1   0.2300000
  964    2   0.1000000
  965    1  -0.7700000
  965    2   0.5766667
  966    1   0.4466667
  966    2   0.7800000
  967    1  -0.6366667
  967    2   0.5566667
  968    1   0.2500000
  968    2   0.6000000
  969    1  -0.6966667
  969    2   0.1066667
  970    1  -0.9166667
  970    2  -0.7433333
  971    1  -0.2233333
  971    2   0.1466667
  972    1  -0.2766667
  972    2  -0.6133333
  973    1   0.7366667
  973    2   0.1666667
  974    1  -0.9000000
  974    2  -0.7100000
  975    1   0.4400000
  975    2  -0.7033334
  976    1   0.5166667
  976    2   0.1866667
  977    1  -0.1033333
  977    2   0.2300000
  978    1   0.1433333
  978    2  -0.4933333
  979    1  -0.4933333
  979    2  -0.1266667
  980    1  -0.9700000
  980    2  -0.2133333
  981    1  -0.2633334
  981    2  -0.7300000
  982    1   0.6733333
  982    2   0.2400000
  983    1   0.5666667
  983    2  -0.4233333
  984    1  -0.5000000
  984    2  -0.1966667
  985    1  -0.5733333
  985    2  -0.8566667
  986    1   0.4000000
  986    2  -0.5366667
  987    1  -0.9233333
  987    2   0.8766667
  988    1  -0.2333333
  988    2   0.9700000
  989    1   0.1600000
  989    2   0.9200000
  990    1   0.2066667
  990    2  -0.8533334
  991    1  -0.3266667
  991    2  -0.1300000
  992    1   0.9200000
  992    2  -0.2800000
  993    1   0.2033333
  993    2   0.2700000
  994    1  -0.4800000
  994    2  -0.1266667
  995    1  -0.1133333
  995    2  -0.3133333
  996    1  -0.7366667
  996    2   0.6733333
  997    1  -0.5266667
  997    2   0.8200000
  998    1  -0.8200000
  998    2   0.7966667
  999    1   0.1800000
  999    2   0.4766667
 1000    1  -0.6500000
 1000    2   0.7033334
 1001    1   0.3933333
 1001    2   0.5100000
 1002    1   0.1666667
 1002    2  -0.6233333
 1003    1  -0.2066667
 1003    2   0.6333333
 1004    1  -0.2400000
 1004    2  -0.6666667
 1005    1   0.8666667
 1005    2  -0.9966667
 1006    1   0.4033333
 1006    2  -0.1400000
 1007    1  -0.0500000
 1007    2   0.4400000
 1008    1   0.1233333
 1008    2  -0.7700000
 1009    1   0.8566667
 1009    2  -0.2700000
 1010    1   0.2800000
 1010    2  -0.7566667
 1011    1  -0.8666667
 1011    2   0.2533333
 1012    1   0.1700000
 1012    2   0.3033333
 1013    1   0.0233333
 1013    2   0.0433333
 1014    1   0.2133333
 1014    2  -0.1233333
 1015    1   0.8633333
 1015    2  -0.0266667
 1016    1   0.0733333
 1016    2  -0.7666667
 1017    1   0.1266667
 1017    2   0.5733333
 1018    1   0.1500000
 1018    2   0.3333333
 1019    1   0.2566667
 1019    2   0.2233333
 1020    1  -0.8700000
 1020    2   0.5766667
 1021    1   0.0600000
 1021    2  -0.5466667
 1022    1   0.9066667
 1022    2   0.6300000
 1023    1  -0.0600000
 1023    2  -0.4100000
 1024    1  -0.4133334
 1024    2  -0.3766667
