0.0466667 0.062434827920225755
-0.0866667 -0.05223669301494116
-0.3733333 -0.35934655844818886
-0.1533333 -0.23895069476813752
0.0366667 0.07581543918135
0.0066667 -0.022183150083033842
0.7633334 0.6574515685196631
0.61 0.5771183901699024
0.3833334 0.3889441425287726
-0.28 -0.2991897066429634
0.56 0.6073789206452676
0.1633333 0.22534148036636148
0.1266667 0.08785998768060105
-0.71 -0.7119555982973251
0.9666667 0.9095645322314478
-0.86 -0.8555225894212608
-0.59 -0.5976405189078013
-0.2366667 -0.20965524943459657
-0.4033333 -0.3297800183514065
-0.7566667 -0.7413509699803794
0.7133334 0.7189942689303321
0.4233333 0.48245245924106905
-0.2933334 -0.3061087787327334
0.72 0.7116136696381858
-0.9666667 -0.9560964449963271
-0.9966667 -0.9715494922606984
0.9833333 0.9446196550471511
-0.6666667 -0.7650969483827369
-0.17 -0.25027261324083383
0.9 0.8695684952100973
0.03 -0.06837949795764497
0.27 0.26265281814107766
