0.0466667 -0.286807677130107
-0.0866667 0.032483846078327605
-0.3733333 -0.3134083379687719
-0.1533333 -0.038873846636171536
0.0366667 0.09243415489116064
0.0066667 -0.12470326741609263
0.7633334 0.6714070076234209
0.61 0.5235628416809494
0.3833334 0.3154629931550475
-0.28 -0.29840970373991643
0.56 0.5445819180039857
0.1633333 0.05670029109100044
0.1266667 0.11584137765040758
-0.71 -0.5407057190270905
0.9666667 0.9677623157430042
-0.86 -0.9350948385060897
-0.59 -0.6029172026206403
-0.2366667 -0.1788713324808
-0.4033333 -0.25990281939466575
-0.7566667 -0.6855845886273206
0.7133334 0.6263897913322576
0.4233333 0.3089706489865495
-0.2933334 -0.31712928019851144
0.72 0.6428464683502525
-0.9666667 -0.7500455187192816
-0.9966667 -0.6981321196771557
0.9833333 0.7689152738985909
-0.6666667 -0.3639388650220443
-0.17 -0.10223465042019328
0.9 0.8429170192927865
0.03 0.03345941170334818
0.27 0.1910250341311195
