0.0466667 0.03666759995228014
-0.0866667 0.15554789794789659
-0.3733333 -0.4956051365548794
-0.1533333 -0.18050355592224726
0.0366667 0.3317267952052082
0.0066667 -0.178194919871828
0.7633334 0.45534207018575773
0.61 0.6558120484440777
0.3833334 0.33660524317331525
-0.28 -0.43709868981072036
0.56 0.6403147346970475
0.1633333 0.1704741221527436
0.1266667 0.1853128478431013
-0.71 -0.5932707853942552
0.9666667 0.7969414664541319
-0.86 -0.9287471975922377
-0.59 -0.7768165407128985
-0.2366667 -0.07829728042310738
-0.4033333 -0.49050079744645825
-0.7566667 -0.7048740460445136
0.7133334 0.7276678015098987
0.4233333 0.29647981607658314
-0.2933334 -0.3653081213658931
0.72 0.7559027243540831
-0.9666667 -0.9687542388875868
-0.9966667 -0.95356491771221
0.9833333 0.9227697963039165
-0.6666667 -0.4795841815410691
-0.17 -0.2703996360496847
0.9 0.7260743537746607
0.03 -0.0609137027523623
0.27 0.28473968402216643
