0.0466667 -0.07961852613076503
-0.0866667 -0.13170060625771668
-0.3733333 -0.3654927561262755
-0.1533333 -0.3310433334684726
0.0366667 0.07879213981680908
0.0066667 0.07677622507089052
0.7633334 0.694668682029395
0.61 0.5778396669933059
0.3833334 0.40197806319823437
-0.28 -0.05927374419116849
0.56 0.5855426097856529
0.1633333 0.3621926380254971
0.1266667 0.11955528623048228
-0.71 -0.7571020926072916
0.9666667 0.8733773987943382
-0.86 -0.8553539924954451
-0.59 -0.6455409186590841
-0.2366667 -0.16123257919263811
-0.4033333 -0.2205766719628512
-0.7566667 -0.8088964277612295
0.7133334 0.5898587494277963
0.4233333 0.467608669115544
-0.2933334 -0.04601593586288513
0.72 0.7430577229189672
-0.9666667 -0.7933704862609317
-0.9966667 -0.7140764817911958
0.9833333 0.8890349542340493
-0.6666667 -0.6662581860441986
-0.17 -0.25900167920975037
0.9 0.9869227229407416
0.03 -0.024636610952552485
0.27 0.2617931092072819
