0.0466667 -0.05026449462035759
-0.0866667 -0.09292057496179715
-0.3733333 -0.350194851322817
-0.1533333 -0.36510584487168446
0.0366667 0.009726929959995467
0.0066667 -0.021594759588699164
0.7633334 0.6593226114315203
0.61 0.4735122901552326
0.3833334 0.38239260408380654
-0.28 -0.3250813169670844
0.56 0.6808824704557948
0.1633333 0.28471666636386306
0.1266667 0.024077919442444168
-0.71 -0.6543895084549207
0.9666667 0.9289808018282485
-0.86 -0.8557971687609717
-0.59 -0.510804474126932
-0.2366667 -0.3202943945154886
-0.4033333 -0.2934046107905577
-0.7566667 -0.7124275165791663
0.7133334 0.6204434873251518
0.4233333 0.32656663623574217
-0.2933334 -0.2863660234647806
0.72 0.6857227105400996
-0.9666667 -0.9350255261703107
-0.9966667 -0.9189624425645697
0.9833333 0.8354283289980788
-0.6666667 -0.7599555393406959
-0.17 0.03125831890712755
0.9 0.8917682942564069
0.03 0.23969617340541366
0.27 0.23641807803277662
