1.6159209610205867
1.4153165566279158
1.4009814566251717
1.415285182076381
1.4071474956456103
1.4071474956456103
1.406774165064787
1.3947457796237301
1.3947457796237301
1.391942871233386
1.372632190149162
1.3714793721831209
1.3593482318288066
1.3599294983177097
1.3574999158303895
1.3535549152951567
1.3535549152951567
1.3556793372849856
1.3602845525257046
1.3597796054549367
1.3597796054549367
1.3637494682380737
1.3637494682380737
1.3738812197591599
1.3738812197591599
1.3738812197591599
1.3669989617280611
1.361818221309344
1.3609000645992355
1.3666638274248466
1.3779031910913615
1.3777918292964897
1.3663683102515845
1.3722577755865488
1.3761625942821418
1.3766370647393746
1.4059502765045735
1.4027583458825872
1.3960138452974706
1.3955139839941415
1.397896906036801
1.4056162197002882
1.4040941570420944
1.4065589463668748
1.4084789831544953
1.4127291072107486
1.4110364257105412
1.4099452118837708
1.3991759892543627
1.3991759892543627
1.399423980448641
1.395340057412832
1.3713043158666227
1.371299270955659
1.3758769865145755
1.361491438520259
1.3621121556086033
1.3604984155652393
1.3653388778552815
1.3653388778552815
1.3647993176230528
1.3647993176230528
1.3646155127476325
1.365826226259893
1.3508302251671382
1.3487912160196307
1.3492492073699447
1.3487186802146276
1.3487186802146276
1.3425311934833284
1.3414443565484084
1.3548326333795013
1.3557355076286752
1.3411847661498901
1.3407727836441803
1.3552606355535912
1.3531998608905278
1.3686860490267125
1.359139008313231
1.3557867774687176
1.3557867774687176
1.3519241989543278
1.359920676338183
1.3481547423376177
1.34790352627801
1.342424210623679
1.3781245100008275
1.3828044169771978
1.3828044169771978
1.3828044169771978
1.3720926895551424
1.3720383804003156
1.3690662982329433
1.3830016503103781
1.3686032387345015
1.3682774303431642
1.3671357539589595
1.3658964076383708
1.3699344515840004
1.3674892779253665
1.3674892779253665
1.3443769777529346
1.3687478617119675
1.3698953496752293
1.374233735272881
1.374233735272881
1.379648202648338
1.3796237990277638
1.3796237990277638
1.3796237990277638
1.375274664695424
1.3780516883878322
1.3595057435627156
1.3578154969413467
1.3513008860790752
1.35440642335248
1.35440642335248
1.3546372508311055
1.3539613637973151
1.3561120349560432
1.3475522107487239
1.361215632392961
1.3556225773553947
1.3519553581454717
1.3456621030673854
1.3324072379464877
1.3356451290929605
1.3197563250615978
1.3244978826738902
1.3230491292901299
1.3087709128283365
1.3087709128283365
1.3050035329113563
1.2954885348816192
1.2856939851818645
1.2856939851818645
1.2848547399127301
1.2856569125002468
1.27983652151076
1.27983652151076
1.2500350574247887
1.2505220106874753
1.2520911656533826
1.2559364526445917
1.225983185781768
1.2277174358940668
1.2302402101504926
1.2351460214625753
1.2369493381019703
1.2363759482056424
1.236805324193029
1.2317313346306848
1.2352744929212773
1.232506611059772
1.241577072093964
1.2457568915088724
1.2333662118943516
1.2333662118943516
1.2337622127110364
1.2348768747759928
1.2314769018423883
1.2314769018423883
1.2295228532987197
1.2288799137954916
1.2150231321978209
1.1977044968025254
1.198724803932627
1.1959232516128877
1.1953610216206938
1.1953014799764603
1.1953014799764603
1.1810334357197543
1.1810334357197543
1.1810334357197543
1.1831621182199201
1.1859584091671638
1.1863030851979308
1.1887371679421455
1.1733524426804285
1.1584645603350165
1.1619780094073293
1.1619780094073293
1.1620105112582941
1.1703178155080127
1.1715623525022765
1.1715623525022765
1.1715623525022765
1.1709456742742201
1.1680736502684492
1.1647506484974592
1.1643097771086568
1.1640525022219312
1.182081499959223
1.1831560990716248
1.168696172364308
1.1678244080394944
1.1684077242765532
1.1715163138739164
1.1730179428102276
1.1721462155470455
1.1721462155470455
1.172572361075283
1.1827542284777766
1.1815325003784467
1.1838389409115446
1.193117156479302
1.193117156479302
1.1924125300599848
1.1924125300599848
1.1906068679795023
1.1858616511704578
1.1810136383178906
1.1743520816702395
1.1657099800324693
1.165169085145058
1.1719426394609516
1.185710642151148
1.1952296297365743
1.1951959629074134
1.1951959629074134
1.1874603670402537
1.1829282155390746
1.1829282155390746
1.1735012835740306
1.1776936831845763
1.1822599861591279
1.1796539153221755
1.1793455598823512
1.1793455598823512
1.1779098217589492
1.1843587911954396
1.1876813685565433
1.1875169098492113
1.1722438075848223
1.1722438075848223
1.163395133746248
1.1661567146856395
1.1661567146856395
1.1705829023484922
1.1703438971138076
1.1707592692118969
1.1583299598031591
1.163497223177628
1.1460983060659593
1.1115208007697701
1.1119217222271316
1.1073451187431795
1.1228133838011967
1.1228279820610467
1.1228122447978224
1.1227702871475198
1.1315813043447713
1.1338799146765945
1.1338190268327741
1.1343264393049561
1.126072599053585
1.118984181541307
1.1209010523929754
1.1191967734184263
1.113530653319104
1.1126490661578399
1.1126490661578399
1.1068582859017677
1.0922823677609403
1.098768280696914
1.098768280696914
1.0980122387917575
1.1010825889895925
1.1014169907146343
1.0996785588453484
1.0996785588453484
1.1043172588976506
1.096105213623797
1.1095026211853798
1.1240100981016885
1.1295681187662074
1.1324223094377446
1.1332605920303933
1.1303873310583255
1.132264052810987
1.1282018274637977
1.1220304064338475
1.12348865157496
1.1262762384142617
1.1127330198325063
1.1082447703717215
1.10029672685578
1.10029672685578
1.10029672685578
1.0958633754636589
1.1033785341228834
1.1105375639950255
1.112522080293743
1.1108442675037071
1.0989219598126871
1.1002476926718767
1.0986986997225263
1.1005612192387615
1.1158887312382049
1.102188525675016
1.098346607385071
1.0992854304175146
1.0958099346368588
1.1009169800128413
1.1009169800128413
1.1040389318940316
1.1048669059793497
1.1065792818692228
1.1208854229213272
1.1193785398920435
1.1193698869458073
1.1098492092972754
1.1098492092972754
1.1045044618762567
1.1211160245581586
1.1225912220552456
1.1117239186274857
1.1050453334429293
1.1042160965151988
1.1019743168015104
1.1025017955123946
1.0891617338791943
1.10761910780126
1.1076516909523018
1.1061933943446227
1.1007719011107069
1.0956551546407094
1.09149774151608
1.0937035573470077
1.0882623802487799
1.088065672663013
1.0704328637592304
1.0704328637592304
1.0831390681919848
1.0863224089860564
1.08649331470347
1.0860218242382247
1.088464976470485
1.0934262796243022
1.0904369127707043
1.089443223776574
1.0946274999001804
1.0936358761258067
1.096042299396912
1.094088404785924
1.094088404785924
1.0891896819335891
1.0919498522736133
1.100031081362256
1.1149694475766796
1.1125114415078414
1.1122603148222605
1.1162911663826767
1.1124845445231135
1.113914971157632
1.113914971157632
1.113914971157632
1.1107156507634208
1.1101816187028957
1.1190438870876047
1.1223814727303083
1.1179714326007508
1.1235531785711719
1.1226225051798255
1.1226225051798255
1.125549957686463
1.1276840878851588
1.1267511519094329
1.1235913718735735
1.1232348849752245
1.1232348849752245
1.125298788933481
1.1149449373098277
1.1122920816992934
1.1097964071522708
1.1260245891363534
1.1250054393938118
1.1260809310262163
1.1208761060149595
1.1068544614738853
1.1121483691130627
1.115145799168492
1.1157823814732708
1.1407791427761065
1.1402973637365879
1.1518777829834803
1.1511421091839098
1.1509314632390395
1.154225460816463
1.14722108879013
1.1487622487011837
1.1483116819065473
1.1470771144377123
1.1469799530705829
1.1524951291175503
1.151179940896332
1.1468881526661316
1.149944705683529
1.149944705683529
1.1526963061727669
1.1666212027006257
1.164154355311528
1.176518573263073
1.1815371273658817
1.1844343931169854
1.169525521619431
1.1671310906682169
1.1671310906682169
1.1546145369871788
1.1564715453772478
1.1560803056093516
1.1548845712510747
1.1710616662057984
1.1672725009389016
1.1714430827830937
1.1673594489708259
1.1657749059835436
1.1645424451547046
1.1645424451547046
1.1645909193058155
1.1649039924824083
1.1767460556502642
1.1767460556502642
1.1575992965862776
1.1529379077274386
1.1417427350508997
1.1398039820921755
1.1391562683020084
1.150363791946328
1.150363791946328
1.1448178637519273
1.1466439169970404
1.1551445131972253
1.157091411402201
1.1600577494365751
1.1627047837664024
1.175389928993514
1.1749323067203061
1.1749323067203061
1.186790212027155
1.1631075571732572
1.176656115642846
1.2036047630850155
1.2106751236317006
1.2059667464692267
1.2058677200911645
1.20168726661317
1.2001881699255126
1.1880585215407586
1.1851094569977394
1.1851094569977394
1.182710981910263
1.1858364276531352
1.1749211392642207
1.1739277423470798
1.1756118914456273
1.182108926969306
1.1884651672713715
1.1884161483372724
1.1916130943566265
1.191862421048739
1.1916831691644896
1.1902112888821017
1.1902112888821017
1.1919835949958784
1.1896012696165295
1.1879633954738211
1.1910007638874407
1.1803960829359101
1.1638440781261308
1.1620641370403555
1.1635217693536408
1.1683157879402177
1.1683157879402177
1.1671448381513838
1.1665292342714038
1.1652299635627128
1.1668559661178413
1.1643428030921734
1.1437467084013009
1.138298398698242
1.1362812100292954
1.1355071265874006
1.130035779472798
1.1290362071220865
1.137378767337583
1.1381495094689449
1.1383530780639173
1.1403694219690237
1.1392252378077254
1.1356931819522507
1.1337323231569656
1.123301022259236
1.1282897552108357
1.1159979631904648
1.1159979631904648
1.1174287543175752
1.1271091344779076
1.1325351512816229
1.1325125055975094
1.129549886537333
1.1293353126039218
1.1234150205095368
1.1115170891888526
1.1070730851609962
1.09305077235099
1.084710803547499
1.0877314493602008
1.0877314493602008
1.0892971578600668
1.082571915562274
1.081538243121421
1.1001567789381839
1.100442748296041
1.1065424601661524
1.1067646976785217
1.1039957466852008
1.1039957466852008
1.0891065515174492
1.091266362326608
1.09845804545855
1.0985369494580193
1.1036229234192219
1.120692089587105
1.116856126512327
1.1117251098320133
1.1179503108238604
1.107087631430708
1.1005090950148946
1.109413586236458
1.109413586236458
1.1085130867280952
1.1078303532010139
1.1094069411215
1.1105316793110456
1.110480903480783
1.1078354053217887
1.1045745931289308
1.1045745931289308
1.1045709691548529
1.1103888953678074
1.09161320749732
1.094030683917985
1.0819385539276671
1.0811638521113138
1.0811638521113138
1.0832197382591449
1.0903469885622796
1.0903469885622796
1.0901924989111424
1.0945334215134
1.0995120033208268
1.0995120033208268
1.0995120033208268
1.0986492012527334
1.1131118413154635
1.1018113425633884
1.1018113425633884
1.1145402336016512
1.1173142040474247
1.1017830994007252
1.098034430242528
1.0962031328593753
1.0898664537405347
1.0728147697758956
1.072858957020042
1.0653846069413433
1.0532730763055902
1.0403895055026418
1.034970147520531
1.0720294501903114
1.0720294501903114
1.0720294501903114
1.0717339275543738
1.0717339275543738
1.0714355783087093
1.0717750028775284
1.0727330055129776
1.073047931301
1.073047931301
1.050766100196679
1.0506451302958577
1.0391089055688283
1.039341966385225
1.039341966385225
1.0371392039104228
1.036354347000879
1.0375027880864673
1.0376928766536562
1.0440324880582357
1.044042106598155
1.0462235541158782
1.0730991716994887
1.073126107059465
1.0707073887615886
1.0767263852083961
1.0767263852083961
1.078332507411802
1.0757883088216726
1.0757286399096808
1.0555495725049833
1.0554827858137672
1.064718514141654
1.064718514141654
1.0619544067080893
1.0615154288816882
1.0591045026388783
1.0659275447818068
1.0765428485597794
1.0757363047456006
1.0682433590014442
1.0677934712523565
1.0758022358600385
1.0842591478348145
1.085308503064829
1.085308503064829
1.0578091867553945
1.0534041482250143
1.0515893573475814
1.0524994015757168
1.0652661161859083
1.0813248498919705
1.0944819766444436
1.0937738698153328
1.0937738698153328
1.091454175715706
1.1092534666171185
1.1217253476734734
1.1236101338296196
1.10933685318182
1.0950625373436895
1.0954602278273637
1.094447735052406
1.094447735052406
1.0846457294312912
1.0754262537653623
1.0809113387443652
1.0801877667626731
1.0762793819298415
1.0977348285063073
1.100385251094127
1.1022735402360084
1.1024425931372188
1.1016809041060731
1.0929509870806768
1.0987880383447086
1.0987880383447086
1.0923728844433986
1.08878993738005
1.0883043434667645
1.092430772391717
1.0928404486528285
1.0928404486528285
1.0928207858554864
1.0948653483238286
1.0921571610981924
1.0878092674726234
1.0839966638637315
1.0940156455716141
1.0940726937207452
1.0940726937207452
1.1149574946893808
1.1121532771679863
1.1322231073303153
1.1322231073303153
1.1313145655152828
1.1277615491114188
1.1295199065106938
1.1216617440969516
1.1165634404426326
1.1135514073428463
1.1250583383494703
1.1250757713596857
1.1329051457757144
1.1281553208455866
1.1319129455055783
1.1318740352730923
1.1278453557428623
1.1272065776648172
1.1264561440256093
1.1260095984529388
1.125457944450281
1.12379197793153
1.1280666243099169
1.1346689204950426
1.1337247505102268
1.1305394266667745
1.1332917713917579
1.1358876373626225
1.1396009681845145
1.1439070505827214
1.1266644771641614
1.150787815476807
1.1508845545834707
1.1550093903547598
1.1485819077077055
1.1548097416275431
1.1548097416275431
1.1574762467747133
1.1504942755416412
1.1517395454380455
1.156302615685645
1.155371615558534
1.1553737784651952
1.1474742741379145
1.1424303609786806
1.1430341141838165
1.1440270465640099
1.146896428624677
1.1455501133404375
1.1435928254554344
1.1598335295377273
1.163397848701191
1.1647334694868332
1.1676940636666537
1.168814840492505
1.1482374816936374
1.1482374816936374
1.1482374816936374
1.1482374816936374
1.156985570754029
1.1569707071980266
1.154912171510825
1.154912171510825
1.1516927673359592
1.1487252401244716
1.1572609894367778
1.135112363921494
1.134908863015315
1.1256444271137422
1.119525966874081
1.120187384386031
1.120187384386031
1.1207147099476684
1.109950829353965
1.111325536070529
1.113307865657173
1.095745449453581
1.09659657475166
1.0851780378457911
1.0856471251981117
1.0823812964484054
1.0797887329055853
1.06815272011808
1.0702652530636463
1.0464281740048644
1.0353107257594911
1.049313825960552
1.0456026507350658
1.043522569930558
1.0428442648165641
1.0555586832819863
1.0541478351552338
1.0488199524012376
1.0459794772120568
1.0482032546435323
1.0461303435193654
1.0261486016082875
1.0313635595262647
1.0250349633993052
1.0250349633993052
1.02109848971579
1.0188300140791986
1.0170470362271444
1.0194537642992731
1.0187954609781273
1.0210311458530816
1.0192390548750088
1.0180289550768795
1.020306248487349
1.0144327615111974
1.0144327615111974
1.017091945306659
1.0420837477404337
1.052906897695331
1.052906897695331
1.0615646462504589
1.0615646462504589
1.0615646462504589
1.0735674513348223
1.0728133547499792
1.0745001053413914
1.0675397134192979
1.0675098709285633
1.0675098709285633
1.0721031676594592
1.0715610327697527
1.0750844476415395
1.0774955910028787
1.0789305419292854
1.0836834048802828
1.0882835091355019
1.0734560843843066
1.073215117536076
1.078718163838858
1.0723583618171455
1.0700826396979966
1.0686446344888236
1.0660215878857977
1.06853302301909
1.0518002417866938
1.0518002417866938
1.0587082047988714
1.0432598252454948
1.0413886942872963
1.0436395196061887
1.0537767696631362
1.0516885946183874
1.042838711734015
1.045527732768813
1.0631637803060654
1.0734819382862533
1.0882872730701074
1.0840102928238848
1.0778442517363487
1.0702623817219867
1.0718314997522096
1.071797395475483
1.0681710324634701
1.0676271741174304
1.0686122514087673
1.074496363422232
1.0605893385366638
1.0521686722182617
1.0521686722182617
1.0516066769559294
1.0492125381249089
1.0439240675920936
1.0416974483742447
1.0417101120412684
1.0305364577170206
1.0305364577170206
1.0251206651762919
1.0224962668994337
1.0131280854180595
1.0175169773617303
1.0181824566445221
1.0211306969203469
1.019091141830824
1.0147579951211567
1.0147579951211567
1.0300216191158602
1.030463874357867
1.0307458694908225
1.0187823570790724
1.0187823570790724
1.0193727631073608
1.0283433900261094
1.0247638178852148
1.0241342232000483
1.016687473677698
1.0169695454050978
0.9933963539640998
0.9933963539640998
1.0036410297244878
0.9987204578946328
0.9823512434898489
0.9895014913256002
0.9848991190309119
0.9920097038497275
0.991548661562133
0.9788388268061236
0.9702409414642643
0.9697131333467582
0.9696096056511726
0.9658474292633614
0.9718429262544946
0.9673783545036911
0.9673034124990479
0.9599951303830504
0.9615811501964795
0.9479231630387834
0.9479231630387834
0.9437033160556494
0.9437033160556494
0.9318435738508374
0.9332377091557684
0.931343025192518
0.9396587437906763
0.9395736024770207
0.9287913087600799
0.9324163353878415
0.9294979787939401
0.9213001180614871
0.9231050344867112
0.917797309157221
0.9189156220981402
0.9189163306600732
0.9194277948869991
0.9183087251584434
0.9206665102224761
0.9206665102224761
0.9348635412320068
0.932989183345167
0.9003811845902211
0.9072689005412471
0.9090090990883306
0.9201265288819238
0.9201265288819238
0.9142477767738698
0.9047632688961914
0.9009859590761197
0.9081493569031263
0.9125914342222085
0.8927185514964049
0.8807847685396216
0.8783264924597716
0.884431585663781
0.888513267748217
0.8800440727626644
0.8800440727626644
0.8783786568181948
0.8785072944577131
0.8770711034671271
0.878788600161046
0.8727447383125408
0.8726604043100918
0.8775793803664487
0.8782033590579182
0.8681346466716271
0.8681346466716271
0.8693694039894714
0.8670587221146985
0.8670587221146985
0.8628607349975614
0.8628607349975614
0.8515972557521195
0.8559207356910417
0.8573436870989732
0.8585520442781028
0.8585520442781028
0.8585520442781028
0.8638037724044636
0.8587274446776398
0.8726219480744595
0.8809224964296108
0.8854866762342191
0.8836447404673193
0.893866625055182
0.8846248163153266
0.876430633946982
0.876430633946982
0.8757542716014843
0.8788134564245441
0.8793214399656941
0.8693085112790732
0.8693085112790732
0.8578836553129099
0.8578836553129099
0.8719339340560309
0.8754524271443598
0.8753901066753804
0.8806563613114229
0.8778963391202713
0.8853885009137913
0.8855871737991869
0.8927712032971149
0.8927712032971149
0.8932980224848105
0.8968054352451326
0.8826037352411011
0.8823601956766155
0.8823601956766155
0.879193438728898
0.8685057301629463
0.8631428574530456
0.861617071458974
0.8578653669499614
0.8558214299445317
0.8558214299445317
0.8609934453834772
0.868754901162686
0.8718861430255628
0.8702648121038693
0.8702523859772824
0.8656106476911578
0.8656106476911578
0.8766232824218404
0.8811209212692747
0.8808611053300124
0.881100442319681
0.8810930646771263
0.8786269580884639
0.8786269580884639
0.8786269580884639
0.8825315395049529
0.886168354478213
0.886210084647753
0.8874511385085531
0.8897563422473431
0.8853931806547964
0.8846572620335057
0.8898285873336398
0.9082411390500449
0.9083517577044483
0.9079868976967262
0.8939212372605525
0.9024238190458499
0.8975066472788451
0.9023151523743731
0.9109696964431226
0.9102106930192243
0.9108996451806837
0.9129211608377875
0.9146663343571392
0.912363928859091
0.9004498106198915
0.9004498106198915
0.9004498106198915
0.8981820058444009
0.9003791046641606
0.8761397528381213
0.8691663915644198
0.8682702693966211
0.8700403973616656
0.8706905158466253
0.8676118614663927
0.8623046107046399
0.8547912501054146
0.8539292032251402
0.8552698648706712
0.8614168009927204
0.8732475837408605
0.877223997416738
0.875611709407269
0.8660882512985135
0.8701848664626611
0.8698323002403683
0.8665640428295875
0.8595161361827088
0.8413612873537137
0.8398013485261023
0.835851786770754
0.839605352312915
0.8394443373309758
0.8394443373309758
0.8518524085603397
0.857276422606126
0.8457244834587806
0.8471700087188371
0.8473804095822879
0.8440804325274165
0.8433126477935781
0.8411176736908511
0.8438014483336069
0.8529819006801286
0.8429547769511725
0.8429317645257501
0.8425808045167453
0.8437185059015706
0.8476078670644835
0.8490904100519617
0.8629866670551166
0.8492656004292579
0.8483551762641837
0.8500066256996084
0.8492112357120312
0.8380337111369794
0.8380337111369794
0.8456019226884596
0.8434025108990192
0.833699212543337
0.8373383608853622
0.8373383608853622
0.8347120670815776
0.8343480530505166
0.8593330624281187
0.8593330624281187
0.8639338158821738
0.869083172829938
0.8646289472724056
0.8517491392840979
0.8517491392840979
0.8516124873731648
0.8516124873731648
0.8516387329573212
0.8516387329573212
0.8519727952621426
0.8346659649956205
0.8351788006569437
0.8558637240931231
0.8591736145990337
0.8596552758238178
0.8605691888568009
0.8629114188614802
0.8656384292018054
0.8619568273603664
0.85016586929405
0.854292227012023
0.854952186472514
0.8672084955333679
0.867693586051896
0.8690908241247793
0.8771644893625543
0.8771644893625543
0.8660061215822533
0.8661121994631973
0.871245390873998
0.8641100621386595
0.8589043513815747
0.8595163746894658
0.8641731767808473
0.8641731767808473
0.8613828673357539
0.8638341333873878
0.856833223326691
0.856833223326691
0.8721123692583634
0.8595419134944555
0.8707547892695064
0.8856528942806052
0.8895509197458624
0.8925007017680826
0.8596196601910003
0.8461840350781471
0.8383402846812676
0.8348970345632112
0.8464814519733753
0.8485884946902539
0.8447808893052444
0.844126014874194
0.850039996978518
0.8435765062196936
0.8444895404578098
0.8479581251463862
0.8489817739815165
0.860650859381054
0.8710799831089213
0.8747487708133835
0.873621733775992
0.8777532204115186
0.875621899371711
0.875621899371711
0.875621899371711
0.8709363132394212
0.8695782627680406
0.8749235082524188
0.8734195865495239
0.8773959538172028
0.8847264965956962
0.8825171222265749
0.8812138512481543
0.8864656356550118
0.8922369726279549
0.8922369726279549
0.9048415709535559
0.8979626248753888
0.8947665723738346
0.9033265353583166
0.9050323355729425
0.8904967768655354
0.8749642573075056
0.8749642573075056
0.8705498815994229
0.8604300184180352
0.8563938780632305
0.8484769873565438
0.8484769873565438
0.8446876665787548
0.8448030577066721
0.8384143502517485
0.8358783880824
0.8375992112446834
0.8303850243832249
0.8304499273146082
0.8397476539731201
0.8398171020019266
0.8719296074394236
0.8568316471356477
0.8569734925687981
0.8478603829020647
0.8494147510325134
0.8511482482900914
0.8518196118586935
0.8545953488972156
0.8714082244758996
0.8714082244758996
0.8808936973445028
0.8898798806618933
0.900558175895748
0.9020452438648909
0.9020452438648909
0.9175483863145892
0.9153700496090071
0.9153700496090071
0.9063069246525419
0.9246079025260682
0.9239449175494661
0.9261344504716705
0.9261344504716705
0.9098629344189679
0.9081874590830343
0.901464776114109
0.8940337000637854
0.8927667599253533
0.8935436759849684
0.8889600978985912
0.8889600978985912
0.8881870485091792
0.8916665938891523
0.8909298413822122
0.8835581550258662
0.876893006371458
0.8697663106649
0.8612340889254216
0.8785285015564909
0.8742287543451904
0.8714217490411341
0.8757724510849288
0.881491372663789
0.88144503109361
0.8729658584211534
0.8701422099336426
0.8486278044305599
0.8486278044305599
0.8627327783215188
0.8664679391537828
0.8664679391537828
0.8660331976905451
0.8555442490790119
0.8439914292833048
0.8444912994812764
0.8390189687755868
0.8390189687755868
0.8428974466122773
0.8400271608586458
0.8494759908009862
0.8487027498098018
0.8586559696695625
0.8491389968953703
0.8497660298649936
0.8548494971752914
0.8660233355877234
0.8552291791171565
0.8584220872626981
0.8616608655354385
0.8616608655354385
0.8616608655354385
0.8468469066431992
0.8503190789864883
0.8467783185251422
0.8519848188828252
0.8563397895057538
0.8615947638809333
0.8634687115389068
0.8579457557812704
0.8579457557812704
0.8579457557812704
0.8753284490119811
0.8736382196468119
0.8736382196468119
0.8736382196468119
0.8736382196468119
0.8582932554854891
0.8582932554854891
0.8567099285940601
0.8573245183572198
0.8571719770785985
0.8571719770785985
0.8519908044125806
0.8469793037185592
0.8474284232559789
0.8474284232559789
0.8361957603950769
0.8361957603950769
0.8360319663153504
0.8190782756457592
0.817254666624604
0.8149194858766805
0.8072415064266611
0.8047121562748724
0.8060837889450216
0.7904388877917004
0.7903746074097809
0.7880325745174235
0.7837982528679673
0.7711597193988754
0.7619559163579958
0.7626652535221963
0.7628822116179812
0.7582014081557484
0.7580746487760303
0.7580774325606268
0.7580774325606268
0.7524485108368094
0.7489160469634404
0.7489160469634404
0.7489160469634404
0.7478354947031661
0.7478354947031661
0.7548644187924104
0.7548644187924104
0.7540116866524674
0.764730709037709
0.7781176361317074
0.7781176361317074
0.7836140556248743
0.7829659817648356
0.7902291532032842
0.8010914290854314
0.8010914290854314
0.8010914290854314
0.7762439340601659
0.7744258197000095
0.775316742131139
0.7813793807673388
0.7813793807673388
0.7860869658629036
0.7869058514296747
0.7892294514201414
0.7892294514201414
0.7927387173075459
0.7936702930898548
0.793674711280651
0.793674711280651
0.8020536169048598
0.8020536169048598
0.805047169605579
0.8127945913698121
0.8109929396677762
0.81103992531458
0.8098145422979638
0.8095299155610618
0.8095299155610618
0.8048986258446444
0.8010936466204908
0.8010936466204908
0.8050338216102972
0.8172014632956166
0.8172014632956166
0.8165227560837542
0.8177575806167171
0.818050681637494
0.8256738410074236
0.8258167137228145
0.8258167137228145
0.8258167137228145
0.8258167137228145
0.8258167137228145
0.8287679475006102
0.8287679475006102
0.8278559101701896
0.8297680250740215
0.8298391988354251
0.8298391988354251
0.8298391988354251
0.8294267998715043
0.8201853197134928
0.8200776559550105
0.8200776559550105
0.8189554099541593
0.8189554099541593
0.8189554099541593
0.8044973420334808
0.8044973420334808
0.8024950824442312
0.8024781963013513
0.8024913806458583
0.7937918075084538
0.7859189517151792
0.7829063503961562
0.7829063503961562
0.7861882923281686
0.7861882923281686
0.7767238417871067
0.7767238417871067
0.7767238417871067
0.7824008864802172
0.7894144617976747
0.7953831731027755
0.7885471519495265
0.7901084372378437
0.7745381019829711
0.7735343392076134
0.767884051491481
0.7715520003117822
0.7569115591190322
0.7373049860557777
0.7391058771671972
0.7309278840573119
0.7172927913883871
0.7288644613208138
0.7271964482710438
0.7290556703188759
0.7268722248734226
0.7268722248734226
0.7289632409767928
0.732413821478775
0.7309457850566042
0.7309203324443331
0.7309203324443331
0.7437747054011348
0.7459220289297892
0.7451722286119894
0.7552922578945034
0.7540137250037451
0.7516336493636646
0.7519334912272911
0.7431553280925314
0.7443141214668436
0.7443141214668436
0.7425340294250374
0.7425340294250374
0.7442523926279182
0.7282032155675292
0.727865796534411
0.7296098520174082
0.732410658713697
0.7358418652275441
0.7294647043291719
0.7294647043291719
0.7294731070652425
0.7303339532157896
0.7302275166252891
0.7298896154833733
0.7241513667581075
0.7241513667581075
0.7260587906472349
0.7272825867519231
0.7101656063363463
0.7128583059363731
0.7058089707240063
0.712231655372216
0.6980899826528625
0.6980899826528625
0.6982983409196858
0.6910054105315794
0.7038396406921403
0.7025479287250691
0.7113698813496816
0.7113698813496816
0.7113698813496816
0.7197605192295982
0.7134237858664646
0.7163942097635311
0.7197360638743567
0.7328567279581644
0.7309895846281202
0.718671639131803
0.7070150411965754
0.6909808302821879
0.695129268948482
0.6954558714595849
0.6919389147555334
0.6912511685447577
0.6946395059933972
0.6946264194161587
0.6866468096099815
0.6843776647841441
0.683696469630088
0.6792274942881033
0.6792274942881033
0.6697130673481859
0.6760240099471864
0.6760240099471864
0.6695417780130367
0.6695417780130367
0.6646809696510755
0.6359318176866126
0.6359318176866126
0.6359318176866126
0.6271792627498257
0.6215680723462309
0.6261676837280991
0.6240028827357221
0.6240028827357221
0.64167213742343
0.6385114839967994
0.6420342808087035
0.6246818169342916
0.6228629673254492
0.6244309982439479
0.6460445195216482
0.6460445195216482
0.6596813697656547
0.6566258709384354
0.6567001696631614
0.649060249644126
0.6449108987996144
0.6449051114971102
0.6455003359708265
0.6458481264673063
0.6364383896657927
0.627084060046468
0.627084060046468
0.6496593252450474
0.650270087937036
0.6457411834191517
0.6510740665463364
0.6510740665463364
0.6454523578882086
0.6473252293054651
0.646618388750422
0.646618388750422
0.6379816689976069
0.6541013760470853
0.6517177597443552
0.6517177597443552
0.6462454010895063
0.6462454010895063
0.6462454010895063
0.6455706931383325
0.6544958711326989
0.6544958711326989
0.6544958711326989
0.6474586807066965
0.6579788472718197
0.6769149146625775
0.7036827732958242
0.7006442710150053
0.7070053584713001
0.7139238873166684
0.7153259310578522
0.7139857661462089
0.7124003541099283
0.7124003541099283
0.7075579022616951
0.7032383732190292
0.697608590754734
0.7050051932867345
0.7050051932867345
0.7065408572461684
0.7023150284484677
0.703101321233452
0.703101321233452
0.703101321233452
0.7037281644372615
0.6923355896349407
0.7104589730946967
0.7088445459840339
0.7088445459840339
0.7147743597089965
0.7154824206803427
0.7154824206803427
0.6937182044175328
0.6935714696589815
0.6935714696589815
0.6934873051832591
0.6886578063436193
0.6894737855873693
0.6904588152791136
0.6904588152791136
0.7041408647722895
0.7041408647722895
0.71177521808319
0.7118888353281171
0.7118888353281171
0.7118888353281171
0.692587853928588
0.7003703127818774
0.7047820165157476
0.7049927125918143
0.7015205612499414
0.6881379686317691
0.6886680511237597
0.6883240068598783
0.6882967114036395
0.6811727559843355
0.6784799685640327
0.6784799685640327
0.6724164886791253
0.6718817438016723
0.6718817438016723
0.6724984548335609
0.6493186342863781
0.649444496147109
0.6525403673734947
0.651477726553349
0.651477726553349
0.651477726553349
0.6512214868300018
0.6412070719433882
0.6401211854582829
0.6488172293206177
0.6508049655733918
0.6508049655733918
0.6483232329423021
0.6553266438076216
0.6572306308544527
0.6479025425591619
0.6418804865420338
0.6418804865420338
0.6410079487501239
0.640057814172213
0.6367468107071781
0.6367468107071781
0.6351792610346502
0.6189038626205321
0.6148538150739392
0.6136638627782212
0.6201672969756544
0.6188456017902264
0.6183997469056189
0.6160839360114249
0.6127650412230471
0.6281688636664338
0.6161382865074271
0.6188228203302969
0.6264189296115626
0.6346345934583931
0.6552748181806983
0.6552748181806983
0.6402825295999899
0.6402576388111134
0.6450386077410558
0.6427365807472812
0.6357624680681754
0.6302130099355209
0.626196396781083
0.626196396781083
0.6187739364459954
0.6157043827683562
0.6371733993339236
0.6376293899145309
0.6477950720247156
0.6395502978339428
0.6250199933948491
0.6231300746122348
0.6297547822167693
0.6269836385267519
0.6258666842375025
0.6295779841106327
0.6295779841106327
0.6312837722420168
0.6169565165572415
0.6170840522260991
0.6322555673968812
0.6290343803366513
0.6380213403554197
0.6284953312625972
0.6198807926642252
0.6287212612862744
0.6347015083764095
0.6415054877317818
0.6411912018913585
0.6501983242812003
0.6501983242812003
0.6515350953186791
0.6543521272666547
0.634933063523204
0.6363162925439443
0.6375096615251926
0.6410410582054288
0.6416424507880282
0.6405013525523192
0.6383068677049363
0.6395267016818457
0.6188526855686856
0.6242396271955698
0.6248489556777853
0.6266821378129478
0.6042570993293421
0.6089212229949762
0.6089672598872443
0.6081582559947681
0.6081582559947681
0.5846302938386568
0.5771942612254234
0.5771942612254234
0.5815473799712293
0.5829058066484513
0.5824696102033904
0.5824696102033904
0.5921857652192651
0.5922313262867199
0.5767645336439784
0.5916666474357564
0.5937116038480423
0.6175746055663449
0.6099186450855192
0.6137131177020295
0.6250386513891512
0.6258388849534413
0.6348487429769766
0.6399363569715949
0.6310778715217984
0.6300136053140352
0.6177057807316385
0.6177057807316385
0.6177057807316385
0.6098979911987695
0.6098979911987695
0.6098846438062745
0.6090748239892697
0.6052956725984219
0.6158625962857153
0.6169445652588943
0.6169445652588943
0.6350896746195457
0.6351930676708114
0.6356152932683008
0.6420274654235447
0.657797012734685
0.6465540183526075
0.6465540183526075
0.6379219127411552
0.6379219127411552
0.6356826071437385
0.6356826071437385
0.6210710898637662
0.6533942460336737
0.6667103192622118
0.6667103192622118
0.6667103192622118
0.663990245994085
0.6720200619990734
0.6797176694784763
0.6797176694784763
0.6797176694784763
0.6799874353041506
0.6894455133807479
0.6780178268683603
0.6772794678353861
0.6766771751601012
0.6861780202680249
0.7018381893564132
0.7018381893564132
0.6997153854507784
0.7019636624920251
0.7197018427496229
0.7237509749871673
0.7207747146861704
0.721168671177688
0.7218318321515294
0.7218318321515294
0.7122452478294482
0.7122452478294482
0.7063196077106488
0.7118874569437303
0.7004331278891052
0.7055779138132777
0.703348093797172
0.7138228852301914
0.7138228852301914
0.710046878525608
0.7099446141499736
0.7052406754703403
0.7051631333736347
0.7051631333736347
0.7051631333736347
0.7022804386591989
0.7139108565345134
0.7120486163811035
0.7113911890486673
0.7116971340658571
0.7120665360278244
0.711602099757287
0.711602099757287
0.7105296459206059
0.7015725742830979
0.7022093293905054
0.7181895485675974
0.7091208560551758
0.7091208560551758
0.7091208560551758
0.7091208560551758
0.7022449896503137
0.7022449896503137
0.7022449896503137
0.7017365804785399
0.7006703420443227
0.7056256103099606
0.6976449175702124
0.6976449175702124
0.6875577785564455
0.6546582880559173
0.6806904365323384
0.6811689441848604
0.6811689441848604
0.6779737500770932
0.6689450900448005
0.6790467240051197
0.6695866517778724
0.6752042180923261
0.6772703233260632
0.6829865014548403
0.6630994048734009
0.6630994048734009
0.6542783251261794
0.6441987587332205
0.6322777204167298
0.6320344510679806
0.6307849529976416
0.6247636663442491
0.6263723050999963
0.622315622615229
0.6235246356770779
0.6166282227502611
0.6177056625811784
0.617984384656381
0.617984384656381
0.6175086132548655
0.6192962354235382
0.6243691477792692
0.6243691477792692
0.6004010087200952
0.6004010087200952
0.6044891968089803
0.6055048440935437
0.588549080242056
0.5866655417864711
0.6181973439720129
0.6136949385947005
0.6230026750997633
0.6251154722207934
0.6251154722207934
0.6251154722207934
0.6251154722207934
0.6251154722207934
0.629716336846235
0.6285074024879173
0.6313920514670442
0.6407017873865378
0.6407017873865378
0.6407017873865378
0.6407017873865378
0.6586156100356103
0.6586156100356103
0.6586156100356103
0.6464643798945557
0.6371612633127153
0.6397729143570152
0.6293849741832095
0.6271176640486797
0.6341417547870976
0.6341417547870976
0.652285777205439
0.6531594644298246
0.6477803546667587
0.6282689334027955
0.6408331125912607
0.6408289030735925
0.6442696374090174
0.6442696374090174
0.627943383368927
0.627943383368927
0.6340658251149336
0.6328747253367054
0.6272663376241674
0.6285108747866012
0.6313684858947195
0.6242304203859559
0.6263398245110235
0.6240272625193588
0.6240272625193588
0.6328577169039987
0.6328577169039987
0.6300905814319255
0.6356293753981804
0.6399269034067
0.6399269034067
0.622868296543765
0.6259002502502959
0.6259002502502959
0.6259002502502959
0.6293312400106488
0.6437848720822503
0.6437848720822503
0.6437848720822503
0.625526453028209
0.6247569800894986
0.625845418591323
0.625845418591323
0.6298342057237266
0.6319703282175572
0.6282686357887581
0.6282686357887581
0.6347670590005529
0.6347670590005529
0.6347670590005529
0.641176011265443
0.6412845677357889
0.6246255062002426
0.623812563079566
0.62353171880047
0.6173978878646201
0.61681861529502
0.6169625090054609
0.6188624062638153
0.6144238479560098
0.6092050320921351
0.6084391632408941
0.5743190977500847
0.5708551383173615
0.5649138016975307
0.5649138016975307
0.5649138016975307
0.5649138016975307
0.5782711478997346
0.5784159757421069
0.5870630728217701
0.5942764572017103
0.5942764572017103
0.5942764572017103
0.60153067065197
0.60153067065197
0.6002095339482922
0.5968299871513086
0.5968299871513086
0.5968299871513086
0.593686933362409
0.5936858050920479
0.5936858050920479
0.5824505072869924
0.5835366702131348
0.5726156279142739
0.5726156279142739
0.5754756777153998
0.5793822977453689
0.5981163914365055
0.5995704252005846
0.6016867596605068
0.5831561229525335
0.5749142764835639
0.5734809723788187
0.5718067480256911
0.5715920131649578
0.57371629710927
0.5733967854778503
0.5734610340878563
0.5721260231839662
0.5721581142580737
0.5721581142580737
0.5727188335077352
0.5823719128317622
0.5823719128317622
0.5666273104887336
0.5849034893449867
0.5836979177858213
0.5826837460510831
0.5620048251620858
0.5636368020166727
0.551599070170301
0.5713180137706444
0.5713180137706444
0.5741971300545023
0.5741971300545023
0.5741971300545023
0.5691801832878896
0.5657213136565419
0.5983465776800483
0.607936052228643
0.6126784969953473
0.5950512936142719
0.6133493491834878
0.6104040528592091
0.6104040528592091
0.5970434662201441
0.6077526749186885
0.6089268116906474
0.6089291094870415
0.6274456009428714
0.6209347670025669
0.6180559456613632
0.617753937552902
0.6181320001844411
0.6187499226657351
0.6257170465009927
0.613568950058043
0.613568950058043
0.5956919066914924
0.5887794163849693
0.6025880914736713
0.6025880914736713
0.5998814797275366
0.6018195853035503
0.5941852820818224
0.5941852820818224
0.5874799525898449
0.5826445031704256
0.5650656131831062
0.5654529382410479
0.5695725770304624
0.5696763287375717
0.5897155719727911
0.5886725262446696
0.5848755259509192
0.5866275881010949
0.5908770189187278
0.5711837780969333
0.5681331714931475
0.5683637516372763
0.5448638497381659
0.544651701884045
0.5507255155996482
0.5601808735872621
0.5640587336451012
0.5599059041384893
0.5599059041384893
0.5603967275426457
0.5799498113331946
0.5812066304218051
0.5982966295679675
0.5949723679423576
0.5949723679423576
0.5947722953333302
0.5947722953333302
0.5887732747010593
0.5888765977685986
0.5888765977685986
0.5873439275955507
0.5859227591628479
0.5783079087571262
0.5782788731578605
0.5782788731578605
0.5784985521342892
0.5784985521342892
0.5812479038210187
0.5952178847280046
0.5952220127744752
0.5952220127744752
0.5969946302615013
0.5970811673052437
0.5970811673052437
0.565997349293425
0.565997349293425
0.567621094284947
0.5549902669996958
0.5541285067214213
0.5514519866283161
0.5589038961698253
0.5551643574691033
0.5591062001911599
0.5583002624241776
0.534723678647921
0.5485524202204847
0.5483069811753074
0.5483069811753074
0.5426063574964349
0.5326890986103657
0.5312230055898098
0.5312230055898098
0.5264716461746879
0.5317604722611095
0.5317604722611095
0.53386366013772
0.542924769840242
0.542924769840242
0.5429646851601629
0.5429646851601629
0.5389887420261694
0.5233870502945634
0.5248955055729593
0.5265120365280405
0.5322683810742578
0.532835296109522
0.5342516350832989
0.5315000200337873
0.5315000200337873
0.5242563642512497
0.5242563642512497
0.5316674091001478
0.5383725317683035
0.5423074683709203
0.5454423153697764
0.5493856722631505
0.5545262605316165
0.5545262605316165
0.5411194284375097
0.5407684019929292
0.5324517001518383
0.5340291730206366
0.5340291730206366
0.5648825462183457
0.5648347214874285
0.5717209287552905
0.5622584478154455
0.5622584478154455
0.5622584478154455
0.5628390133189403
0.5621576540663614
0.5621576540663614
0.5621576540663614
0.5621576540663614
0.5621576540663614
0.5593412256879916
0.55867292040355
0.5586911772846846
0.5620439572369665
0.5602868432350145
0.5602871488113977
0.5602871488113977
0.5669840898034492
0.5671643477315385
0.5671643477315385
0.5616281267589432
0.5610736710113844
0.5610736710113844
0.561061081527239
0.561061081527239
0.5528219455910695
0.5602513252540982
0.5602513252540982
0.5593945040293963
0.5596956399722659
0.5455861960707018
0.5455861960707018
0.5475975569357083
0.5751640991793089
0.5800334375587224
0.5739672158598509
0.5746114339067928
0.57583068001378
0.5863788773364793
0.5881203847819864
0.5881203847819864
0.5886124030964098
0.5886124030964098
0.5886124030964098
0.5826112091434125
0.5942378241714236
0.5954365167141253
0.5765869997860247
0.5765869997860247
0.5733406702066299
0.576259575744263
0.5839881217591086
0.5839881217591086
0.586410546483631
0.563476998692021
0.5654857639886978
0.5509849951377952
0.5558300154239204
0.5560944272619556
0.5575570328009213
0.555130327311293
0.5510037793614555
0.5516776861963952
0.5495134240164166
0.5517953658755679
0.5517953658755679
0.5434121476531998
0.5447339399180782
0.5479762362163674
0.549491805971534
0.549491805971534
0.5538131101062338
0.5538131101062338
0.55524394561144
0.5569852212917992
0.5686428014938476
0.5649324974640884
0.552286425539019
0.552286425539019
0.5549750247401781
0.5485341266873973
0.5438085778747999
0.5438085778747999
0.5420670993022386
0.5426756314641067
0.5426756314641067
0.5387690496661226
0.5387690496661226
0.5239028067964033
0.5239028067964033
0.522039268473039
0.522039268473039
0.49597711888693086
0.4980549816458283
0.5031104951043982
0.5031104951043982
0.5031104951043982
0.502738883510058
0.502738883510058
0.49012376043736133
0.4898956071476188
0.4898956071476188
0.4909031322404382
0.48881072104830753
0.48881072104830753
0.4867826921197214
0.47952485255638805
0.48295376198600976
0.47900626649503203
0.47900626649503203
0.48178880733606566
0.48178880733606566
0.48680302297139294
0.4907626280875508
0.4929954942083886
0.48363706122687494
0.4717908025983914
0.4722615968229342
0.476028008810082
0.47599645605644325
0.47599645605644325
0.47599645605644325
0.47378425729873314
0.4673117532047616
0.4740326725945896
0.4733683811778082
0.47339661771714103
0.46993860305746943
0.46993860305746943
0.47281343591907543
0.47281343591907543
0.47464789781925215
0.475487079341568
0.475487079341568
0.47504234798502326
0.4738234588629868
0.4738234588629868
0.47670033835826664
0.474901573405764
0.46181380692562884
0.46656277361092047
0.46467194267009265
0.46467194267009265
0.47359861727934466
0.47670918321788586
0.4824581360345366
0.4789102731583785
0.4789102731583785
0.4789102731583785
0.4789102731583785
0.48566964701712234
0.48566964701712234
0.47367081695929547
0.47360047208811284
0.46964671675063396
0.46945864834726864
0.46426570052589894
0.4469492821333077
0.4469492821333077
0.4466909188007274
0.4383740407057133
0.43780215111428417
0.44643509156872946
0.4493731260625803
0.4607081981571744
0.4583604970095114
0.4583604970095114
0.4563239044328433
0.4533067486352226
0.45329719931938944
0.46399455223369857
0.46399455223369857
0.46399455223369857
0.47189948769765794
0.46089570042509354
0.45927378697506643
0.4575980013985701
0.46939920877827196
0.4626085852584039
0.4629975287429959
0.45951093240356095
0.4575772652872569
0.4575772652872569
0.45573380958290644
0.4549355768024909
0.44919531995751005
0.4475665803324017
0.44781070480545054
0.44781070480545054
0.44781070480545054
0.43705539599008364
0.4384387475634177
0.43820277824924786
0.43820277824924786
0.4360102272131657
0.4363384582483458
0.43837447076741803
0.4480667720836634
0.4480667720836634
0.4480667720836634
0.46143965492223327
0.4643593915296584
0.4599236393723385
0.4552864478433526
0.4546637351162737
0.450537542936201
0.46342220875992257
0.4737466182463049
0.4673824565953971
0.4590835779211223
0.48167337525781556
0.4816660856922142
0.4816660856922142
0.4816660856922142
0.4816660856922142
0.4816660856922142
0.478175367404698
0.4738023578825428
0.47573210223637086
0.47688902347133655
0.4747662392039751
0.4793618601874192
0.4793618601874192
0.47444471134630767
0.48258810707056116
0.48258810707056116
0.4856357661975348
0.48473622515466364
0.48473622515466364
0.4911177371830803
0.4889909668663392
0.48744042977875607
0.48744042977875607
0.48744042977875607
0.48744042977875607
0.4972988283239749
0.5009644669980424
0.5008344567955945
0.5059466965113154
0.5020091765694268
0.5046146357126763
0.5131751687765785
0.5148197340284392
0.5148197340284392
0.5124286242428486
0.5063955370394937
0.5079047224555272
0.5079047224555272
0.5051951689138343
0.5050280514470594
0.5119849615068706
0.5119849615068706
0.4932879997585765
0.4932879997585765
0.4932721180410662
0.4945285289030291
0.4945285289030291
0.48484597035711663
0.49436011845984745
0.49436011845984745
0.4864499913618882
0.47619907662551275
0.478015997301099
0.478015997301099
0.480202743966525
0.47968299116845886
0.48023312020187753
0.46447065559920137
0.4656082285233295
0.47316733384414783
0.4747938620031418
0.4719281698813027
0.47248914221109706
0.47248914221109706
0.47248914221109706
0.4744918002104057
0.4744918002104057
0.48277607694537683
0.4746929837328929
0.4746929837328929
0.4746929837328929
0.4746929837328929
0.4716362972367318
0.4713052158315303
0.46759183765847706
0.4788762928732558
0.47879706364605656
0.47879706364605656
0.47879706364605656
0.47879706364605656
0.47879706364605656
0.4621633872969677
0.45992544794212475
0.4606488003951247
0.4606488003951247
0.4510049650805499
0.44570720383257434
0.446224418900596
0.446224418900596
0.4551488103499214
0.4551912992742548
0.4551912992742548
0.4544948575286608
0.4638175247992968
0.4546614749066919
0.44407999561329614
0.44407999561329614
0.44323626773802144
0.46511196265416027
0.46511196265416027
0.46511196265416027
0.46511196265416027
0.47318532956285225
0.48882489575048593
0.48882489575048593
0.4906569095148469
0.49169779432405614
0.4965894427679334
0.49639567963339826
0.5059385565833742
0.5040488914060021
0.5043008486349145
0.5033436055383225
0.4935912927027366
0.4935912927027366
0.4923892339006052
0.4915650993397173
0.4915650993397173
0.4770282731138721
0.47692023535105
0.47491042554989943
0.4637127164797489
0.4637127164797489
0.4633993896699336
0.4681939962191878
0.4681939962191878
0.4569288019010668
0.4450368361622646
0.4420095990138847
0.4369855195722126
0.4369855195722126
0.4369855195722126
0.44605985261719044
0.44605985261719044
0.44543242009459794
0.4380585090853022
0.4467613369149102
0.44535279431003855
0.4254847312652421
0.42529347627349634
0.4262754176990643
0.4251941839166602
0.4154951938043889
0.41348693226051847
0.41348693226051847
0.41632863974479034
0.4293817330329232
0.4268622096085411
0.4268622096085411
0.4278653348563825
0.4271776125423996
0.4336319465446312
0.4295958994399837
0.4295958994399837
0.42981607734828847
0.4272179658769762
0.4383356928320983
0.411561352395645
0.4113290596694282
0.4094769084158662
0.40576151934179927
0.40576151934179927
0.40576151934179927
0.3968092259368427
0.3786595694819066
0.38186903348099993
0.38186903348099993
0.36255288776516237
0.3817934488841161
0.3707897592903037
0.36759390799318276
0.37560459538100743
0.3786495108702193
0.3520472359638816
0.35134580992404774
0.3472929113283857
0.3472929113283857
0.3717455775995877
0.37212892482384974
0.37157788028137867
0.37157788028137867
0.37157788028137867
0.37894456500850465
0.37894456500850465
0.37894456500850465
0.38012176157769684
0.3789635094977542
0.3792104660618444
0.35508141868107596
0.35508141868107596
0.35508141868107596
0.35508141868107596
0.3568977951500705
0.3568919642181319
0.3568919642181319
0.3572962245701948
0.35440083021912616
0.35503150160879293
0.35503150160879293
0.35503150160879293
0.3464889639941059
0.337753222055599
0.33102144098143
0.3297354378149642
0.3297354378149642
0.32454900048649626
0.32454900048649626
0.32454900048649626
0.32452775010425566
0.3183061660735311
0.3148487547268475
0.29693048944235
0.29620969438887657
0.29620969438887657
0.296297790386205
0.29363299379612934
0.3078584126553863
0.3078584126553863
0.3078370029391645
0.30973948291446474
0.307965992510024
0.3091807555549596
0.2963072450387828
0.3028172151825564
0.31256024345928207
0.3239652644111235
0.3244689246557104
0.3244689246557104
0.319360435083454
0.32844694477374664
0.32844694477374664
0.3291070985397773
0.3500407886568019
0.3578547804989758
0.3578547804989758
0.3578547804989758
0.3550973696121156
0.3814539341955719
0.3814539341955719
0.37388272249195265
0.37388272249195265
0.37388272249195265
0.37749761006455945
0.37749761006455945
0.37772912337311393
0.37445830538562286
0.3795940161704962
0.3795940161704962
0.3795940161704962
0.3795940161704962
0.3795940161704962
0.3795940161704962
0.397235009295372
0.3839862219132826
0.3915420740663846
0.3915420740663846
0.39095770492234894
0.39095770492234894
0.38286972421599397
0.38286972421599397
0.38286972421599397
0.39471003174788544
0.39471003174788544
0.39471003174788544
0.39471003174788544
0.4014567297963111
0.3885599610385435
0.3932894639753974
0.3932894639753974
0.38646381088948106
0.38935751275610037
0.38944041064229407
0.39293923422156374
0.3916370547765026
0.3916370547765026
0.39285744413680196
0.38342554778795035
0.38342554778795035
0.4048231828167631
0.4048231828167631
0.40106952279719377
0.40106952279719377
0.40106952279719377
0.4016927778361242
0.4028510030599769
0.4028510030599769
0.4028510030599769
0.4048670911023482
0.4057960977707473
0.41465876680783303
0.41465876680783303
0.426053230650166
0.42672338091567136
0.42295934870452306
0.42295934870452306
0.42295934870452306
0.41163149275227984
0.41064707802104267
0.4061334805300502
0.40536804556162365
0.40536804556162365
0.40536804556162365
0.4091034372419572
0.4091034372419572
0.41010208233171774
0.40895144513234205
0.4068428463690372
0.4083332270840393
0.40773358367802687
0.40773358367802687
0.40704121892938533
0.39022927845660077
0.39022927845660077
0.3940759097231292
0.3939288522130034
0.39386687226083694
0.3927171424419499
0.39351857971673376
0.39351857971673376
0.39263434468842207
0.39263434468842207
0.39480197969642083
0.38653910822611803
0.39211630525158164
0.39211630525158164
0.39211630525158164
0.3928890797907982
0.3928890797907982
0.3923250625349372
0.3923250625349372
0.3991701193770787
0.4048818692967875
0.4104221165767058
0.41297239271040986
0.41297239271040986
0.4133997921926686
0.41307128327648496
0.41307128327648496
0.41295813837053424
0.4139278535704265
0.4139278535704265
0.4218638042922303
0.4282830873177348
0.4278118396812251
0.4178276550619444
0.4185209470774852
0.4185209470774852
0.42002531217991224
0.3996676244224088
0.40147241147339546
0.4045298978222381
0.4078939552444097
0.4078939552444097
0.4061313796183549
0.4061313796183549
0.4060737998591769
0.40456168513339336
0.39002393447304196
0.39002393447304196
0.392493334686894
0.38903540292191335
0.3735343233484747
0.37044798147296404
0.36507300570609946
0.3746369134376646
0.3746369134376646
0.3748055441513514
0.3748055441513514
0.37079850705538453
0.3638114360113258
0.3638114360113258
0.3638114360113258
0.3726220153237435
0.377378720201396
0.377378720201396
0.3800842675033481
0.3779160695668016
0.36039605354510423
0.36039605354510423
0.35544974555992725
0.350150086491324
0.350150086491324
0.3466745025225523
0.34878500467871065
0.3683316564732978
0.3628075531104202
0.3628119364518967
0.34330572758254646
0.3409224819554358
0.3409224819554358
0.3375882462905176
0.33772725061326303
0.33772725061326303
0.35310424072344554
0.3620764980246191
0.3547045432610846
0.3547045432610846
0.3538645807103984
0.3538645807103984
0.3538645807103984
0.35582769643809253
0.35545115833261626
0.3521378816021004
0.3521378816021004
0.35312114980536347
0.35312114980536347
0.3535541310398363
0.34951756656555855
0.34951756656555855
0.3356422924086743
0.32264225767035437
0.32105110737595616
0.32105110737595616
0.31405208928112516
0.31405208928112516
0.31405208928112516
0.3219075496770129
0.3229130645794911
0.3229130645794911
0.3235938306288013
0.3272316946024894
0.3272316946024894
0.3209701388037363
0.32708255615468057
0.3215434846845259
0.3215434846845259
0.3215434846845259
0.3215434846845259
0.3142560212865707
0.31631576928965915
0.31631576928965915
0.32163287186612344
0.33049542997964565
0.3275035907104047
0.3360380009752443
0.3360380009752443
0.3361010600164658
0.3361010600164658
0.3413498345842073
0.3398184350236991
0.3417043903990163
0.3417043903990163
0.3358242492753238
0.34033985132625744
0.34033985132625744
0.3404565450289016
0.3594293475442533
0.3644753941545935
0.3648036721869689
0.360251628023932
0.360251628023932
0.36054851308277747
0.36054851308277747
0.3540429565360863
0.358702767351523
0.358702767351523
0.35397976793869945
0.35397976793869945
0.353951393809466
0.353951393809466
0.353951393809466
0.35447985234083984
0.3492218838000823
0.3492218838000823
0.3355231641000881
0.33815478783464303
0.3428392759824998
0.3407195903437911
0.3409786968968745
0.3409786968968745
0.3364182107299951
0.3367347688210564
0.3367347688210564
0.3414120994247942
0.3360702537771069
0.3382870585786724
0.3379158634734882
0.3379158634734882
0.34022941963407044
0.3412835603941923
0.3412835603941923
0.3118733172681638
0.3122959652461862
0.3122237436661862
0.3122237436661862
0.3152286012164814
0.3222497252236165
0.33490246380115785
0.33490246380115785
0.3392894489763403
0.3416615236246196
0.34745582086186966
0.34745582086186966
0.3477369695048786
0.3477369695048786
0.3400962543401198
0.3400962543401198
0.3365006642233846
0.3462626163978829
0.3459760501222751
0.3459760501222751
0.3459760501222751
0.3459760501222751
0.3459760501222751
0.3407999914374086
0.33808887080176514
0.3383595503580897
0.34130989451271765
0.3600112377904316
0.3666690709381239
0.3673018889692031
0.37155138675214816
0.3695913645671302
0.3721655903737932
0.37498992349217
0.37498992349217
0.3641623621165693
0.3641623621165693
0.3680128863543131
0.3680128863543131
0.3669416696348755
0.36956467773305157
0.35756116006282107
0.35455315470396687
0.3505353609900824
0.3505353609900824
0.3505522926252624
0.3576571760887609
0.36148378772235257
0.36148378772235257
0.3608711398637515
0.373566210727426
0.3711967197300558
0.3711967197300558
0.3763689747946967
0.3763689747946967
0.38404547553642876
0.38404547553642876
0.3880486579241109
0.3880486579241109
0.37978411439642695
0.37343734926832195
0.367242813448518
0.37386884787714775
0.378445892750792
0.3795240265132826
0.3658390920340448
0.36722815084272503
0.3656689568149446
0.3656689568149446
0.36707202811371764
0.3697970447892882
0.3697970447892882
0.3689555374065375
0.37049058100622567
0.36082581831365423
0.36678111930260904
0.36678111930260904
0.36473854758982155
0.3572916963365058
0.3697243343003365
0.3690567989682683
0.3690567989682683
0.3569563408849356
0.3513212247034329
0.3513212247034329
0.3667820721743934
0.3667820721743934
0.3667820721743934
0.3667820721743934
0.368809378294278
0.3611022783017854
0.36108654013231783
0.35985846487098344
0.36080793322994054
0.36080793322994054
0.3617297951046253
0.35981459401684995
0.3597523819821637
0.3597523819821637
0.3597523819821637
0.3597523819821637
0.36652632465894114
0.36652632465894114
0.37402315754378473
0.3665799503252915
0.3663453583262361
0.36808729806641377
0.36808729806641377
0.3685546068980114
0.3695153081012575
0.36566707690231026
0.36566707690231026
0.36566707690231026
0.36566707690231026
0.36566707690231026
0.36566707690231026
0.362118589741503
0.353986163167774
0.353986163167774
0.353986163167774
0.3406915899819563
0.34211281616193256
0.34211281616193256
0.34236307414243666
0.34878500467871065
0.34878500467871065
0.3434607111014656
0.3434607111014656
0.3434607111014656
0.3434607111014656
0.3434607111014656
0.3434607111014656
0.3434607111014656
0.34346982836231166
0.34346982836231166
0.34346982836231166
0.3437347140609525
0.3437347140609525
0.3437347140609525
0.342201904622502
0.342201904622502
0.3408527724804447
0.3408527724804447
0.34189923105518455
0.34189923105518455
0.34189923105518455
0.34189923105518455
0.34189923105518455
0.34189923105518455
0.34189923105518455
0.34189923105518455
0.34189923105518455
0.34189923105518455
0.34411606977059256
0.34411606977059256
0.34411606977059256
0.33863714783128823
0.33863714783128823
0.33863714783128823
0.33863714783128823
0.33863714783128823
0.33863714783128823
0.33863714783128823
0.33863714783128823
0.33863714783128823
0.33863714783128823
0.33863714783128823
0.33863714783128823
0.33863714783128823
0.33863714783128823
0.33863714783128823
0.33863714783128823
0.3352291176247557
0.3352291176247557
0.3352291176247557
0.3352291176247557
0.3352291176247557
0.3352291176247557
0.3352291176247557
0.3352291176247557
0.3352291176247557
0.3352291176247557
0.3352291176247557
0.3211673120871856
0.3211673120871856
0.3211673120871856
0.3211673120871856
0.3211673120871856
0.3211673120871856
0.3211673120871856
0.3211673120871856
0.3070894692523731
0.30010157102127444
0.30010157102127444
0.30010157102127444
0.2960559962985058
0.2960559962985058
0.2960559962985058
0.2960559962985058
0.2960559962985058
0.2960559962985058
0.2960559962985058
0.2960559962985058
0.2960559962985058
0.2960559962985058
0.2960559962985058
0.2960559962985058
0.2960559962985058
0.2960559962985058
0.2936872374950756
0.2936872374950756
0.2936872374950756
0.2868616322780246
0.2868616322780246
0.2868616322780246
0.28405537408665266
0.28405537408665266
0.28405537408665266
0.28405537408665266
0.28405537408665266
0.28405537408665266
0.28405537408665266
0.28405537408665266
0.2625319783225786
0.2625319783225786
0.2625319783225786
0.2625319783225786
0.2625319783225786
0.2625319783225786
0.2625319783225786
0.2620499582389522
0.2620499582389522
0.2620499582389522
0.2620499582389522
0.2620499582389522
0.2553576227712985
0.2553576227712985
0.2553576227712985
0.2553576227712985
0.2553576227712985
0.2475163788922656
0.2475163788922656
0.2475163788922656
0.24667955246157086
0.24667955246157086
0.24667955246157086
0.24667955246157086
0.24667955246157086
0.24667955246157086
0.24667955246157086
0.24667955246157086
0.24667955246157086
0.24294295595949583
0.24294295595949583
0.24294295595949583
0.24294295595949583
0.24294295595949583
0.24294295595949583
0.24294295595949583
0.24294295595949583
0.24294295595949583
0.24294295595949583
0.24294295595949583
0.2417673878747458
0.2417673878747458
0.2417673878747458
0.2417673878747458
0.2417673878747458
0.2417673878747458
0.2417673878747458
0.2417673878747458
0.2417673878747458
0.2417673878747458
0.2409081105777188
0.2409081105777188
0.2409081105777188
0.2409081105777188
0.2409081105777188
0.2409081105777188
0.2409081105777188
0.2409081105777188
0.2409081105777188
0.24259400021161787
0.24259400021161787
0.24259400021161787
0.24259400021161787
0.2426053472638844
0.2426053472638844
0.2426053472638844
0.24188580168273832
0.2433601505968895
0.2433601505968895
0.2433601505968895
0.2433601505968895
0.2433601505968895
0.2433601505968895
0.2433601505968895
0.2433601505968895
0.2433601505968895
0.2284174125195172
0.23122023907067152
0.23122023907067152
0.23122023907067152
0.23122023907067152
0.23122023907067152
0.23122023907067152
0.23122023907067152
0.23122023907067152
0.23122023907067152
0.23122023907067152
0.23122023907067152
0.23122023907067152
0.23122023907067152
0.23122023907067152
0.23122023907067152
0.23122023907067152
0.23197962916709228
0.23197962916709228
0.23197962916709228
0.23197962916709228
0.225888392420636
0.225888392420636
0.225888392420636
0.225888392420636
0.225888392420636
0.225888392420636
0.225888392420636
0.225888392420636
0.225888392420636
0.225888392420636
0.22620472892213783
0.22620472892213783
0.22620472892213783
0.22620472892213783
0.22620472892213783
0.22610988616320601
0.22612570260444345
0.22612570260444345
0.22612570260444345
0.22612570260444345
0.22612570260444345
0.22612570260444345
0.22612570260444345
0.22612570260444345
0.22612570260444345
0.2256988430504723
0.2256988430504723
0.2256988430504723
0.2256988430504723
0.2256988430504723
0.2256988430504723
0.21176980862445813
0.21176980862445813
0.21176980862445813
0.21176980862445813
0.21176980862445813
0.21176980862445813
0.21176980862445813
0.21176980862445813
0.21176980862445813
0.21176980862445813
0.21176980862445813
0.21176980862445813
0.21176980862445813
0.21176980862445813
0.21176980862445813
0.2111050697478335
0.2111050697478335
0.213337253295599
0.213337253295599
0.213337253295599
0.213337253295599
0.213337253295599
0.21299064076504257
0.21299064076504257
0.21299064076504257
0.21299064076504257
0.21125669122962026
0.21125669122962026
0.21125669122962026
0.21125669122962026
0.21125669122962026
0.21125669122962026
0.21125669122962026
0.21125669122962026
0.21125669122962026
0.21125669122962026
0.21125669122962026
0.21125669122962026
0.21125669122962026
0.21125669122962026
0.21125669122962026
0.20995324200217036
0.20995324200217036
0.20995324200217036
0.20995324200217036
0.20995324200217036
0.20995324200217036
0.20995324200217036
0.20995324200217036
0.20995324200217036
0.20995324200217036
0.20995324200217036
0.20995324200217036
0.2080909030701955
0.2080909030701955
0.2080909030701955
0.2080909030701955
0.2080909030701955
0.2080909030701955
0.2080909030701955
0.2080909030701955
0.2080909030701955
0.2080909030701955
0.2080909030701955
0.2080909030701955
0.2080909030701955
0.2080909030701955
0.2080909030701955
0.2080909030701955
0.2080909030701955
0.2080909030701955
0.2080909030701955
0.2080909030701955
0.2080909030701955
0.2080909030701955
0.2080909030701955
0.2080909030701955
0.20686611103916516
0.20686611103916516
0.20686611103916516
0.20686611103916516
0.2068297312853062
0.2068297312853062
0.2068297312853062
0.2068297312853062
0.2068297312853062
0.2068297312853062
0.2068297312853062
0.2068297312853062
0.2068297312853062
0.19993324231850465
0.20012834839389926
0.20012834839389926
