0.0466667 0.05133022928992875
-0.0866667 -0.08509319284760564
-0.3733333 -0.6657834305452287
-0.1533333 -0.1963450909765538
0.0366667 0.38149243297961427
0.0066667 -0.3642618942116601
0.7633334 0.5931501816638094
0.61 0.816735358650106
0.3833334 0.4132105039673602
-0.28 -0.07249934609361042
0.56 0.5333793427854486
0.1633333 0.2884773579238475
0.1266667 0.4521865738068285
-0.71 -0.6795672445251975
0.9666667 0.8800643618175539
-0.86 -0.7452683498994225
-0.59 -0.46318783855405343
-0.2366667 -0.27106140128174994
-0.4033333 -0.134836057808003
-0.7566667 -0.8303721351564921
0.7133334 0.6220413648074605
0.4233333 0.4962048483635216
-0.2933334 -0.023254079331390204
0.72 0.6667625790197538
-0.9666667 -0.7821829192468249
-0.9966667 -0.7991419449090644
0.9833333 0.986832217640539
-0.6666667 -0.45783262541719455
-0.17 -0.14827346314153622
0.9 0.12622621321262956
0.03 -0.007615895096960201
0.27 0.2729838689158445
