0.0466667 -0.14700311132065097
-0.0866667 -0.17989103469002138
-0.3733333 -0.40348005277759447
-0.1533333 -0.0990233533404366
0.0366667 0.04886454220977121
0.0066667 -0.045015012925212594
0.7633334 0.7991072240530519
0.61 0.63903808369004
0.3833334 0.40248949375470866
-0.28 -0.11806222350055677
0.56 0.5642789219130351
0.1633333 0.09729334482323554
0.1266667 0.16567294613308875
-0.71 -0.6428244474188272
0.9666667 0.9340607906091303
-0.86 -0.85497655041412
-0.59 -0.6849704272368818
-0.2366667 -0.21486111707744265
-0.4033333 -0.48792006749023
-0.7566667 -0.750539772461893
0.7133334 0.6969979654440575
0.4233333 0.2743218665329614
-0.2933334 -0.25164890943536394
0.72 0.6540960534916227
-0.9666667 -0.8438932674573786
-0.9966667 -0.7250823471934001
0.9833333 0.9351071444612697
-0.6666667 -0.42451365297286875
-0.17 0.05188173067202165
0.9 0.8385921605034669
0.03 0.24348395313315105
0.27 0.24327339661240865
