0.0466667 -0.02386930226028794
-0.0866667 -0.11621098148279724
-0.3733333 -0.44964357513133285
-0.1533333 -0.15880892464751917
0.0366667 0.158362732250569
0.0066667 -0.0338251050039452
0.7633334 0.6629289281650401
0.61 0.6253892249772093
0.3833334 0.38643766830676274
-0.28 -0.20333224445687137
0.56 0.5820589410695367
0.1633333 0.14703390484382128
0.1266667 0.1696181807796265
-0.71 -0.602538702450885
0.9666667 0.9326838090316285
-0.86 -0.8436751248893041
-0.59 -0.6129660204349417
-0.2366667 -0.17006893371488538
-0.4033333 -0.4144733566134801
-0.7566667 -0.7517868896071425
0.7133334 0.5697344660941792
0.4233333 0.21137711715641633
-0.2933334 -0.17427063373301482
0.72 0.6742871058991433
-0.9666667 -0.9377820036834479
-0.9966667 -0.8117901989464864
0.9833333 0.9287618558895284
-0.6666667 -0.4803664529788432
-0.17 0.012921740686592825
0.9 0.8038231901499376
0.03 0.18149785998975013
0.27 0.26658653575942376
