0.0466667 -0.15075320388204283
-0.0866667 -0.16785487591982626
-0.3733333 -0.382526575899909
-0.1533333 -0.12307541350091555
0.0366667 0.09242737724387637
0.0066667 0.02212103386854669
0.7633334 0.6598642254839169
0.61 0.5975252439921809
0.3833334 0.37105187842256854
-0.28 -0.17656771714617303
0.56 0.6426733950156815
0.1633333 0.09958607000920583
0.1266667 0.10178846848492351
-0.71 -0.6991993411773683
0.9666667 0.959560228397815
-0.86 -0.847587668697932
-0.59 -0.6669667468832524
-0.2366667 -0.16679353424927607
-0.4033333 -0.4735454832397453
-0.7566667 -0.8005657767427934
0.7133334 0.6150305123229354
0.4233333 0.24998575993347422
-0.2933334 -0.24587857563941193
0.72 0.7209958141228874
-0.9666667 -0.7068542625330896
-0.9966667 -0.6506093090749628
0.9833333 0.9037310703837111
-0.6666667 -0.47399290592045856
-0.17 -0.20161536959852394
0.9 0.8893044104835077
0.03 0.013135766838645035
0.27 0.2730639510926456
