0.0466667 -0.03874109410609278
-0.0866667 -0.1746619982560781
-0.3733333 -0.4027742394000312
-0.1533333 -0.2215704661006257
0.0366667 0.016466880809568762
0.0066667 0.0036275694014071824
0.7633334 0.8083734888859226
0.61 0.6553904054827415
0.3833334 0.3697080095121284
-0.28 -0.2135788605338642
0.56 0.6123595756085404
0.1633333 0.21333097848553226
0.1266667 0.1079115662012533
-0.71 -0.6894497707798048
0.9666667 0.9985216915755665
-0.86 -0.880800704287759
-0.59 -0.6443116902741112
-0.2366667 -0.20480862944574163
-0.4033333 -0.3926376409630139
-0.7566667 -0.8046030892803606
0.7133334 0.7719425462803071
0.4233333 0.4740505076902251
-0.2933334 -0.28252497923722725
0.72 0.7446842130241468
-0.9666667 -0.8590440653724979
-0.9966667 -0.8778123724554122
0.9833333 0.9769052139845635
-0.6666667 -0.6299553687024069
-0.17 -0.18567089005524579
0.9 0.9043823412168766
0.03 0.023610209015415218
0.27 0.2855166306710444
