1.631128710791609
1.5105185809872927
1.4969513019984284
1.4748491420258028
1.4700661559134318
1.4849645288550897
1.4891857989301562
1.4923472252172498
1.4977614776657828
1.4960620392980504
1.481956945797155
1.4633516285378347
1.479888580085314
1.479888580085314
1.479888580085314
1.4646391350924295
1.457885612263219
1.4674271400140515
1.4798937498499318
1.45944785734087
1.458176697442441
1.451365697343955
1.4292813967147657
1.426334318355098
1.431742195292326
1.434889058461179
1.4295223074646128
1.4295223074646128
1.440329980987623
1.4400198923240501
1.4270051014840313
1.4250764318778688
1.4162223853182
1.410362185477412
1.398052363559549
1.4016254378268824
1.4171547102491397
1.415212183321799
1.4116355666044553
1.4230026081068692
1.4148309283435816
1.432327327352211
1.432327327352211
1.4326781444542989
1.4460704875068393
1.4344496904349051
1.4319380249103426
1.429673508085058
1.4171104085664856
1.4325915384592731
1.4330514998953696
1.4294357839980953
1.426566935060302
1.4201898093971497
1.4201898093971497
1.4258701640503462
1.407318028203591
1.4063686158460733
1.3930148563515474
1.3967124884022184
1.3961424092054853
1.3934309837553838
1.3887578447912103
1.3887578447912103
1.3886164614083683
1.3832677669598352
1.3878692714695695
1.3791665177983907
1.379286768998762
1.370718618924121
1.3737057672744337
1.3690770278622537
1.3657280398296219
1.3647822651531154
1.3421098143885113
1.3420248628485705
1.3420248628485705
1.3501509811388617
1.358189047057711
1.3582700242072905
1.3456185272667176
1.3379298236785395
1.3356222873841403
1.3315069773070494
1.3307503243036143
1.3056975023912913
1.3180128100970638
1.3180128100970638
1.3031623278582178
1.3014613927729874
1.2990178582933454
1.2995577884914644
1.2928801273616382
1.2883853707974502
1.2926180024120473
1.2862231757131812
1.2738663964732808
1.290863863898544
1.2920703959071242
1.3030854384376256
1.3030854384376256
1.310360754363838
1.3207138596744157
1.3205871398116034
1.3083243260547524
1.3084134695200442
1.3041075919098601
1.305593175246955
1.309589941397637
1.3030110897867637
1.3030110897867637
1.3212371970473176
1.3217524828556069
1.316735301614101
1.3278831692113762
1.3250982589287466
1.3292757934562127
1.3329237603565551
1.3396220687434603
1.3262544423039755
1.3147194950219696
1.3181996017997948
1.3067621260075855
1.280747663931194
1.2979208282301586
1.3005863983422217
1.2929970140227551
1.2853669230014073
1.2797209493591306
1.2797209493591306
1.301843157730771
1.3001617269881554
1.3252989287021224
1.3252989287021224
1.321355305834253
1.3241591250074596
1.3242694031243252
1.3247245025693293
1.3255784304476246
1.3221263645167831
1.3174950664044698
1.323544523490889
1.330325766191182
1.3300329580381447
1.3423675273386544
1.3224376611948367
1.3250043876313076
1.3241177667050348
1.30090986192567
1.2943362851323674
1.2997716276963829
1.2997160675726893
1.2930154191847543
1.2917789133964992
1.2849164411299974
1.2846191501337443
1.2814598239673347
1.2774988793319615
1.2774569963978026
1.2816470622498886
1.2689667185452633
1.2478430071580429
1.230834606036963
1.2448462392460518
1.2286281355783322
1.2297857806248025
1.2352899796088455
1.2352899796088455
1.2335117185965594
1.2471351564618054
1.2464424827130438
1.2497269873520922
1.2493715961990397
1.2584278706462007
1.26234074790806
1.2625369308151648
1.2457618191031812
1.259761038779662
1.241217570074791
1.2265960177909219
1.2260101936677597
1.2305505648896624
1.2281729311091383
1.2281729311091383
1.2210789651784777
1.2219956434457313
1.2258837511756575
1.2374445654170672
1.2334297492043516
1.2569423757419722
1.2566682792044643
1.2652372195471966
1.2675633786604814
1.2480763205620053
1.2386474094798325
1.22692960546461
1.2307781772682354
1.2424622159414438
1.2426172238118067
1.2415964110694149
1.2318265153204813
1.2297648262323373
1.2507137752388893
1.253006557229766
1.257163283504568
1.2569707587546892
1.2537422515481105
1.2537422515481105
1.2471562023733813
1.2368536449101608
1.2349643279751614
1.2568198058273252
1.2359363993177044
1.237589250205076
1.234421948996191
1.237746392585641
1.2404479538776836
1.2404479538776836
1.2403137060792635
1.2417328572541704
1.2417328572541704
1.2295757338255853
1.2335877134742967
1.2143405405674343
1.2177715324283094
1.210457249322074
1.2105271119312118
1.2105271119312118
1.1899134062767682
1.1883597114843134
1.1924097233989241
1.1845836597248913
1.183331168966332
1.1836994170038277
1.1772832820572279
1.1798952343833908
1.1841810044244347
1.1788614739795447
1.1767504147850105
1.1724917739891958
1.1923559903194452
1.1925819938467683
1.1925819938467683
1.1995168553546272
1.1999089606827906
1.1961710810212007
1.189929579554503
1.1857402537642618
1.186232093940862
1.188225496232303
1.194390402635606
1.2109140232179396
1.1984233790670376
1.2004560530722541
1.2004560530722541
1.2037175728837568
1.2195248411876864
1.2186947933731174
1.2252229826783916
1.2291978947354303
1.228948748124463
1.2415436788373346
1.226868263724143
1.207641016403207
1.207641016403207
1.1987528354165897
1.1965652683792347
1.2019687192858113
1.2055159869987682
1.2241453283368775
1.2277735361528743
1.2155554867928975
1.2153892143487406
1.2178967365090012
1.2170354612615597
1.2131770955742691
1.2097664659871619
1.2077290433715349
1.193540745476787
1.1937241796540985
1.1925642337691418
1.193131041988916
1.2006503632382297
1.200513413386218
1.200513413386218
1.201213064459313
1.2082696394667531
1.2105721031431154
1.2024473546565024
1.1975050851434266
1.1975050851434266
1.1999716952828499
1.1987455932439839
1.1987455932439839
1.1906022475578038
1.1898662229719152
1.1846547898285678
1.2005511447548185
1.193878626262824
1.1894622938367907
1.1971897095401771
1.1971897095401771
1.1971897095401771
1.201649339145705
1.2063302075868267
1.2065211422735946
1.2071990603111533
1.1948677420720444
1.2019066803273935
1.2024488767068633
1.2002103742230568
1.2001539956059875
1.2001539956059875
1.1913523792049432
1.2031203286611287
1.1876725708051517
1.1876725708051517
1.1841312586063801
1.1718395556896937
1.1685120467770382
1.1687190443255755
1.1687190443255755
1.1584510230337821
1.1555260395561062
1.1508734536260368
1.1528194786566348
1.1556270963091226
1.1379842549342971
1.1389147106168158
1.1335067985761185
1.1442124078002616
1.1409868892174853
1.141096100364093
1.1624480831656652
1.190408247685259
1.1975322035749165
1.1969407271689319
1.1982257534906602
1.1930092331685664
1.1932831107775437
1.1933514305733057
1.1865045466233655
1.187132927860197
1.1876376271658298
1.1876554644594648
1.186469529366128
1.186469529366128
1.186469529366128
1.1916795148584962
1.2044092383927216
1.194182736962841
1.1906391603248365
1.2153668107342168
1.2176295528266277
1.2176295528266277
1.2186908827994676
1.2145905083731345
1.2112096363835316
1.2057466489350654
1.2057466489350654
1.2057655853292137
1.2016468985583024
1.2093765822381621
1.2072092758750714
1.2072092758750714
1.2091118906012095
1.211104002241004
1.2087009087141996
1.2113632846543596
1.2226294204913415
1.2226294204913415
1.2226294204913415
1.2323201074867234
1.2323201074867234
1.2317331992941714
1.2353810105263099
1.2351349446281872
1.2350463766479445
1.2304454841842867
1.2345787910474975
1.2276763672399666
1.2209699073343825
1.2201241396385234
1.2286668553134301
1.2230305709301177
1.2230991780581617
1.2115878893219847
1.2109742502927743
1.2268236539840454
1.230509086514533
1.230509086514533
1.2335584317691692
1.2347843192895371
1.2359386911089918
1.2328053432637207
1.2327738946247093
1.2235023456363725
1.2276335598091632
1.2264744782443728
1.2378789556492165
1.2365313582003754
1.2387618620593541
1.2429578670296701
1.250090572071332
1.250090572071332
1.250090572071332
1.245759784496587
1.2528302145105785
1.257835356744802
1.249642419174717
1.24810460440451
1.2468286398094344
1.2540698631476679
1.261102378233615
1.2648293665868573
1.2648293665868573
1.2655110765221878
1.271445215875402
1.2669774673650207
1.2667948300412912
1.2566513619237145
1.2608021739047548
1.2620699345304112
1.2535437842153283
1.2597999208522397
1.2398854109800432
1.2398854109800432
1.2390361781391843
1.2309235252631292
1.2182412688611113
1.219871537632369
1.219871537632369
1.219871537632369
1.21039390033922
1.2073747462975597
1.217532533069532
1.220251675900326
1.2141880877859454
1.2145985837401918
1.199137300742825
1.209667347710841
1.209667347710841
1.208360814205289
1.2034831495037714
1.203416456695568
1.2040817242197335
1.2010464827108636
1.2081854028407486
1.209923474818135
1.209923474818135
1.201363775196011
1.2033214394856038
1.205914926439938
1.2009450272130946
1.2009450272130946
1.1973423439780408
1.1937755028573052
1.1937755028573052
1.1946116947097092
1.1913452502413628
1.1916844404198608
1.1937940297630774
1.1818399926701069
1.1870602214413024
1.1907578069167744
1.1962535145023152
1.2012836539632434
1.199119242173605
1.1972695577199104
1.211378518475391
1.2024154184503442
1.2008881287432824
1.2175557493510798
1.1995771248555527
1.2061270485275064
1.1904468574649145
1.1900637790188822
1.178937270633272
1.178937270633272
1.1713615602938356
1.1707784796269354
1.1708255100814235
1.171127241021733
1.1768703598200243
1.1777375987908962
1.1843158921747297
1.1908779887622438
1.1908779887622438
1.180131047518577
1.1859787736339715
1.1859787736339715
1.173338851978231
1.1667120808439
1.1692375187104127
1.1613157331675519
1.158825528980558
1.1616390343141818
1.161665420739133
1.1624784430753703
1.1668859172494943
1.1621145124739887
1.158270246138033
1.1637453600747496
1.159283355850857
1.1548321632764171
1.1491955583040354
1.1471479913152323
1.1520787438403794
1.1513144823376342
1.1403700181193146
1.1433238667050725
1.1481369953655811
1.1499963043322792
1.1534870058342388
1.1539184903251014
1.155867636815655
1.155867636815655
1.1572764881777822
1.1565888284765498
1.1627169485310682
1.166490208959915
1.1618764728183089
1.1556835213606942
1.1642686500455106
1.1570329851890861
1.1590898398458176
1.1590898398458176
1.1281600702419243
1.1576092556112012
1.1576092556112012
1.164541544326551
1.1634015733987373
1.1634015733987373
1.1680157910663522
1.1616132490456745
1.1643732261157127
1.175209511138051
1.175209511138051
1.175209511138051
1.175209511138051
1.1647333236549322
1.1691101619972644
1.1689945959030044
1.1689840922354544
1.1834590893447219
1.1834590893447219
1.1834590893447219
1.1871669968291312
1.1810645479392927
1.1803223018460758
1.1756337044679797
1.1684184285475343
1.1694404399526586
1.1614011763350447
1.157740566413541
1.1386280567905525
1.12756674587091
1.1281368502345959
1.1189048610545784
1.1161704938148165
1.1010526149074638
1.0995308036850173
1.086031782608211
1.0879097254476677
1.1032884620294987
1.0986964791536085
1.1042151857003712
1.0983979470532454
1.1025997774557033
1.102800411514799
1.1035190235324468
1.1038525919050668
1.09674965959635
1.0825283898256488
1.0921903873671086
1.0850514283208301
1.0797276288000914
1.0766796705777342
1.0782845890021848
1.0782845890021848
1.0755342987241097
1.0755342987241097
1.0656373424082706
1.0688922489965877
1.0707977821093262
1.083669142330239
1.0795053196553124
1.0757825426137224
1.0967044227410958
1.0934668494138398
1.0905861318674843
1.0911691194735056
1.0943327403487355
1.094688296983015
1.0975720623758733
1.0980864184505275
1.0741824806438236
1.072044939018052
1.072044939018052
1.0712912599701274
1.0719119483233739
1.0719119483233739
1.0641135575487142
1.0268541499872819
1.026346506535814
1.0308291941849455
1.030834593852057
1.0276435665090766
1.0203536031127916
0.9959424698323446
0.997015499388096
0.9839009361389652
0.9793534895925498
0.9794807055821838
0.9875709151823554
0.9846102841695556
1.0016459234960966
1.0035147198717393
1.0060173425825154
1.0084179742954418
1.0115174275318264
1.0176866698446134
1.0137036150095124
1.0113515365329213
1.0207771080291743
1.0250797617319096
1.0191566890029307
1.0293322952400947
1.0261808543676383
1.0205009138637355
1.0254367781460476
1.0254367781460476
1.0286208709097489
1.0286208709097489
1.0429279268626286
1.027474095674373
1.0233929338836465
1.0223173846375646
1.021302728113632
1.021302728113632
1.0381386565422084
1.0507604133587802
1.0507604133587802
1.0606867478017645
1.063285895022728
1.063285895022728
1.0733723918859945
1.074674774003455
1.0800025597843608
1.0799947492462387
1.078726322172182
1.0631159149958171
1.0525325476675558
1.0525325476675558
1.0515524765020714
1.0500918006198878
1.0474410629134334
1.0480260305626155
1.0506119994140222
1.0500351875583704
1.0594596838494381
1.0768831573802031
1.0770552194436454
1.0746885368418666
1.0768086216409394
1.0768086216409394
1.0768086216409394
1.0699867099142821
1.0699867099142821
1.0714314211825569
1.0714314211825569
1.0640049823070845
1.054735840340905
1.054072528382991
1.054072528382991
1.054072528382991
1.0334761898294205
1.0304988243778221
1.030603604426049
1.0317637277535445
1.0317637277535445
1.020380906248451
1.019888076835302
1.0420925422084635
1.0452769205252597
1.0369391893881745
1.0341333211714974
1.036566587561852
1.0283437125324766
1.0215060812130203
1.0215060812130203
1.0207076556893433
1.0217248909365815
1.0221474077519914
1.0221474077519914
1.0200126496166277
1.019161075524625
1.0156810351495575
1.0228262035537765
1.0227639340407202
1.028543279292795
1.0327869251456392
1.0314045332117816
1.0537503139260003
1.0537503139260003
1.0465410417540657
1.0465410417540657
1.0367981341331598
1.0446569752026875
1.0478537423563639
1.0563383708352312
1.055910531823608
1.0558767201786685
1.0564446196934734
1.0539717758817886
1.0584574337682144
1.0563155146847352
1.0556480628476819
1.0559400784799164
1.0559400784799164
1.0619606535471602
1.0300528857725293
1.0289455824929257
1.0160405841957332
1.0160405841957332
0.9829985005274027
0.9808178748521185
0.9821099560189217
0.9818891950005969
0.9818891950005969
0.9897377780790948
0.9897377780790948
0.9705871092170841
0.9652129174613203
0.9661985854184971
0.9678647386199722
0.9774044580369615
0.9774044580369615
0.9724641998513754
0.9752617002739346
0.9865165472970729
0.9959460167998281
0.9942389629157387
0.9912844360378028
0.9867998664336161
0.984643702818931
0.984643702818931
0.984643702818931
0.9936796523119616
0.9951107892782562
0.9930162444219145
0.9930162444219145
0.9883335184232512
0.9742875056020743
0.9491916686139951
0.9307036052401089
0.93065939600633
0.9292798033342929
0.9304609325578341
0.9304609325578341
0.9520309803480613
0.9474357149799114
0.9474357149799114
0.9474357149799114
0.9478500015571025
0.9585660686688398
0.9585660686688398
0.9585660686688398
0.9486309644044938
0.954642053832035
0.948873988460837
0.948873988460837
0.9506082378759938
0.9494816289508239
0.9480960824247738
0.9727579301645873
0.9682496525254386
0.9560438810491212
0.9544613263343315
0.9753112737534361
0.9770355556242123
0.9639713148463538
0.9445918672927188
0.9579480328900881
0.9384667874949856
0.9384667874949856
0.9378879687816373
0.955408067399703
0.955408067399703
0.9590657978182522
0.9574839297776293
0.9448620682794956
0.9288532961077726
0.9192377937001218
0.9166302099150074
0.9064553156090795
0.9086762575988784
0.8976028329487366
0.9059283019475346
0.9059283019475346
0.9059283019475346
0.917755778710544
0.9194669604957618
0.9209935700351952
0.9221850134542577
0.9170503247399722
0.9170503247399722
0.9185307056016715
0.921611099329835
0.9307534471604987
0.9351339714593829
0.9107586418904215
0.9012409659111194
0.8906014887207989
0.8944928598320742
0.8950453938682462
0.8941934565260583
0.8867330968599124
0.8919447581655062
0.8841875613694634
0.8929925119968877
0.8906116239325639
0.8906116239325639
0.8906844860813858
0.8645138416292664
0.8645138416292664
0.8714495587623052
0.8713334990212275
0.8862650012473409
0.887999569574029
0.8887164626099024
0.8868326438522043
0.8968406235274572
0.8901434056058202
0.9119515800628488
0.9068630841682176
0.8788579472493752
0.8625178835560517
0.8623202993698368
0.8623202993698368
0.8623202993698368
0.8625009164655
0.8692003801415124
0.8623362796510669
0.8623362796510669
0.874512421653485
0.8774784535345127
0.8829172654097457
0.8763401542813652
0.8808554286247152
0.8942134427733676
0.8942949749898217
0.8906103335086406
0.8855392845270587
0.8734186916207582
0.8728804941238848
0.8725193059827896
0.8685662857536908
0.87434399279891
0.8711836165092336
0.871777476036186
0.8823373222758334
0.8939033595157562
0.8938498013459827
0.8944700059945978
0.8879303519584476
0.8882537235127211
0.8838481034694589
0.882310930160552
0.870023299040748
0.872942973438604
0.8485292868812299
0.8491039336513843
0.8475514174768504
0.8475514174768504
0.8447057433878198
0.8467531260330784
0.8511695356718244
0.8522087129161846
0.8766964678547212
0.866636697291867
0.8730733125016935
0.87326051746239
0.8584980136086063
0.858007166786255
0.8602712773913763
0.8612594992210281
0.8626915051443163
0.8459035311751238
0.8459035311751238
0.8339794777034816
0.8234317295890705
0.8320720470801201
0.8339720009053654
0.8454426911222012
0.8616026387186975
0.868459295393437
0.8754327079981399
0.8663075541110481
0.8611779012270124
0.867314152870204
0.867314152870204
0.8831598688773113
0.8876950750114834
0.8866327978698669
0.8866327978698669
0.8866327978698669
0.8860576851799653
0.874566188780001
0.87856644782612
0.8771035247839829
0.8706798198075011
0.887876900306464
0.8891139731659453
0.8858192712692433
0.8736454606259589
0.8749373223845128
0.8749373223845128
0.8749373223845128
0.8725152313666454
0.8723024956736168
0.8727484854680959
0.8733448632019014
0.8517318351038389
0.852047801562476
0.852047801562476
0.8508822949437731
0.8502420977897023
0.8321297818287501
0.8329629106655088
0.8367757873148838
0.8450940934494858
0.8429483505519602
0.840801368306641
0.8329393623686902
0.8277007361242218
0.8312420750934896
0.8240268751825633
0.8179819850780163
0.8282207516468877
0.8282207516468877
0.8407656054077569
0.8407656054077569
0.8264356458254688
0.8277555809730824
0.8249118251963573
0.8214569033382624
0.8211564910212157
0.8227245324170377
0.8297780548178362
0.8303478922933842
0.8303478922933842
0.8306883387389676
0.8310578523746164
0.833448323079795
0.8418425047314659
0.8251363395419753
0.8284536135185481
0.8250035684741573
0.8342056157409294
0.8343540212669212
0.8467767618874652
0.8576667572876399
0.8600752389037516
0.8600752389037516
0.8814767382190285
0.8807570384185266
0.880447157160069
0.8871359352501567
0.896449246955434
0.9000558768797319
0.9079695441655626
0.9025038658559812
0.910747411734468
0.9042074382303609
0.8954755264207654
0.8793567643872474
0.8726797503843844
0.8712618814225318
0.8772656690792631
0.8772871282257751
0.8672305396788297
0.8672305396788297
0.8677546226215919
0.8666978444587704
0.8562858512812751
0.8451118442864269
0.8497882371741515
0.8504064040915829
0.8535839542745266
0.8536006753485158
0.8527315094855985
0.8527315094855985
0.8438567293136787
0.8340153844453329
0.8223048220451515
0.8237190752323239
0.811707634133369
0.8150538755653786
0.81014727295741
0.8046166169242126
0.7970103444593125
0.7845775842461266
0.8105399759271842
0.811555035635333
0.8079245013531936
0.8083717773308142
0.8051012988545386
0.8019603067341784
0.8023712704732471
0.8049805499223069
0.8086675390148487
0.8144663877122232
0.8177033089804616
0.8286767969477545
0.814152692029905
0.8122608058493549
0.8122608058493549
0.8274491304670174
0.8238553087903523
0.8424421752007831
0.8432334068128329
0.8362651832915472
0.8349028960186671
0.8306929412488349
0.8319198337632268
0.8322765410210271
0.8292808221169091
0.8134462355223864
0.8230682239225889
0.8230682239225889
0.823463828742968
0.8347608277207829
0.8347608277207829
0.8304172615824217
0.8322806611219222
0.8303492315886764
0.8388232755050756
0.8470611311092733
0.8394040293522963
0.8393196716750569
0.8243031915328873
0.8348479047461821
0.8362031314281695
0.8394125697473014
0.8394125697473014
0.8392699069540733
0.8377431178738264
0.8374265845431932
0.8374265845431932
0.8447836694418955
0.8416628557644963
0.8528513770462325
0.8478889788188746
0.8649647753296636
0.8642107562141517
0.8622032774765258
0.8622032774765258
0.8239386536647815
0.8208694721933338
0.819976012309569
0.8293463272321898
0.8293463272321898
0.8383536935916476
0.8383494577512541
0.8371351693052549
0.847416805138877
0.847416805138877
0.8579919142771708
0.8477894913409433
0.8477894913409433
0.8477894913409433
0.8477894913409433
0.8390667597666693
0.8545118572546416
0.8535165038878086
0.8535165038878086
0.8519393075564833
0.8518539974007138
0.8555187823604957
0.8697014928867132
0.8699081266949993
0.8697410706339967
0.8666297250422353
0.8700352635770863
0.857682556032845
0.857682556032845
0.8244689710593214
0.8241847524890268
0.8272237607053657
0.8308189909368117
0.8175774088771705
0.8184367183604596
0.8184367183604596
0.8221728613370113
0.8079628956197882
0.8217663448158747
0.8287162695421323
0.826248570624829
0.831532487547501
0.8560433283469351
0.8555707180894054
0.8503375600066924
0.8504014229709871
0.8505726892580591
0.8447554871423991
0.8333640750652106
0.8438035087328192
0.8413843725501867
0.8443546741069999
0.853413604062425
0.8489250635553264
0.8489250635553264
0.8461885167259877
0.8461885167259877
0.8515997056094932
0.8535752683935296
0.8582282505633742
0.865150239911608
0.8671331147201232
0.8504839123723762
0.872456682981824
0.872456682981824
0.8647441648728982
0.8709336160135346
0.8663236120917948
0.8557226504136346
0.8637258823044769
0.8674105670082715
0.8803487461433321
0.8721189584801629
0.8817072574571513
0.906465298195811
0.9040852182103122
0.9105185051459562
0.9119977414308268
0.9096202599213544
0.9128851086181575
0.9023311737229681
0.9075465701198632
0.908247728665005
0.9064131932260739
0.9062922277212033
0.9074286311952502
0.9055030256149004
0.9068560014772806
0.9069758742336367
0.9066143743454405
0.8958129515758811
0.8967506936966456
0.8965743525107448
0.898184594187944
0.898184594187944
0.8972854411418466
0.8958013514435901
0.8927887782627644
0.8966863874770683
0.8832854880145549
0.8818010968257859
0.8821580697274486
0.8821580697274486
0.882193114383452
0.8821416338354082
0.8827502797251189
0.8919188949472355
0.8875054078609356
0.8909285309782998
0.8932317067759443
0.8968424162914667
0.903966878228604
0.9010366790510872
0.9010366790510872
0.9026345125336633
0.9054345765553297
0.9055259209404846
0.906457406904629
0.9069606773200606
0.9101810377359192
0.910192192757258
0.9098346765345177
0.8898055632411102
0.886990673480427
0.8882703302945463
0.8867886798367041
0.8867886798367041
0.8783049931399013
0.8784801270645652
0.8784560700460801
0.8698934865145572
0.8731764692669597
0.8521347579051491
0.852863190366437
0.852863190366437
0.853708426663564
0.8553677103205799
0.8594077165194338
0.8524904869942336
0.8528112364965488
0.8610335987668769
0.8610335987668769
0.8751508356388541
0.8751508356388541
0.8936299444131001
0.876909382753513
0.876909382753513
0.8767708579476174
0.8742143565253303
0.8775729206601488
0.8761423063778351
0.8753516603628204
0.8683648203820662
0.8698378748885307
0.8642469889160681
0.8678386556986093
0.8662823001911609
0.8711779794319988
0.8776715667441176
0.8776715667441176
0.8759875607399472
0.8753403447729945
0.8640068534007403
0.8509710223871949
0.8509710223871949
0.850955649528748
0.8671845281550707
0.8678577769620802
0.8623078070440564
0.8617109235170184
0.894515344611273
0.8889503922896504
0.8888615841395554
0.8868738328619411
0.8859840033834732
0.8890979277988936
0.894584577437165
0.8818288538071122
0.8818288538071122
0.8819988741960774
0.8764771132932201
0.8764771132932201
0.8764771132932201
0.8761563592158407
0.8761563592158407
0.8825566590572835
0.8817389374586972
0.8817389374586972
0.879747428797812
0.879747428797812
0.876983049951284
0.8674702593182987
0.8570986642646804
0.8580531253649514
0.8580531253649514
0.8361711440738253
0.8361711440738253
0.8387148632695587
0.8772359224088854
0.8799121849144296
0.8799121849144296
0.8814221371973483
0.8664668722367198
0.8668218728574556
0.8648727271146193
0.8648796924334148
0.8648796924334148
0.8673304773173174
0.8693090069443169
0.8750441013150552
0.9012820663760889
0.9064572638468783
0.9064572638468783
0.9035776415248712
0.9099294784076953
0.9108306974271756
0.8962859834054921
0.8970296655280956
0.8970296655280956
0.8965451575214365
0.9156489419181213
0.9154576248073552
0.9154576248073552
0.9262387627272152
0.9330426284669877
0.9412452649564765
0.9405814889479623
0.9181228424718123
0.9308504971619533
0.9305577409455844
0.9326293418950354
0.9326293418950354
0.9326293418950354
0.9196010130425153
0.9196010130425153
0.9221203823718647
0.9244392427345891
0.9244392427345891
0.9250279775593462
0.9250279775593462
0.9306282247708899
0.9332441147455476
0.9428681646701533
0.9564433471559135
0.9564433471559135
0.9564433471559135
0.9580503252740104
0.9580503252740104
0.9571326544690495
0.9576613028320518
0.964721583250457
0.9657585306912004
0.9672458599497163
0.9639276463739015
0.9637518710261274
0.9817969494247581
0.9837341502575581
0.9837341502575581
0.9837341502575581
0.9858982616376734
0.9893861442408475
0.9961086047949026
0.9983784368780103
0.9983784368780103
0.995302472229733
0.9916610113957006
0.9916610113957006
0.9936952196121369
0.986346863008291
0.9839789782884673
0.9721305034487115
0.9721305034487115
0.9690270376271883
0.9669789945862163
0.9669789945862163
0.9524665287224209
0.9540135134096357
0.9593585264641314
0.959415705218992
0.9562429442422722
0.9525925191669161
0.9525925191669161
0.9380577869596131
0.9380577869596131
0.9380577869596131
0.9351174013897665
0.9317009412979781
0.9317009412979781
0.9075587110280958
0.9175554025554334
0.9175554025554334
0.9175554025554334
0.9150612902887573
0.9215251850991223
0.9208241560129858
0.9224527860888075
0.9266500354881534
0.9075425928391705
0.9075425928391705
0.9075425928391705
0.9075425928391705
0.8905648082103722
0.8881644003434288
0.8882067488908331
0.8795036099638378
0.8790960092580952
0.8795473062971181
0.8795809206567693
0.8838902822537422
0.8823106535674236
0.8823106535674236
0.8843916580733617
0.8786697990924777
0.8749688925723437
0.8749093558779192
0.8725907851009435
0.8690252849414787
0.8663332522436242
0.8849902033273856
0.8610810112204839
0.8598245953522217
0.8546972069271768
0.857429069143946
0.8499915738441218
0.8396528085602342
0.8396528085602342
0.8361088079181561
0.8345381556119941
0.8345381556119941
0.8365632855851829
0.8375082529076755
0.8374556350660501
0.8443602116597285
0.841041957206041
0.8436068413335737
0.8409847530519734
0.8409847530519734
0.840622330175462
0.846049873179615
0.8492185104679675
0.8627534815334837
0.8673780417919943
0.863982815108107
0.863982815108107
0.8604762928376031
0.8604492642703363
0.8461921388001531
0.8435892182187105
0.8436745660422071
0.84419209967855
0.8409248577196101
0.8395515404358459
0.8392452908259516
0.8462079399339169
0.8474192630334161
0.8474192630334161
0.8460465653262216
0.8450750615969722
0.8450750615969722
0.8416284630213922
0.8310035261279264
0.8320462319166706
0.8185059146270176
0.8183925480434048
0.8230090220070724
0.8183930955302323
0.818212441981316
0.8260255223907838
0.8213185888325191
0.8273749530327367
0.8273749530327367
0.8191944230293253
0.821437254272949
0.8198323039770555
0.825338183920031
0.8186595212701829
0.8186595212701829
0.8214478044974857
0.8215114669611371
0.8187380821710052
0.8144339258081735
0.8165599810134785
0.8144752435304727
0.8227402252199039
0.8219782944019669
0.8239630575671908
0.8014300194112113
0.8014300194112113
0.7994459830054598
0.7952585140972764
0.7952585140972764
0.7979583814983687
0.789955708691933
0.7930917626715217
0.7971773429895062
0.8026034405314757
0.8048472398580321
0.7914060936681927
0.7886281763930286
0.7932835196796069
0.7894325477715578
0.7908330336916831
0.797733514716094
0.797733514716094
0.797733514716094
0.7982471878903037
0.7846555293438984
0.7842636787208856
0.7853881519319135
0.777696889359919
0.777696889359919
0.7804579079502622
0.7804579079502622
0.7806622710284825
0.7802167072440879
0.7937054956710695
0.7772782318846951
0.7768151195370218
0.7796308263968248
0.7896677286338096
0.7895260441169856
0.7887198855897222
0.7886614294818427
0.8003627873628536
0.7962011309110771
0.7972502403594078
0.7851961009700233
0.7776839977597755
0.7776954280173587
0.7565797054788256
0.7631077991467995
0.7316978950908384
0.7336212364039295
0.7336212364039295
0.7368410988756172
0.7370042627902044
0.7273184191365484
0.7278706296360218
0.7342715778337021
0.7334952466783226
0.7287978489523685
0.7203377741877125
0.7213076345200427
0.7180874692382421
0.7214084414402462
0.7177232828114216
0.717786984591622
0.7141809413838107
0.7111955329512952
0.7116130901654233
0.7132051513852499
0.7125458794229017
0.7145200984385652
0.7116779425496454
0.7116779425496454
0.7116140700175974
0.7035370254003265
0.7040984772834982
0.7046081626007524
0.7046081626007524
0.6899835609118443
0.689667523920861
0.6896223059946461
0.6896223059946461
0.6761929844315211
0.6761929844315211
0.6736314991048323
0.643686925227291
0.6465236445783011
0.6395124444836046
0.6549281837768994
0.6535464425652664
0.6603381192543039
0.6626081147727061
0.6626081147727061
0.6695583992869956
0.668623699782225
0.668623699782225
0.668623699782225
0.6859818129488979
0.6859818129488979
0.6859818129488979
0.6859818129488979
0.679445701035418
0.6884089679072601
0.6893807888673578
0.6893807888673578
0.6926439969248943
0.6926439969248943
0.6929463611329147
0.6932768106926711
0.6927438970597297
0.6927438970597297
0.6905832778576908
0.6894644579403386
0.6932266754635308
0.6934492338495815
0.6934492338495815
0.695624515382354
0.695624515382354
0.6939676741320537
0.6934472096076515
0.711926700343315
0.711926700343315
0.7205316648251361
0.7229768543105385
0.7426582380725614
0.7413997003823449
0.7334286796020988
0.7333636402422357
0.7415761173140661
0.7464392529158052
0.7463677739437667
0.7463677739437667
0.7403136394650491
0.7430657268990133
0.7430657268990133
0.7430657268990133
0.7384906676262188
0.7382291938291666
0.7382314575785299
0.7382314575785299
0.741031567495501
0.736984477900162
0.7183705062015843
0.713897432350849
0.7100150276783325
0.7166923302625042
0.715103966976479
0.7045583989292873
0.7030570136318716
0.7044395972111508
0.7068795535338551
0.7081659219479995
0.700148848579317
0.6938831240117402
0.6932208677531395
0.6932208677531395
0.6915811203953082
0.6926240579006419
0.6895546340398273
0.6895546340398273
0.6977024714645503
0.6898262929145411
0.6825029383476621
0.6825029383476621
0.6745053501491591
0.674758345975865
0.6777131598917413
0.6777958409342774
0.6777958409342774
0.6777958409342774
0.676467058175348
0.676467058175348
0.6729858061098531
0.6714552030110773
0.6752472940820344
0.6698899833008598
0.6704242957492731
0.6712516868167236
0.6742941796889029
0.670526953407467
0.6712758233385647
0.6712758233385647
0.6716150977548955
0.673021922621292
0.67622075902563
0.6779353091158103
0.6647109870053256
0.6646255343616921
0.6647359202874613
0.6647359202874613
0.6647359202874613
0.661886997455358
0.6710506509368386
0.6641479840336694
0.6615714603685253
0.6590646892429771
0.6578142178262681
0.6563891615806737
0.646117031644616
0.6460105637579481
0.6490329971467328
0.6490329971467328
0.6456246238260923
0.636067147471857
0.641306415738337
0.6472570548510944
0.6477001448879792
0.6477001448879792
0.6477001448879792
0.6445069862925049
0.6499783120543942
0.6499783120543942
0.6498661466542903
0.6567559290241933
0.6572874473387655
0.6581465169272033
0.6688021724945001
0.6728871839398568
0.6728871839398568
0.6728871839398568
0.6738612654047744
0.6738612654047744
0.6804517027978375
0.675345540452208
0.6856387137864743
0.6855241242466131
0.6834438527736808
0.6834438527736808
0.685959142494408
0.6907509735241549
0.6907509735241549
0.7048895580087992
0.7054282251634638
0.6984397325758906
0.6984397325758906
0.6984397325758906
0.7023790187982641
0.7036788110023925
0.7059966414714182
0.7074892600504796
0.7050561216710997
0.7044964374646214
0.7006852680850212
0.6857009875300348
0.6851875006065872
0.6851875006065872
0.6851875006065872
0.658469186161733
0.658469186161733
0.656793419815155
0.656793419815155
0.6613671518507875
0.6608530250405754
0.6608530250405754
0.6611450662191294
0.6525493328094515
0.6528074276148077
0.6535080444420964
0.6651067227237284
0.6689468011736333
0.6690427158407498
0.664256414778273
0.6560902665130234
0.6560902665130234
0.6481838860062062
0.6481760724438674
0.6481760724438674
0.6481760724438674
0.637070778321332
0.6255252479916315
0.620588851873112
0.6100526884120081
0.6134185595785331
0.6134185595785331
0.6166333858956354
0.6160000786621741
0.6134281819062375
0.6134281819062375
0.6183093107769743
0.6196569581139537
0.605185708793359
0.6057756561720565
0.6057756561720565
0.6057756561720565
0.6027361227438318
0.6027361227438318
0.6027361227438318
0.6232756424376006
0.6245061989459041
0.6245061989459041
0.6221666412953456
0.6263959270616609
0.6252974647984881
0.6252974647984881
0.6252974647984881
0.6079696104170751
0.6055561174221028
0.6032008834397354
0.6032008834397354
0.6072161615222224
0.6066249635037019
0.6013408160748881
0.6027984827090401
0.6044904762132709
0.5970266778587185
0.5863252769705505
0.5863252769705505
0.5902903724431391
0.5915944174356274
0.5872878797414005
0.5872878797414005
0.5817707410598664
0.5722864853777058
0.5759864969290046
0.5782108248088897
0.5782108248088897
0.5782108248088897
0.5786011057993717
0.5785862349785827
0.5868500616871469
0.5860175853342848
0.5860175853342848
0.5860175853342848
0.5860175853342848
0.5945928145920235
0.5945928145920235
0.6042076588120736
0.6042696625202114
0.6042696625202114
0.6042696625202114
0.615561536116766
0.6155463037312019
0.6155463037312019
0.6151917990866571
0.6156329948794281
0.6155652407644139
0.609030861115064
0.5955065695377308
0.5955065695377308
0.6078135599157692
0.5927834201320912
0.584360726904236
0.5943403348791176
0.5943403348791176
0.5935812455383163
0.5936857166627902
0.5936857166627902
0.5936857166627902
0.6093438771904662
0.6234133165988771
0.6348922966414553
0.6388257888474668
0.6354831498840927
0.6364594675135364
0.6312201278813486
0.6309717317085706
0.6270398011660998
0.6230131869760405
0.6260570646542967
0.6276771965461154
0.6308637284265036
0.6471876104281954
0.6471876104281954
0.6502631457337219
0.6502631457337219
0.64897366772741
0.6496534789958252
0.6496534789958252
0.6496416233318536
0.6496416233318536
0.6511221186428067
0.6727786765944243
0.6742042556559072
0.6722828981597258
0.6713875401101671
0.6744101575517588
0.6744101575517588
0.6744101575517588
0.6744101575517588
0.6743807947958362
0.6721187845532323
0.6721350044663826
0.6681857124129235
0.6652128437511078
0.6652128437511078
0.6668846299464516
0.6668846299464516
0.6664491633848737
0.6664491633848737
0.6668225562860826
0.6731091318172799
0.6731091318172799
0.6731091318172799
0.6562272436194607
0.6619706303317584
0.6615484538354167
0.6682863206723979
0.6778670282765938
0.6778670282765938
0.6778670282765938
0.6642214136419745
0.6610853553573124
0.6614929201702519
0.6573432389396845
0.6469598995110899
0.6469598995110899
0.6241289672276984
0.6210268844815576
0.6218414829361394
0.6280671967037376
0.6367401034507265
0.6458881365762686
0.6478606033235595
0.6444933151546688
0.6396391349069551
0.6396391349069551
0.6388861640126723
0.6303673064685198
0.6358095451736149
0.6379444620972438
0.6419325102400126
0.6423638384100673
0.6399250004696911
0.6399250004696911
0.648597162940631
0.6510187543587528
0.6453564108297902
0.6361377942142267
0.6278875417728728
0.6256103686220457
0.6263197785980311
0.624473201625802
0.61531842620026
0.6152055293484241
0.6179074659268341
0.6179074659268341
0.6079599278792217
0.6122066228085813
0.616875666196929
0.6176903634153468
0.6264105370012284
0.6264105370012284
0.62609733922663
0.62609733922663
0.6290696795662651
0.6061052649841809
0.6213428087203814
0.6145847246405636
0.5982652823396528
0.5982652823396528
0.5840314581427454
0.583923875817382
0.5830487227709792
0.5832757614885824
0.5836022924183248
0.5896451889847277
0.589743791969452
0.5896249567495182
0.5965567412514525
0.5884658182230765
0.5840755482920208
0.5858195329445667
0.5956273103138846
0.6013330469140918
0.6013624701037774
0.5899555233225365
0.5899555233225365
0.595456444418655
0.5900405700088233
0.5916551971740495
0.5966117142895695
0.6064071131820695
0.6064071131820695
0.6024497969939876
0.6093327741180453
0.6002403381433676
0.5874341126671752
0.5876016973233618
0.5805287068774396
0.5805287068774396
0.5804281473704039
0.5999180814521177
0.5999180814521177
0.6058015770245417
0.6058015770245417
0.6001211024442538
0.5998765145550657
0.6001335373861142
0.6001335373861142
0.6137969863832309
0.6099960035839984
0.6283436778579983
0.6287654375496012
0.6156014327172873
0.6188578860377857
0.6188578860377857
0.6169831948934082
0.6094826120435877
0.6019411599952409
0.6019411599952409
0.6019411599952409
0.6124396826012688
0.6186470466894032
0.6156738715953743
0.627673145464504
0.6190471686514321
0.6190471686514321
0.6190471686514321
0.6185982275665673
0.6328976771361358
0.6331812065843173
0.6331812065843173
0.6348132034381669
0.6348132034381669
0.6208770374980697
0.6190937066387732
0.6190937066387732
0.6190937066387732
0.6190937066387732
0.61443197515034
0.6123560353257648
0.6245702186764917
0.6254060124237623
0.6239338273352028
0.620342883814006
0.6264628225613107
0.6170233991065803
0.6197384440573205
0.6195848679936368
0.6178110465892028
0.6231282497854967
0.6281507393998995
0.617251145896704
0.617251145896704
0.617251145896704
0.617251145896704
0.617251145896704
0.617251145896704
0.6180519099804108
0.6224594372890961
0.6327180615490916
0.6445377055970217
0.6339325548071635
0.6339325548071635
0.6339325548071635
0.6342715066741791
0.6342715066741791
0.611460292520904
0.611460292520904
0.6089940853089141
0.6089940853089141
0.6030299431988262
0.609378570349349
0.6219647095811558
0.6380674700960535
0.6380674700960535
0.6380674700960535
0.6289926937336032
0.6283024393540806
0.6288963046222034
0.6116953872646883
0.6116953872646883
0.6116953872646883
0.6160789352979584
0.6269860626866022
0.6280014258140216
0.636388679194424
0.6336858907282346
0.6442642802609182
0.6473609908169781
0.6473609908169781
0.6473609908169781
0.6473609908169781
0.6473609908169781
0.6566774932503627
0.658483811217143
0.6551498871070592
0.6543503726691648
0.6507233090281956
0.6566617408440235
0.65948862315527
0.6625726650435951
0.66289050894481
0.6636714300771231
0.6559368419132848
0.6559368419132848
0.6682053249529049
0.6682053249529049
0.6770193826346355
0.6765388745160347
0.6754975572443512
0.6754975572443512
0.6809863563167686
0.6725869356902764
0.6725869356902764
0.6669832303563764
0.686188522132277
0.686188522132277
0.6862349160414482
0.6902395226947268
0.68876807486954
0.6867570255699551
0.6795637355441456
0.6795637355441456
0.6757120862031616
0.67688792870703
0.6600723396882854
0.6629826962890338
0.6616149194464243
0.6719013927545017
0.6719013927545017
0.6777080716804024
0.6777080716804024
0.6730383774212706
0.6629674056525103
0.6629674056525103
0.6631529324464978
0.6631500371147739
0.6676727431338882
0.667594919864311
0.667594919864311
0.667594919864311
0.667594919864311
0.6655200513216918
0.6742865000277922
0.6742865000277922
0.6751658841479252
0.6751460428667904
0.6705385177906736
0.6644041537896049
0.6644041537896049
0.6621347278508182
0.6621347278508182
0.6621347278508182
0.6623666618640485
0.6623666618640485
0.6623666618640485
0.6623666618640485
0.6552685444079913
0.6569807245164371
0.6569807245164371
0.6561085960006517
0.6671166494798626
0.6671166494798626
0.6594142641658375
0.659312616763136
0.6669071507974484
0.6669071507974484
0.6713552840427315
0.6713552840427315
0.6816927844107425
0.6819147514894522
0.6838160802213935
0.6883682171969642
0.6896366537454525
0.6896366537454525
0.6896366537454525
0.6939531046058849
0.6959906220701391
0.6959906220701391
0.6959906220701391
0.6949351504409743
0.6949351504409743
0.6925513225152637
0.6925513225152637
0.6925513225152637
0.686511570046705
0.6871127622152153
0.6831797053850228
0.6817939743944937
0.6815447980166535
0.6811425217017422
0.6811425217017422
0.6839877271639326
0.6749556845160773
0.6538462540855406
0.6538462540855406
0.6427960763175077
0.6361045273418864
0.6330783156490163
0.6291261308745532
0.6413420430082267
0.6444248522291951
0.6288598668411944
0.6288598668411944
0.6152423288710689
0.6163216401769587
0.6149762948582561
0.6149762948582561
0.6195868767212416
0.6189381623084564
0.6177456939642214
0.6177365632647768
0.6187122949560856
0.6187122949560856
0.616539724859355
0.616539724859355
0.6058726120956416
0.6028738490911232
0.6042049170793204
0.6056690970883833
0.6015309559511138
0.6004120335696637
0.6004120335696637
0.591265252974181
0.5948428620673538
0.5974560750947909
0.5974560750947909
0.5974560750947909
0.5974560750947909
0.5974560750947909
0.5872203308768132
0.5872203308768132
0.5872203308768132
0.5872203308768132
0.5874129408000225
0.5971772494388295
0.5969231797741026
0.5959652815373081
0.596579453084769
0.5705022500785029
0.5709893082147736
0.5485419286301646
0.5485419286301646
0.5290551424317506
0.5290551424317506
0.5286155067174382
0.5270813385497951
0.5270813385497951
0.5270813385497951
0.5265087919331071
0.5282773038480666
0.5355715123732312
0.5355715123732312
0.5351375024536451
0.5351375024536451
0.5351375024536451
0.5345653721611117
0.5275930690977896
0.5151970007495374
0.507123568102598
0.5123919873763702
0.5123919873763702
0.5159723241753561
0.5323061000335046
0.5336513996459572
0.5336513996459572
0.5336513996459572
0.5336513996459572
0.5297333644228814
0.5297333644228814
0.5291034173072738
0.5425986667703737
0.5386939428305753
0.5221671249303612
0.5221671249303612
0.5219375185787767
0.5195259265110888
0.5166689878655709
0.5220315550077882
0.5233795084461521
0.5231846808217167
0.5304778839416747
0.5304778839416747
0.5285324177442707
0.5286079087505394
0.5298259486414503
0.5459883364426752
0.5459883364426752
0.5459883364426752
0.5459883364426752
0.5456496104976789
0.5418681123143768
0.5408037973198481
0.5368201385531993
0.5369284409172076
0.5347129116589499
0.5449184611681659
0.5451330797907336
0.5564968159983775
0.5581595826569294
0.5632179343136874
0.5631611812148302
0.5631611812148302
0.5631611812148302
0.562475858621514
0.5722392814103286
0.5728643065902299
0.5723754154375119
0.5796786338868306
0.5796786338868306
0.5796786338868306
0.5748220720901904
0.5748457673934337
0.5782634523207418
0.591181717117972
0.591181717117972
0.591181717117972
0.5869470100039328
0.5849189911818679
0.5849189911818679
0.5849189911818679
0.5849189911818679
0.5854821730098972
0.5851350777011369
0.5850758102336029
0.6007438220374203
0.6007438220374203
0.599783889707159
0.5795763980033387
0.5801008697506607
0.5801008697506607
0.5803800671906755
0.5802945133240228
0.5826388986983644
0.5840647616431668
0.5796345342437526
0.5793870091260671
0.5793870091260671
0.5785597849852546
0.5780645976511506
0.5780645976511506
0.5794144855080942
0.5794361364924319
0.5706677364088536
0.5706677364088536
0.5706677364088536
0.5706677364088536
0.5626399958846656
0.5662563346247936
0.5693409885875353
0.5836670282647137
0.5709464192561182
0.5705697944291995
0.5804684263778327
0.5875051372726195
0.59003544616571
0.5950414694364279
0.5872931693288812
0.5883825727520992
0.5836133174606155
0.5836133174606155
0.5832862997092069
0.5761813307495495
0.5761813307495495
0.5833516112028668
0.5946979591921883
0.5946979591921883
0.5937367368417402
0.5935178196625901
0.5935178196625901
0.5899651701795451
0.5957001663325994
0.596188858445405
0.6022228979119064
0.6022228979119064
0.6026841167946231
0.6026841167946231
0.6032027875026671
0.5926652096886128
0.5921304668847811
0.5921304668847811
0.5921304668847811
0.5942419189525411
0.5985101159336811
0.5985101159336811
0.5939350932761569
0.5937405757101538
0.5887773246342478
0.5871035082755683
0.5725450828351828
0.5728556734970468
0.5631872943707228
0.5627119975360623
0.5627119975360623
0.5627119975360623
0.5627119975360623
0.5627119975360623
0.5631663658296356
0.5494732453594956
0.5494732453594956
0.5482428378488692
0.5486159711077445
0.5461348680379596
0.5461348680379596
0.5461348680379596
0.5468440301991788
0.5466366576287518
0.5525851094303353
0.5600988437677692
0.5524489231732543
0.5528099917188567
0.5528099917188567
0.5452149758735657
0.5487607512038989
0.5487607512038989
0.5475306737660993
0.548036322294587
0.548036322294587
0.5411053866467793
0.5289622738986078
0.5289622738986078
0.5344159116092436
0.5397748740301813
0.5301056935575577
0.5319806427132188
0.5326798560277413
0.523260144740362
0.5270427603083243
0.5264968049027337
0.531978857904022
0.5330849653012482
0.5328939401085842
0.5296196684367762
0.5281732526515122
0.5281732526515122
0.5267721002090667
0.5267721002090667
0.5267721002090667
0.5323737623934539
0.5263133993220969
0.5264532031838907
0.5264532031838907
0.5206821106991916
0.520753055676257
0.520753055676257
0.5208437910179649
0.5208437910179649
0.5158707157905401
0.5158707157905401
0.5158707157905401
0.5080719171255779
0.5080719171255779
0.5101460613668423
0.5101460613668423
0.515505202899385
0.5179434337060776
0.5498392001583988
0.5583636234184373
0.5345550909487463
0.5257071086789505
0.5293613271832207
0.5293613271832207
0.5330365605984678
0.5330365605984678
0.5329686537337875
0.5504466810221872
0.5504466810221872
0.5546229337652879
0.5621059030597033
0.5584483054878912
0.5586842932214858
0.5669214238000692
0.5407713736929247
0.5407713736929247
0.5407713736929247
0.5407713736929247
0.5275733704022264
0.5321814804172962
0.5414051479223833
0.5458991720991081
0.5389576293274321
0.5314904021917884
0.5318696070277394
0.5318696070277394
0.5318696070277394
0.5287970333443454
0.533217453807208
0.5320109607465249
0.5349179316770859
0.5306093638273174
0.520440620394969
0.509332580255155
0.509332580255155
0.5170968788645227
0.5128012300674141
0.5126990437199408
0.530371560818954
0.5291387824570013
0.529996849091769
0.5315843751736576
0.5341388461628138
0.5553252498060672
0.5590276997727389
0.5590276997727389
0.5590276997727389
0.5571545629972335
0.5571545629972335
0.5571545629972335
0.5732992597760956
0.5805784208548952
0.5748540227994697
0.5748540227994697
0.5594386328560612
0.5295599319061551
0.5345769299452142
0.5335316130685548
0.5487071133709015
0.5477159906171603
0.5477159906171603
0.5477159906171603
0.5440497863630656
0.5269153926624695
0.5341590488299
0.5324838951290594
0.5324838951290594
0.5324838951290594
0.5324838951290594
0.5294119473488471
0.5183042520233361
0.5183042520233361
0.5165862286722176
0.5165862286722176
0.5090217985593245
0.5090217985593245
0.5090217985593245
0.5090217985593245
0.5090217985593245
0.5061717903028256
0.5061717903028256
0.5061717903028256
0.5061717903028256
0.5088516453317696
0.5088570494957187
0.5065448256885153
0.5065448256885153
0.5065448256885153
0.5052284268446057
0.5052284268446057
0.5051210321822628
0.5051210321822628
0.5069283501591451
0.5112573916181181
0.5089988048431271
0.5089988048431271
0.5089988048431271
0.4983074812687
0.4937936090990153
0.4937936090990153
0.4855695871304967
0.4855695871304967
0.4855695871304967
0.4796011628854961
0.4738314250087613
0.4468022569713289
0.4342901796789956
0.44156075804771505
0.441280512613712
0.441280512613712
0.44096834679256475
0.4192552979916409
0.41136120538681503
0.4153619616232499
0.4204554330718567
0.4203569926017926
0.42031155297363876
0.4198906100882308
0.4155546682107288
0.4155546682107288
0.41870597745407373
0.4195086797010037
0.40366591713776195
0.4089727160582938
0.42194074118316777
0.42375660109767255
0.4225486635693461
0.42787308616870523
0.42787308616870523
0.42787308616870523
0.42792751551439073
0.4217480641516119
0.3978369155366655
0.3978369155366655
0.38601484806681535
0.386750028494114
0.38669250955940954
0.3814330289879116
0.385671757399075
0.39100391303333587
0.3867465567833789
0.3867465567833789
0.3867465567833789
0.38113955272505895
0.38113955272505895
0.3810758969751122
0.3709080766133777
0.3663432861475872
0.3663432861475872
0.3663432861475872
0.3672920777056029
0.3668005686839675
0.3585109232128454
0.34564545107563177
0.3477017898090463
0.3593832087314685
0.36231864865011676
0.36827821755106016
0.37297378410249704
0.37297378410249704
0.3859315963008873
0.3859315963008873
0.3859315963008873
0.3859315963008873
0.38652936284048095
0.388145821461062
0.38574358722175806
0.37081571747737635
0.358444680058337
0.36296604029833485
0.3626086320604919
0.3593612923457514
0.35956672022296604
0.35306547181022113
0.34240947400841615
0.34240947400841615
0.3243445979540533
0.3243614618687546
0.3304083682556148
0.3649711162241104
0.35977167308726177
0.36453083649068874
0.3679873526408855
0.3679873526408855
0.3679873526408855
0.3676836444150294
0.36693988314771075
0.3642996712822808
0.3861320621564284
0.3771490886690698
0.3607257239356182
0.3757511726414896
0.3792515952873487
0.38414466377624595
0.38414466377624595
0.38414466377624595
0.38886201601233295
0.38886201601233295
0.37544599722284433
0.37540084835289717
0.37540084835289717
0.3752694711469824
0.37482963238466727
0.36725550245349026
0.36993546215142364
0.36412445703746554
0.36865509064732616
0.3380881980367458
0.3450605716429759
0.3450341393356859
0.3450341393356859
0.3454032922622454
0.3454032922622454
0.3589245037470676
0.35945300405461705
0.35945300405461705
0.3521358842498007
0.3420490478392175
0.3420490478392175
0.3420490478392175
0.3427726372555575
0.3427726372555575
0.34136311532041225
0.34136311532041225
0.34136311532041225
0.34377030293655225
0.34600716745690613
0.34600716745690613
0.34789420403927157
0.34789420403927157
0.3476797943919866
0.3469389020319301
0.3469389020319301
0.3467771829487521
0.3494101719425739
0.3519262478616488
0.3554800854278835
0.35378707794705233
0.35378707794705233
0.3537618644709872
0.3537618644709872
0.3536868299337472
0.35916085620132493
0.358977738724811
0.358977738724811
0.358977738724811
0.3556402323643017
0.3558175633472007
0.3736789454109132
0.3736789454109132
0.3746613626018586
0.3770523993364397
0.3770523993364397
0.37389700308633345
0.35770483807314474
0.35575255730029637
0.35575255730029637
0.35575255730029637
0.35575255730029637
0.3509587532758294
0.3630914169206091
0.3632866588774339
0.38040874693861154
0.38015823001380633
0.38015823001380633
0.38015823001380633
0.38004916884418366
0.3808134630526551
0.3817505204928376
0.3817505204928376
0.3877088844237189
0.3725549684723981
0.36820795973939063
0.36820795973939063
0.3821677419150556
0.3821440099132702
0.3821440099132702
0.3877471066260586
0.3877471066260586
0.39162030267149933
0.39162030267149933
0.39443309110460884
0.39039022326736633
0.39116343103377854
0.39736794867192665
0.38910900554011685
0.38998992945226824
0.38998992945226824
0.39487907584390747
0.39465331726478636
0.39465331726478636
0.39487837579043594
0.39454390383239596
0.39454390383239596
0.39454390383239596
0.3826666768589395
0.38739705617415837
0.40311906317884244
0.40311906317884244
0.40311906317884244
0.42436843745476466
0.42073392001810406
0.41896170926964393
0.41896170926964393
0.4180645928646231
0.41262995824678617
0.41261156514003466
0.413307513148086
0.39602599903878855
0.39634436210735763
0.39620086665289356
0.3934838505972837
0.3900186006307529
0.38831091737489
0.38831091737489
0.3976803170264739
0.3976803170264739
0.4020890064781934
0.40234084551296945
0.40234084551296945
0.40234084551296945
0.40234084551296945
0.40234084551296945
0.40234084551296945
0.40234084551296945
0.39970333380735035
0.39970333380735035
0.39970333380735035
0.39970333380735035
0.39970333380735035
0.39970333380735035
0.39970333380735035
0.40128428211238204
0.3981712767201013
0.3981712767201013
0.4100522612997269
0.4103636397342297
0.4109106535244595
0.4109106535244595
0.4055559016895264
0.3937315315222953
0.3943202593397943
0.3943202593397943
0.39405580704428655
0.38884439344252664
0.38895466525741607
0.381156477532478
0.3802609985751602
0.3803445713117542
0.3790005563568437
0.3790005563568437
0.3790005563568437
0.3790005563568437
0.37958038179244913
0.37958038179244913
0.37958038179244913
0.37958038179244913
0.3865039141084503
0.38642620334869776
0.3793901942379718
0.3653909445737087
0.3662752377473311
0.3662752377473311
0.3683687142792868
0.3683687142792868
0.3557479723896391
0.3557479723896391
0.3421160678827199
0.3421160678827199
0.3373339002373299
0.3379657773191886
0.33667465978317573
0.3417751378242154
0.3195732778611028
0.3195732778611028
0.3195732778611028
0.31923396514030267
0.325161110958636
0.3141427118249901
0.3141427118249901
0.3141427118249901
0.3142070127642526
0.3142070127642526
0.3142070127642526
0.3142070127642526
0.3165877763856383
0.3262902428376617
0.3262902428376617
0.3262902428376617
0.3151794744123783
0.331260494940193
0.32650242062691437
0.32650242062691437
0.32650242062691437
0.3445468490854268
0.3471584618297672
0.3471584618297672
0.3471584618297672
0.3471584618297672
0.3471567448678099
0.3551439075626974
0.3480500910854847
0.3481790730485906
0.3481790730485906
0.3481790730485906
0.3481790730485906
0.3481790730485906
0.34828597182252374
0.34225311501969596
0.3380551239557458
0.3379774512849614
0.3491715240938803
0.3392174263193491
0.3469365425621814
0.3469365425621814
0.3447826486050727
0.3273575690705732
0.31782051293089153
0.32111103854712214
0.34970359600728473
0.3208600505070472
0.3191954902700451
0.31944381092739366
0.31944381092739366
0.31944381092739366
0.3200477605782132
0.3200477605782132
0.3200477605782132
0.3186397633298642
0.320078595347433
0.32231022311653235
0.32231022311653235
0.3223843521671563
0.3262336277136991
0.3262336277136991
0.3107841368237133
0.31216310204574077
0.2993455860044112
0.2979165292424997
0.2966013699498233
0.2966013699498233
0.2966013699498233
0.29644716146019273
0.2966223816854355
0.30180976906970275
0.3039262077340889
0.2994800881115814
0.2984837290119704
0.3070763014752934
0.3070763014752934
0.3035302581175059
0.3035302581175059
0.30397623060665
0.30397623060665
0.30397623060665
0.30043282577935393
0.30190430609993757
0.30203507464504936
0.30328314444840393
0.308970387526454
0.308970387526454
0.308970387526454
0.308970387526454
0.3229446097435555
0.32302437487700686
0.32302437487700686
0.32278362861542087
0.32278362861542087
0.3200872329353524
0.3200872329353524
0.32100458173028196
0.32100458173028196
0.32100458173028196
0.32264401907290446
0.31455736252635164
0.31455736252635164
0.31455736252635164
0.3149771893050333
0.3119367476963434
0.3119367476963434
0.31402491972449564
0.31402491972449564
0.31334066517690456
0.31334066517690456
0.31334066517690456
0.31334066517690456
0.30748774612992663
0.30748774612992663
0.3257510026302453
0.3333329253603564
0.3333329253603564
0.3333044989367857
0.3333044989367857
0.3271363012119984
0.32474609299694873
0.32237817541173985
0.32237817541173985
0.3236717990590009
0.3236717990590009
0.3236717990590009
0.3236717990590009
0.3141427118249901
0.32550880914635505
0.32550880914635505
0.32550880914635505
0.32550880914635505
0.32550880914635505
0.32493076584420627
0.32493076584420627
0.32493076584420627
0.3240525411856654
0.3240525411856654
0.3240525411856654
0.3294148052185784
0.3294148052185784
0.3294148052185784
0.3294148052185784
0.3294148052185784
0.3294148052185784
0.3294148052185784
0.3294148052185784
0.33132386068990677
0.3204377467953774
0.31985577070147736
0.31985577070147736
0.33839891333311845
0.33839891333311845
0.33839891333311845
0.33839891333311845
0.33839891333311845
0.338381863530904
0.338381863530904
0.338381863530904
0.338381863530904
0.33416083067509533
0.33416083067509533
0.33352214620589443
0.33352214620589443
0.3332846058597437
0.3332846058597437
0.3332846058597437
0.3332846058597437
0.3290541396722336
0.3290541396722336
0.32692741552861637
0.32692741552861637
0.32692741552861637
0.32692741552861637
0.32692741552861637
0.32692741552861637
0.32692741552861637
0.31181101688856
0.31181101688856
0.31181101688856
0.31181101688856
0.2958290715100483
0.2958290715100483
0.2958290715100483
0.28907067275502357
0.28907067275502357
0.2777831596221689
0.2777831596221689
0.2777831596221689
0.2777831596221689
0.2777831596221689
0.2777831596221689
0.27204946987374523
0.27204946987374523
0.27204946987374523
0.2747604956225224
0.2507168055493282
0.2459175259001945
0.2459175259001945
0.24741051887031182
0.24741051887031182
0.24741051887031182
0.24741051887031182
0.24731244638317665
0.24731244638317665
0.24208062536165842
0.24208062536165842
0.24112444807130015
0.24112444807130015
0.24112444807130015
0.24112444807130015
0.24112444807130015
0.2380617034062343
0.23762781529632784
0.23762781529632784
0.23762781529632784
0.23762781529632784
0.23717798158931822
0.23717798158931822
0.23717798158931822
0.23717798158931822
0.23717798158931822
0.23717798158931822
0.23717798158931822
0.23717798158931822
0.23717798158931822
0.23814798289682462
0.23814798289682462
0.23814798289682462
0.23814798289682462
0.23814798289682462
0.23814798289682462
0.23814798289682462
0.23814798289682462
0.23814798289682462
0.23814798289682462
0.23814798289682462
0.23587547512478085
0.23587547512478085
0.23587547512478085
0.23587547512478085
0.23587547512478085
0.23587547512478085
0.23587547512478085
0.23587547512478085
0.23587547512478085
0.23587547512478085
0.22001976119035907
0.22001976119035907
0.22001976119035907
0.22001976119035907
0.22001976119035907
0.21290427965510955
0.21105666802129383
0.2097772284353151
0.2097772284353151
0.2097772284353151
0.20650683554947408
0.20650683554947408
0.20650683554947408
0.20650683554947408
0.20475680642041474
0.20475680642041474
0.20475680642041474
0.20475680642041474
0.20475680642041474
0.20475680642041474
0.20475680642041474
0.20475680642041474
0.20618468946934423
0.20618468946934423
0.20618468946934423
0.20618468946934423
0.20618468946934423
0.20545835847020763
0.1860024579971721
0.1860024579971721
0.1860024579971721
0.18570041050818567
0.18377951325671255
0.18377951325671255
0.18377951325671255
0.18377951325671255
0.18377951325671255
0.18382839736371756
0.18382839736371756
0.18382839736371756
0.18382839736371756
0.18382839736371756
0.18382839736371756
0.18382839736371756
0.18382839736371756
0.18382839736371756
0.18382839736371756
0.18382839736371756
0.18382839736371756
0.18382839736371756
0.18382839736371756
0.18382839736371756
0.18382839736371756
0.18382839736371756
0.18382839736371756
0.18382839736371756
0.18382839736371756
0.1835850151748753
0.1835850151748753
0.1835850151748753
0.18557152912449676
0.18557152912449676
0.18557152912449676
0.18557152912449676
0.18557152912449676
0.18557152912449676
0.18557152912449676
0.18557152912449676
0.18557152912449676
0.18557152912449676
0.18557152912449676
0.18557152912449676
0.18557152912449676
0.18557152912449676
0.18557152912449676
0.18557152912449676
0.18557152912449676
0.18557152912449676
0.18557152912449676
0.18557152912449676
0.18557152912449676
0.18557152912449676
0.18557152912449676
0.18557152912449676
0.18557152912449676
0.18557152912449676
0.18557152912449676
0.1856457096719764
0.1856457096719764
0.1856457096719764
0.1856457096719764
0.1856457096719764
0.1856457096719764
0.19510909871367288
0.19510909871367288
0.19510909871367288
0.19441789448783325
0.19441789448783325
0.19441789448783325
0.19441789448783325
0.19406840261680958
0.19406840261680958
0.19406840261680958
0.19406840261680958
0.19406840261680958
0.19406840261680958
0.19406840261680958
0.19406840261680958
0.19406840261680958
0.19406840261680958
0.19406840261680958
0.19406840261680958
0.19406840261680958
0.19406840261680958
0.19406840261680958
0.19406840261680958
0.19406840261680958
0.19408672416581305
0.19408672416581305
0.19411018654485585
0.19411018654485585
0.19411018654485585
0.19411018654485585
0.19411018654485585
0.19411018654485585
0.19411018654485585
0.19411018654485585
0.19411018654485585
0.19411018654485585
0.19411018654485585
0.19411018654485585
0.1936270110796013
0.1936270110796013
0.1936270110796013
0.1936270110796013
0.1936270110796013
0.1936270110796013
0.1936270110796013
0.1936270110796013
0.1936270110796013
0.1936270110796013
0.1936270110796013
0.1936270110796013
0.1936270110796013
0.18969558033863207
0.18969558033863207
0.18969558033863207
0.18969558033863207
0.18969558033863207
0.18969558033863207
0.18969558033863207
0.18969558033863207
0.18969558033863207
0.18940619451417343
0.18940619451417343
0.18940619451417343
0.18940619451417343
0.18940619451417343
0.18940619451417343
0.18940619451417343
0.18940619451417343
0.18940619451417343
0.18934722312110633
0.18934722312110633
0.18934722312110633
0.18934722312110633
0.18934722312110633
0.18934722312110633
0.18934722312110633
0.18223931475320318
0.18223931475320318
0.18223931475320318
0.18223931475320318
0.18223931475320318
0.18223931475320318
0.18223931475320318
0.18223931475320318
0.18223931475320318
0.18223931475320318
0.18223931475320318
0.18223931475320318
0.18223931475320318
0.18223931475320318
0.18223931475320318
0.18223931475320318
0.18223931475320318
0.18223931475320318
0.18223931475320318
0.18223931475320318
0.18223931475320318
0.18223931475320318
0.18223931475320318
0.18223931475320318
0.18223931475320318
0.18223931475320318
0.18223931475320318
0.1883899755443032
0.1883899755443032
0.1883899755443032
0.1883899755443032
