0.0466667 0.06274634131198487
-0.0866667 -0.2685439497808378
-0.3733333 -0.5796765450111143
-0.1533333 -0.024597671846198765
0.0366667 0.07197355992198345
0.0066667 0.08068042847964538
0.7633334 0.7151133174715631
0.61 0.5411185808563335
0.3833334 0.3868294099795821
-0.28 -0.08129756148323547
0.56 0.546913167949415
0.1633333 0.03465416349871206
0.1266667 0.1332873319760947
-0.71 -0.7502995101439462
0.9666667 0.9042591670858127
-0.86 -0.845831390680266
-0.59 -0.6953535443465296
-0.2366667 -0.22234845783776952
-0.4033333 -0.5851459651763229
-0.7566667 -0.7928886674459797
0.7133334 0.5750189304620368
0.4233333 0.24534261225650417
-0.2933334 -0.20332753245135554
0.72 0.665809147380536
-0.9666667 -0.9906968893569751
-0.9966667 -0.9050293861578907
0.9833333 0.9692061259001707
-0.6666667 -0.4194171339639356
-0.17 -0.02872006698138785
0.9 0.9913873701110683
0.03 0.13663878466626195
0.27 0.21812853038090058
