1.4778988577514232
1.2719573847005965
1.2613708075155585
1.260992281525386
1.259275390426724
1.263392271857569
1.2663519672344465
1.265095530235988
1.2586716263437285
1.259179717350815
1.2581737467969787
1.261377505989324
1.26202088299273
1.260461658273961
1.2599314497823346
1.2638538336299772
1.2620105275506437
1.2686835557033445
1.262981318304617
1.265230341150669
1.265230341150669
1.2484998623432262
1.2301108181083684
1.2393436259466426
1.2404626286431515
1.2414655348669272
1.2277261461998994
1.2277141976832417
1.2356401373894803
1.2356401373894803
1.2435906975330875
1.2435906975330875
1.2436238232521881
1.2464605606746382
1.2533192533739412
1.261674650212571
1.261674650212571
1.263500404634719
1.2532583861417914
1.253869276884964
1.2594623264746652
1.2405956037125856
1.2413503859722166
1.2429795208962955
1.2136175502861375
1.2110982001542203
1.2166698575335377
1.2148549704691451
1.2131232490908053
1.2147927627030328
1.218715126208124
1.2049240761556175
1.1995070634425287
1.1946041827632614
1.1970373978785898
1.1919945410159776
1.1940609107081164
1.1904137067389269
1.1896582031980887
1.1956705178429206
1.1948111364682088
1.1948111364682088
1.1895705115877662
1.182732526640795
1.1809168484829087
1.1607844029678471
1.1649281679005867
1.160278822852547
1.160278822852547
1.1595333204373168
1.1638014744625227
1.1483018025388925
1.146148121561795
1.1426333355122105
1.14259903910446
1.14259903910446
1.14259903910446
1.143010246473812
1.1494676714110579
1.1465495263137533
1.1465495263137533
1.1620822458006315
1.1871041645360125
1.1850887261394385
1.1812405272176176
1.1759583530358761
1.1750295439587686
1.1701035955414956
1.1636676162132564
1.1652722647054141
1.168761541839013
1.176277864383377
1.1793953927650704
1.1623448135081342
1.1596008784833334
1.1659450599952523
1.1459291761132422
1.1258361881410301
1.1254388900564947
1.124749632953817
1.1329455423946904
1.138449699326397
1.1374111324074196
1.1395045832279371
1.1381134154438481
1.1372035794285877
1.1428655929214306
1.1419154573404258
1.1276617059536658
1.1261063756118934
1.1261063756118934
1.1302616607832836
1.1195691347061991
1.1125355863411501
1.112339321067566
1.1077407217115265
1.1100185722558775
1.1127246475942423
1.1122043615247397
1.1235436788092894
1.1154318057567352
1.1161025281528143
1.1218725034702492
1.1244461021221865
1.1299785143876564
1.1301354811197113
1.1266750221760324
1.1266019282587971
1.1290394067791205
1.1319396421820358
1.13540821683032
1.1137244895843093
1.1094499590468812
1.1080642611407328
1.0981911257659265
1.0985927751775901
1.098732885108487
1.098732885108487
1.1101211532218136
1.1160315109683285
1.1147058302439268
1.1295120835958705
1.1075863465231657
1.09548790579869
1.0928171590520068
1.0908561674501045
1.090284995634782
1.0917024543372795
1.1083330450393276
1.1191504124489635
1.0882103056243626
1.0881916131565603
1.0896947556613517
1.0896947556613517
1.0981440401580105
1.1047041437383083
1.111799663027544
1.1234076853995214
1.124542080749619
1.1509910663726721
1.142009355957148
1.1325733533693934
1.1427805128966806
1.1428656981532737
1.1337837015584995
1.1345795374267624
1.1194175004803952
1.1105765491930397
1.1060003113408363
1.0941896251525778
1.1011247266246975
1.1011247266246975
1.100530764902218
1.1065861233313885
1.1100390343033697
1.1298429541076462
1.1154671645886203
1.1287540029434295
1.136573732696766
1.1319059126142526
1.1353923714670386
1.13532415785961
1.1337577563007808
1.1320367323966138
1.1370079764722947
1.121713999991553
1.138468400197
1.1339402445960982
1.1310944941073455
1.1176735094821404
1.1202154420877728
1.1216224558616352
1.1423148682473765
1.1407850903295702
1.142308891548296
1.142308891548296
1.1395941978549895
1.133637809252069
1.1406437686900042
1.1401827533254485
1.1494040672285624
1.1446458009654867
1.149379571153416
1.1503352694680697
1.1541685619675575
1.1544334189465122
1.144621392744809
1.1364885640039495
1.1406032267385906
1.148488934342028
1.1540277015335376
1.1520094496612132
1.1404064575008148
1.1359228678261728
1.1417887787104752
1.1387060377351548
1.1291305282078525
1.1359748028635188
1.135926503993801
1.1416563380864648
1.1402948190240625
1.1535328167753471
1.1521181432853935
1.1443831927430288
1.1451813925636574
1.1317886767548029
1.1317886767548029
1.1395455818981786
1.1402436780350593
1.1415046235416835
1.1415052091204057
1.1302543132322846
1.1174986420178177
1.1127794492998948
1.1125224495236592
1.1078741157312537
1.1038884588965265
1.1069325878407306
1.1073918957549032
1.0914790040726554
1.0790986867761836
1.0845493986495105
1.0931810745268582
1.097324974453812
1.0912627652452735
1.0837425661498252
1.0866167829480131
1.1057564754715177
1.1144603285612058
1.1144603285612058
1.1321621412621004
1.1322930551604116
1.129396605314167
1.125525282901224
1.120407805134323
1.128361676114463
1.128361676114463
1.1448878033361667
1.14514925850542
1.152911316105646
1.152911316105646
1.143886835609014
1.1384290614233217
1.1414020644981093
1.1127814803782958
1.1061681857652084
1.1020061791769682
1.1065230059954094
1.103267203479202
1.1094011248828544
1.124364861277793
1.124364861277793
1.112210331826733
1.1150954181838963
1.1138394965437877
1.1145324905529794
1.1103802043214206
1.1108479081019231
1.1108074153755556
1.112448879729225
1.112448879729225
1.1155820970813948
1.1160261289024067
1.0946902172885384
1.0946902172885384
1.0946902172885384
1.0899432683694423
1.0888645202429597
1.0889014664774785
1.0889014664774785
1.0880671639030366
1.0889430556532729
1.099067003059887
1.103257565284885
1.1084534498792804
1.119862618952661
1.1110976582771934
1.1038368370374694
1.0904576416351797
1.0869791256218173
1.0879966630519509
1.0860967211930515
1.0860967211930515
1.0958689913034132
1.0838028361494805
1.0810650254199317
1.0920203543938345
1.087987397492735
1.087191015423056
1.0869887431987242
1.074506640129875
1.0632200118775859
1.0615359713286967
1.0615359713286967
1.0615359713286967
1.052563585418325
1.0646070852021174
1.05729108500903
1.062226381839196
1.062226381839196
1.0748483873240025
1.0757190559894294
1.065209349656606
1.0661945974928986
1.0661945974928986
1.0661945974928986
1.0661945974928986
1.0601349106246418
1.0671864794683532
1.0613243268927874
1.0531857651118033
1.0546620924209762
1.0561094730754244
1.0547651371953637
1.05996214957416
1.061485646221498
1.0456360884322025
1.0373215208823796
1.015631872625193
1.0128530726511566
1.0381975672033086
1.039230159128022
1.0367966833419924
1.0367966833419924
1.0367966833419924
1.0393703778912877
1.0393703778912877
1.0399884469135252
1.0450751748971046
1.0442766063031261
1.0380011483945741
1.0302135568173028
1.0296841498279046
1.0296841498279046
1.0377595384170306
1.033051585004246
1.0238998995869264
1.0238998995869264
1.0200244189219068
1.0263960779492862
1.0252366398907744
1.0187830777020366
1.0304313871621986
1.0312214085119713
1.0264301251313848
1.0264301251313848
1.0393904158892657
1.0413190898599047
1.0416487125037444
1.0472012660275167
1.0385769433592666
1.0281021972758437
1.033947703991705
1.0334012472561025
1.0334012472561025
1.0334012472561025
1.0345972656465785
1.028309186499961
1.0291702835110224
1.0322837155890647
1.040957598447247
1.0407500943597934
1.0300060669504203
1.023434910520632
1.0226591980501962
1.0229732835746508
1.0229732835746508
1.0017647105778649
0.9991815704915052
0.9906334061171708
0.9902889553796582
0.9828925064699834
0.983504465328245
0.983504465328245
0.983504465328245
0.9899473557937631
0.9900794265190503
0.9900794265190503
0.9825745797014607
0.9821120582386971
0.9777207371232912
0.9734624691646111
0.9732327530984748
0.9483246666468239
0.9370193945028078
0.9376953754022059
0.9367497277437087
0.9298829656026177
0.9316802553613323
0.9434564812889903
0.9472754830631875
0.9435374923970615
0.9285285171696481
0.9275145581654393
0.9342904104406377
0.9312442574371551
0.9147813617809283
0.9146428040289054
0.9114481431425024
0.9100371119704067
0.9100371119704067
0.911383000283065
0.9113619431983749
0.9066663827953936
0.907584712769973
0.9072601952183464
0.8946988549310182
0.8971528670237633
0.881572596802229
0.8747577759160939
0.8645881301506333
0.8711655415819956
0.8725726091665754
0.8700860624041761
0.8642923491639593
0.8656857137696259
0.8656857137696259
0.8636416813031622
0.8547762350163272
0.8545701302730414
0.8655925744023909
0.8554427145323654
0.8580246622206215
0.8378143837327002
0.8537266481171546
0.8600376296866336
0.8630504110230323
0.8630504110230323
0.8642789118573768
0.8798952582738799
0.884739253278744
0.884739253278744
0.9012229209036782
0.8930273249041527
0.8811054686118999
0.8812574523220673
0.8935211948576772
0.8877284910431981
0.9028220010430191
0.8979995861527128
0.8917683782751269
0.8983601454769794
0.8983601454769794
0.9022887640804369
0.9002432582053268
0.9109561586270164
0.9095328990933026
0.918375954697296
0.9170717858857949
0.931923058049773
0.931923058049773
0.9315925535610581
0.9338055539497022
0.9321601063471047
0.9405790570487889
0.9239148503049193
0.9198510313129284
0.9215234649664492
0.9167650345900106
0.9150882902134949
0.9105569434938471
0.9174057011925508
0.9233364769123272
0.9201402695724293
0.921065703165849
0.9104918923654869
0.9089024165051338
0.9212587128450379
0.9239689547386082
0.9282026000016033
0.9301868152024911
0.9312235226705937
0.9372581451311549
0.9072838587974945
0.9063972119473126
0.899788293071281
0.9136375128852621
0.9139457791558974
0.9102080599881681
0.9129140582977265
0.9183127491744386
0.92131622755901
0.9029854347357547
0.9029854347357547
0.9052144597463637
0.8885697789333173
0.8923618074828139
0.8926631635335763
0.8839336540226193
0.8873503141656975
0.8757478452638597
0.884296261643676
0.8888873877113601
0.8872673186927932
0.8893409872819762
0.8886459852235484
0.8779814838920845
0.86136954414946
0.8625922800352849
0.8598950669630634
0.8572135176280128
0.8701506715140102
0.8688964022756197
0.867644621708815
0.876056134273914
0.8946797001833596
0.9009404012760789
0.9018864467864137
0.9000871966532962
0.9000871966532962
0.9000871966532962
0.8998364723612197
0.8998364723612197
0.8887854072238234
0.88861956320124
0.88861956320124
0.8997756919359332
0.9015539707649753
0.9030436344543585
0.895699914105898
0.8947101848845993
0.8904733407580374
0.8904733407580374
0.8875623645486441
0.8863229811361657
0.886512795323009
0.8890140510742705
0.8890140510742705
0.8860789154149651
0.8859023154635668
0.8762412374463034
0.8832634668776663
0.8790157734807867
0.8799753028656434
0.8845559531409939
0.8815688135191396
0.8841673403665581
0.8905747336126154
0.8896992371603403
0.8975670556193752
0.8950145084772801
0.89499709458768
0.8964731321820214
0.9061504661926774
0.9088131264665176
0.9123579838972972
0.9018181062083973
0.9011198246204571
0.9164597885615035
0.9082948014881937
0.9072149470445087
0.9132646681365024
0.9217317276665035
0.9220433382657339
0.9220433382657339
0.9208718540820419
0.9133787305876178
0.9113742007109255
0.9237753320808006
0.9279514340848434
0.9260979466804453
0.9296222847358202
0.9254504756742539
0.9276867796752309
0.9417924925973559
0.9433443566508133
0.9435680056002004
0.9385587718992509
0.9358785476935221
0.9423959740318086
0.9423999391824449
0.9603790914238347
0.9591769863714718
0.9545244056291012
0.9517810045907514
0.9491692337699091
0.9568367243339088
0.9585780730562751
0.9685717417120825
0.9674287027668518
0.9760925295551977
0.9831357216896728
0.9831357216896728
0.9902176054891418
0.981230419556152
0.9750550654635122
0.9662564177279809
0.9692424277231186
0.9691862379183195
0.9689021377788057
0.9602791398221664
0.9634230371009164
0.9842547592949562
0.9941733833111884
0.993862048611484
0.9818076317186231
1.0002919943775808
1.0001178738963283
0.9964327063968674
0.9837341880176274
0.9837341880176274
0.9832737152585628
0.9834403328182215
0.9688877761957083
0.9715573755185168
0.9760638600513644
0.9760638600513644
0.9774426799777282
0.9685064204194401
0.9651212789196385
0.9717411577380944
0.9717411577380944
0.9682399836780716
0.9682399836780716
0.966821404361907
0.9580964453371987
0.9579202241039156
0.957703393593345
0.9637167860928542
0.9637167860928542
0.9637167860928542
0.9564229229870148
0.9512627921804194
0.9628663149152756
0.9602051460552125
0.9591103057248764
0.9482914479481702
0.949679858470038
0.9499579851511228
0.9453613212913937
0.9453613212913937
0.9420713754597984
0.9197869753379635
0.9236111519957207
0.9239207817994709
0.926001139439328
0.9369574531819739
0.9322221895493757
0.9265725588291929
0.931797918794227
0.9292856493293672
0.929648125111956
0.9280137408875445
0.9267250647542742
0.9267250647542742
0.9349483313243292
0.9472124834101012
0.9479020746209947
0.9484176671774068
0.9574317125826634
0.9622825650645949
0.9577740144123017
0.9547997005001315
0.9571316602030002
0.9579568271821614
0.9453948593564857
0.9388490571470025
0.9270085940960854
0.9275205718848014
0.9554796285227197
0.9541305912492037
0.9356214134815743
0.9356325523646944
0.9436818544221435
0.9436818544221435
0.9441664907071614
0.9506363496168475
0.960797665394499
0.9599213986343014
0.9584572737557558
0.9582122205333492
0.958527699183459
0.958527699183459
0.958527699183459
0.9584934890457527
0.951956314807791
0.9531158902731445
0.9743564124051377
0.9743564124051377
0.9846140171948945
0.9815258839083499
0.9799698071287216
0.9718033910078738
0.974953999741063
0.9771505273353184
0.9709841489050206
0.9693604904490623
0.9658734617455447
0.9669318336723859
0.9768435683684614
0.9697870423258546
0.9656557683208378
0.9677548730285033
0.9652248819917577
0.9576107398643374
0.9577195852034053
0.975672535214965
0.9797311038873671
0.9797311038873671
0.9896014636935497
0.9918650762565693
0.980247554552365
0.9672725130367656
0.9674146839633333
0.9634279980492606
0.9657620125568174
0.960043572699415
0.950830490727059
0.9498624576154041
0.9459675420832885
0.9607365935443651
0.9620563158066244
0.9683409816605875
0.9713325341194763
0.9836314415949693
0.9820320815971109
0.9771612973412864
0.9724881056950642
0.9638805169990505
0.9610514588898464
0.9391436966721326
0.9391436966721326
0.9485118442198994
0.9595497433344453
0.9536981969659712
0.9527421522888426
0.950113612551983
0.952204525001341
0.9499960414818563
0.9499960414818563
0.9499960414818563
0.9479888354961432
0.9484310084038956
0.9477714724736921
0.9316041829873339
0.9368870688620011
0.9368413888145493
0.9384623851902384
0.9384623851902384
0.9322455055624291
0.9477352446645152
0.9441300476070895
0.9444936619458132
0.9392929788292714
0.9310928110565487
0.9310928110565487
0.9362588741885546
0.9385263076228876
0.9353059991690831
0.935390855690162
0.935390855690162
0.9333453735526815
0.9341500952062369
0.9334932686818981
0.9334932686818981
0.9328974113901796
0.9328974113901796
0.9381711671067944
0.9407778780126321
0.9675756172309161
0.9674231221685071
0.9717436326061301
0.9656417008101297
0.9703939883205336
0.9554560457508137
0.9558559960269372
0.9539859241660117
0.9510026694003161
0.9508781371251482
0.9460016016153705
0.9432414224865696
0.9360631652218889
0.9360631652218889
0.943803034257327
0.9430944784464049
0.9430944784464049
0.9521050770575981
0.9508856237975432
0.9403220753456976
0.9329114309070696
0.9332031273973872
0.9367536741424232
0.9360500631843176
0.9357012993136931
0.9371729895870204
0.9351488198727811
0.9351488198727811
0.9351488198727811
0.9409529442358666
0.9409529442358666
0.9408266330285476
0.9220231385795379
0.9099084154484226
0.9203817196351927
0.9222625017749927
0.9232906827132369
0.9379482439395254
0.9377877465204736
0.9416754674375971
0.939648499868679
0.9396042519362282
0.937799128318732
0.9297249776169617
0.9297249776169617
0.9348619976123805
0.9306884548847005
0.9306884548847005
0.9306884548847005
0.9280014234911306
0.9382358726941752
0.9488962904903273
0.9575448954522163
0.957642123349971
0.9760835224262986
0.9697303938717293
0.9697303938717293
0.97320525899309
0.9751310577409873
0.9754227095055339
0.9705453372902487
0.9705453372902487
0.9640868063434408
0.9669673448232818
0.9680127986234696
0.9719263517474502
0.9744164404005194
0.9592797476222362
0.9592797476222362
0.9792983551208566
0.9830464799827947
0.9843235256752965
0.9933221654380036
0.9865628182580576
0.987401995153747
0.9650129461537396
0.9551819296826025
0.9553293815044606
0.9617924205484073
0.9631392389671803
0.9670785759828495
0.9680807251460467
0.9583824469790382
0.9561281183445105
0.9721236725944189
0.9688313813774992
0.9688313813774992
0.9685987523219538
0.9685827274042951
0.9594317880658573
0.9594317880658573
0.9536314673953973
0.932679837389876
0.9183539202918117
0.9125498917790218
0.9142488555670296
0.9004154198135985
0.9054180209950957
0.9039897647622497
0.8861604698331625
0.8901846282496771
0.9055760833759328
0.9055760833759328
0.8989679866874848
0.8929705622914367
0.9012928235446792
0.9010719679722544
0.8948619841225666
0.8801494902113992
0.8651142671174012
0.8651142671174012
0.8644283441631895
0.850306623226386
0.8551404629353435
0.8487019961499446
0.8494182913614341
0.8542717610546225
0.8553761507391047
0.8511264428970948
0.851806601894966
0.8570666697135145
0.8555829805728841
0.8555829805728841
0.8578897719713442
0.861120619263891
0.8766104775008553
0.878268165735843
0.8782725635320907
0.888757966058109
0.8892886718459148
0.9012168422261392
0.9006007807416555
0.8995004108136277
0.8980700180740598
0.9053816898222572
0.9053068359167956
0.9053068359167956
0.9080950568012779
0.909962134912373
0.9095180870554025
0.9113859253451365
0.9113859253451365
0.9123650648354257
0.9074000185181433
0.8967275575666595
0.8981848204178173
0.9068148185557
0.922172193543541
0.9236287738432175
0.9282736175867692
0.9272946239078655
0.9294469238204472
0.9323877039823414
0.9322311522792305
0.9232254343660002
0.9232254343660002
0.937850675885777
0.9381857742769117
0.9392343671946464
0.9392343671946464
0.9298500687343193
0.9284403376621095
0.9550627155824221
0.9557853676392046
0.9480921169536932
0.9503121175631557
0.9503121175631557
0.9512587346969053
0.9502278236125385
0.9502278236125385
0.9330622449787238
0.9281817351290794
0.9208336091293635
0.9200772587507156
0.9158795857353789
0.9216618707317842
0.9197491238647707
0.9268154942930925
0.9269362484864443
0.9269362484864443
0.9080014666660382
0.9080014666660382
0.9080014666660382
0.9082852116222794
0.9082852116222794
0.8785538142060152
0.8888270686114998
0.8934692749515915
0.8934692749515915
0.8986666116263778
0.8908888166427493
0.9034069468559236
0.9031297378711046
0.9007132972263133
0.9114089417297436
0.8962751356965808
0.9011072671687258
0.8971331973340516
0.8965976399828133
0.8968467484561391
0.8957381585294528
0.8936805003491334
0.8936805003491334
0.9127754275095954
0.911482546970424
0.8975557234158584
0.8878370613663555
0.8817347850755981
0.8946214704077776
0.9039096041626244
0.8943827883423862
0.9047422783989912
0.9034683604736568
0.9035452644053884
0.885028486263957
0.8874749530367185
0.8885348680048023
0.885337995302263
0.8856881303270593
0.8835194720594214
0.8860181343433732
0.8782974966470953
0.8754823095978579
0.8756990984344728
0.8756990984344728
0.8756990984344728
0.8783657210622935
0.8810178932023438
0.87514485041645
0.8727741494676676
0.8535509928759252
0.8551598448840274
0.8599736974878892
0.8745752648063359
0.8652195127817636
0.8649013456961956
0.8649141008064407
0.8665278570029592
0.8661841028747445
0.8588847766018586
0.8549823403860954
0.8555116972901912
0.8555116972901912
0.853174931482261
0.855391105879319
0.8743793776229031
0.8734772733023328
0.8766401289403652
0.887859114191654
0.88333217543184
0.8833914595919975
0.8728443052765894
0.8790577282388647
0.879116148902396
0.892428432386265
0.9050600455502751
0.9015806641844769
0.9009707034717881
0.9041237878654448
0.905801387275569
0.9052415709118838
0.9014729633110565
0.9090313828952196
0.9234250961991919
0.9204700898235695
0.9170361014275855
0.903269159332896
0.8963493172273056
0.8972460697513852
0.8899706503466677
0.906188452222125
0.9013914956786994
0.9016998958770767
0.9070749899864788
0.9070749899864788
0.8910898862106976
0.8888838629342858
0.8992505632453434
0.8824484829986293
0.884213273826778
0.884213273826778
0.8839477671596186
0.8799308091794359
0.8907840137060146
0.8887661122918877
0.8856653622251697
0.8976482373838153
0.8737563237383049
0.8782424524308686
0.8787687179051058
0.8816553173992088
0.8813008692063878
0.8813008692063878
0.8815206524907799
0.8815206524907799
0.8846859091997827
0.8808435496643209
0.886991594558335
0.8869386907993926
0.88466394153935
0.88466394153935
0.8807589291206028
0.881227312600411
0.8855368750094418
0.8861541717365731
0.8701388753414858
0.8717482843762717
0.8519162442200771
0.8309942092961138
0.8274576892202684
0.8361635262695396
0.8290443360310423
0.8290443360310423
0.828741269881697
0.8330234420391449
0.8252360756702821
0.8433840056152265
0.8603676673397407
0.8800251707650844
0.8800251707650844
0.8800928338302906
0.8777472938676826
0.8714568668531034
0.8683448461005523
0.8565926384639454
0.83746702028538
0.8414338213862441
0.8420808165644665
0.8420808165644665
0.8387368096421158
0.8389888916745952
0.82577256454562
0.81875960832943
0.8166015032600236
0.8165112578739585
0.8165280734018535
0.8194384089115587
0.8198734754419281
0.8198734754419281
0.8198734754419281
0.8200863312841734
0.8165322332359896
0.8170657465290798
0.8167605350750129
0.8166742604054775
0.8166742604054775
0.8179621398536834
0.820489539807497
0.820489539807497
0.8202273300017143
0.8143534467756418
0.8135091305106122
0.8098784195695803
0.8098351758449295
0.8236604367576646
0.8221363254908122
0.8348625547148757
0.8348625547148757
0.8303306354190368
0.8299674194115684
0.833174975275775
0.8516524159214471
0.8517049154711172
0.8301973264835538
0.8307053653306647
0.8307053653306647
0.8379665526046844
0.8379665526046844
0.842066102302086
0.8456236187787088
0.8388327647742471
0.8388327647742471
0.8446620867523575
0.847206742918426
0.847206742918426
0.8404686711207496
0.8451878684300247
0.8490098001187498
0.8395556039759242
0.8442978684494709
0.8442978684494709
0.8312943758088535
0.8086966989037792
0.8088841433164241
0.8082816452613494
0.8091494800181905
0.8079721702422032
0.8111149725041674
0.8056022308458678
0.8034496857788748
0.8223882221534451
0.8232336485088732
0.8295598464874445
0.8227714934965448
0.8180355493487462
0.8102636966835367
0.8095821593477542
0.8023088645820834
0.7845942737785903
0.764513178180778
0.7729536759260776
0.7782357962730627
0.7820254093289252
0.7825807001367842
0.796540399947548
0.796540399947548
0.796540399947548
0.8058310884049558
0.8261880889578366
0.8360358264540914
0.8409626244155871
0.8181554097761135
0.8175217379748213
0.8098730966579447
0.8082055040904952
0.7958159741993628
0.796322996429847
0.7934129692194087
0.787718452092733
0.7964690813263304
0.7861655282201799
0.7861655282201799
0.8002808252975686
0.8042198884499328
0.8110848684155191
0.8110848684155191
0.8110848684155191
0.8102376880872266
0.7875607685923227
0.792966973005663
0.7940877568650545
0.796840108972282
0.812950720227953
0.8131992389206986
0.8043868116830117
0.7953278496235546
0.7957000636186687
0.8114134001345303
0.8068039415681414
0.8099693540450257
0.8373869441695713
0.8359405674531023
0.8445386442403992
0.8445386442403992
0.8212911160346779
0.8213185184009953
0.812374800221743
0.8168288150278075
0.8217839048329488
0.8189909770906582
0.8287339849249602
0.8315261102436483
0.8379045198991857
0.8460657848427031
0.841797558467221
0.8676784817303191
0.8690432064785312
0.8707564761243988
0.8945927525695796
0.903034518202426
0.9031073447453546
0.9074985797187239
0.899005075514976
0.8975708579644243
0.8993083399638789
0.8993083399638789
0.8993083399638789
0.8993083399638789
0.9035477341913845
0.9006657472090378
0.8951676815478009
0.8856477948773012
0.8826506158594059
0.8818624404352926
0.8819814689298638
0.8677620039970241
0.857690674429835
0.8473011029879525
0.8395027743546815
0.8407429392066891
0.8411840981180552
0.8392885661917243
0.8446240976380269
0.8422899203249107
0.8399734073909261
0.8402535950759147
0.8466573067177157
0.8466573067177157
0.8474957987180647
0.8282013906231509
0.8227904843831216
0.8227904843831216
0.8238972261716948
0.807827914357574
0.7970370169600571
0.794770969994142
0.8039850628650204
0.7888268693582424
0.7874242017305767
0.7917590243982661
0.7923333310846948
0.7935036615715884
0.7912257369216512
0.7912257369216512
0.7905171383766655
0.7908934960383933
0.7955852107837104
0.7926427324106856
0.7926427324106856
0.7839067282063992
0.7783945572380034
0.7725884121089123
0.7724824985030905
0.7733896426009953
0.7748201928882184
0.7748201928882184
0.7721032020768018
0.7683138367732442
0.7688408970814313
0.7870675981777704
0.7915578139862528
0.7915578139862528
0.7743580620958694
0.7736594785706661
0.7650422909119916
0.7637623959576284
0.7705289480479166
0.792121285994957
0.792121285994957
0.792121285994957
0.7934211140268895
0.7922805404262906
0.7914566373740173
0.7938769088070842
0.7846090267954068
0.7846090267954068
0.7975960455521961
0.7975960455521961
0.8094119135326756
0.8096523995729027
0.8096523995729027
0.8245454683066611
0.8275445815043865
0.8299734460442814
0.8292735488001821
0.83155765649192
0.7975862525261802
0.8014535604987467
0.8150777658285434
0.8148280883058161
0.8131482190254499
0.815449556349205
0.8216502864553685
0.8198965618185721
0.8095139416435357
0.8120493354977354
0.8175870081778562
0.8208396036167369
0.8210475751062736
0.8250576541515264
0.8250576541515264
0.8298374559084611
0.8309837848943443
0.8307343632805929
0.830383489524068
0.8396746675160756
0.8427776939501032
0.8479351242730804
0.8439349390616975
0.8375451182828928
0.837571414048959
0.837571414048959
0.8425071496733886
0.840961958483931
0.8369550948240844
0.8392190542337833
0.8361165149447259
0.8337803817583358
0.8337803817583358
0.8300742143482509
0.8052475401635766
0.8052475401635766
0.8044105827337206
0.8062777841362153
0.8159113954074013
0.8229973258018437
0.829618037875238
0.8434769784283702
0.8447315020452456
0.8388053351755327
0.8388053351755327
0.8400014281692828
0.8380263326640927
0.8522225191229789
0.8522225191229789
0.8508442700216355
0.8391048553999041
0.8421284804467599
0.8419159230889465
0.8414269148221498
0.8423230252986111
0.8443936102234706
0.8443936102234706
0.8303255680056542
0.8191235969741046
0.811162044398012
0.8080172668037857
0.8138177561218461
0.8169854931404138
0.8154405596075396
0.810831848627202
0.8134548351164416
0.8113661404669699
0.8113661404669699
0.8101024956131837
0.8129151366100331
0.8129151366100331
0.8129151366100331
0.8072196657330546
0.810056962077117
0.8006784115083114
0.8011655014582837
0.8011655014582837
0.7973941321797405
0.8051901716337521
0.8051901716337521
0.803701609423418
0.7790376649079226
0.7745344574272547
0.7781399822646247
0.7750440527973551
0.774949693131327
0.7763412405770742
0.7763412405770742
0.7763412405770742
0.7771301432492994
0.7771301432492994
0.7736623788304824
0.7683461745018603
0.7653424765965826
0.7649498218097922
0.7670175788846346
0.758966349006557
0.7590717920848705
0.7635315749638358
0.7575004847697585
0.7583537429191584
0.7522584121071397
0.7446037824288574
0.7444315489468387
0.7441906373360438
0.7482589595159004
0.7472159319465532
0.7512835579991612
0.7492155413193926
0.7492380377773347
0.7447777867392051
0.7447602253664736
0.744307788176383
0.7484067930411868
0.7302567350008369
0.73669489971336
0.73669489971336
0.7362192413095808
0.7364589310487556
0.7423355344312591
0.7420781469323999
0.7417417299357212
0.741859579183703
0.7343594860133034
0.7343594860133034
0.7376920000077234
0.7383929670029208
0.7528301495085943
0.7535495479326284
0.7486109525294926
0.7416175279077958
0.7472633859101321
0.7736580990955816
0.7602038196502064
0.7529115414983943
0.7529115414983943
0.7556819789314121
0.7416274476136746
0.7388145153035981
0.736737312644863
0.7423760952225492
0.7421686885231344
0.7461971537127129
0.7453686948380305
0.7453686948380305
0.7423906727958872
0.7603171182933819
0.7546757504689401
0.7711204029523937
0.7705463563664112
0.770250746733747
0.7650784257563252
0.7650784257563252
0.7682787370024667
0.7682787370024667
0.758887811257153
0.7566570914478389
0.7387938325803906
0.7395678669625553
0.7395400691604783
0.735169155435894
0.7485369717862854
0.7538279380284154
0.7552926162409023
0.7548002862077098
0.7549837423995757
0.7558129051510117
0.7574096073767626
0.7538204092650215
0.7549178027050955
0.7541542272784573
0.7660323509975179
0.7383746158044753
0.7354971875694983
0.7398741890330612
0.7189380467023117
0.7195599285046753
0.7148869892813287
0.7388301267868208
0.7200404840111925
0.7194749350216143
0.7192974104679627
0.706395768295098
0.7063619863758572
0.7019838954715931
0.7019838954715931
0.7019838954715931
0.6898898333466436
0.6897622579300196
0.6784031258782679
0.6798205742342783
0.7002475456116806
0.7002599033552454
0.6939295906892831
0.7122120592929996
0.710552319787418
0.7216880696174506
0.7236004663383299
0.7236004663383299
0.7180498028510978
0.7194232207601102
0.7214606678102193
0.7203834404617683
0.6936631962451492
0.6799605087461518
0.6786330301283859
0.6787361300712454
0.6897549585300391
0.6867251501931616
0.6973916464738613
0.6939918399392383
0.6953676892143464
0.6940523091059391
0.6947431735765734
0.6949427229891
0.6948382480170366
0.6948382480170366
0.7042596732944986
0.706049853887771
0.7257558617135733
0.7257558617135733
0.7400808945571591
0.7391836054388434
0.7476054777169392
0.7489824865185303
0.7488915446599934
0.7468539264103067
0.7468539264103067
0.7460628340885421
0.7571921940062003
0.731272680377116
0.7385407238223538
0.7361356594269334
0.7356422566001657
0.7357739989793673
0.7374402517811732
0.7372560976644335
0.7371468109072943
0.7353387017728278
0.7404091816312587
0.7405894256251682
0.7405710784228121
0.7310940003762534
0.7309836513950896
0.7371278771468187
0.7357072835536602
0.7350866041622985
0.7348993150856301
0.7348403597107512
0.7308254571564725
0.7248035940816121
0.7248035940816121
0.7279292255556463
0.7251598525885127
0.7326831258448111
0.7379236151390597
0.7554987118475041
0.7412156928787063
0.740925634762257
0.7410690143361608
0.7396122959524872
0.7400368862299276
0.7400368862299276
0.7375804092249025
0.7383338904431829
0.7383338904431829
0.7441189935930594
0.7302030847981383
0.7301678760627062
0.7304614772516483
0.733315428614731
0.7354662140457007
0.7376723958319361
0.7376675680610609
0.7422010171386272
0.7407306042130815
0.7433550573309616
0.7431494737120331
0.7532114465993083
0.7530534660710693
0.750965904132302
0.7486321924908601
0.7479479770599634
0.7481843521815204
0.7529527145596564
0.7379335784792541
0.7320703208675435
0.732811992403492
0.7344211227285069
0.7344211227285069
0.7310203571893591
0.733808942265357
0.7327720448803834
0.7163468448029774
0.7181488296180797
0.6989814082554232
0.7001289823259286
0.7032048229987776
0.7075297381961659
0.7031978479690697
0.7013864709330893
0.7013864709330893
0.7135419092574745
0.7260060818571905
0.7386006731639841
0.7571631895345929
0.7559116975375159
0.7547916954967852
0.7547719590847183
0.7593883080633262
0.7679886338676705
0.7762828013997323
0.7677302771255852
0.7639950634780189
0.7628007117784059
0.7660937552429841
0.757094895836987
0.7581715244491468
0.7569737876770599
0.756981295479027
0.7567693193944104
0.7799388171720939
0.7815448939062581
0.7840855702142572
0.7787898872675448
0.7784311175074486
0.7804316592163598
0.7935082896024691
0.7853391360959311
0.783263743169068
0.7812297066367198
0.784009108798749
0.7961843038894725
0.7954993592631027
0.7943777844590602
0.7943777844590602
0.7692517962621128
0.7713885817190818
0.7625099381948816
0.7577263082994836
0.7353126344609221
0.7520620857822341
0.7520620857822341
0.7467030629993039
0.7536698774333693
0.7566600491556185
0.7566600491556185
0.7832009975179317
0.784192578090299
0.7831716836415743
0.7799273653993274
0.7799273653993274
0.7799273653993274
0.7800206826507079
0.7755820479177375
0.7762822525447847
0.7812727551785097
0.7812727551785097
0.7812727551785097
0.7739667167292137
0.7717916435877642
0.7716990036252612
0.7660745011741479
0.7624093902812933
0.75990881601049
0.7856851826354554
0.769249631260002
0.7537938456604962
0.7556128760618688
0.7483581223312052
0.7483581223312052
0.7390085055800079
0.7379223269590511
0.7339301622457443
0.7352301593529847
0.7359167489971308
0.732720176753817
0.7330939112981177
0.7330939112981177
0.7081008382667898
0.7113010782605149
0.724725760270963
0.725918394602265
0.7262565961013747
0.7262565961013747
0.7247029205713353
0.7192440956252072
0.7160911692054638
0.6951190078392008
0.6984745994509639
0.6960905637723088
0.6974208272374242
0.6842255228051253
0.6810514149558453
0.6799565200011172
0.6798870165392193
0.7055304317078492
0.7058189090382277
0.6968106246474403
0.7139084694204637
0.7087453632164347
0.6940190084133113
0.6940190084133113
0.6909322903433148
0.6882633627959409
0.6886973850915131
0.6897108114498487
0.6900897788243731
0.6873745169863382
0.6873745169863382
0.6779765215316098
0.6666299901869497
0.6701864610475655
0.663919359604625
0.68323563820155
0.687568525001316
0.687568525001316
0.687568525001316
0.687568525001316
0.6888133876647209
0.6874433915489596
0.6860824517840607
0.675872090481716
0.672500839183334
0.669484671443947
0.6772554701477351
0.6813995190043387
0.6761759767525849
0.683911675058224
0.7018742070195761
0.7021714928961666
0.685052279895587
0.68611017153537
0.6910479432417765
0.6907507034301715
0.693184677776454
0.697239873079336
0.693024538762066
0.6847111257564249
0.6985870863009787
0.6952828778939796
0.6836676810522236
0.6784016446713648
0.6789970697488614
0.6744423353941496
0.6757496096551271
0.657504111755078
0.6556638732945098
0.6556638732945098
0.6556638732945098
0.6249567741252656
0.6221316575721324
0.6187515383418111
0.6202027021266124
0.6222116157402173
0.6165612245800209
0.6159845035280226
0.6206484345280943
0.6176503771900823
0.6176503771900823
0.6304259696373201
0.6304259696373201
0.6448257423258108
0.6439149703708927
0.6743411205534927
0.6699964778390546
0.6699964778390546
0.6739137824714859
0.6829277021462489
0.6980338530169119
0.6979863163454467
0.6995186206343662
0.6995186206343662
0.6995186206343662
0.6940056699918326
0.7259814750491153
0.7275468675207684
0.7283288931737769
0.7218757613884188
0.7153174876862511
0.7152867162616954
0.7135482539737265
0.7135482539737265
0.7135482539737265
0.7135482539737265
0.7162935917805198
0.7258254994081879
0.7258254994081879
0.7173451400341694
0.7173451400341694
0.7172434515096736
0.7062566808972344
0.7062566808972344
0.705912015445159
0.7015271845973631
0.7009353342006632
0.6996103971589407
0.6969932311790904
0.699036112154729
0.6896296816621281
0.6849160475071896
0.6785836236365693
0.6785836236365693
0.6830665896640667
0.6830665896640667
0.6830665896640667
0.6830665896640667
0.6830665896640667
0.6833149020349517
0.6872503575300914
0.6848109370262287
0.6850390419039465
0.6809995034352877
0.6807669670878556
0.6812274590030599
0.679903926217283
0.679368978563967
0.6882273574529145
0.6881717499779648
0.692561733323206
0.6925171079714795
0.7067342634887972
0.694254981013162
0.6936850673930385
0.6936850673930385
0.6936850673930385
0.6936850673930385
0.6920405747431798
0.6920405747431798
0.6920405747431798
0.7048883415675868
0.7105603649830249
0.7074134143671718
0.7074134143671718
0.7160455535304311
0.7158594119548253
0.7158594119548253
0.719329001269743
0.719329001269743
0.7173777666704274
0.7175905636510976
0.7053506646175984
0.7053506646175984
0.7053506646175984
0.7013277884471737
0.7029812491840907
0.7029812491840907
0.6998545915515298
0.7040447677160154
0.7002504133647567
0.7056955776798622
0.7058563641930333
0.7043371689737427
0.7043371689737427
0.709951246281389
0.7137485910777227
0.718257423519572
0.7165648409836625
0.7252320669906478
0.7252320669906478
0.7252320669906478
0.7279562320589131
0.7173674155760698
0.7171048059263401
0.7171048059263401
0.7134113628271451
0.7039106579146852
0.6912182565053213
0.6912182565053213
0.6924187818897087
0.6980018771610186
0.6980018771610186
0.6983989920256475
0.6936163651848883
0.6654637869043749
0.6807944996165334
0.6785511787328722
0.6781310035797699
0.6781310035797699
0.6637241691954434
0.6584827286091126
0.6597229388324508
0.6440281621419786
0.6295335982617409
0.6315688810820069
0.6293681753027365
0.6299035273079395
0.629445191953679
0.6314087322564258
0.6321419924239435
0.6486865338557865
0.6567184941946101
0.6633924512554208
0.658762261092271
0.6507557068694885
0.6446107639281862
0.6464639550992874
0.6464639550992874
0.6545096926476084
0.6678826097731695
0.6678826097731695
0.6911049896299952
0.7022545982240268
0.7022545982240268
0.7047094507015228
0.7053901473446627
0.7053901473446627
0.7053901473446627
0.6881272249512965
0.6903591849108897
0.6813973470300341
0.6834843821905604
0.6837980209470066
0.6837980209470066
0.6837980209470066
0.6837980209470066
0.6837980209470066
0.6838288513652562
0.6718448136316748
0.673365046019965
0.6745918863553104
0.6758580686495731
0.6758580686495731
0.6879432704686168
0.6879432704686168
0.6880939864749918
0.6831876568178252
0.6831876568178252
0.6815980730152678
0.6811912560882705
0.6807501275465422
0.6803156089017652
0.6803156089017652
0.6813881904686122
0.6813881904686122
0.6682548686990322
0.6647939455478321
0.6984500176567611
0.6976308261095241
0.7043186553304495
0.7027352415576429
0.7019445065604842
0.7022582996945279
0.7020428564526052
0.7011061747713048
0.7011061747713048
0.7130047003655026
0.7303466210607472
0.7338502276877494
0.7349497175881597
0.7381520405162438
0.7381520405162438
0.7381520405162438
0.7614364454650495
0.7725785673804761
0.7765964852671076
0.7765964852671076
0.7688746606893002
0.769860527299223
0.7646914264187503
0.7833413051374799
0.7922056849041273
0.7902187138925054
0.7934248775285638
0.7839519731045081
0.7873375304432887
0.7805563487301557
0.7805563487301557
0.775721285780922
0.775721285780922
0.777261647254442
0.777261647254442
0.7741679648546593
0.774850842547167
0.7948199544509239
0.7878608336454114
0.7878608336454114
0.7878608336454114
0.7881978617696318
0.7881978617696318
0.7967801597355869
0.8008029938237559
0.7827832595314821
0.7827832595314821
0.7827832595314821
0.7705350846585173
0.7717742488010731
0.7933395611548264
0.7949399414354775
0.7949399414354775
0.7949399414354775
0.7949399414354775
0.7883987349353861
0.7890423043713722
0.7890423043713722
0.7861958742925198
0.7861958742925198
0.7857228043648788
0.7837702996372622
0.7919954050005344
0.7919954050005344
0.7883969586721048
0.7885661169039064
0.7831294793981399
0.7818858349250194
0.7828346009998162
0.7857566988664335
0.7878204062432231
0.7886251309662062
0.7894465804792544
0.7894465804792544
0.7919400707225228
0.7924054547593707
0.7903386286743956
0.790476445481544
0.7892678499962867
0.7903941730490117
0.7952212885796773
0.7974472718590481
0.8039693701061394
0.7965545416175024
0.7965545416175024
0.7909668627327237
0.7931737623569262
0.7931737623569262
0.7925450700731186
0.7921144749924941
0.7917130445428306
0.7923443622344414
0.7817608745672646
0.7923001547213901
0.7813543098518236
0.7813543098518236
0.7903873996646962
0.7870045567919328
0.7864956182542762
0.7859653468175132
0.7859653468175132
0.7842949967195585
0.7841531382371557
0.7833348717129777
0.7875408318281949
0.7896528525890397
0.7871958244127804
0.7840710765267382
0.7847057066899856
0.7859263113353308
0.7841091443370077
0.7827671369566724
0.7790191072759961
0.7836266720270056
0.7836266720270056
0.7802826433487556
0.7807372835687408
0.7807372835687408
0.7807372835687408
0.7698041090927292
0.7698041090927292
0.7630879097230057
0.766922407008597
0.7660153787859888
0.771918730662826
0.7659514681070166
0.7632313116413462
0.7592270733936289
0.7584051869426108
0.753421681956839
0.753421681956839
0.7517690811500077
0.7526858981963916
0.7526858981963916
0.7525251062875684
0.7426373346097591
0.7429659878632396
0.7439817619252643
0.7439817619252643
0.7377766531501021
0.7377766531501021
0.7379593670286707
0.7392570229148897
0.7378284676721162
0.7378284676721162
0.7380252059145829
0.7256340804999469
0.6996486894799759
0.6870941450389226
0.697662224351071
0.6882334590635724
0.6966812567159874
0.6949744118351416
0.6949744118351416
0.6845848451261282
0.6869140782725989
0.6869140782725989
0.6911711626658316
0.6911711626658316
0.6911711626658316
0.688955629580755
0.6946726179571586
0.6923032521813146
0.6950160096375947
0.6950160096375947
0.6950160096375947
0.6950160096375947
0.6937562219718422
0.6910849650047971
0.6910849650047971
0.6910849650047971
0.6967146697513641
0.6948032873300585
0.6871256500518347
0.6935921038937211
0.6935921038937211
0.6932869642471556
0.6788120715327257
0.6793074454862543
0.6793074454862543
0.6847187425389589
0.6830950246592095
0.6830950246592095
0.6830950246592095
0.6768835158857877
0.6753740437493092
0.6763030992701534
0.6763030992701534
0.6763030992701534
0.6546469193900161
0.6546469193900161
0.6546469193900161
0.6610667792497371
0.6610667792497371
0.657234694036758
0.657234694036758
0.6668708058046368
0.6665040438301443
0.6665040438301443
0.6665040438301443
0.6665040438301443
0.6622902894684201
0.6622902894684201
0.6622902894684201
0.6622155358598033
0.6622155358598033
0.6625632816167424
0.6602046094699237
0.6602408083495311
0.6602408083495311
0.6659323986256406
0.6657640428311653
0.6657640428311653
0.6657640428311653
0.6579485271920739
0.651109652925387
0.6462673006059749
0.6430762935812219
0.6252398204636453
0.6253486746038045
0.6253486746038045
0.6253486746038045
0.6233953767638072
0.6058920842868101
0.6100415511419062
0.6100415511419062
0.6100415511419062
0.6024372927604662
0.6222162916382459
0.6222162916382459
0.6163208190292477
0.6249839557802838
0.615693936044673
0.615693936044673
0.6382860309163821
0.6408317412913015
0.6422812894268679
0.6438432337576335
0.6438432337576335
0.6273339434037216
0.6275264083415109
0.6275264083415109
0.6293822948349168
0.6293822948349168
0.6294819037355477
0.6067281923243338
0.5943926751243794
0.5864830212207849
0.5864830212207849
0.5858375422406453
0.5739139026878939
0.570085701161661
0.569848080711484
0.5680789898787966
0.563133339969011
0.5350851798214148
0.5363708122341926
0.5363708122341926
0.5302243071566098
0.5258339349785903
0.5258339349785903
0.524875319908284
0.5164633587031853
0.5164633587031853
0.5096645426904417
0.48573188222115277
0.4900215116472612
0.48964103883905036
0.49387074232714406
0.5009053465633723
0.5009053465633723
0.5099061363997659
0.5099061363997659
0.5119727400149254
0.5119727400149254
0.5186287825169933
0.5191605077329674
0.5243764005917281
0.5243764005917281
0.5243764005917281
0.5247597009432144
0.5346916985598712
0.5346916985598712
0.5355763456761874
0.5341917375018023
0.5357450148335589
0.5454629534880473
0.5456654087924638
0.5320076459940752
0.5317007782934545
0.5187487929068432
0.5187596123569083
0.5187596123569083
0.5175325882820206
0.5182942041444801
0.5182942041444801
0.5182942041444801
0.5169475042925221
0.5161228669016339
0.5159309905038512
0.5163279840808935
0.5229308909489241
0.5229308909489241
0.504239865822196
0.504239865822196
0.504239865822196
0.5102654648958049
0.4929389805582357
0.49346133356540944
0.4926821617623212
0.494986293134548
0.4900102920493341
0.49900866692993157
0.503638901110827
0.5030980784577254
0.4992041040771712
0.4807280446513839
0.48408545802527503
0.4861809129127848
0.4861809129127848
0.4835968429514615
0.48293681581525416
0.4969259428479768
0.49478958434053183
0.4962523804495256
0.4962523804495256
0.49541202453982197
0.4835914310631756
0.4835914310631756
0.4835914310631756
0.48170119922388555
0.4831467010623213
0.5063159117368421
0.49789836788033515
0.5172829909526215
0.5172829909526215
0.5172829909526215
0.5172829909526215
0.5164154529169158
0.5062807920629606
0.5079543555359243
0.5130014584970755
0.5118753912061649
0.5126712895262729
0.5126712895262729
0.5083242575287087
0.5018264974004822
0.5018264974004822
0.5018264974004822
0.48694740865903596
0.4881715618841789
0.48639669245359796
0.48639669245359796
0.47041539267271154
0.46779457255162354
0.46883436214904306
0.4722011698322354
0.4726127960585349
0.4801233479385802
0.4801233479385802
0.4801233479385802
0.4801233479385802
0.4619161539936475
0.4619161539936475
0.46308669970385885
0.46308669970385885
0.46328830578399366
0.4677726430783756
0.4677726430783756
0.46771751099410624
0.46167314461777775
0.43878040838149207
0.43017246829756683
0.43017246829756683
0.4290745557944321
0.4290745557944321
0.46595672410899314
0.46952332989526596
0.46952332989526596
0.4705657722126624
0.47631494217825404
0.4712364379512347
0.47185675611055444
0.47895842221818496
0.4792620414815575
0.47735146954562485
0.4720987348162355
0.45711119550102447
0.45711119550102447
0.4547495145546204
0.4547495145546204
0.4500131872145723
0.4500131872145723
0.4582204369309609
0.44903764432499205
0.44454499243983914
0.4491269259436171
0.4491269259436171
0.4491269259436171
0.4491269259436171
0.4491269259436171
0.4491269259436171
0.4423908785021296
0.4423908785021296
0.4423162684930066
0.4423162684930066
0.4460736122808004
0.4487980778508512
0.4435772298203328
0.4418852064102665
0.4690082125062532
0.45773261805706855
0.45482149965305485
0.4461583905291258
0.43536928339599124
0.43536928339599124
0.43826891314671634
0.4447251737923364
0.4458947207513687
0.4458947207513687
0.4458947207513687
0.44428632225836945
0.44433853985600896
0.4504852465573325
0.46252511596989315
0.46252511596989315
0.4474184360982634
0.4467837644833226
0.4430328692092604
0.3992912497598154
0.39704254469450734
0.4010663117860491
0.40891707553476164
0.41224526024256897
0.42868813232746183
0.42868813232746183
0.4324781917840695
0.4324781917840695
0.4319003997061281
0.43820652620362055
0.43820652620362055
0.43207156356207893
0.4288836370198543
0.4273941641452107
0.4273941641452107
0.43734965106323015
0.4401572220987858
0.4509402590131106
0.4509402590131106
0.44209649463183515
0.4442508166075443
0.44414198480782724
0.4435410048293889
0.4435410048293889
0.4417350348361688
0.44772488108818653
0.44772488108818653
0.44573163661305276
0.4314035841186003
0.4314035841186003
0.4376718633002653
0.4344006186156674
0.43780847803871525
0.43780847803871525
0.4449944729383153
0.4197758346451727
0.41996638715411516
0.41043847588863824
0.40930797592465595
0.40965064036581966
0.4084520937894609
0.4084520937894609
0.4066904760512484
0.4066904760512484
0.4066904760512484
0.4066904760512484
0.4066904760512484
0.4086822044944372
0.4100970567406477
0.4083672500045011
0.40345990526824727
0.4100574864356482
0.41956556624058
0.4197237742614419
0.4197237742614419
0.4197237742614419
0.43467304742313656
0.4429590388403265
0.4378214814209631
0.43924847068166406
0.4512361205629317
0.4512361205629317
0.4506778574258537
0.4497833617284043
0.441198934706514
0.44316413909441016
0.44316413909441016
0.44316413909441016
0.4364176675603938
0.437200410627913
0.4367544495216204
0.43105372465163927
0.43105372465163927
0.42360742879213553
0.42698586584911125
0.42698586584911125
0.42598063524636537
0.4288806874396729
0.3957260622518571
0.3957260622518571
0.388578185489747
0.388578185489747
0.39861059763898316
0.39861059763898316
0.39641710234714833
0.4021430705145459
0.3993446817339151
0.4011902779814752
0.3961026379445901
0.3961026379445901
0.3961026379445901
0.3924984085489599
0.3925165265661782
0.39238512060401576
0.39238512060401576
0.39568350041541134
0.39568350041541134
0.3897247865230853
0.38893249307309186
0.3819576003586188
0.3810871498434786
0.38181653590660386
0.38181653590660386
0.3897379483583345
0.3897379483583345
0.38881794447299833
0.3734106330988119
0.36518128446021125
0.36518128446021125
0.36545819193718077
0.36545819193718077
0.36545819193718077
0.36545819193718077
0.37199755916660465
0.37199755916660465
0.3689651343111521
0.3689651343111521
0.3689651343111521
0.3737886344614718
0.37664669483663266
0.37846973935748146
0.37969547361360845
0.38221749575339303
0.40240845466598496
0.40898448771475415
0.4083917588890191
0.40491973873491666
0.40298784286552414
0.41737497035448995
0.41691595563407663
0.41848905220526217
0.41848905220526217
0.4159108032365786
0.42033674425754514
0.42033674425754514
0.42033674425754514
0.42033674425754514
0.42033674425754514
0.42033674425754514
0.4187408913546399
0.4187408913546399
0.4187408913546399
0.4187408913546399
0.4187408913546399
0.4223256989616589
0.4223256989616589
0.4223256989616589
0.4226304709403526
0.4226053724211195
0.4226053724211195
0.4220250649661656
0.41951051926849314
0.41585052918432663
0.41585052918432663
0.41585052918432663
0.3992792825023755
0.39941548509122576
0.39941548509122576
0.39941548509122576
0.40096313237246833
0.4126651034043519
0.4126651034043519
0.41291850526106316
0.4147013203927926
0.41371929475332786
0.3973399599718613
0.3957513810978566
0.3913162245955787
0.37780242118494406
0.3779168312585731
0.3779168312585731
0.3779168312585731
0.3788323344622554
0.3788323344622554
0.37761041754554664
0.37761041754554664
0.3754516916352482
0.37700385933212494
0.3730487931530034
0.37588926585555593
0.37588926585555593
0.38316854707868736
0.38316854707868736
0.38316854707868736
0.38316854707868736
0.38316854707868736
0.38939905181807816
0.39499039600932234
0.39499039600932234
0.39499039600932234
0.39499039600932234
0.39499039600932234
0.39499039600932234
0.39495549148019815
0.4017487075848301
0.3929645534022662
0.3929645534022662
0.392412403907116
0.392412403907116
0.39274628627324915
0.39274628627324915
0.3856836016625777
0.3719237594162018
0.3719237594162018
0.36826588671143634
0.36541512136615867
0.3869112523012872
0.38461478737217897
0.3817185175992758
0.37644297793866566
0.37644297793866566
0.37643625396655794
0.37643625396655794
0.37643625396655794
0.3727711900199713
0.3650762080742085
0.3650762080742085
0.3650762080742085
0.37770171990356927
0.35642632654246986
0.3573914738270925
0.36059911173271564
0.36059911173271564
0.3606259545861829
0.3606259545861829
0.36026442056124075
0.36026442056124075
0.35715399990578156
0.36011600831447593
0.3582172103022165
0.3582172103022165
0.3570505303215664
0.3581762607276576
0.3581762607276576
0.35178844748134463
0.35178844748134463
0.3499217499164643
0.33785391053460007
0.33785391053460007
0.3373915834919451
0.3373915834919451
0.32717443916424344
0.3224701250821381
0.3212958916284457
0.32103761551473203
0.32103761551473203
0.32103761551473203
0.32103761551473203
0.32258354944066797
0.32258354944066797
0.32617721851791387
0.3202560795813587
0.32302247924595934
0.32532407189865714
0.33080912638232646
0.3373079142936188
0.33588910976769876
0.3465904836673057
0.3460257221917664
0.3457452088908056
0.35151566256675015
0.3665998560795397
0.3665998560795397
0.3665998560795397
0.3665998560795397
0.3668404921582893
0.3668404921582893
0.36860939280383975
0.36860939280383975
0.36491127690886127
0.362599461277635
0.3947561572941246
0.3941644624395693
0.3940437138302404
0.3940437138302404
0.3940437138302404
0.3940437138302404
0.3940437138302404
0.3928469869873783
0.3928469869873783
0.3928469869873783
0.3931655849663874
0.39408846061910263
0.3940126197810443
0.3935639884128868
0.3935639884128868
0.40835283608609885
0.4193265667917304
0.4193265667917304
0.4471497468133686
0.44756358070727165
0.4490756698043153
0.4472729249007269
0.45487685586928606
0.46082969297262555
0.46082969297262555
0.46082969297262555
0.46490170936475894
0.46490170936475894
0.46490170936475894
0.46490170936475894
0.45695954397382177
0.4458091293506758
0.45386552726865115
0.45346169671465136
0.4457922061649884
0.45378453536050123
0.45378453536050123
0.4542254221201918
0.44714613972364303
0.4478826895503767
0.4478826895503767
0.4421149828225418
0.44419963548607755
0.44419963548607755
0.45288115505050724
0.4510164850547398
0.4510164850547398
0.4319461299686204
0.42926844549025805
0.4297128610635708
0.4297128610635708
0.4247810268612892
0.4308107227814436
0.4307529510259888
0.43039140226427214
0.4309983804364311
0.4309983804364311
0.43388051006706896
0.4377619622553697
0.4390288087683552
0.4368784125755084
0.437577054077508
0.44887756681736307
0.45963812295514483
0.45629234946796926
0.45488657346419953
0.45631859810583986
0.45631859810583986
0.45631859810583986
0.4560424996630211
0.44394637705652634
0.4550800317908316
0.4649798985789936
0.46178511706162406
0.47164736398193674
0.47164736398193674
0.4664960382956911
0.46606562281364783
0.46640073614686556
0.47518650919737077
0.47518650919737077
0.48080576796909297
0.48076078763532487
0.4786444329930355
0.47979661018730435
0.4603394563303674
0.45745267584715626
0.45745267584715626
0.45727106703300185
0.4669387064003222
0.4633062867939526
0.46499381612170737
0.46499381612170737
0.46293786341457516
0.46674023506740175
0.4623586563580362
0.4623586563580362
0.4583551376386383
0.4583551376386383
0.4615025130076512
0.45485784832424253
0.44594094332587586
0.4463041442710148
0.4463041442710148
0.4587709531875038
0.4587709531875038
0.4496763929926062
0.4496763929926062
0.45855015452031084
0.4711535330576981
0.4743922511258237
0.46927887169019844
0.46927887169019844
0.46927887169019844
0.46927887169019844
0.46927887169019844
0.47008570117836057
0.47008570117836057
0.45068478872207024
0.4506834285043918
0.4506834285043918
0.4496625463142565
0.46196217173103715
0.46183847479952034
0.46649688436967723
0.47520474098977683
0.48348531107207127
0.48348531107207127
0.48348531107207127
0.4681730787762738
0.46046750060895036
0.4611708179810933
0.46139662670604886
0.46139662670604886
0.46139662670604886
0.46139662670604886
0.46332751692030877
0.4585651614078416
0.45430680362262194
0.4467036247990213
0.4643994733859675
0.45612069874789973
0.45786151818647036
0.45664245558488614
0.46165527967111236
0.44314799674430977
0.4445065263364685
0.4453187506313769
0.44711236139000177
0.44711236139000177
0.44711236139000177
0.44711236139000177
0.44711236139000177
0.4433332608847775
0.4431431279911087
0.44372632480634455
0.4423688576961171
0.44903564572816607
0.4266004141654407
0.4266004141654407
0.41576244138433277
0.41603370679178686
0.41603370679178686
0.41603370679178686
0.41610110325501404
0.41610110325501404
0.41528014049448586
0.41528014049448586
0.41480466505642594
0.41480466505642594
0.40109516820818797
0.40015843270370555
0.40015843270370555
0.40710488842732206
0.40710488842732206
0.40710488842732206
0.40710488842732206
0.40756721525515055
0.4096863604873479
0.4096863604873479
0.4073271610193484
0.4073271610193484
0.40184999569915286
0.40184999569915286
0.4107551009550891
0.4230710747837143
0.4230126679868881
0.42470377210448496
0.42810344633211694
0.42810344633211694
0.4442873832336688
0.4455387677849578
0.4455387677849578
0.4455387677849578
0.4455387677849578
0.44078483287735626
0.44078483287735626
0.4425518497041241
0.44188740857323794
0.44121651279074214
0.41909032927693335
0.4181810307894242
0.4181810307894242
0.42152477808669464
0.40232213967827235
0.40232213967827235
0.40232213967827235
0.40232213967827235
0.40232213967827235
0.40244386259840065
0.40211734827075746
0.40167107644820116
0.40167107644820116
0.39426507801276073
0.39334192575734317
0.39334192575734317
0.39334192575734317
0.32532407189865714
0.3287417591910641
0.3287417591910641
0.32798729372676616
0.32798729372676616
0.32798729372676616
0.31554741701330297
0.31554741701330297
0.31554741701330297
0.31554741701330297
0.30817073638072257
0.30817073638072257
0.30817073638072257
0.30817073638072257
0.30819830731240005
0.30819830731240005
0.30819830731240005
0.30656210442949844
0.30656210442949844
0.30632591472181925
0.30632591472181925
0.30632591472181925
0.30632591472181925
0.30632591472181925
0.30632591472181925
0.30632591472181925
0.30777420347948214
0.2966116852930345
0.2966116852930345
0.2873780474627395
0.2873780474627395
0.2873780474627395
0.2873780474627395
0.2873780474627395
0.2873780474627395
0.2873780474627395
0.2873780474627395
0.2873780474627395
0.2873780474627395
0.2873780474627395
0.2873780474627395
0.2873780474627395
0.2864381766955346
0.2864381766955346
0.2836389446113242
0.2836389446113242
0.2836389446113242
0.2836389446113242
0.2836389446113242
0.2836389446113242
0.2836389446113242
0.2836389446113242
0.2836389446113242
0.2836389446113242
0.2836389446113242
0.2871155579523986
0.2871155579523986
0.2683743044310271
0.2683743044310271
0.2711750567215998
0.2711750567215998
0.2711750567215998
0.2711750567215998
0.2711750567215998
0.2711750567215998
0.2711750567215998
0.2711750567215998
0.2711750567215998
0.2711750567215998
0.2711750567215998
0.26203080215383306
0.26203080215383306
0.2623412459777957
0.2623412459777957
0.2623412459777957
0.2623412459777957
0.2623412459777957
0.2588702415480801
0.2823163823040707
0.2823163823040707
0.2823163823040707
0.2823163823040707
0.2823163823040707
0.2823163823040707
0.2823163823040707
0.2823163823040707
0.2823163823040707
0.2823163823040707
0.2815970085247443
0.2815970085247443
0.2815970085247443
0.2815970085247443
0.2815970085247443
0.2815970085247443
0.2815970085247443
0.2815970085247443
0.2815970085247443
0.2815970085247443
0.2815970085247443
0.2815970085247443
0.27827655104146093
0.27647017195166806
0.27647017195166806
0.27647017195166806
0.27647017195166806
0.27647017195166806
0.27647017195166806
0.27647017195166806
0.27647017195166806
0.27647017195166806
0.27647017195166806
0.27647017195166806
0.27647017195166806
0.27647017195166806
0.27647017195166806
0.27647017195166806
0.27647017195166806
0.27647017195166806
0.27647017195166806
0.27647017195166806
0.27647017195166806
0.27647017195166806
0.27647017195166806
0.27647017195166806
0.27647017195166806
0.27647017195166806
0.27647017195166806
0.27647017195166806
0.27647017195166806
0.27318596641629844
0.27318596641629844
0.27318596641629844
0.27318596641629844
0.27318596641629844
0.27318596641629844
0.27318596641629844
0.27318596641629844
0.27318596641629844
0.27318596641629844
0.27318596641629844
0.2709760652517614
0.2709760652517614
0.2709760652517614
0.2709760652517614
0.2709760652517614
0.2709760652517614
0.2709760652517614
0.2709760652517614
0.2704306508167563
0.2704306508167563
0.2704306508167563
0.2704306508167563
0.2704306508167563
0.2704306508167563
0.2704306508167563
0.2686887026726921
0.2686887026726921
0.2682151171416698
0.2682151171416698
0.2682151171416698
0.2682151171416698
0.2682151171416698
0.2682151171416698
0.2670271157136231
0.2670271157136231
0.26636436487028986
0.26636436487028986
0.26636436487028986
0.26636436487028986
0.26636436487028986
0.26636436487028986
0.26636436487028986
0.26636436487028986
0.26636436487028986
0.26636436487028986
0.26636436487028986
0.26636436487028986
0.26636436487028986
0.26636436487028986
0.26636436487028986
0.26636436487028986
0.26636436487028986
0.2646823845755904
0.2646823845755904
0.2646823845755904
0.2646823845755904
0.2646823845755904
0.26427121671570525
0.26427121671570525
0.26427121671570525
0.2640402547331587
0.2640402547331587
0.2640402547331587
0.2640402547331587
0.2640402547331587
0.2640402547331587
0.2640402547331587
0.263644018609655
0.263644018609655
0.263644018609655
0.26306363948457706
0.26306363948457706
0.26306363948457706
0.26306363948457706
0.26306363948457706
0.26306363948457706
0.26306363948457706
0.26306363948457706
0.26306363948457706
0.26306363948457706
0.26306363948457706
0.26306363948457706
0.26306363948457706
0.26306363948457706
0.26306363948457706
0.26306363948457706
0.26306363948457706
0.26306363948457706
0.26306363948457706
0.26306363948457706
0.26306363948457706
0.26306363948457706
0.26306363948457706
0.26306363948457706
0.26306363948457706
0.26306363948457706
0.26306363948457706
0.26306363948457706
0.26306363948457706
0.26434701912301034
0.26434701912301034
0.26434701912301034
0.26434701912301034
0.26434701912301034
0.26434701912301034
0.26434701912301034
0.26434701912301034
0.26434701912301034
0.26434701912301034
0.26434701912301034
0.26434701912301034
0.26289167822210496
0.26289167822210496
0.26289167822210496
0.26289167822210496
0.26289167822210496
0.26289167822210496
0.26289167822210496
0.26289167822210496
0.26289167822210496
0.26289167822210496
0.26289167822210496
0.26289167822210496
0.26289167822210496
0.26289167822210496
0.26289167822210496
0.26289167822210496
0.26289167822210496
0.26289167822210496
0.26289167822210496
0.26289167822210496
0.26152687990530316
0.26152687990530316
0.26152687990530316
0.26152687990530316
0.26162124904289596
0.26162124904289596
0.26162124904289596
0.26162124904289596
0.26162124904289596
0.26162124904289596
0.26162124904289596
0.26162124904289596
0.26162124904289596
0.26162124904289596
0.26162124904289596
0.259708021596304
0.259708021596304
0.259708021596304
0.259708021596304
0.259708021596304
0.259708021596304
0.259708021596304
0.259708021596304
0.259708021596304
0.2587086527132323
0.2587086527132323
0.2587086527132323
0.2587086527132323
0.2587086527132323
0.2587086527132323
0.2587086527132323
0.2587086527132323
0.2587086527132323
0.2587086527132323
0.2587086527132323
0.2587086527132323
0.2587086527132323
0.2587086527132323
0.2587086527132323
0.2587086527132323
0.2587086527132323
0.2587086527132323
0.2587086527132323
0.2590294432769816
0.2590294432769816
0.2590294432769816
0.2590294432769816
0.25894307996443633
0.25894307996443633
0.25894307996443633
0.25894307996443633
0.25894307996443633
0.25674871463830184
0.25674871463830184
0.25674871463830184
0.25674871463830184
0.25674871463830184
0.25674871463830184
0.25674871463830184
