1.6689702257755026
1.5111039549278735
1.501934103950116
1.501507314230285
1.501507314230285
1.5204632190578526
1.520659176935954
1.520659176935954
1.521157239081972
1.5216150890179088
1.529409904986897
1.526397104852377
1.5359452996881142
1.5398813414966963
1.538401474318604
1.5417228549297273
1.5464005922032589
1.5462594034607402
1.5589282946636942
1.548032028466966
1.540743828768291
1.544837040556034
1.5443555326904579
1.5449153642901652
1.5449153642901652
1.5278893087169219
1.5135599312421206
1.52076138508356
1.5209733127661575
1.5209733127661575
1.5211268733738688
1.5213910133851383
1.5225106969243019
1.510865079410957
1.5063635511921862
1.5063635511921862
1.498622309196322
1.5005540901578451
1.4980842277347994
1.4978768790352273
1.481227788683816
1.481227788683816
1.481227788683816
1.4734398678245562
1.4910696988721885
1.4908927417089235
1.4865283600120998
1.4919253661018173
1.484579690716721
1.4813496624239189
1.475516843230292
1.475516843230292
1.488275290852033
1.4984252019180249
1.4972518002166761
1.507960085162294
1.5307772928048258
1.5173109318495819
1.5214110600900292
1.5332246632400315
1.5246648848715336
1.523292736342667
1.5309861970026255
1.5309861970026255
1.5309545043850583
1.5290724580444515
1.529155370423931
1.5327373533288855
1.5132791514832253
1.5115578361460167
1.5126903703482617
1.5203046304626358
1.5364817099521988
1.5364646458360427
1.5364646458360427
1.5358618404834787
1.5507919356996696
1.5441484359806739
1.5440959082816288
1.5449459290191747
1.538321459582012
1.538321459582012
1.538321459582012
1.5149828646796866
1.5077610563409296
1.515226295300283
1.5004081461752234
1.5004543218315507
1.5206168586893267
1.5195645573426373
1.5343757911334097
1.5337691901609969
1.521171027254579
1.506713475434365
1.5059333519229967
1.5024706266161112
1.504451117448734
1.4905983281884096
1.496938831734783
1.5037263729136185
1.5052151612732942
1.5052151612732942
1.5028057483898558
1.5028057483898558
1.4959880686757017
1.4954918955486454
1.5075174227200667
1.508021783310197
1.5034782860389986
1.4990281993374164
1.4990281993374164
1.4972362526834537
1.475589163835128
1.4779615982607512
1.4822764548437761
1.478703020820267
1.4701298849852955
1.4801696337641679
1.4719793466733408
1.4714905122760424
1.4689150658861094
1.4725296829456407
1.4629285278785948
1.4628390264328017
1.457995728118387
1.4527657186787584
1.4527657186787584
1.4454761829901615
1.4454761829901615
1.4402444134340564
1.418336482404565
1.4184263228238896
1.4267926965334314
1.4343567690611154
1.4126728756538085
1.4097360543242914
1.4226782080267586
1.4293005328207702
1.4271351476321132
1.4212142531461984
1.4188005971385889
1.4143093578236714
1.4143093578236714
1.4090760992045628
1.4072049862297207
1.3942485510526434
1.393213000033379
1.3987428184292945
1.3939966001217983
1.393106698180259
1.3881233069796655
1.366608522650001
1.3663469173883267
1.352403758581332
1.3529999739412737
1.352264536812488
1.352264536812488
1.359901906123943
1.3498661858560306
1.3498661858560306
1.3498978640494834
1.3532514455383755
1.3612376366247656
1.360274985368313
1.3622757325445287
1.358918392141307
1.3596389966448996
1.3598217696058852
1.355275316045029
1.3463906111942696
1.3528449356961478
1.3379229820146767
1.3314721313687763
1.3340777683627687
1.3319541499563838
1.3296940544738478
1.3296940544738478
1.3232396801741404
1.3219993787061117
1.321067932289948
1.315764114179655
1.3160883894403494
1.3160883894403494
1.3015970672040966
1.3040753660522202
1.2998481256895973
1.3028005613871987
1.3013542151230983
1.297290485781464
1.299960102191135
1.2989214620632221
1.2991272074545457
1.3035130977376705
1.2936277860124812
1.269363113362318
1.269363113362318
1.273343675172627
1.2736849876074454
1.2599002127494239
1.262481087345704
1.2612492356196203
1.2542083984662469
1.256441267573233
1.2563935147738248
1.2563935147738248
1.2528207856581237
1.2528207856581237
1.2528207856581237
1.2526242075656355
1.242546035001356
1.2401611702746411
1.2401611702746411
1.2353546870412657
1.2313072383890729
1.2272176082246116
1.2269890184069527
1.2269890184069527
1.225800099396467
1.2264260828191749
1.2255847383326357
1.223894428548689
1.21615363017223
1.2169743014355385
1.2105975460368836
1.2019242090835183
1.2112699822548825
1.2120384162378524
1.2121865970759598
1.2102508874027664
1.2103237053388003
1.2020233100627495
1.2060124342808654
1.2040455671682533
1.2032079612192565
1.1993058413284015
1.1928182652201464
1.195067815384908
1.201517834855136
1.207088542043719
1.2125984469065008
1.2125984469065008
1.214227798293785
1.214227798293785
1.2130930513045088
1.2096346711759625
1.197278214338482
1.197278214338482
1.1963710797714395
1.194477909216055
1.2050984385889678
1.2050984385889678
1.2057124849887364
1.2039313088627832
1.2030187732275008
1.203809042613035
1.2074107663728713
1.2084102812365265
1.2108720081096644
1.210805860545554
1.211570999621394
1.2204324394026895
1.2292714469346915
1.2194364560273958
1.2190434355400963
1.2190434355400963
1.1946784241116732
1.1985201236228757
1.2008464952231348
1.201198698071604
1.1998755182976035
1.1901161616601899
1.1988379671699072
1.2006158609627764
1.2029290615012649
1.210922068229979
1.2114129027196225
1.2195707769045665
1.2195707769045665
1.2130005458630184
1.2190764232323488
1.2235695870191028
1.2229864777726827
1.2221304433831042
1.2220903493562958
1.2220903493562958
1.2141058271123186
1.2153493420531762
1.2131623685018447
1.2171333990833033
1.2289488907920074
1.2270128287214337
1.226471428033567
1.217173668476967
1.215903408957315
1.2149458279978076
1.215285043007751
1.2155717682877643
1.2108419938184394
1.2147635647210833
1.2142939464679128
1.214399134806469
1.2203501729854709
1.2084382826948588
1.2027879450812222
1.2125591025847187
1.2034700545796386
1.2031444044708401
1.205370237994903
1.1976104637659912
1.1962578023880384
1.2020484246440606
1.2025868343412744
1.2025529020900123
1.225087254489327
1.2200378355690518
1.2162741989918544
1.2198960861358796
1.2198960861358796
1.2207600049416816
1.2162871694370085
1.2303238831622387
1.2326622846388402
1.2326622846388402
1.2284331385625442
1.2284331385625442
1.2243192152312468
1.2238197787781115
1.2277314217973003
1.2283294033763559
1.2278506321578797
1.2277329859026505
1.2287261228793465
1.2154342097715174
1.2155123727286363
1.2191651456710266
1.2190377972352036
1.2216432396596044
1.2210976535055833
1.2210976535055833
1.221705429691166
1.2243963406441338
1.2196415932274265
1.2194687091951208
1.219916864226507
1.2060391473378835
1.1912044485639666
1.186433387007188
1.186715889740095
1.1871866540791185
1.190369266568972
1.188436802866439
1.188436802866439
1.1873381100350895
1.1863836684158071
1.1860536652110396
1.1676396174111139
1.1677981203373213
1.1677981203373213
1.154829499093957
1.154829499093957
1.1456014877045988
1.1456014877045988
1.1606215328885618
1.1518923638940661
1.1466399299352399
1.1510735837692143
1.1379223755543248
1.1369576964523864
1.1475736570111976
1.1616465693793512
1.1704501699414813
1.171559295707321
1.1845526232275214
1.185779363321517
1.1835809409783922
1.1835809409783922
1.186209087371851
1.1928027900888674
1.1902798734050486
1.1902798734050486
1.190339243045409
1.2030828063144419
1.2015795858891722
1.2055318240558026
1.2155624849772013
1.2168514946322868
1.2174911350859097
1.2393326740272965
1.2424253866071582
1.2424253866071582
1.2340428924535765
1.211671574400073
1.2129125027995618
1.2124703308026927
1.2234404874719222
1.2118104385131485
1.2057338352171454
1.20737918563209
1.187639020863702
1.1861152823236625
1.1861706940008425
1.1861926584326838
1.1861926584326838
1.1806210077289079
1.1868822463148843
1.192398333465176
1.192398333465176
1.1929157793911258
1.1912772601158637
1.1888366297860813
1.1888366297860813
1.1888366297860813
1.1835896214486736
1.1840821511391368
1.1904935211555685
1.1892185222840952
1.192168543802995
1.1916836093911165
1.1835556140194872
1.1835556140194872
1.1868404758873763
1.1711701845505222
1.17321400937171
1.1709463090206345
1.179501596380532
1.179501596380532
1.179501596380532
1.1953587240101091
1.1939981577795011
1.1933861863961657
1.1831714018475157
1.1833419852712095
1.1795007797427965
1.1713614397805883
1.1713614397805883
1.1712624276504564
1.1712624276504564
1.1573187861038667
1.160407390520199
1.160407390520199
1.1622779664452427
1.1635632224519288
1.1664455199368515
1.1685451634512727
1.167763434836274
1.1665132939036873
1.1665132939036873
1.1625508333125134
1.1661634139184482
1.1712688566337857
1.1874841467980841
1.1704110370358474
1.1704110370358474
1.1814702088802174
1.1814702088802174
1.1801656742457145
1.1833978450642466
1.1833978450642466
1.1833978450642466
1.1727806694418816
1.1700603316218707
1.1700603316218707
1.167406174608705
1.167851245910416
1.167851245910416
1.1754451172991904
1.180967929254162
1.1815901780406932
1.1783641241082852
1.1783641241082852
1.1799085081469518
1.1775726974054388
1.1775726974054388
1.1775726974054388
1.185161668566308
1.1879554292044274
1.1879554292044274
1.185690523326012
1.185690523326012
1.1859187353596883
1.1803045914733845
1.1815699296193807
1.1674351159926812
1.1759769998051965
1.1790526335791747
1.1742339014858618
1.155788800555168
1.1567151432285951
1.151774783449232
1.151774783449232
1.1514011437992953
1.1485685158784198
1.1485685158784198
1.1478431250055912
1.1484144067065751
1.1605352765138515
1.159508612835917
1.169293798102615
1.1706628725372505
1.1660206055932414
1.1788748702366523
1.1792917388846949
1.175971983982933
1.1770660653797262
1.1860242009132649
1.1840097459591887
1.1840097459591887
1.1834487165845697
1.1813224098986888
1.1806112898576198
1.1806112898576198
1.1840699208037904
1.1995030956125896
1.1962391324165018
1.1962391324165018
1.1740375009578252
1.1961825956620662
1.1991455093034387
1.1991930522959897
1.1991930522959897
1.2016554529646315
1.2016554529646315
1.2020373994544153
1.2012701045652714
1.2014684559494377
1.2014684559494377
1.200193178941779
1.200193178941779
1.2003429841507076
1.2003429841507076
1.2000962689392731
1.2028494253718236
1.2028494253718236
1.2035424429356583
1.2263356795525386
1.2185480644139257
1.208749367740268
1.2213453837170174
1.2213453837170174
1.2193229344448286
1.2193229344448286
1.216577742182234
1.2156687251206943
1.2224985036644336
1.2157164803603835
1.2045242897000188
1.2026900690717708
1.2057086549571914
1.2057086549571914
1.2104761756503535
1.2114903051748183
1.2132533291560608
1.2186260505221655
1.1918710100739136
1.1918710100739136
1.1818662271911033
1.1964580916674736
1.1888084951697317
1.1888084951697317
1.186824655609476
1.186824655609476
1.1620579356730452
1.1611963342607798
1.1611963342607798
1.16124117705073
1.1583238317208602
1.1472875763676849
1.1483586144209443
1.1275114589308355
1.1292024186297522
1.1291702668151253
1.1294585625763063
1.1310009522972617
1.1324566172993487
1.1338148483396122
1.1342451175200483
1.1388037231798567
1.1462345430994811
1.1442998110434082
1.1442998110434082
1.1426927547039643
1.1327205693443883
1.1314519028960928
1.1322736978821981
1.1237553076920046
1.1237553076920046
1.1294526942089131
1.1277378855748992
1.1248340708080378
1.1154534296319263
1.1203187942184207
1.1165255757647738
1.1165255757647738
1.1151935392300634
1.089805612614987
1.0833675914645742
1.0855384825322265
1.086717994410237
1.0880018835631609
1.0847857111240167
1.0830921693657949
1.0805281444860606
1.082996358861813
1.0829768003426499
1.0853093123155995
1.0872691601364892
1.0872691601364892
1.0841665634779187
1.0841665634779187
1.0787574799696251
1.0789980188355581
1.0835416909016733
1.0962878892377241
1.0926904786737837
1.0890224873943528
1.0889515156016452
1.0889515156016452
1.0955879678626674
1.0959271899327805
1.0984387578507906
1.0965833394462858
1.0965833394462858
1.0849159077206436
1.0898544517748203
1.0756101604832413
1.069626287109454
1.069626287109454
1.069626287109454
1.0701432091763232
1.0663016030218766
1.0695859655414242
1.071126255318124
1.067336792883741
1.067336792883741
1.0583051183481895
1.0536830239237331
1.059834774134948
1.0461683254735947
1.0535270943119934
1.0452596834648884
1.0452596834648884
1.044732751670284
1.041464445513948
1.0644724319739947
1.0644724319739947
1.0644724319739947
1.0639792488152204
1.0639792488152204
1.0614613531942254
1.0628603919668351
1.0676736302953078
1.0675562804124403
1.0662008967161927
1.0740466099018748
1.0746139084126676
1.0910575514200944
1.0910575514200944
1.0900424114369949
1.0831470417798819
1.0626281093416778
1.056332550526482
1.047479707863386
1.0324662626456476
1.0323846639452818
1.042700525259159
1.0479018141267895
1.0654472664787145
1.0701971849724916
1.0701971849724916
1.0668594249098025
1.0668594249098025
1.0686434593597323
1.0686434593597323
1.072136511723682
1.0732041480588583
1.0727947181750772
1.0661330959744344
1.0624479458305631
1.071091682724848
1.071091682724848
1.071288173299497
1.0705359582055844
1.0728070284048923
1.0666206590822347
1.0672043677571907
1.0914412501200061
1.0952850891688495
1.1055912957724536
1.1011262496249226
1.1004015494620902
1.1111453315843816
1.109164699528378
1.118931897240731
1.1167007629883545
1.1167007629883545
1.1154835675954422
1.116003413987828
1.116218729267829
1.1237026310280682
1.128522281103765
1.1380214041393408
1.1405419575031788
1.1395820663280725
1.139860772044606
1.1414713255540627
1.1414713255540627
1.1414713255540627
1.141455542037302
1.1401939595939214
1.1400363342497037
1.1366239606645883
1.1446107300739308
1.1455467681966975
1.1535834702578214
1.1535834702578214
1.1464179630921931
1.1472845660457203
1.1472845660457203
1.1451110670925144
1.1458411188592086
1.1449783255147465
1.1624401213544076
1.1580291260509363
1.1592763301656643
1.1592763301656643
1.1599227806608547
1.1411725542284277
1.1398686035477112
1.1299983173420252
1.1200880567641178
1.1227965286674813
1.1213546301362947
1.1393359125026854
1.1313456178422725
1.1265147159985485
1.1265147159985485
1.1406466788752574
1.1438777057692693
1.1450424016780425
1.143548127567971
1.1394467004082638
1.1330352344544674
1.1258807320207167
1.123726470309641
1.1242007200831396
1.1313592290799557
1.1313592290799557
1.1287530443326679
1.1287530443326679
1.126317401926488
1.1093926566165098
1.1137093557195066
1.1137093557195066
1.0930404594797043
1.1093628209271984
1.1018296459187258
1.100552157383633
1.1088695861165025
1.1106195968647345
1.1066846137003086
1.1249726524013204
1.1457537446464825
1.148214058202277
1.1376069074521078
1.137579219391889
1.1439411175587688
1.1420350031792856
1.142465330371069
1.142465330371069
1.139232933511832
1.139232933511832
1.138424604015709
1.1315923667171501
1.1232056647315838
1.122960491966375
1.1259249812444008
1.1259249812444008
1.1207655092864477
1.1207284593481277
1.1212250141436166
1.1099933070796375
1.114593257998862
1.1097814106906465
1.1125407983509779
1.1125407983509779
1.0903097796252974
1.0903097796252974
1.084426211564377
1.0818361428626007
1.083546948504436
1.083546948504436
1.0798973736923432
1.0649693480687186
1.0580791557633753
1.0570529487317515
1.0598134939235893
1.0598134939235893
1.062454200902969
1.0632674225034342
1.0624367097149026
1.0624367097149026
1.0503776796218327
1.0392992980808227
1.0430204345987273
1.0326931348067976
1.0442151581869374
1.0449014169523267
1.0593652543619283
1.058902216219695
1.0569199172926436
1.056920892255973
1.0571392291512485
1.0556612871763327
1.056645169374986
1.051888109191995
1.051888109191995
1.0496197110368162
1.0522663669850292
1.04949459706654
1.0480313820425122
1.0395072508992138
1.045386730936825
1.0452149943952898
1.0410859075711214
1.0410859075711214
1.0410859075711214
1.0375905040379618
1.0474654988565268
1.0414360220120382
1.0401250419577104
1.0399804861085435
1.0404325706304107
1.0428210943457805
1.0455449578603404
1.0529847806871255
1.0522870904120192
1.0522870904120192
1.04993425526797
1.046715908289989
1.0234523381273128
1.023843152184773
1.0318675636706232
1.0271421959987965
1.0222769265651492
1.0241320589857177
1.0158202523465811
1.0158202523465811
0.9746340661170626
0.9568077948259338
0.9571040524762794
0.9580785904534929
0.9634534838088821
0.9634534838088821
0.9628035324051387
0.9619527408811988
0.961475181342342
0.961055141204258
0.961055141204258
0.9640722855993296
0.9640722855993296
0.9612204334227391
0.9702194066663656
0.970493403846808
0.9696232453500481
0.9731327674484801
0.9729817812730651
0.9729817812730651
0.9729817812730651
0.9642590209464386
0.9656866765670706
0.952656825592167
0.952656825592167
0.9549336186226332
0.9549336186226332
0.9329619612749839
0.9331869225503854
0.931174153495051
0.9310977624481201
0.9253717553597595
0.923970488505142
0.9166445333956891
0.9137484535729216
0.9137484535729216
0.9137484535729216
0.9137484535729216
0.9137484535729216
0.9104851036902074
0.9167060806485471
0.9170298582392347
0.9170298582392347
0.9031955413522448
0.9041062948088425
0.905257230514649
0.9108691455202873
0.9129220638311345
0.8805774254742854
0.8805890566669242
0.8799494385480712
0.9084449394002777
0.9104771564583493
0.9035181133977592
0.9073011141763914
0.9097067860845941
0.9094463227632188
0.9111304307403671
0.900903366237868
0.8999089787801227
0.9028113906304006
0.9028113906304006
0.8853634901639804
0.8812696570139914
0.8830619868889102
0.8830619868889102
0.8850273418494142
0.8690878156568707
0.8690048724061603
0.8393802871739364
0.8393802871739364
0.8573303990141365
0.8583530903163452
0.8534323203780394
0.8577349903618281
0.8577349903618281
0.8577349903618281
0.8694284954041777
0.8612266729340753
0.8791016930206256
0.8813765656693094
0.8807701659750105
0.8663948392054922
0.875232570909596
0.874715771835968
0.8691034107807207
0.8758084682469666
0.8758084682469666
0.8681917096684866
0.8416983770636944
0.8403349815950903
0.8320037267783587
0.8320037267783587
0.8359568829681933
0.8359568829681933
0.8349968712030623
0.8373052276385912
0.8244604232399289
0.8213026384907707
0.8213026384907707
0.8168975281399808
0.8168975281399808
0.8205383706217656
0.8107665555371942
0.8107665555371942
0.8072271444804658
0.8073444580371665
0.807587997925124
0.807587997925124
0.8015631396791034
0.7891728033655327
0.7907980847167742
0.7871759033589298
0.7867611622128728
0.7888075540141675
0.7890944686466925
0.7890944686466925
0.7890233858310186
0.7890233858310186
0.7868097214613051
0.7872757128815365
0.7805640524697892
0.7793600518093906
0.7780173810025406
0.7769412773107094
0.776522840488348
0.776522840488348
0.7718687481258827
0.7718687481258827
0.7682289191286698
0.7714773119268529
0.7720964223377469
0.7729292313508721
0.7721545441821231
0.7700296457888844
0.7700296457888844
0.7638327171763574
0.7652509905724799
0.7652509905724799
0.7663960182575857
0.7661937490062805
0.7661937490062805
0.7661937490062805
0.7735706183530033
0.7723861504329875
0.7725940473649391
0.7782224620967196
0.7749990956298622
0.7750764401613558
0.7742036962816254
0.7742036962816254
0.7574862710476776
0.7604942411317032
0.7661010394506297
0.7711228955155254
0.7659698398391365
0.7606999313839392
0.7569237760865648
0.7493110607754979
0.7384666744108344
0.7238318714756852
0.6918767475721819
0.7037472716265903
0.703559496963858
0.7052750161250445
0.7052750161250445
0.7004269159666207
0.6992695929245457
0.6992695929245457
0.6992695929245457
0.7030139436514258
0.7078269023410276
0.7076888626709533
0.7152464738400602
0.7139543655135205
0.7177489914110967
0.7179997753260384
0.7180782181853589
0.7228334006989466
0.7223221454376176
0.7207539247406978
0.7191878803792725
0.7105079041227096
0.7040296194909024
0.7040296194909024
0.7040296194909024
0.702864615585533
0.6964801768108776
0.6993678463499642
0.6972976523855101
0.6928193592624127
0.6917022163231873
0.7058210056695772
0.7074560404588421
0.7062709054807889
0.7044349115218012
0.7131526822020681
0.7163032313027426
0.7160842247486602
0.709049665001452
0.7097101166040228
0.7081958703873547
0.7060051601114528
0.7073130112091107
0.7117603355333606
0.7117603355333606
0.7117603355333606
0.7117603355333606
0.7235025340907933
0.7332051062643504
0.734445348030914
0.7192550387949457
0.7283173568693025
0.7605584895159878
0.7511351825947437
0.7742028798167698
0.7841887933587552
0.7845037038861128
0.7845037038861128
0.7845037038861128
0.7860986549821138
0.7861088610973186
0.7861088610973186
0.7856321545495234
0.7859428620399238
0.7882564538405273
0.7855568011095968
0.7855568011095968
0.780847052655433
0.780847052655433
0.788710877910852
0.7959147797531788
0.8037703284257633
0.802660648280451
0.8025987081178863
0.8026583619831336
0.806151097713918
0.806151097713918
0.806151097713918
0.8090696213704771
0.809018225045895
0.8203295483790062
0.8203295483790062
0.8138163696392803
0.8138163696392803
0.7998139531911278
0.7998139531911278
0.7986852984768759
0.7998067480931709
0.7998067480931709
0.7992146686861052
0.7992146686861052
0.7992146686861052
0.7882992387751625
0.791160111778549
0.802726279722564
0.795197564432864
0.7952477621136828
0.7952477621136828
0.7961452902358418
0.7961452902358418
0.7972220295505056
0.7972220295505056
0.7999636477742134
0.7980266559567303
0.7980266559567303
0.7919092562936224
0.7768225664404363
0.7787970897065973
0.7787002899782054
0.7787002899782054
0.7787002899782054
0.7787002899782054
0.7787002899782054
0.7764990067040879
0.778925124915314
0.764791814158313
0.764791814158313
0.7725139603496438
0.7680479731209792
0.7693183464949053
0.7552646829976546
0.755559048904455
0.7522357045270431
0.7512796442423118
0.7367365837843086
0.7367365837843086
0.7367365837843086
0.7376793873859827
0.7376793873859827
0.7373319102126814
0.7370243937648111
0.7405087014320014
0.7405087014320014
0.7407119564018143
0.7383152140197098
0.7383041167121783
0.7425283915732096
0.7425283915732096
0.7426276302217231
0.7433148667411681
0.7522699532294781
0.7522699532294781
0.7494235720359372
0.7494235720359372
0.7494235720359372
0.7494235720359372
0.7494056020245623
0.7504182949605063
0.7480482470805075
0.7489682933153768
0.74839177703369
0.748070986050874
0.748070986050874
0.74795331470458
0.74795331470458
0.7530831392528777
0.7483180924963367
0.7438368431681482
0.7250112232416633
0.7250112232416633
0.7250112232416633
0.7251663387080062
0.7336384738227508
0.7336384738227508
0.7238751066903285
0.7245086408414139
0.7232740830652268
0.7251596770115442
0.7251596770115442
0.7361006778133908
0.7361006778133908
0.7361006778133908
0.7349993292985154
0.7420061479865561
0.7420061479865561
0.740928302279645
0.7364666962065518
0.7364666962065518
0.7397839941150688
0.7393588364431749
0.7393588364431749
0.7405856006532388
0.740821521908013
0.740821521908013
0.740821521908013
0.7393987244003949
0.7393987244003949
0.7352559273143153
0.7353071839484553
0.7431237086755361
0.7431237086755361
0.7431237086755361
0.7331842482258059
0.723060295214292
0.7240475175964072
0.7236278493591111
0.7204745921611677
0.7197471148526036
0.6961328136118614
0.670361191990591
0.6694246859467452
0.6696885347096133
0.6687429641726018
0.6777326796649629
0.6767130789854678
0.6767130789854678
0.6768770239915829
0.6767277727117671
0.6767277727117671
0.6767294824898212
0.6767447108955009
0.6767447108955009
0.6767447108955009
0.6802755814225727
0.6905602394641417
0.6939117200811006
0.6939117200811006
0.6939117200811006
0.6999151384841866
0.6963245662912112
0.6963245662912112
0.7015867459610338
0.7015867459610338
0.7027315720412135
0.7027315720412135
0.7025841164462981
0.697517488566346
0.694131868093937
0.6914523520308878
0.6914523520308878
0.6914523520308878
0.6845359636044591
0.6845359636044591
0.6813545113103641
0.6882658188285757
0.6882658188285757
0.6816496963449343
0.6816496963449343
0.6816496963449343
0.6816496963449343
0.6816496963449343
0.6818497376092135
0.6818497376092135
0.6816534188053309
0.6773635399783748
0.6773635399783748
0.6753145247733332
0.65470707135218
0.65470707135218
0.6489921471833585
0.6534716882745782
0.6550448428055118
0.6549961658263829
0.656129538732439
0.6567027833714738
0.6567027833714738
0.6567027833714738
0.658589976284105
0.658589976284105
0.658589976284105
0.6605801867727075
0.6673185578358412
0.6673185578358412
0.6667973162978919
0.6661490377907108
0.6657076473792487
0.658768018626763
0.6587578219973573
0.6505654256201093
0.6515067252004284
0.648392799996329
0.648392799996329
0.6490703006933058
0.648451698720019
0.6603751057975418
0.6596199482337674
0.6596199482337674
0.6596199482337674
0.6630285464925142
0.6630285464925142
0.6666133360338347
0.6672412936532126
0.6672412936532126
0.671295155089832
0.671295155089832
0.6587801964367335
0.6759867383760981
0.6726100012432519
0.6693503694164862
0.6693503694164862
0.6693503694164862
0.6693503694164862
0.6703249359654716
0.6703249359654716
0.6765123279791146
0.6765123279791146
0.6765123279791146
0.6732174552329379
0.6732174552329379
0.6733733830043951
0.6733733830043951
0.671470937618717
0.671470937618717
0.671470937618717
0.671470937618717
0.6827602049285111
0.6827602049285111
0.6767512936588945
0.6782447602672523
0.6782447602672523
0.6750856967905489
0.6710782304253502
0.6751109341209177
0.6842573303072222
0.6766010216198598
0.6766010216198598
0.6745292907691484
0.6809159634175127
0.6809159634175127
0.6809159634175127
0.6637008854753559
0.6637008854753559
0.6637008854753559
0.6619015407333674
0.6651253833544462
0.6721656363360186
0.6629494655925445
0.6577933063279707
0.6564414038176798
0.6412260583787635
0.6577246682034329
0.6571450409070551
0.6637587410805109
0.6637587410805109
0.6704406887254997
0.6704406887254997
0.6704406887254997
0.6704406887254997
0.6704406887254997
0.6704406887254997
0.6523370460139462
0.6523370460139462
0.642100367323553
0.64492183643595
0.643232424361895
0.643232424361895
0.6479286395218338
0.6543997336816989
0.6543997336816989
0.6543997336816989
0.6543997336816989
0.6573611600097156
0.6576240681495817
0.6576240681495817
0.6576240681495817
0.6522160754876335
0.6522160754876335
0.6428356640125733
0.6351742265567384
0.6351742265567384
0.647153524666575
0.6487087970824954
0.6476729081973343
0.6476729081973343
0.6460051658908846
0.6460051658908846
0.6463907360998856
0.6463907360998856
0.6463907360998856
0.6463907360998856
0.6484665189024317
0.6417921874488303
0.6435196922193297
0.6261099432073228
0.6261099432073228
0.6261099432073228
0.6197306919803843
0.6200160130948638
0.6200160130948638
0.6200160130948638
0.6200160130948638
0.6271782875078274
0.6271782875078274
0.6271225623550951
0.6197998696410555
0.6197998696410555
0.6197998696410555
0.6197998696410555
0.6197998696410555
0.6136711059284347
0.608611015023374
0.608611015023374
0.608611015023374
0.5855557182878103
0.5888227871840686
0.5899617475041219
0.5896028452138319
0.5896028452138319
0.5895958982838214
0.5913712246282619
0.5866418296414103
0.5865058817994534
0.5858421073918361
0.5809182117101346
0.5788763732450989
0.5766880856751739
0.5766880856751739
0.5791472753431923
0.5791472753431923
0.5791472753431923
0.5791472753431923
0.5654369247899105
0.5646986504217418
0.5646986504217418
0.5646986504217418
0.5668904997068509
0.5736167813029204
0.5736167813029204
0.5645703152711203
0.5650568435407396
0.5650568435407396
0.5650568435407396
0.5650568435407396
0.5650973361366728
0.5650973361366728
0.5650973361366728
0.5664731828297459
0.5664731828297459
0.5662990313940021
0.5678668924409758
0.5723719576360872
0.5763509457212377
0.5645703152711203
0.5645703152711203
0.5645703152711203
0.5645703152711203
0.5617856047440395
0.5617856047440395
0.5617856047440395
0.5616910085977315
0.5616910085977315
0.5616910085977315
0.5643882744699
0.5643882744699
0.5643882744699
0.5643882744699
0.5643882744699
0.5644517237221269
0.5520708578480068
0.5520708578480068
0.5520708578480068
0.5520708578480068
0.5520708578480068
0.5544259676612747
0.5509730154290613
0.5509730154290613
0.5640941782725232
0.5640941782725232
0.5640941782725232
0.5640941782725232
0.5640941782725232
0.5640941782725232
0.5640941782725232
0.5615994177889798
0.5615994177889798
0.5615994177889798
0.5613380650759674
0.5613380650759674
0.5613380650759674
0.5613052538016586
0.5614765498824779
0.5614765498824779
0.5614765498824779
0.5614765498824779
0.5581552612614575
0.5352209025770276
0.5352209025770276
0.5352209025770276
0.5352209025770276
0.5352209025770276
0.5352209025770276
0.5352209025770276
0.5352209025770276
0.5352209025770276
0.5352209025770276
0.5326704259503572
0.5326704259503572
0.5326704259503572
0.529898373069116
0.529898373069116
0.529898373069116
0.529898373069116
0.529898373069116
0.529898373069116
0.529898373069116
0.529898373069116
0.529898373069116
0.529898373069116
0.529898373069116
0.529898373069116
0.5255770694599585
0.5255770694599585
0.5255770694599585
0.5255770694599585
0.5255770694599585
0.5255770694599585
0.5255770694599585
0.5255770694599585
0.5172467170197285
0.5226292388215013
0.5143502107358371
0.5143502107358371
0.5143502107358371
0.5143502107358371
0.5143502107358371
0.5142432019549399
0.5142432019549399
0.5142432019549399
0.5142432019549399
0.5156553788907549
0.5156553788907549
0.5156553788907549
0.5156553788907549
0.5156553788907549
0.5156553788907549
0.5132944461012054
0.5132944461012054
0.5132944461012054
0.512450702692567
0.512450702692567
0.500926432776619
0.500926432776619
0.500926432776619
0.500926432776619
0.5008260503501853
0.5008260503501853
0.5008260503501853
0.5008260503501853
0.5008260503501853
0.5008260503501853
0.5008260503501853
0.5008260503501853
0.5008260503501853
0.499060387469007
0.499060387469007
0.499060387469007
0.499060387469007
0.499060387469007
0.499060387469007
0.499060387469007
0.4814304950492281
0.4814304950492281
0.4814304950492281
0.4814304950492281
0.4814304950492281
0.4781465864283255
0.47590625038280787
0.47603427275914484
0.455493970106964
0.455493970106964
0.455493970106964
0.4534303047598023
0.4534303047598023
0.4534303047598023
0.4534303047598023
0.4534303047598023
0.4534303047598023
0.4361674430221028
0.4361674430221028
0.4349906512231797
0.4349906512231797
0.4349906512231797
0.4349906512231797
0.4349906512231797
0.4349906512231797
0.4349906512231797
0.4349906512231797
0.42474762482777245
0.42474762482777245
0.42474762482777245
0.42474762482777245
0.42474762482777245
0.42474762482777245
0.42474762482777245
0.42474762482777245
0.42474762482777245
0.42474762482777245
0.42474762482777245
0.42279470857850804
0.42279470857850804
0.42279470857850804
0.42279470857850804
