1.7038819169181274
1.5370134948985477
1.5503263242310499
1.5448673919975695
1.5399472286489326
1.5399472286489326
1.5347662337020742
1.5325317522529063
1.5216594457483565
1.5201543917588822
1.5157607843064371
1.5144526166973657
1.5153458432789033
1.5320899192498671
1.5337669352179426
1.5198834937483972
1.5198834937483972
1.5198834937483972
1.519484294544743
1.5083326187854298
1.5083326187854298
1.507423046450055
1.508719453799214
1.5078929459381538
1.5076729903061343
1.5076729903061343
1.5076729903061343
1.5023936883015219
1.4943866621081403
1.501373665234936
1.5015091328210604
1.5082641825858647
1.508013864511783
1.508013864511783
1.5071633844087142
1.5085214552771418
1.5086517358066585
1.505742821815251
1.5097605766616222
1.5086918811378094
1.4871793928090835
1.4897854863148088
1.5029969733246569
1.4888680697961665
1.4842702069098372
1.48123205138039
1.4943541632448731
1.4938699338156618
1.4981251578528143
1.4915567462371357
1.488094820127641
1.4872991213032805
1.4835837554607694
1.4784276623518804
1.4794511321547192
1.4795088049180374
1.4816680806943145
1.4813878446565414
1.4843093782687253
1.4874391110524845
1.4660836297324613
1.4677933454862098
1.468809850304145
1.4678416268041017
1.4678416268041017
1.4661331561927904
1.4716082604042382
1.4597606322599754
1.4597606322599754
1.468519718912225
1.4715283821325653
1.4669692384935245
1.4669692384935245
1.4661602305573376
1.4662084594896458
1.466481118578514
1.4739728193954436
1.4739728193954436
1.4739728193954436
1.477180637270822
1.477180637270822
1.4853435840095948
1.4770514528925263
1.4588053597077093
1.4570009827328498
1.4429414297804717
1.4399196981329814
1.4428196297901008
1.4372157830180778
1.4445428428210791
1.4256244701904741
1.4209081572165998
1.4209081572165998
1.4018805432744201
1.4006675723301072
1.4048783793231734
1.4089920210089455
1.4119195075774613
1.4147375868076484
1.4078706398770018
1.4093254287535832
1.404857050668937
1.4053921702850916
1.401569406532213
1.3999373717969754
1.4169099094658757
1.4125604310056339
1.409328789782277
1.409328789782277
1.4059610500621622
1.4012969692403936
1.3835605785033538
1.3835605785033538
1.3826197341628919
1.3589354020077173
1.3387302700610788
1.3387302700610788
1.3442765941295272
1.3302701907679417
1.3283050247849364
1.33159396741942
1.3082349902216204
1.2992661813873474
1.2992661813873474
1.3043221156374356
1.3043221156374356
1.3106226015001796
1.3030852393061934
1.3030852393061934
1.3030852393061934
1.3022544507299365
1.3022544507299365
1.3042635492863526
1.3062692824591577
1.3044101258857366
1.3081672672824305
1.3081672672824305
1.3081672672824305
1.3081672672824305
1.314891391907281
1.3273103719313006
1.324949247313625
1.3324602253248217
1.3443256705199265
1.3326412677195618
1.327391807142996
1.3275787437745485
1.3275787437745485
1.3256027882487988
1.3256027882487988
1.320384704390317
1.3208901956496129
1.3230047224900587
1.3230047224900587
1.3261594802803043
1.309776679324514
1.309776679324514
1.3115455410393793
1.3114410374167156
1.291761685020378
1.2908644332415264
1.2785303424875225
1.2785303424875225
1.2773610565165732
1.2840684287854442
1.2842991107827157
1.2842991107827157
1.2847304925103764
1.2684827791551705
1.2690259401707318
1.2825339500117403
1.281384264946149
1.3052260818881027
1.3105451841908045
1.3057812333434367
1.3059117668282487
1.3022930008136653
1.303373772310523
1.308232514948814
1.3028933924246917
1.297741867617658
1.295273340846397
1.2870240326480056
1.2944303592626063
1.28298641791818
1.3088786513245436
1.295997506178349
1.2944212752833266
1.300841950604352
1.3020564612531291
1.3144582206772266
1.3144582206772266
1.3187673569611447
1.3244368561417381
1.3143716228988434
1.3143716228988434
1.3143716228988434
1.3109984542162505
1.305255232748771
1.3040146478283394
1.2983033638365302
1.2983033638365302
1.2699461699522958
1.2428487125920311
1.2379847934810102
1.237745982950282
1.2479888330305051
1.2483789801782876
1.2456102401457925
1.2292343692056569
1.2285565372573855
1.2255354894317627
1.2217092251998851
1.2217092251998851
1.2097897494721521
1.1973522743937695
1.203501398758623
1.1963574032618447
1.1822950229227664
1.1794942930926506
1.1789246076914297
1.1896021453507535
1.1908860147632414
1.198212786647542
1.1948994752427717
1.1881532279612008
1.17886053247416
1.17886053247416
1.173082103605414
1.1628595357246942
1.1628757658264874
1.1628543451069504
1.1615543246533344
1.1614765464059187
1.157483597732118
1.1573178906727555
1.1550331137432839
1.1550331137432839
1.1502557792412835
1.155559758257832
1.157067858737616
1.157067858737616
1.150432179876291
1.1464916850927378
1.1534360425145078
1.1543084401271066
1.1414092846779686
1.1414092846779686
1.1414092846779686
1.129133550459388
1.1112630466491829
1.1112630466491829
1.1045835865085574
1.1013919948002588
1.0920188614811583
1.0905341788921743
1.0942847922209376
1.0946758088655495
1.079403530339422
1.0647070842518616
1.090855721468131
1.090855721468131
1.090685383031781
1.1028065224305819
1.1017545535512363
1.1017545535512363
1.1100257586085593
1.1101582463412292
1.1075063052568797
1.1075299099466087
1.1120663815334566
1.1082075829622005
1.1174985158289121
1.1099927959909517
1.1067937813936162
1.1067901664366502
1.1125558950487753
1.1101233452797974
1.1089705681934134
1.1068496455786783
1.1142509826595093
1.1172817500022987
1.1166207728004827
1.1087768035006764
1.0985879992772425
1.0985879992772425
1.0985879992772425
1.0985879992772425
1.1002488205024095
1.1021126455897658
1.1021126455897658
1.1045746985960796
1.10551324542837
1.1081870732792385
1.1081870732792385
1.0911716563760159
1.0911716563760159
1.0955811998547886
1.0911696564344713
1.0904305643646315
1.0904305643646315
1.0983422883981546
1.0976069835858542
1.1093507159910583
1.1084054861022266
1.0857470088795598
1.0857470088795598
1.0857648686536543
1.1047233355463453
1.0889318890346456
1.0889318890346456
1.0914569746038878
1.0835106231545681
1.0708689959059081
1.066191867282201
1.0603961713728762
1.0627751316771425
1.0457821858772702
1.0618429538971668
1.0596600150037536
1.0596600150037536
1.057725681624126
1.0569467765556706
1.0589658262527901
1.0631985065417036
1.0698475891766734
1.069801724805698
1.0614982308405276
1.0445155744210626
1.0473949587900753
1.0472845181364425
1.0678865217360831
1.0842450037583096
1.081155455667785
1.0931585383030478
1.1071240411858891
1.109948610477439
1.109948610477439
1.1018047976371932
1.091169923803875
1.0924615048288426
1.0924615048288426
1.0924615048288426
1.0887958633401262
1.0928156539475442
1.0983747545952445
1.097501293236606
1.0907639462598082
1.0938051188322004
1.0903322945772036
1.1065936599121466
1.1074158469342015
1.1101608635049207
1.1101608635049207
1.11298050896429
1.11298050896429
1.1293587851461941
1.1284793193767146
1.1371717935795025
1.1370923942680278
1.1300112847934962
1.1267298169700055
1.1255754233784745
1.1255761243796163
1.1277131667483355
1.1288566213323643
1.1288566213323643
1.119356346023448
1.109303036965155
1.0850381415771824
1.0931466613156307
1.0850055922316308
1.093084179664856
1.1019480715756695
1.0967795952878459
1.093233657966832
1.093233657966832
1.086462448549863
1.086462448549863
1.086462448549863
1.086462448549863
1.0888782238665244
1.0864984220879215
1.0872005214885165
1.0872005214885165
1.0923640448109626
1.0880944822585015
1.0869075144354847
1.0977862471375732
1.0924114790394273
1.0894196696390248
1.0701711579948512
1.077889848087509
1.077889848087509
1.0815826451711756
1.0815826451711756
1.0715019181383132
1.0707735947627073
1.065825063426068
1.0573954434955806
1.0573954434955806
1.0573954434955806
1.0660493352141813
1.0405018793907752
1.037684832711691
1.037684832711691
1.0197197000014153
1.0156227992304123
1.0163549832619263
1.0163549832619263
1.01629771153767
1.0232682577791647
1.026556920822184
1.016839445853574
1.0175652236257249
1.0167326363809237
1.0137049068405357
1.016307434456219
1.0073522030397937
0.9930270267352749
0.9930270267352749
0.9930270267352749
0.9929572212418522
0.994142089298151
0.9948788580423803
0.9944613769599646
0.9974899880234769
1.0120963081536491
1.002784088454936
0.9826201624181459
0.9826201624181459
0.9826303645597215
0.9827466270807402
0.9827466270807402
0.9828605745071834
0.9811088587643015
0.9802396620313305
0.9795989335523853
0.9795989335523853
0.9795989335523853
0.9798057213370075
0.9798057213370075
0.9695759210544755
0.9694679861622213
0.9708701932553708
0.9707309165772814
0.9719031490808159
0.9721612759860612
0.9721612759860612
0.9703064975156158
0.9692441779767599
0.9657578355294592
0.9548148664203908
0.955276354953019
0.9593528784440727
0.9651434184193726
0.9567449443025421
0.9554589992592168
0.958981140199589
0.9550711235136802
0.9548111472011611
0.9538903827391368
0.9542058278971887
0.9525664830293729
0.9525664830293729
0.9746512675848525
0.9746512675848525
0.9874564362102893
0.9874614596673832
0.9888979892382966
0.9935030475247077
0.9935030475247077
0.9941517371392271
0.9924456757373528
0.9904971954965963
0.9966264557385742
0.9956695653865129
0.9945190289430178
0.9974538169169218
0.9974538169169218
0.9974538169169218
1.0030028124292474
1.0025647395905464
1.0008930754508327
1.021521343363296
1.021521343363296
1.0216217641786087
0.9970416832220514
0.9984445343270176
1.0021173259754097
1.0021173259754097
1.0215486023888847
1.0161839397467047
1.000647128386978
1.000647128386978
1.0031943623557835
1.000368324416885
0.9902219273397002
0.9818426801008585
0.9816339791577153
0.9816339791577153
0.982668032133679
0.9824698277924291
0.9868701896777062
0.9868701896777062
0.9949743546845993
0.998414858812495
0.9707260828356852
0.9708203429034103
0.9708877227206235
0.9693695444018878
0.9733039430543239
0.9733039430543239
0.9733039430543239
0.9723668100723736
0.9723668100723736
0.9723668100723736
0.972463944610146
0.9549223542735361
0.9749930808981923
0.9749930808981923
0.970063572153243
0.95581247602485
0.9639208090428294
0.9639208090428294
0.9448356965589888
0.9437148428685042
0.9371143747552904
0.933486462676889
0.9239533175093254
0.923774328680464
0.923774328680464
0.9246206917644214
0.9211963220239842
0.9215038711461576
0.9046990172338294
0.9006297478177829
0.8938135172578227
0.8949861931013932
0.8797703569987307
0.883531760610322
0.885013232898985
0.8833903166981033
0.8833900649856681
0.8828280420049738
0.8819277029236018
0.8820044187008248
0.8789704834468777
0.8842504631961122
0.8527757238709692
0.8555202918951502
0.8577995215869985
0.8587702654670335
0.849107326144688
0.8489510324374625
0.8350280049624978
0.8345750401521714
0.846620603967265
0.8445591118947708
0.8392066823174453
0.8443418761901095
0.844342750510864
0.8444087173320524
0.86451428502781
0.867077491708517
0.8691505595077414
0.8744920066921545
0.8712804768288919
0.8716500718489809
0.8654187669477091
0.8767712626536569
0.8753149276765575
0.871188425691303
0.8837375796476984
0.8837375796476984
0.8892253506833246
0.8838062424240288
0.8838062424240288
0.8834520641591446
0.8732147818477155
0.8758258996423762
0.869152368583272
0.8754924254691835
0.875875058529111
0.873547965776623
0.8795387065896096
0.880100352010043
0.8809416285791143
0.8799093866299008
0.8825087110970354
0.8825087110970354
0.9170429556350785
0.9170429556350785
0.935212971890432
0.918626041484934
0.9125200561052802
0.9101044286717628
0.9161521898165474
0.8987672864812709
0.8991369938408866
0.8979403693196129
0.9029196935516056
0.9029196935516056
0.9022516751272356
0.8914405574702892
0.8970650199312643
0.8910351550756485
0.8906330905112296
0.8910327497908772
0.8916832420921924
0.8925440832346356
0.8925440832346356
0.8873309722543544
0.8833500507106894
0.8940300065439972
0.9073206385406796
0.9042165966644754
0.9036095346256665
0.8965357404178885
0.8803625883998413
0.8786008651635249
0.8804366631749653
0.8804366631749653
0.8781585363585801
0.8781585363585801
0.892177121249081
0.8856387673751273
0.8793510729185383
0.8737630086197664
0.8673397009197734
0.8658735658330765
0.8658735658330765
0.8664601861005132
0.8798563487396153
0.8671048391919137
0.8669296762962139
0.8669296762962139
0.8666966973707361
0.8666966973707361
0.8666966973707361
0.8606382591246757
0.8606382591246757
0.8626422043194867
0.8605421263640392
0.8621365180669782
0.8594375231939518
0.8714030431353582
0.8718070560946577
0.8711064937799302
0.8896723252225819
0.8938253327340602
0.892770727114715
0.8817836269782082
0.8817836269782082
0.8807032892274438
0.8812437053755096
0.880531437260021
0.8839286646212284
0.8839286646212284
0.8584498981987442
0.859179123639604
0.8695346716643346
0.8842982146154679
0.8842982146154679
0.8842982146154679
0.8842982146154679
0.882033276034192
0.8889557698210596
0.8889557698210596
0.8895940560414707
0.8901755298512224
0.8901755298512224
0.8901755298512224
0.885132949698117
0.878633959037361
0.8779323617385776
0.8636387703332506
0.8562054029521813
0.8570470431453138
0.857456251670843
0.8551298364910269
0.8562943509580357
0.8574097109261427
0.8494772075137023
0.8561632590495273
0.8543205622396473
0.8543205622396473
0.8531564137283011
0.8528839494146071
0.8492939378421485
0.8492939378421485
0.8440321312024988
0.850452754014602
0.8532472383856681
0.8532472383856681
0.8507484653259967
0.8507484653259967
0.8454048086262889
0.8531559586354163
0.8549100993262821
0.8560224799713523
0.854748101708057
0.854748101708057
0.8703810944986556
0.8712689326449193
0.856819310537275
0.850896314616759
0.82360438333535
0.8236369240641872
0.8387255961204183
0.8534182971903334
0.8424053446728094
0.8391344412635258
0.8391344412635258
0.8350976670148721
0.8350976670148721
0.8350976670148721
0.8298383374322966
0.8298383374322966
0.8188998746776829
0.8266182411318213
0.8278894733496934
0.8366441948167611
0.825662278651984
0.8267078718033923
0.826774717979648
0.826774717979648
0.8319391760981898
0.8319391760981898
0.8319024855958678
0.8435976634957016
0.8435976634957016
0.8295851420167952
0.8324744041631558
0.8383077348265807
0.8400793001450576
0.8400793001450576
0.8180203177963821
0.8186925201526583
0.8182742409459782
0.8195854240476829
0.8239162519176862
0.818444540275591
0.8174606686087217
0.8115308907918517
0.810853047363115
0.8238587145151719
0.8238587145151719
0.8175020931341376
0.8368917079800087
0.8452251807441752
0.8508220380318173
0.851496676013152
0.855711970874097
0.8551398239046275
0.8566363298954325
0.8535911211788082
0.8605046882433284
0.8647505868491691
0.8647505868491691
0.8646688672957232
0.8598798887576545
0.8598798887576545
0.8565901046378579
0.8605909400735033
0.8605909400735033
0.8605909400735033
0.8674350328358738
0.8674350328358738
0.8666058294500052
0.8667501951489163
0.8628378333789323
0.8714622269263038
0.8673532572060163
0.8792122371793364
0.8867949374640417
0.8867949374640417
0.8837575781372158
0.8742255474782642
0.8742255474782642
0.8628766320857753
0.8430673687872193
0.8430930437734134
0.8430930437734134
0.8440333171565134
0.8425992440020704
0.8450370627965998
0.838801457475883
0.838801457475883
0.838801457475883
0.8168730671645772
0.8046071823714366
0.8003099747205848
0.8003099747205848
0.8074353541345576
0.8159142198837024
0.8147221733989573
0.7928746377347287
0.7928746377347287
0.7936247874136465
0.7829156121663601
0.7874369691722941
0.7835387389746153
0.7819869234619381
0.7819869234619381
0.7817275890108799
0.7759284782203005
0.7672894419665681
0.7663907271888107
0.7663907271888107
0.777265331717288
0.7811555391406554
0.7768939127482717
0.7768939127482717
0.7675216630006845
0.7671625746896077
0.7671625746896077
0.7668363846022037
0.7395453026741764
0.738785905625149
0.7231067891219105
0.7045685046167246
0.7045685046167246
0.7105913020521933
0.7052245790199385
0.7102956842710039
0.6799679987024482
0.6725774092469997
0.6699952375475968
0.6699952375475968
0.6668046301005195
0.6668046301005195
0.6721868386221646
0.6721868386221646
0.6721868386221646
0.6721868386221646
0.6798835391586145
0.6716628764541814
0.670649290584894
0.6699568860733088
0.6675282809739523
0.6675282809739523
0.6670344457200489
0.6695291455615545
0.658085417799187
0.6510645066921465
0.6551130209218434
0.6509441820396653
0.6509441820396653
0.6511075458061676
0.6496981461856395
0.649804422733746
0.649804422733746
0.6429878001286079
0.6428640533711962
0.6436546259881065
0.6295170750655094
0.6295170750655094
0.6295170750655094
0.6295170750655094
0.6295170750655094
0.6295170750655094
0.6295170750655094
0.626322991055756
0.6275428979443343
0.6355474626456603
0.6379214455700647
0.6390462750398481
0.6390462750398481
0.6425250078901982
0.6463395309827382
0.6458694003852945
0.6373593828246533
0.638509411636927
0.6385369885942332
0.6385369885942332
0.6386818156721159
0.6478023297749517
0.6478023297749517
0.6438311768291902
0.6590872840876811
0.661545098316888
0.661545098316888
0.6669714362919338
0.667792354275684
0.667792354275684
0.6781055078794307
0.6781055078794307
0.6859656263371839
0.6859656263371839
0.6859656263371839
0.687938541422516
0.6835888420395703
0.6835888420395703
0.6732867593498818
0.6703412512922018
0.6487757739498847
0.6373671618676413
0.6375050982229863
0.6386565106331084
0.6386565106331084
0.6423186084109727
0.6416042491971233
0.6578269739181473
0.6503166147819116
0.6476047192849396
0.6610614978350499
0.642902953133385
0.6421922334824898
0.6391901136020202
0.6539283419910521
0.6488138799833109
0.651193728244193
0.6511147211391761
0.6539220901150494
0.6539220901150494
0.6553973863966884
0.6622872774733711
0.6622872774733711
0.6814860340349306
0.6811640231755629
0.6754774273249833
0.6698668250149231
0.6698668250149231
0.6698668250149231
0.6614939895913342
0.6710276684936852
0.6710276684936852
0.6701901813617906
0.6637480930554394
0.6567401737350177
0.6567401737350177
0.6744654681209914
0.6690184202663093
0.680940870262489
0.6794094179561329
0.6570605534894284
0.6583192632325262
0.6561820524703541
0.6366980686563244
0.6299218104160615
0.6299218104160615
0.6267765774163991
0.6232117556715512
0.6232117556715512
0.6232117556715512
0.6231554634258579
0.6231554634258579
0.6230000286314047
0.6230000286314047
0.6133904438702786
0.6140199252920177
0.6011469694857449
0.6058938424694746
0.5998732048202571
0.5805136005645691
0.5805136005645691
0.5801399421438269
0.5779750394994164
0.5779380622051081
0.5834622016979034
0.5813783877275873
0.5725255699658451
0.5712856732966511
0.5699012981633466
0.585088629608575
0.5730010849758399
0.5733962206958645
0.5733962206958645
0.5735086307627838
0.5757409653079674
0.573405771281107
0.5731372597333393
0.5809828953027577
0.5779842365559167
0.5662355610733125
0.5662355610733125
0.5987777702912427
0.5986136237303216
0.5986136237303216
0.5986136237303216
0.5986136237303216
0.6016548046001744
0.6093953783311936
0.6056717481103192
0.5965738905722547
0.5965738905722547
0.5928788224869181
0.5927095693123163
0.5932133716630454
0.5932142400697814
0.5953386621144723
0.5953386621144723
0.5935225757515774
0.608948652820146
0.6079918273860617
0.6079918273860617
0.6120625110112516
0.6107699000355673
0.6107699000355673
0.6107699000355673
0.6104193261669149
0.6104918919962563
0.6104918919962563
0.6104918919962563
0.6104918919962563
0.6104918919962563
0.6105526310685555
0.6089466401063766
0.607841537025951
0.607841537025951
0.6236998140259776
0.6236998140259776
0.6255590849833192
0.6255590849833192
0.6260027826122867
0.6260027826122867
0.6275997360215828
0.6281800817546362
0.6281800817546362
0.6281800817546362
0.6281800817546362
0.6277299284638638
0.6277299284638638
0.6277299284638638
0.6277299284638638
0.6339998191566838
0.634261352398028
0.6276158197236509
0.6276158197236509
0.6349380024347899
0.6422886300975789
0.6422847151478546
0.6404451082127062
0.6428539860583389
0.6393278693359689
0.6386485394958432
0.6393600758998912
0.627976689333828
0.627976689333828
0.627976689333828
0.627976689333828
0.627976689333828
0.6360078877031574
0.6360078877031574
0.6360078877031574
0.6188748466704528
0.6120925336250006
0.6106172947106973
0.612031318876152
0.6029874351506359
0.6029035945266028
0.6136476928986786
0.6136476928986786
0.6136476928986786
0.6103865444004336
0.6052486723652054
0.6076469517189812
0.6051473022180108
0.6036553663376253
0.6033192107285791
0.6033192107285791
0.5978133840833544
0.5771283174481819
0.5768894669714972
0.5768894669714972
0.5768894669714972
0.5760964098811333
0.5755505572624027
0.5762730620876138
0.5771631766997664
0.581529397768284
0.574339332245637
0.578040041984967
0.577720459540154
0.5797988625648222
0.5796339875647275
0.5796339875647275
0.5949894032457753
0.5897873180873398
0.5899401323275423
0.5961983817038814
0.5961719382585134
0.5964579873553281
0.5964579873553281
0.5964579873553281
0.617024195174188
0.617024195174188
0.6261003311126554
0.6272694203277622
0.6281473254962602
0.6205327707749657
0.606187100849034
0.606187100849034
0.6113208313125144
0.6222492856362456
0.6222492856362456
0.6215272176887703
0.6039351582563707
0.6039351582563707
0.6095196310542803
0.6094594367740113
0.6088539182971147
0.6113724133938042
0.6088410571636038
0.6087917837871674
0.5964250019426592
0.5980672453850905
0.6023944630621255
0.6082025796297896
0.612434313748954
0.6078665336309363
0.6078665336309363
0.6078665336309363
0.606400729666719
0.5716957986659124
0.5717535642382834
0.5717535642382834
0.573786637492996
0.5640599710668798
0.5639772213755256
0.5640598697592121
0.567803124447594
0.567803124447594
0.567803124447594
0.567803124447594
0.5544707110638217
0.5541438915562741
0.5516653196624057
0.552455742748871
0.552455742748871
0.5420756413674404
0.539773405193577
0.539773405193577
0.5398416789504468
0.5398416789504468
0.5406964983323365
0.5406964983323365
0.5427653072458485
0.5368110837375849
0.5287104492638638
0.5290359255354755
0.5290359255354755
0.5291807632801873
0.5376089932914832
0.5471447391999439
0.539265386953386
0.5313267106991367
0.531325376337784
0.5322749433834854
0.5373926349610029
0.5380193257261228
0.5356470964808966
0.5091234454940736
0.5091234454940736
0.5065742507028542
0.505494185664099
0.505494185664099
0.5065929455360035
0.5055658196375764
0.5089781882128669
0.5089781882128669
0.5120330669492856
0.5120330669492856
0.4964866518203191
0.5035213254818218
0.5072284028619344
0.5072284028619344
0.5072284028619344
0.5072284028619344
0.5158179299819072
0.5131254629761736
0.5113650804898768
0.5113650804898768
0.5173574473350491
0.5173574473350491
0.5173574473350491
0.5173574473350491
0.5015040331566193
0.5015040331566193
0.5014601633807175
0.5014601633807175
0.4764274432101875
0.4764274432101875
0.4764677131063631
0.4764677131063631
0.4764677131063631
0.48059191661043094
0.48059191661043094
0.4634325127732756
0.4634325127732756
0.4634325127732756
0.4634325127732756
0.4634325127732756
0.44927520569708673
0.45016480635612166
0.4496181774311651
0.44494297640439967
0.44494297640439967
0.44494297640439967
0.44956665811738755
0.4430140545063223
0.4430140545063223
0.44348018703505976
0.4425650529748851
0.44444612427719704
0.44444612427719704
0.44444612427719704
0.44444612427719704
0.432619798919753
0.4244831097650157
0.4244831097650157
0.4244831097650157
0.42831973767205767
0.42626259111936704
0.42845172452683644
0.4311149438692693
0.44276524176043625
0.44276524176043625
0.44284941643609954
0.43423211796396965
0.4341112767300634
0.4341112767300634
0.4341112767300634
0.43295704488755654
0.4354295196118943
0.4263682713526661
0.4263682713526661
0.4293254885323479
0.4286930702425643
0.4229422638421911
0.4229422638421911
0.4227114257366196
0.42997762994316624
0.4132405061933846
0.3960467457228421
0.40696662508818704
0.4202318066129017
0.4189595642046618
0.4047126638264224
0.41931044711373744
0.4314288848947188
0.43548682841197384
0.43849874437132086
0.43849874437132086
0.43849874437132086
0.43667236575044893
0.43667236575044893
0.4247671758571573
0.42523531678033516
0.42534861356898085
0.4118047501629539
0.4122037105106271
0.4108885642746148
0.4119993402384948
0.4247108232339169
0.41638881821608775
0.42413570509082216
0.4253235973294114
0.42338151306260663
0.42438640961873836
0.428444205111415
0.4264364140002438
0.4260785688147848
0.4260785688147848
0.4224329899340414
0.40852811462001515
0.40852811462001515
0.40852811462001515
0.4036484916895049
0.4036484916895049
0.38826596661868773
0.38826596661868773
0.38652450258208976
0.38652450258208976
0.38652450258208976
0.38652450258208976
0.38554978790758837
0.3863924397078133
0.3882341990817481
0.3899837104319114
0.38888729650771675
0.3892067063885172
0.38953846642516826
0.38953846642516826
0.38420472601390515
0.3773525954354327
0.3773525954354327
0.39929133520226057
0.39929133520226057
0.39929133520226057
0.39929133520226057
0.4100353407871661
0.4100353407871661
0.40004390802115514
0.40527112939476273
0.40672263072729253
0.4083735129605711
0.4001391230667682
0.4001391230667682
0.4001391230667682
0.4001391230667682
0.3898947926175297
0.39243280198319686
0.39243280198319686
0.40544094754059046
0.40533745004306804
0.40533745004306804
0.40533745004306804
0.40533745004306804
0.40421018748564025
0.40421018748564025
0.40244623230909443
0.393049349701558
0.3836441922385706
0.3836441922385706
0.3836441922385706
0.3836441922385706
0.3840060917400034
0.3887632950057906
0.3887523096556757
0.38848676270723687
0.38848676270723687
0.38848676270723687
0.39419137554279804
0.4070502471330069
0.4094839852415095
0.3966035278514755
0.40150337109966067
0.4082643685304994
0.40341680723205403
0.40052079633860843
0.39377576054162905
0.39377576054162905
0.3961659653483385
0.3961701809265615
0.3961701809265615
0.3924758643735397
0.39099862876230224
0.39396665967836736
0.3935514419564029
0.3937133596157314
0.3937133596157314
0.41671730151024367
0.41671730151024367
0.41671730151024367
0.41671730151024367
0.41683102477231787
0.4160462444820869
0.41585770089303303
0.4115981231274442
0.41419238878413084
0.4215664757015117
0.414946180676001
0.41539831818081124
0.41463921901963063
0.41463921901963063
0.41463921901963063
0.41463921901963063
0.4210945836354419
0.4210945836354419
0.4214209123638396
0.4214209123638396
0.4232408784200129
0.4229175873430731
0.4229175873430731
0.4229175873430731
0.42345092304178045
0.40946741651087604
0.41319361856277165
0.42118143202018327
0.4217953495285035
0.43040204423304973
0.43037791146534266
0.43037791146534266
0.43224486617790636
0.428600828248215
0.428600828248215
0.428600828248215
0.428600828248215
0.428600828248215
0.4315565716529683
0.4315565716529683
0.4315565716529683
0.4315565716529683
0.4315565716529683
0.4272467156224125
0.4246315754761196
0.42497470380386965
0.43064128995019413
0.43064128995019413
0.43064128995019413
0.4300254639822324
0.44021378566755315
0.44021378566755315
0.4357969204665862
0.4357969204665862
0.437072422770932
0.4344339097447306
0.43855413223417744
0.4363411605479285
0.43928550179613435
0.44016112953390674
0.4477999993935326
0.4481701711894894
0.4481701711894894
0.44584393059572525
0.44584393059572525
0.44584393059572525
0.44584393059572525
0.43813005962243223
0.4390018851164023
0.4390018851164023
0.4390018851164023
0.43700557093356324
0.43700557093356324
0.4239122307185683
0.4358920697917901
0.4386597886863306
0.44476421096116736
0.44476421096116736
0.44476421096116736
0.4445303632017436
0.4512429462737888
0.453632236581501
0.4477973052596784
0.447193230479363
0.46069208078115764
0.46069208078115764
0.46069208078115764
0.4549169832503525
0.45533027229607426
0.45533027229607426
0.4698513355729204
0.44210615720717533
0.44210615720717533
0.44210615720717533
0.4398589069114706
0.4549427044127921
0.4549427044127921
0.3773525954354327
0.3786753635618787
0.3825313112194263
0.3825313112194263
0.3825313112194263
0.3825313112194263
0.3825313112194263
0.38135892145834344
0.38102953747542456
0.38102953747542456
0.38102953747542456
0.38102953747542456
0.38102953747542456
0.35531424195064043
0.34479060777778225
0.34479060777778225
0.34479060777778225
0.34479060777778225
0.34479060777778225
0.34479060777778225
0.3446567031825023
0.3446567031825023
0.32922001985633453
0.32628090518595726
0.3250711663346435
0.3250711663346435
0.3250711663346435
0.3250711663346435
0.3250711663346435
0.3104852566957914
0.3104852566957914
0.31549683145337243
0.307359884447075
0.307359884447075
0.307359884447075
0.307359884447075
0.307359884447075
0.3077518873441361
0.3077518873441361
0.3077518873441361
0.3077518873441361
0.3077518873441361
0.3075334308011955
0.3075334308011955
0.3075334308011955
0.3075334308011955
0.3075334308011955
0.3075334308011955
0.3075334308011955
0.3075334308011955
0.3095713890514428
0.3095713890514428
0.3083804265585843
0.3083804265585843
0.3083804265585843
0.3083804265585843
0.3083804265585843
0.3081332455328972
0.30014178454352064
0.30014178454352064
0.30014178454352064
0.30014178454352064
0.30109399575822204
0.30109399575822204
0.2994225643691096
0.2994225643691096
0.2994225643691096
0.2994225643691096
0.2994225643691096
0.2994225643691096
0.2994225643691096
0.29903878295085873
0.29903878295085873
0.29903878295085873
0.29594852558064416
0.29594852558064416
0.29594852558064416
0.29594852558064416
0.29594852558064416
0.29594852558064416
0.2849207618246409
0.2849207618246409
0.2816754247714239
0.2816754247714239
0.2816754247714239
0.2816754247714239
0.2816754247714239
0.2804941575134328
0.2804941575134328
0.2804941575134328
0.2807294156800632
0.2798404463709377
0.2798404463709377
0.2798404463709377
0.2798404463709377
0.2677839368493604
0.2677839368493604
0.2677839368493604
0.2677839368493604
0.2690135948689963
0.2690135948689963
0.2690135948689963
0.2690135948689963
0.2689380806617981
0.26899233585990456
0.26899233585990456
0.26899233585990456
0.26998336167369597
0.26998336167369597
0.2629449702957946
0.2629449702957946
0.2629449702957946
0.2629449702957946
0.2629449702957946
0.2676568039207657
0.2676568039207657
0.2676568039207657
0.2667216717309806
0.2667216717309806
0.2667216717309806
0.2667216717309806
0.267129606374062
0.267129606374062
0.267129606374062
0.267129606374062
0.267129606374062
0.267129606374062
0.2622547169198503
0.2622547169198503
0.25662245774491216
0.25662245774491216
0.2553106152693894
0.2553106152693894
0.2553106152693894
0.2553106152693894
0.2553106152693894
0.2553106152693894
0.2553106152693894
0.2553106152693894
0.2553106152693894
0.2354786041378466
0.2354786041378466
0.2354786041378466
0.2354786041378466
0.2354786041378466
0.2354786041378466
0.2354786041378466
0.2354786041378466
0.2354786041378466
0.2354786041378466
0.2354786041378466
0.2354786041378466
0.2354786041378466
0.2354786041378466
0.2354786041378466
0.23512727807288344
0.22994024727980775
0.22994024727980775
0.22994024727980775
0.22994024727980775
