0.0466667 -0.11304240052143943
-0.0866667 -0.1914931097487997
-0.3733333 -0.37224207669391307
-0.1533333 -0.04550278676250122
0.0366667 -0.017451120076921872
0.0066667 0.058424772128358726
0.7633334 0.9198076574998948
0.61 0.576358669092472
0.3833334 0.32051991588563855
-0.28 -0.24260331855033374
0.56 0.5500244831034933
0.1633333 0.11643132414472512
0.1266667 0.10016745943565405
-0.71 -0.7505894139426469
0.9666667 0.9712831014120136
-0.86 -0.8046475443988444
-0.59 -0.6190533783934034
-0.2366667 -0.2436002930310991
-0.4033333 -0.37917575695769135
-0.7566667 -0.7012464408126069
0.7133334 0.6126425560465628
0.4233333 0.38368685237491396
-0.2933334 -0.2574498053780286
0.72 0.6704287460118934
-0.9666667 -0.7704251731674552
-0.9966667 -0.878625315450763
0.9833333 0.9349606003726019
-0.6666667 -0.40693534057873837
-0.17 -0.18701372157455715
0.9 0.9179820597018783
0.03 -0.053534308298271716
0.27 0.26213657747718977
