1.612190136560444
1.4333590977168584
1.430226123473951
1.4313370152304934
1.4277065109117455
1.4306389167046638
1.4269039150780132
1.4206940880599122
1.4217435866293444
1.4191176996358599
1.4187792454133439
1.4227595752329107
1.4233227222585705
1.4263136908132716
1.4263837766055116
1.4257833624064749
1.4260839365183107
1.423063627137302
1.4226581392386088
1.4196008993218443
1.4203103008223326
1.420038535385523
1.4210460701149519
1.4198860684888885
1.4154891983596574
1.4105391258453208
1.4103415844239922
1.40790408870759
1.4059618472976334
1.408376224449241
1.4067135659417587
1.4052962435502665
1.408255309231238
1.4071350817444004
1.4035223722952153
1.4019264186659726
1.4008604615593578
1.3996651878565176
1.4013502042245283
1.4029317223831534
1.400079535060844
1.4011140026434945
1.4038080489550422
1.3996064613883843
1.401375055787748
1.402981059641334
1.4021189077522362
1.4018900701159942
1.4019406165793271
1.3985898063382418
1.397917454742595
1.3968361019134157
1.397908499354327
1.3954223222223057
1.394669126116576
1.3968194295447947
1.3979361036455793
1.3967577051459077
1.3950903077012642
1.391300528916717
1.3888163119170993
1.3838457279314915
1.3847546976787808
1.3881983793950003
1.3867095475297269
1.3853468832038316
1.3867877677784475
1.3870527352026372
1.384378629747772
1.3835283717839983
1.382053323608816
1.385001578353873
1.3888216776531521
1.3891346775637543
1.385688821966649
1.379337956215783
1.3814895427251912
1.3840287573986163
1.380891042408886
1.3777927441371471
1.375112936342935
1.3747832266732292
1.3766957240941968
1.3733642790181135
1.3735586690609698
1.3729741042911177
1.3741242855281643
1.3734059033284498
1.375754506575197
1.373635293585958
1.370886354901624
1.3693514419224195
1.3652209969275992
1.3560478446457016
1.3538423668414539
1.3551753432973683
1.3555937687673896
1.3514476371809387
1.3496314322958365
1.3488431623329002
1.347257163964262
1.3419841366981338
1.3403357605017512
1.339822948886675
1.3382730255398887
1.337568632636689
1.3376704418445053
1.3376821338833131
1.337874726921434
1.3337038153369964
1.3305970119459665
1.3273805399435132
1.3282579039457931
1.3284007363146677
1.3287505256360055
1.3255458817685273
1.3215158905842768
1.3249352120386881
1.3238409545469705
1.3224282499634792
1.3222128842849927
1.3175054544404095
1.3136514112398079
1.3101340620351742
1.3065788863420775
1.3081477389173144
1.3093388441879417
1.3078808893475642
1.31064230186232
1.3126232458801932
1.3092284190549957
1.3099899580145777
1.3106049986251809
1.312696620906531
1.307432802792078
1.3067283557858738
1.3079171895039063
1.3087261236506946
1.3066245477724892
1.3044337604401965
1.2996766049355775
1.3026833964103148
1.3049920794764822
1.3049675274472106
1.3016955722263326
1.2968720341661215
1.3011664245251144
1.2988324279438261
1.2932251315833767
1.296537205680743
1.294802124089762
1.2890741398611079
1.2871325888790968
1.2838339268940153
1.2869012525419945
1.2844453165031289
1.2829338749915766
1.2821085360178432
1.2829680560486545
1.2789632484659739
1.2818398972379075
1.281132491479523
1.2820007193980452
1.2847262463064517
1.289012083788448
1.287103142324364
1.286967472840003
1.2866506749686355
1.2843189469042406
1.2817389150699992
1.2833034669464476
1.281559903084087
1.2847329103751464
1.2854703332572823
1.2837274170270523
1.281791902872739
1.276759732802681
1.2763446758824646
1.2726826698499811
1.2711999488973191
1.2711840515155288
1.2675314387118743
1.2643623017671624
1.2640195015618318
1.262701219759851
1.26202124103799
1.262084519480137
1.257578378082078
1.260316978304512
1.2611521240911618
1.2597035693219758
1.2573737216967946
1.2596186422463531
1.2607828634097753
1.2527165841067012
1.2529803743413563
1.251751755707263
1.250752428827942
1.246495349553309
1.2493132758464676
1.2472898951648248
1.244494511376182
1.242868140966396
1.2403307447843366
1.2417519150761793
1.243865985574198
1.2494996567497911
1.2511016401578274
1.251078494171714
1.2482989715941541
1.2477716105570047
1.2450060173404487
1.2438724271401902
1.246444061196836
1.2416202298091872
1.2403062001498213
1.2448360015479396
1.2413583122214196
1.237573755771502
1.2356743429466928
1.2352249345697206
1.2341774287003076
1.2332942451764943
1.2319786327377764
1.2309917350051687
1.2297609242336467
1.2284459419940148
1.227871114270001
1.2283493956787908
1.2288403944390047
1.2277825479454108
1.2277862560379336
1.227580626692573
1.2249525987676961
1.224920720899138
1.2263959033669076
1.2251896018778279
1.223814334790915
1.224814354852014
1.2286064130561491
1.23074934068269
1.234858860269558
1.2328880853039383
1.230773629692454
1.231602824878257
1.2288188605614712
1.2247852752016453
1.2241664947620434
1.222341471518909
1.2230812866053593
1.2202548299461164
1.2223175267430038
1.2184497831061512
1.2215637219766102
1.2190192037782133
1.2151071305413494
1.213615704265514
1.2127525554923695
1.2111016720078684
1.2128794089285388
1.2102929647685714
1.2080694483700876
1.203689175675524
1.204133273473752
1.201971034386405
1.1939102746410801
1.1941922627005241
1.1919306423552325
1.1880055933093918
1.1852356004051523
1.1819809442799134
1.1860515578338455
1.1869245065020568
1.187406712345311
1.189690886013245
1.191330906398565
1.1926184145417198
1.1928573051051354
1.1909993352481805
1.1934834715402869
1.193077574045215
1.1930650491800114
1.1905891305396323
1.1876518575162742
1.1851768254889912
1.1838629869693325
1.1770537418821947
1.1782237005931637
1.179277205102933
1.176879954874676
1.1776517292372841
1.1789566602230113
1.1769299138774336
1.1743211686974924
1.1735384268968991
1.1729229593880812
1.17390853673268
1.1701697634794859
1.1725317439540428
1.168695394172197
1.16647752251732
1.164742622412493
1.166311263384252
1.1688429101257458
1.1730621018367158
1.17282764614531
1.1726462654845882
1.1725407272867503
1.174155143993879
1.1743754806993556
1.1736208021128067
1.171475569022246
1.1700276287853426
1.172352524653739
1.1717244533333855
1.1676506737385919
1.1677714465953848
1.1657942773949497
1.1666680257144937
1.165349039355989
1.1658845932495534
1.1670692641181564
1.1657051653765147
1.1649506804060474
1.1653291269901007
1.163343828972021
1.163638367441091
1.1640072752824135
1.158997928206083
1.1578110086406077
1.1568187023865746
1.1575921842471644
1.154213007128192
1.1537344945962438
1.1503468906923622
1.1539191826642077
1.1545857881033426
1.1534214551710442
1.1528144189224245
1.1504993385217093
1.1484660513859797
1.150320638928714
1.1514205697494275
1.1520143563796912
1.1548472946986856
1.1509927166891258
1.1466497360736576
1.144307389477488
1.1434732830569083
1.142956864406708
1.145090853137847
1.1475117700062232
1.1458907018188955
1.1446214126656618
1.145054033844961
1.1452753240441909
1.1483353157030378
1.1418423356562524
1.138134271134588
1.137916620972884
1.1326598765089297
1.1323063759179228
1.1328623123696864
1.133897390777942
1.1341623552096294
1.1335528421072651
1.1267209355609626
1.1205878915847725
1.1183814560849745
1.1180452909569045
1.1178355019573885
1.1183440659860393
1.1171168173456818
1.1155880971430214
1.1095837683314578
1.1065607302443248
1.1071918002265098
1.1074820443251647
1.104493423123004
1.1048082734318903
1.1021994212445234
1.1020089901611194
1.1025302183128192
1.1007587859853922
1.1054714255353786
1.1058855312781029
1.105350294969243
1.1070194660133266
1.1075527361710917
1.1063717386367424
1.1074858703705597
1.1020146669219737
1.1000608474751086
1.1001721278561
1.103288473036783
1.1022175897053608
1.0995941823564357
1.0994022881483194
1.0945493292781705
1.0922889888571004
1.0915051432445317
1.091514513561732
1.0933871163597308
1.08880601760887
1.0871677769426247
1.082950144884275
1.0803499730708008
1.08002433975972
1.0798237909868322
1.0792632405270886
1.078024441293485
1.0775803816056033
1.0736871824007002
1.0704909491851455
1.0697539073871336
1.0707024140932138
1.0703811098630223
1.0668055738262119
1.0656666780633455
1.064573562041831
1.063627112607352
1.0606596914231239
1.0592647433084297
1.0576933998811429
1.0616679490080025
1.0633041106327612
1.0621259385834776
1.065007795431772
1.0646991164468622
1.0599816104789668
1.060143517494005
1.060374433895135
1.059563804826994
1.0577968492182779
1.0571215833867476
1.0522352160517416
1.0512957137961592
1.0516165879460955
1.052256381556067
1.0499977357943788
1.0465824014601965
1.0464451036205382
1.048810487307611
1.046081953261263
1.043820471789566
1.0408309669245743
1.0395277062204655
1.0398497258880781
1.0395499319879504
1.0333714596225245
1.0352045587652534
1.031321071375927
1.0286181373675027
1.0282177696835677
1.0303035768582467
1.0314947909713048
1.0327870869329576
1.0311128028927172
1.0314592817107537
1.027831118974881
1.0258161573927058
1.0263599383564777
1.0264984040391298
1.020540325978811
1.0193794128522886
1.021043008864467
1.0208241896990822
1.0219215425634942
1.021212730379904
1.0211671009931835
1.0266449122017995
1.0268306800287308
1.0244562062414413
1.0222702211719024
1.0208529731308655
1.0221670686059057
1.025883403532235
1.0241518107085246
1.0229767163836208
1.0250838458869096
1.0252325601615397
1.0256211237055148
1.0214996206861513
1.0216649792770112
1.0223834526140057
1.0218532700130376
1.0198947745570457
1.0174120465591356
1.0173737823930527
1.0205604588271864
1.0226378357428558
1.0200570579160924
1.0175173491622052
1.018716030861403
1.0142160056341483
1.0166835799068685
1.012761820683767
1.0142090995919726
1.0134558714385253
1.01426619350188
1.0161107244057204
1.0191047450626216
1.0173082994013118
1.017685315953838
1.018851152549919
1.0182184860544505
1.0195213892812296
1.012544070972758
1.0084772457890812
1.0102924674337905
1.009952830621375
1.0099810862739913
1.0110598564717752
1.0083154231747862
1.0048222615409652
1.0016133427443779
1.0040396341530884
1.0036552302752004
0.9953308805379889
0.9963077379719391
0.9966374157509369
0.997545473012919
0.9955028111926139
0.9924191240249833
0.9892869671230466
0.9875374166312907
0.9869371142857009
0.9867493793927317
0.9855072080040361
0.9825763687605512
0.9845097941142832
0.9840424314322604
0.9864123379280849
0.9861842086516844
0.9901271433791748
0.9855111047600976
0.9839017049018761
0.9827875463578273
0.9811903894735264
0.9795636197479979
0.9818536768625545
0.9787902049370378
0.9793037266887318
0.9808380803927801
0.9781268234210581
0.9776401821036573
0.9786528059748042
0.9758160014956401
0.9749149208109895
0.9743639889034268
0.9737429261598048
0.9740683513609367
0.9743191543116374
0.9730328524116192
0.9723775283257045
0.9720879030751964
0.9683307270570415
0.9648195376219334
0.9636201893308668
0.9634743989963391
0.9624438606626855
0.960760963354996
0.9590857009294183
0.9609891851509269
0.9650718806668583
0.9648687610218764
0.9660279942083101
0.9656035820873818
0.963830133974632
0.9682129929997043
0.9691833495290474
0.9678032045871958
0.9672957900583758
0.9701235711396606
0.9712078537275213
0.9718751098215233
0.972324160877928
0.9754050600688478
0.9746726070167601
0.9733840163572032
0.969422777947942
0.9694013959862147
0.9701852850780179
0.970073912304794
0.9689443269793345
0.9669683977496051
0.9669323795871586
0.9651898124917377
0.9635202566296407
0.9626103208714248
0.9615320638878586
0.9634262711651255
0.9641517514755945
0.965297395143858
0.9634315793466813
0.9599199770990042
0.9648191379528932
0.9676540348369411
0.965486681350266
0.965065842802073
0.9619766239716206
0.9653559210351158
0.9643502766628191
0.9624233173997844
0.9625639078104828
0.9642797575909483
0.963180839938075
0.9628822840010548
0.9660749817646934
0.9653153211872662
0.9657017010565097
0.9651053318266889
0.964647941905117
0.9655469726726104
0.9679254133312434
0.9665813676123293
0.9640926367931429
0.9613712771921724
0.9553283766262457
0.9566615990446394
0.9572436504744644
0.9556538779053521
0.9529156255249884
0.9527029571692811
0.9529450417626808
0.9529311182492097
0.9512164714401748
0.9496244000354936
0.9506411100797953
0.9501656610014253
0.9490626236145845
0.9485888231332311
0.9473080262403059
0.9496155936238226
0.9459427483434176
0.9439397711993145
0.9420098140272328
0.943543362342392
0.9419240015059568
0.9440293576111631
0.9479310446842671
0.9486449094973309
0.9487079442669467
0.948018703649589
0.9495105668753835
0.9485738338595453
0.9528417209793478
0.9509998725733046
0.9501589855957014
0.9529876349891918
0.9507979289022437
0.9526425371408138
0.9555423482783805
0.9518913427919404
0.9536425648270527
0.9542867113199224
0.9584034512621878
0.9543235429186818
0.9543152004395493
0.9498847673650911
0.9475243855405566
0.9442076197358276
0.9423942246947601
0.9399919376549442
0.9415521546678669
0.9410805870727131
0.9422258574453112
0.940949929677892
0.937703618058461
0.9386883037691589
0.9369913434567534
0.9369466505810191
0.9381463245668806
0.9378284637238974
0.9356346915734031
0.9380484941286316
0.9325297808604003
0.92944250216228
0.9303393549950114
0.9282945268418334
0.9258503951975804
0.9258016599171747
0.9259259619499115
0.9225633014635688
0.9221594155699364
0.9261204148295548
0.925284063077451
0.9245250490060501
0.9266568794822845
0.926565601594947
0.9255449510745404
0.9226793055296604
0.9241751000857423
0.923482728346493
0.9221156914479997
0.9259782874881208
0.9232568363252056
0.9234706958074383
0.9262377701739904
0.9280283950992205
0.9284266622411718
0.9285027307870107
0.9306431199417504
0.9349336434660163
0.9334109827425167
0.9308858796232731
0.9283702332324294
0.9264555795912361
0.9243983217175236
0.9267978850265429
0.9314339424638807
0.9324653559389109
0.9327906083012477
0.9329097472481042
0.9312376494992909
0.9302765577175238
0.9263097501412435
0.9286694561275478
0.9276882257349968
0.9243897872195566
0.9236903033074544
0.9246323073169986
0.9248497443339267
0.9239169735842309
0.9210997890642834
0.9219467526091132
0.9206889858455686
0.9198656503862269
0.9212443769921045
0.9220317207061761
0.9229994980724001
0.9256288679897496
0.924888731261734
0.9218818361067953
0.9228672224744955
0.9233613046420246
0.9242975993856808
0.9207767385193337
0.9198801992951641
0.9196028731408361
0.9222088585242249
0.9198792644781484
0.9181995636436527
0.9169841854955922
0.9174569086365887
0.9189292784114752
0.9206766391546017
0.9154765881526993
0.9174067862148554
0.9200094863703295
0.9194031129344543
0.9176642223914643
0.9204417508976735
0.9168642926880735
0.9183585561233881
0.9173829988710696
0.9160539910180958
0.915461478818206
0.9143566910992492
0.9085896509441588
0.9054762510839043
0.9106085159100697
0.9121664438973633
0.909986000159269
0.9092622099005011
0.9116255360079404
0.9121005260876289
0.9118424471365145
0.9147863657846924
0.915915347672648
0.9161060162155653
0.915946063391023
0.9202371919710585
0.9189129570804049
0.916341148124417
0.9164312280397644
0.9177685347048563
0.919524137281641
0.9169672799614457
0.917163341677891
0.9134681003742842
0.9170487681596192
0.9162424048621448
0.9176905955385543
0.9186475086740291
0.9167058047204806
0.9160362675753845
0.9150787292156103
0.9121217780451841
0.9121178033548659
0.9112106619381855
0.9084802314809283
0.903975314631707
0.8990174063359181
0.8967324965626243
0.8996615371408001
0.9005359424335093
0.9048428433293481
0.9039913553463143
0.9058401676333853
0.9023343955724137
0.9022260607306656
0.9005880040588721
0.9000761329679072
0.8974057620982103
0.8958714576534194
0.8934191612519408
0.8929212174988583
0.8913881672786543
0.8945683658268816
0.8943361489928936
0.8947731216299939
0.8906876380764036
0.8902022179560356
0.8869485606263329
0.8812819821304174
0.8780421585019251
0.876466416321828
0.87140268316362
0.8722922015338188
0.8676842832444436
0.8633810326454154
0.8620683138718732
0.8647215814441378
0.8628164919434494
0.8625275139493087
0.8590020011253439
0.8598298842279677
0.8606996030174837
0.8603879933258834
0.859748211515891
0.8606568570122951
0.8622430404164783
0.8638603423434601
0.8655124130124552
0.8663787410914605
0.8657509411225037
0.8614287856386307
0.8613153148187843
0.8550212069312959
0.8545555220273059
0.8544158194884703
0.8520028570208067
0.8533335708576739
0.8510529915810275
0.8490616309090218
0.8496403898481933
0.8500702952262212
0.8492706627816288
0.8488620775958065
0.8474674344057979
0.8484597301589686
0.8486110513760835
0.8493338578937489
0.8511188449000489
0.853408865896089
0.8510228117920509
0.8512246582972768
0.8478390188983924
0.8459199573574384
0.8420771454408322
0.837679592465248
0.8403300979919204
0.837288642365818
0.8377106766456226
0.8401086676054996
0.8365855005827836
0.8358121386862771
0.8323851562890935
0.8361465089432254
0.8313442033257392
0.8333772524043465
0.8298936792367906
0.8243239288588905
0.8249363206102815
0.8238955461873342
0.8230137327586673
0.8237746141011945
0.8206007862098843
0.8201539090194465
0.8251223911883907
0.8240411777287513
0.8236620950349766
0.8217367217133938
0.8223435184502902
0.8203936020005912
0.8220810312243673
0.8196736641048721
0.8217670520284985
0.8200789761829066
0.8169766619193364
0.8206312995532917
0.8198026982592884
0.8173082922807966
0.8151924596964136
0.8124371554148377
0.8075945595677618
0.8099037877904467
0.8163058097125134
0.8144186917298072
0.8112956150469064
0.8100188725703802
0.8101951782235363
0.8150471827325829
0.8138605881718941
0.8105563979339374
0.8111457918820735
0.8039698808725346
0.8052911987691115
0.8017947776460961
0.8017009631379567
0.7965945542790365
0.7988639980731286
0.7997388645313661
0.7972622657232052
0.8007910548222773
0.7962041865626426
0.7926474226388903
0.7969440497774513
0.7983965958637195
0.7999444138720453
0.8006238632942855
0.8018298237062245
0.799611923348045
0.7998249293723323
0.7993925019335396
0.8016600898857413
0.7989378301783671
0.795512114499005
0.7897536632643276
0.7895046612598107
0.7914573297231218
0.7914772077252763
0.7909110686858556
0.7915645797343529
0.7898888233932921
0.7826871510948255
0.7829358831805237
0.7836940545097886
0.7802585076061278
0.7796586928363043
0.7794613326876939
0.7775027253002855
0.7779926542219958
0.7797029678782863
0.779634179187296
0.7796151567472837
0.775222401793425
0.7757083782080312
0.7726897488180311
0.7686284659458329
0.7699509807965045
0.7693621767955094
0.7704537115098467
0.7727595250038053
0.7721699213672553
0.7719189973807662
0.7700294265768115
0.7691678788452501
0.7668872914868656
0.7670509596090739
0.7681263008816565
0.7700621969013913
0.7742436178534169
0.7743309349270758
0.7774526795248777
0.7769786968547956
0.7787778074897906
0.7769953630621622
0.7800569370453042
0.7806918691183379
0.7778442699952091
0.7756991458288814
0.7748151713026235
0.777891074812043
0.778277384179643
0.7770019518471505
0.7817071617998699
0.7815570637568529
0.7816303410971
0.7819222816200754
0.7810726790776135
0.7778434327046128
0.7779457613996179
0.7794966131478921
0.7775518574333222
0.7749146348104184
0.7723265719318098
0.7739250859919174
0.7744385178320642
0.7709687033817316
0.7718040422424874
0.7698857243881059
0.7702690009606922
0.770590826442525
0.7695689495438836
0.767239255723394
0.7676115795012176
0.7686991258986874
0.769380046694112
0.7684951772576039
0.7646656921095626
0.7634023975851159
0.7654540212416274
0.765494177576894
0.7642123791686805
0.7638509331583215
0.7612462720134089
0.7577784704806787
0.7598433267950793
0.7604975134036335
0.7635921119002642
0.7641368306766244
0.7606875848078155
0.7596455333724814
0.759520137078251
0.7575576634372256
0.7581712750929197
0.75949289557912
0.7571395769945449
0.7569820234497463
0.7530127398680919
0.753258631757787
0.755637541396811
0.7513431711839906
0.753648823879313
0.7514843729241354
0.7527581624218996
0.7498631453120987
0.751433123588716
0.7509616366705005
0.7499465491585489
0.7459859279913564
0.7446687901425744
0.744727358578112
0.7443285035203757
0.7395936300031294
0.7408073850061443
0.7392669910979711
0.7367215034809698
0.7364467877015594
0.7323225483965067
0.7319451987769344
0.7281595774574815
0.7234173976178271
0.7241740832177793
0.722121672926326
0.7223882436584264
0.7219072245763727
0.7192752717607107
0.7177823382815445
0.7188673644538511
0.7215956721809114
0.7217769587402312
0.7229464235598128
0.7245001244479654
0.7257507033471728
0.7242595347634808
0.7215587222275558
0.7195079325380644
0.724386501003434
0.723020357948813
0.7232614378104946
0.7228408580180516
0.7213227060027936
0.7260433566748653
0.72773745550843
0.7283808456886195
0.7280889630467123
0.7285923372804481
0.7244842825241078
0.7263866301998468
0.7277483481073012
0.7277861240323462
0.7257025251518912
0.7233539768527638
0.7230124870299646
0.7246855010081252
0.7261064309824484
0.7269861353543975
0.7271422091886368
0.7260489163628208
0.7257251152732028
0.7230663385971642
0.7219368612836038
0.7202576398576108
0.7207217347447603
0.7233434304540192
0.7238189759509248
0.7251912521920769
0.7252751115856465
0.7232900470645522
0.7193344055938318
0.7199336324928052
0.7186329726626813
0.7199890897941703
0.7177381235468896
0.7129833675195123
0.7107574372709261
0.7106348228355868
0.7094578521463132
0.7088067316946292
0.7068047965876247
0.7040514785005958
0.7035550875610257
0.7019490000848727
0.6993176984250988
0.7005352760156665
0.7032338240659445
0.7029400946570812
0.7062149142679724
0.7044279653137143
0.7001860489678229
0.6983248849297305
0.6952187005805738
0.6928837511371164
0.690523023988584
0.689711161437119
0.6887527523002996
0.6823885559722782
0.6799670158849883
0.6774525752359275
0.6784995981652805
0.6778512677244034
0.6770257163730866
0.6786914988194586
0.6736933370935493
0.6710439511938252
0.667863860003906
0.6692422223221959
0.6685556689771172
0.6704753459907153
0.6694122522969239
0.6679218516130205
0.665970588959407
0.6659154618161052
0.6650907904402139
0.6668935189451752
0.6671205201599926
0.6677293876452999
0.6650441864270907
0.6624128061016075
0.6599798887302326
0.6594345905444774
0.6611819036473887
0.6625121043327475
0.6603812749442041
0.6602437115762385
0.6641067679708992
0.6662395390459459
0.6666347871838687
0.6672361579314294
0.6672487838488195
0.6645158234590677
0.6656521282199852
0.6644252956789582
0.6635274404300071
0.6632685747742171
0.6633780882908231
0.6626418892765376
0.6627009035020416
0.6632301561243644
0.6621633087706367
0.6642910143861892
0.6643808812699715
0.6662002247483605
0.6647193850157574
0.6638788570192434
0.6609837758167689
0.6592238690883108
0.658096731753574
0.6581367242196715
0.6553269270509583
0.6546902215138486
0.6554162657418217
0.6573426822834844
0.6551758733239227
0.6531611971988642
0.6485441508741949
0.6532497550958671
0.6543451066117334
0.6537119660129118
0.6508125396256226
0.6497326591479589
0.6475455192845486
0.6470545633973257
0.6439244495289235
0.6444081436049462
0.6434998146521312
0.6376637531513436
0.6389361219944483
0.6371689914052385
0.640014886916321
0.6381545807342623
0.6346276268912735
0.637718510235495
0.6348216609830606
0.6328576004927091
0.6331311847682414
0.6321168256302895
0.6301725993546732
0.627334284433727
0.626225408968337
0.6300217070440758
0.6284784596556829
0.630276244291383
0.6259604415970478
0.6235140394911889
0.6214306696471446
0.6202251741159328
0.6191006017068854
0.6184628673206486
0.6186857715629536
0.6164597864456148
0.6159799079137703
0.6123134359214429
0.6145064660645614
0.6165926481762913
0.6162847356726828
0.6122514990337387
0.6068232800630332
0.6062144542569797
0.6058281882951331
0.6082912315956212
0.60711615211731
0.6041403704868707
0.6013816018805443
0.5980201560373791
0.5964707543816112
0.5920341632140124
0.5887330113969855
0.5879502536382231
0.5820569050768408
0.5827000316637381
0.5793058276717328
0.5752896669356393
0.5748997609273465
0.576045496979847
0.5726082428972966
0.5696390919307353
0.5706094743237957
0.5733653935199301
0.5719764942305227
0.5725232400474994
0.572024667179275
0.5710138690506666
0.5703662644394788
0.5715338096761702
0.5708240033972636
0.5702602176016841
0.5716804510806085
0.5690970065970279
0.571296438372449
0.5703807454108788
0.565603735662791
0.5612765960527598
0.5588970285748548
0.557886636662772
0.5599687610241472
0.5574405775376878
0.5580692711248021
0.5594174117677347
0.5604055013834711
0.5628393031460414
0.5615668925336932
0.5612723022137679
0.5595516285786939
0.5596356701551308
0.5574378602797576
0.5548823932422776
0.5574523674259128
0.555616663815502
0.552992270508642
0.5518010771277428
0.547057313207141
0.5473884212041977
0.5443987418808381
0.5445609103753261
0.5438738133850975
0.5437793296873215
0.5411396317164618
0.5445128425876485
0.5384467257231587
0.5385840020207893
0.5366871210315003
0.5363388532923415
0.5354079310419448
0.5341550163944241
0.5356538117307217
0.5389265032378644
0.5390811162987514
0.5403800437375941
0.5367567765622915
0.5365332751578282
0.5378267946795059
0.5359003791663896
0.5356273974143533
0.5351864469827173
0.5334190581051135
0.5365709287992766
0.5364713857919761
0.533663511550243
0.5330218447143885
0.5332502115833054
0.5328461513992765
0.5346446645174775
0.5345944318138339
0.5339788055395142
0.5351888343961927
0.5342375118627574
0.5351040467659692
0.5358308969501824
0.5355324017644508
0.5335810166968753
0.533352953676412
0.5313974922175254
0.531860208101235
0.5294005668483261
0.5275874717717691
0.5284402251628231
0.5251544154389813
0.5274611413153337
0.5248266812619741
0.5258903238561979
0.5267730327692628
0.5278998822528593
0.5274099163931594
0.5260489710377924
0.5251370170895432
0.5260422405220915
0.5247098029433614
0.5229550209229409
0.5178944567647545
0.5163263740019701
0.5142062942074141
0.5120602021528897
0.5110884137004985
0.5084790304298163
0.5092449380077
0.5082135203947269
0.5080995080881998
0.5090164987045943
0.5098945102375946
0.5093953288124472
0.5095260445228394
0.5106797791913473
0.5082837631082627
0.5094242846198147
0.5086851184250019
0.5076573358997699
0.5049843584119675
0.5076284998735223
0.506116773015364
0.509581514060593
0.5103466683593316
0.5117294302673725
0.5100125073280768
0.5089149552753833
0.5101458604130505
0.5084013098873491
0.5053250037710278
0.5044431240216547
0.501946831310519
0.5024128325645416
0.49851043905432907
0.4956063976988573
0.49769133242412184
0.4976694503582343
0.49498332119161254
0.4964723830238902
0.4960630694695977
0.4973562279153644
0.49726671037062775
0.49890663715776745
0.4989433936520034
0.5011810334047111
0.5011398130729825
0.5019727333524001
0.5021843110330206
0.5022630983939053
0.5032112319012463
0.5038081880299332
0.5044317453562781
0.5039588615780817
0.5033000842010249
0.502848623542927
0.5017141621593862
0.5013381854286438
0.5017524893426344
0.501676196829264
0.4996527379179091
0.4992708008740512
0.4973612922494657
0.5005185238436607
0.49734903154322796
0.49668025375292435
0.4967866410951306
0.4954473021962613
0.4939343151933241
0.4950908061470437
0.49350468889216215
0.4892463981421761
0.48967847292224365
0.4875722375479666
0.4873931204839913
0.4873051777067108
0.4834494749851762
0.4847684482558994
0.48335354637086325
0.4832539876617856
0.48210874460041875
0.4796708178133143
0.48089786096989295
0.4781319787237761
0.4773671438331597
0.4769823906616069
0.47557595287012244
0.4769331776716347
0.4773146333731632
0.47651092696985675
0.47501882955271924
0.47272749652583734
0.4725806589249152
0.4752176828980289
0.475534494109624
0.47463998082103276
0.4739138077388791
0.4742069914833225
0.47572894642771246
0.4728574777379138
0.473176170617562
0.4730079831454598
0.4718616497552981
0.47193544617145633
0.46817261298461715
0.4667822905453082
0.4642759733825274
0.4603057029888502
0.46091241416549
0.46050444177299454
0.44893481385392653
0.4490176849488539
0.44835763909627835
0.44286792362488037
0.4420280952610865
0.4424159249267697
0.437340769197443
0.43775304857169506
0.43789086498147184
0.4367864588161641
0.436220830044255
0.43630099145577983
0.4358843012584165
0.43261500893016513
0.4315626455128793
0.43038058505950766
0.4291736137863952
0.428917724865386
0.4258149890933332
0.4253128208995129
0.42523397512941397
0.4256704927662005
0.4238301104478098
0.42205344360094504
0.42205872603195704
0.4218120373901977
0.4218767900610814
0.42071055312327366
0.4177670839103431
0.4152875496805576
0.41515463262002134
0.41496326912626974
0.4140926660796188
0.4129677028182016
0.41191559338913536
0.4119118106985543
0.41188819090491213
0.4116615460526491
0.41166753609677276
0.40962633976484375
0.4082428929851235
0.4073511788164258
0.40553942697185114
0.40283212668623947
0.40028235365055637
0.4001709200235388
0.3999600664814199
0.39949473265497726
0.39949473265497726
0.39949473265497726
0.3991590199505824
0.3993876979858579
0.39719355591912886
0.3969290236066642
0.39508051595975446
0.39386227709525884
0.39332990115104083
0.39242637605468206
0.3914994476692328
0.3914269654342171
0.3907242368677583
0.3909316663376398
0.38895798658922476
0.387812721415488
0.3879651398603735
0.3873859229495362
0.38700396008138144
0.3869516791998358
0.38662868552767676
0.38662868552767676
0.385483054604597
0.38380689938735
0.3837853854414995
0.383162771877792
0.3828537461407706
0.37944245270336613
0.3781487895077055
0.37748269677132923
0.37474014061371785
0.37444843301012976
0.3727840886462037
0.37239555518043876
0.3716887596718701
0.37182552825778514
0.3722073702740874
0.37030543561743057
0.3705331878546604
0.37092809963650625
0.37092809963650625
0.3700557431795802
0.3691359570945082
0.36927139547272103
0.36927139547272103
0.3690779686159329
0.36869120688044743
0.36648764928704064
0.3673361563510176
0.366211440348804
0.3649205528850452
0.36459562862518063
0.3639950453359323
0.3594938435658293
0.359576937812778
0.3595267551594859
0.35923289852339535
0.3591951213635407
0.3591633649578239
0.3591500952153702
0.35982618101171904
0.35636840165198314
0.35644046710398236
0.35179409643599585
0.34980356528499296
0.34840609400417033
0.3484623483117304
0.34871619786600216
0.3486969852876821
0.34860347206870357
0.34501904863511906
0.3449828017628329
0.34303198322668804
0.341889322319854
0.34179922910611304
0.34096331719210404
0.34059695181640887
0.3406097540540426
0.3363358509789276
0.3361557068612541
0.3361557068612541
0.33382689777022195
0.3323155554173809
0.33111322531181814
0.33102646863719204
0.33093458892690913
0.33031612967438073
0.3284381215358577
0.3281869037698904
0.3283357066441894
0.3277569137108432
0.32763407695963975
0.325642321141849
0.32527334899841404
0.32266459179163853
0.3227366775921031
0.3211795044467086
0.319939655921967
0.31708165461679616
0.3170039278279234
0.31595783426281876
0.3158696944189657
0.3158696944189657
0.3158696944189657
0.3158052941087564
0.3156941594044217
0.3156190372167388
0.31556297285522855
0.31486279580770427
0.31497547488332267
0.31487798184775395
0.31487798184775395
