0.0466667 -0.049126544332962596
-0.0866667 -0.21161135984302504
-0.3733333 -0.3875175054977751
-0.1533333 -0.05625164286509915
0.0366667 -0.06429246536148847
0.0066667 -0.016300525998695525
0.7633334 0.8287519026517313
0.61 0.5259877682395662
0.3833334 0.38278886279387564
-0.28 -0.13103428565268488
0.56 0.5844632821680656
0.1633333 0.09665356035790806
0.1266667 0.08698092962131965
-0.71 -0.6529631691694354
0.9666667 0.9437580589648902
-0.86 -0.83132235938862
-0.59 -0.6313457809094327
-0.2366667 -0.20640181741891872
-0.4033333 -0.4441320721303831
-0.7566667 -0.7298305105868523
0.7133334 0.6617991882646577
0.4233333 0.22880440224914791
-0.2933334 -0.18330374998781657
0.72 0.7182051124897915
-0.9666667 -0.8454329153216412
-0.9966667 -0.8296691626771819
0.9833333 0.9962348991340585
-0.6666667 -0.5064827196961643
-0.17 -0.2498629274781557
0.9 0.8579636682911093
0.03 -0.062254091470387685
0.27 0.23612154792308007
