0.0466667 -0.03767158037900617
-0.0866667 -0.18756953247061814
-0.3733333 -0.34448569512624355
-0.1533333 -0.24549710004661301
0.0366667 0.031427127842179714
0.0066667 0.07029041270295328
0.7633334 0.7723455465591862
0.61 0.5967616949316075
0.3833334 0.36049652279448957
-0.28 -0.19745758265493363
0.56 0.5875406247715589
0.1633333 0.2705140848884794
0.1266667 0.1044950438519133
-0.71 -0.7570584753666105
0.9666667 0.9921376462479137
-0.86 -0.8776837792448772
-0.59 -0.6285985523452895
-0.2366667 -0.18783471697585574
-0.4033333 -0.3286373863459097
-0.7566667 -0.7828113892878737
0.7133334 0.6775004134700622
0.4233333 0.510267404464664
-0.2933334 -0.2541968780121885
0.72 0.7314439101222703
-0.9666667 -0.8413814891317754
-0.9966667 -0.814392786614853
0.9833333 0.9789896978497811
-0.6666667 -0.7284561923280484
-0.17 -0.2693328077307817
0.9 0.9943003061504403
0.03 -0.06866167609542556
0.27 0.2527812860268345
