0.0466667 -0.35885774422445504
-0.0866667 0.14235465589790192
-0.3733333 -0.24512618821243437
-0.1533333 -0.1946556051178303
0.0366667 0.06898776138116491
0.0066667 -0.07452120696426426
0.7633334 0.4521042141313788
0.61 0.06783536038411048
0.3833334 0.38415257946902415
-0.28 -0.21086993839051993
0.56 0.6984759530093576
0.1633333 0.03103213308939834
0.1266667 0.014777612330459489
-0.71 -0.8165960441260982
0.9666667 0.8189298164343357
-0.86 -0.7179600049177363
-0.59 -0.6973374080494124
-0.2366667 -0.27352303180655363
-0.4033333 -0.5414018343236591
-0.7566667 -0.27549913398260945
0.7133334 0.7547609283313971
0.4233333 0.3060637444941637
-0.2933334 -0.3049303506666511
0.72 0.6402562718474385
-0.9666667 -0.94546090931062
-0.9966667 -0.6589830706865046
0.9833333 0.9206297634887393
-0.6666667 -0.5456423780691364
-0.17 0.4610522949680489
0.9 0.933397461029738
0.03 0.5286361929792489
0.27 0.05894776639948024
