0.0466667 -0.07865941036574742
-0.0866667 0.0026058183716330396
-0.3733333 -0.40930202407577304
-0.1533333 -0.3768441764258991
0.0366667 0.009747452215697783
0.0066667 0.10894491656378891
0.7633334 0.7092659948286499
0.61 0.48841508236695075
0.3833334 0.3587444807895434
-0.28 -0.2881733749996098
0.56 0.5905107564311665
0.1633333 0.33217300372046077
0.1266667 0.11262572861456777
-0.71 -0.7778256989467768
0.9666667 0.9175166160352892
-0.86 -0.8395869695482556
-0.59 -0.6050982474792312
-0.2366667 -0.21499852611298453
-0.4033333 -0.22106065055133703
-0.7566667 -0.787062708311336
0.7133334 0.7464926968163934
0.4233333 0.6989361626668565
-0.2933334 -0.31103189156293365
0.72 0.7053094689969106
-0.9666667 -0.9070183470291093
-0.9966667 -0.914112636916967
0.9833333 0.969809007128714
-0.6666667 -0.7631022864701947
-0.17 -0.20518459182791948
0.9 0.993780032824257
0.03 -0.027109372099043016
0.27 0.25240486647961247
