0.0466667 -0.17843690521522595
-0.0866667 0.19698724297979833
-0.3733333 -0.43928129970795804
-0.1533333 -0.037463067820393325
0.0366667 0.103572245615704
0.0066667 -0.22438136804137282
0.7633334 0.4025855249121355
0.61 0.2331782509627891
0.3833334 0.490480998068826
-0.28 -0.16589006591694533
0.56 0.7243847108844289
0.1633333 0.0022728155508626724
0.1266667 0.19722096497192715
-0.71 -0.5946352164310904
0.9666667 0.7269557563730685
-0.86 -0.6972180181004664
-0.59 -0.5155265532936669
-0.2366667 -0.2905768784361258
-0.4033333 -0.3737729873987259
-0.7566667 -0.7500043088524374
0.7133334 0.41988419791045073
0.4233333 0.0645583260887597
-0.2933334 -0.09788381441494606
0.72 0.6743010386620453
-0.9666667 -0.6148835407143916
-0.9966667 -0.7770649227689139
0.9833333 0.9327102682944497
-0.6666667 -0.34929737814779344
-0.17 -0.4551353472800678
0.9 0.798117691093005
0.03 -0.31235149554787556
0.27 0.12293997842403614
