1.5324025253998235
1.3172900590446817
1.3191255466047143
1.3192921542395935
1.3192921542395935
1.319649681306477
1.300665152119458
1.2912944194377112
1.2876790817665422
1.2813394591511444
1.2833711860851773
1.2830819065932713
1.258500888566971
1.2529670229092256
1.251729513114574
1.2636710245386171
1.2804410662086734
1.2761069456499552
1.278236451416088
1.2809818878283237
1.2861594664359397
1.2883025096174727
1.287446548424642
1.2862736258261123
1.2870729981381352
1.2948509506486483
1.3230619306128732
1.3098079100503064
1.3085158551955598
1.3087591653554225
1.3087591653554225
1.302429403108058
1.3007569498146256
1.305304575099151
1.3138660730936906
1.3138660730936906
1.3251312210554638
1.3226038701407554
1.3274760435669237
1.3293312679580316
1.330323864369868
1.3293609775476596
1.3308289211407434
1.3394832689047613
1.335392327720928
1.3289961672837682
1.3283597959906557
1.327890294750245
1.327890294750245
1.3288929255082447
1.3295317204993384
1.329798057944526
1.3276438502791212
1.3266137912654759
1.329598960765275
1.3358982038559042
1.3360239771316944
1.329091923449898
1.3308829443530046
1.3381057889172894
1.3398073922296592
1.358276618565939
1.3466626140510654
1.3273943296224977
1.3320580455711455
1.3334313689538986
1.3336636507720003
1.3336636507720003
1.3305583922467095
1.3289713329622839
1.3257724921600986
1.3153407321313837
1.3007126542304452
1.2999788580422837
1.2997519595128129
1.2970321209071856
1.295450175689595
1.300088494024597
1.3015382619241003
1.3021897125887332
1.3021897125887332
1.3253517468763591
1.328993411307244
1.32725228830214
1.3354361250101356
1.332471527595372
1.3311065360488228
1.31186582922172
1.3298256371028785
1.308365441860954
1.315184288900911
1.3146217538306384
1.314391188629923
1.314391188629923
1.3127493360738447
1.3126219749684223
1.326677548426752
1.332953772868703
1.32303137926704
1.3252618460112595
1.3102106141470928
1.3079484516346611
1.312696594331944
1.3131987006974635
1.3131395022116163
1.3080116743849428
1.3089659812104928
1.308811236543055
1.308811236543055
1.3169360099442171
1.3190285059822733
1.3190093273119474
1.3085758136239523
1.3133342627394473
1.3175422986528416
1.3162946382408196
1.316555675792102
1.3150936636998132
1.3172195029004774
1.3229009849548456
1.3243399128326094
1.325469771361507
1.3230107423389268
1.3270345278117688
1.322998185115151
1.334296976119364
1.3262512389900616
1.3433807538805407
1.3433807538805407
1.364283632652301
1.3642798231107445
1.3423614369703813
1.3388734426003317
1.3408809557398274
1.345164245878071
1.3472220534198054
1.3472220534198054
1.3472220534198054
1.343521320699798
1.3511711365801582
1.344531929364071
1.3489484371714926
1.3543653469806445
1.3552849700188423
1.351611143037649
1.3473985429015447
1.3506079118733054
1.349225345021472
1.3452221984822883
1.3303077431958947
1.3346611915096218
1.3453011660043377
1.3472537072700077
1.347244342330661
1.3472399770022276
1.3702311415788417
1.3698374505347675
1.371443498086014
1.3808351826081446
1.3654801466574065
1.3657928824030254
1.3543956943320075
1.333539685062823
1.3537634840784716
1.3506200533948336
1.3519891398909136
1.3602557274507219
1.351487948972019
1.3594775850594767
1.3594436995929122
1.3613350219293345
1.3585239150050659
1.358079506195813
1.3556526245556064
1.3562574956802576
1.3562574956802576
1.3483506180362619
1.3672327593482556
1.3701375224559087
1.3747972016257362
1.37471068460202
1.3753934561224583
1.3860471986652991
1.385659826482801
1.3933385235427402
1.397595230769536
1.3937429900829796
1.3937429900829796
1.3981633077647273
1.3932364287096677
1.3935633825419615
1.379789741224212
1.3592010882928225
1.3580968204741615
1.332496615684947
1.3274601808215551
1.3185356123849863
1.3190312447136066
1.3109756535271802
1.3089555957688297
1.3084332329350372
1.3118882528347513
1.3116279225302865
1.3000116526705048
1.303392401664545
1.295268786662499
1.2949407408971985
1.3007804453612972
1.3007804453612972
1.2918391565616607
1.2856947849755802
1.281618251883515
1.281618251883515
1.2766355620406742
1.2742953734041986
1.270840371306733
1.272346235810634
1.2972172928663315
1.2972423034194598
1.2999877003871974
1.2833206363337029
1.2882117623771805
1.2906255595048806
1.3048360643144419
1.3071441313875574
1.3075302320994173
1.308573540644214
1.3057757495518236
1.3057757495518236
1.30042524256728
1.2955450277662484
1.3001062367326714
1.311372028565967
1.2960601783784051
1.2973935216907202
1.2939872615384644
1.2888671607181283
1.28271985600192
1.2893480593299376
1.2734090752234264
1.2735431863846287
1.2734200208184152
1.2791125454200412
1.2810954195702182
1.284271141680589
1.2802684263948338
1.2806143199935172
1.276350210741763
1.2843596636279557
1.284969763420539
1.2807738558266666
1.2874266463954203
1.251059028733481
1.2512859543026034
1.255055318740823
1.2503166668313412
1.2515978563108168
1.2488413794356192
1.255529679072893
1.2566700874028713
1.2566700874028713
1.2643374255477557
1.2649321229433848
1.2666510021109867
1.2606087430373456
1.2591441246332673
1.2617303297694784
1.2612316231819005
1.2571827368926454
1.2623965632064884
1.255387280111285
1.255387280111285
1.245352375156581
1.2436274218352474
1.2466877085257668
1.2538054182160918
1.2505893095205711
1.2361556291195728
1.2464700021246484
1.2484767279977627
1.2416891573921707
1.2441623692953152
1.2601613675718994
1.2539251001412532
1.2475518164782846
1.2461527801309173
1.24417801821266
1.2362358974053032
1.2373167434237444
1.2377345242490714
1.2339129963902167
1.2217415530247613
1.2413068703400978
1.2413068703400978
1.238898345497174
1.2370457197661733
1.2372277291410743
1.2494961322495346
1.2472562036234494
1.2520955760673138
1.2569034510173551
1.2593643091036753
1.2581654618741573
1.2582483458342222
1.2432711317969767
1.2251861296916118
1.2246900590361218
1.2229030768279932
1.228378960729396
1.2205627903934821
1.2163578671193684
1.2253642434910395
1.2253642434910395
1.2237242511737103
1.2206742338616843
1.1891537572605988
1.1896063495215818
1.1697520746220644
1.1661074599644332
1.1662915076640752
1.1470495694720242
1.147725574846727
1.1513892683158269
1.151787152202378
1.152816872234076
1.1525854024674658
1.153478601376179
1.1499446648781808
1.1563090887959262
1.1607754571888969
1.1636662466554217
1.1666459629130452
1.1671084819146291
1.1711032816334583
1.1689306249206317
1.170331627370967
1.1643958795677989
1.1640308049987291
1.1796105214007955
1.1841743419446022
1.1637412289998392
1.1577130962258513
1.1577130962258513
1.156023278141945
1.152842879226429
1.150014919475597
1.1294815422172793
1.1226085054630324
1.10003739142743
1.0994054517567085
1.1060737510331757
1.1131842904036278
1.1205651473018052
1.1229616580610386
1.1113738090933478
1.1031346345507795
1.1020891439285516
1.0944100956033873
1.0861077366967475
1.082275686357505
1.0739655689324392
1.0739655689324392
1.0723140859839804
1.070756081556533
1.070756081556533
1.0907909536517055
1.0871918061642145
1.08365600412998
1.0861659929614804
1.0826079978491325
1.0774501163501247
1.0722947934933653
1.0773201649415318
1.077618112062677
1.0918831333227226
1.0924064966303961
1.0924064966303961
1.0912091525274341
1.0912091525274341
1.095596156432657
1.0959348584363415
1.0953516692777947
1.0963499531689909
1.1007019387784696
1.0984347153990868
1.1062678017576777
1.1062678017576777
1.1062678017576777
1.1089134725289687
1.1007309607761537
1.0826797001469748
1.0828695670672488
1.082783524192105
1.0675957088379648
1.091541062220833
1.091541062220833
1.0969593866261125
1.0954767515876689
1.0954767515876689
1.0957543722199001
1.0959663365033403
1.0973827417700546
1.1003828125738429
1.0834585713039118
1.0860048766851242
1.0877411630931524
1.0843764460920247
1.0850082185250165
1.0866272893388291
1.086247128490255
1.0795613233374446
1.0916740700715584
1.0917168956799255
1.0833443222271506
1.083496747600955
1.063512193161383
1.0623266395206352
1.0547868524826847
1.0554755512839122
1.0554755512839122
1.0491255060784135
1.0469233846013577
1.0471065758053388
1.0471065758053388
1.059463491997067
1.0459408953468645
1.0479632255659763
1.0479632255659763
1.0751653488579362
1.0757222404417026
1.0654405139763508
1.0525091163633438
1.067059969698869
1.0780892051189679
1.0706293059462322
1.063024270494866
1.0518769952174631
1.0559176347711505
1.0545316612340752
1.051377955547892
1.0507118878150776
1.0544092373856133
1.0507424267491627
1.0503989064117598
1.0555713704552991
1.0448195765076773
1.0276144340569677
1.0244448639617219
1.0196066902819971
1.0072057828216372
1.0072057828216372
1.0055302489900266
0.9980651478763061
1.002021040001315
0.9979358371820783
0.9976677732619436
0.997082199210387
0.9953750195134767
0.9953750195134767
0.9909493481775518
0.9730700230402674
0.9759871010419058
0.9718810271441968
0.9728439288471162
0.9737761438213902
0.9737761438213902
0.9760956318523002
1.0014709395207853
1.0135166093286976
1.0170035780175795
1.0172292145112147
1.0300672696894773
1.0237428137604774
1.0177747824150274
0.9851571367568386
0.9827848750266334
0.9868708931985981
0.9868708931985981
1.016979286836669
1.0299011172352548
1.0363735716490978
1.0399783023055031
1.0352193668438319
1.0356771112925773
1.034682205540975
1.031716772332683
1.029506129358552
1.0415724522732672
1.0465984873214604
1.0472612746774874
1.0341651593577688
1.0442804594760922
1.0446295324385917
1.0369189744928846
1.0372706975519392
1.0337639656540138
1.0347208548170874
1.0383830691117948
1.035484088525626
1.0484577543770475
1.050352995766515
1.0503359259490874
1.0503359259490874
1.0522263069775233
1.0845400592954109
1.067824658350542
1.0675094168857966
1.0603249842594693
1.0769401180699556
1.0753362623787057
1.0842672241862024
1.0829787979907353
1.0861810903581155
1.0866654952982557
1.0884977973690946
1.086763546982353
1.0949062058673011
1.0932861995838656
1.1016758497367758
1.098757796097193
1.1044279493472189
1.1057667940332283
1.103540940438423
1.0808117877037668
1.0782193098637076
1.0741569932836987
1.0741569932836987
1.0741569932836987
1.082649541543679
1.0846594331606862
1.0882827235555472
1.083623377536042
1.0777477268407605
1.077390400255048
1.0683207949827596
1.069796359301759
1.0702457337705684
1.0702457337705684
1.0678965714451063
1.0686390704555988
1.0674261733625094
1.072764377906521
1.0855348483733798
1.0838280549880837
1.069055216748189
1.0691182462224738
1.0521995528602555
1.0521995528602555
1.0445085926485347
1.0419505829130145
1.0419505829130145
1.0527464280833054
1.056275674570184
1.0587960842941695
1.0577514716918661
1.0539366859908186
1.0559642610100182
1.0734055229774215
1.0757372063475301
1.0766819991649326
1.082074112769032
1.0802334516193348
1.0817489900719877
1.0777652738363865
1.0890236906627973
1.0685335557314737
1.0454664101024513
1.0467987073733083
1.044927494588628
1.0532347008468825
1.0498215150336094
1.0500377240920153
1.0474974670183492
1.0528422632855512
1.0528422632855512
1.0551218113514846
1.0363867513608203
1.0378304623602839
1.0378304623602839
1.0452901486224617
1.0503960258686047
1.0503960258686047
1.0598307433010958
1.0598307433010958
1.0582203146105402
1.0582203146105402
1.060530908272337
1.06395138401859
1.0635694703027392
1.0642658276196582
1.065608816429948
1.0695272973211916
1.0648663377354595
1.0621070736160074
1.0735672991004181
1.0784976268838835
1.0857178277592192
1.0868033053993336
1.0868033053993336
1.0896697179452266
1.0894565530000042
1.094046219875093
1.0940347788953124
1.0941192945422824
1.0941192945422824
1.1014407043383903
1.1030279237955258
1.1006366990643073
1.101736468825505
1.0987150652500859
1.097732635745755
1.099877365125303
1.096426298028848
1.0870454584544624
1.0825900489274825
1.0756332328062994
1.0732769495360808
1.0670143481871637
1.0670143481871637
1.063587632680751
1.063587632680751
1.0591135330055426
1.0604934726180637
1.0607037207968235
1.0602884763935996
1.0712380294020614
1.0667843362555691
1.0731104181793671
1.0741941631030865
1.0760348228220937
1.077102857559142
1.0881825426047416
1.090240922767876
1.0747232771538675
1.0730339476459565
1.0840074890323252
1.0834113157778953
1.091816590993693
1.091816590993693
1.098636319617109
1.0880199016704455
1.0892957037494146
1.081266645948557
1.080243988039153
1.080243988039153
1.0795667518726582
1.0726988441362817
1.0727410781122495
1.0717158184345243
1.0700182530900986
1.0805477815674873
1.0787389489506962
1.0787389489506962
1.0784320501607354
1.073148444734783
1.078441501934289
1.0624176658538893
1.0619193921215186
1.0556346574985556
1.0401473049980763
1.0507886368972725
1.0522226726798964
1.0375598377429145
1.0190308403312427
1.0112635874754325
1.005996514133284
1.0046596023858123
0.9610983613728555
0.9835264599360978
0.9893649631428862
0.9735570621711633
0.9687750645122772
0.9696858432757028
0.9722645328786458
0.9695346848605906
0.9497087763103161
0.95009309296287
0.9599041859136167
0.9599041859136167
0.961640799991451
0.9637538099782513
0.9653147289609798
0.9578227102053374
0.9794475614692562
0.9867225710281374
0.9878054409958968
0.9878054409958968
0.9878054409958968
0.9748679681778616
0.9729241351782408
0.9726841555053266
0.9715763561528741
0.9715763561528741
0.9708252336174852
0.9681829700859027
0.9588522130946935
0.9626004702021171
0.9625905774964871
0.9620279121645616
0.9653658525455666
0.9286608981202548
0.9296280688360481
0.927993900085468
0.9361457884245815
0.9361432132527279
0.9355052060664015
0.9355052060664015
0.9300021601186913
0.9301381862181621
0.9314822550405243
0.9357883172893107
0.936596708788986
0.9357770609323355
0.9371317169651754
0.9332642750903622
0.9356941241220037
0.968081839524307
0.9659265105880932
0.9619562886164826
0.9567723562050348
0.9567723562050348
0.962584301580673
0.9633948336817425
0.9633948336817425
0.9654232540590699
0.9665007174852185
0.9665007174852185
0.9665007174852185
0.9634623882478789
0.9688360383507976
0.9688715041854511
0.9579740435556944
0.9579740435556944
0.9577980589530667
0.9577980589530667
0.957885948990412
0.9596125563781268
0.9560619567424661
0.9650942568260569
0.9709149001211936
0.971181292378472
0.9652250374738204
0.983036188878099
0.9811395375454195
0.9722980778236582
0.9730795999516941
0.9767433467460036
0.9808375585408183
0.961460002277717
0.9615271455625618
0.961180552484171
0.9575525909905565
0.951442706752596
0.9598855088243994
0.9644459474378518
0.9588768898596136
0.9563811741794607
0.9544879388115342
0.9732441271467128
0.980050177725021
0.9863197297443138
0.987376293222657
0.9861220506483901
0.9861220506483901
0.9862727224593607
0.9828763958086664
1.003013516367013
0.9988186864291161
0.9916746298993738
0.9916746298993738
0.9929554284271008
0.9929187000268808
0.9929118374234442
0.9937207314082382
0.9755950223804243
0.9755950223804243
0.9618252113083877
0.9625284842633942
0.9600365484907029
0.945455616578867
0.9473343288764176
0.9337534052680546
0.9337534052680546
0.9348305930234438
0.9342126194514788
0.9455352996198586
0.9476525483723709
0.9393337072465558
0.9397419223162095
0.9392350613721232
0.9399420920316891
0.9834757905591296
1.0194557304611398
1.0210154168091077
1.0200082058390316
1.0068197251862472
1.0312759859786491
1.031714810030307
1.0220971169291204
1.0238336002787205
1.0277484072388836
1.0281822008129422
1.0281822008129422
1.0287441859318676
1.0121376009850003
1.0021060542351528
1.0021060542351528
1.0021060542351528
1.0001746035247439
1.0012306686767614
0.9992318041256483
1.0100713378708541
1.0100713378708541
1.0222998163014383
1.0236951412811055
1.020085528213495
1.01782571841251
1.0090072625705708
1.009418080536881
1.0079936478062554
1.007552426007224
1.0160156774058189
1.0160156774058189
1.0294672823639313
1.0148395726527986
1.0274856755324147
1.028403420120165
1.0286661567033486
1.0073628821484293
0.9831363594776118
0.9772744159003596
0.9277506979784553
0.9290573488910615
0.9291049885933892
0.9239463972815788
0.9239463972815788
0.9262616899351263
0.9232245193131758
0.9288375979520987
0.9251938670493013
0.9246130384115749
0.9258553148716063
0.9221481374594518
0.92429887943519
0.9266909174338844
0.9162747819013661
0.9138503056991354
0.9138503056991354
0.9139519528531868
0.9158146595029785
0.922695153636762
0.9163863875281224
0.9145996317916819
0.9217767454211937
0.9217767454211937
0.9217767454211937
0.9217767454211937
0.9220282555450883
0.9085101205135141
0.9085101205135141
0.9094233975546281
0.9094233975546281
0.9151312347805409
0.9188187700898421
0.9430617853684106
0.9452707243687135
0.9268208674124845
0.9305934961433725
0.9268582913563236
0.9312715618164874
0.9342419164709544
0.939776968300253
0.9414939348110698
0.9387153893399642
0.9423666001359933
0.9405171032687814
0.9133895425953639
0.9041989964683405
0.8986029970466125
0.8891457524570643
0.8891457524570643
0.8879337922661387
0.888514898311268
0.888514898311268
0.8886786448146553
0.8786824461665829
0.8820727257505884
0.8820727257505884
0.8799052928333664
0.8799052928333664
0.9050304756760067
0.9048090815796119
0.9031209012134207
0.8781999390224352
0.8743292188125361
0.9063287374049027
0.9063662084146145
0.8993840639207233
0.9104820132250425
0.9105098025945894
0.9084514164113487
0.9103454026443809
0.9093816770078016
0.8951816964594083
0.8941681959015622
0.9095022786893704
0.9287867715962366
0.9238059159840024
0.9238248065300549
0.9219863630439339
0.9254857173345784
0.9287886208492303
0.9287886208492303
0.9306037097429637
0.9293453057543078
0.9291710639568797
0.9123849248901936
0.9145423135430073
0.9138514606559816
0.8929065092345643
0.8929065092345643
0.8960218046661005
0.9057602513983883
0.9059195540807193
0.9051319982689499
0.9164054098166835
0.9184960978869549
0.9108086902420065
0.9107284101945416
0.8805373024562246
0.8821778137111271
0.8843307866686633
0.898435139809405
0.9154357166960787
0.9161550232475738
0.9220415527172234
0.9302011687006875
0.933114322557724
0.933114322557724
0.9343686598737323
0.9305185518498141
0.9320180712490431
0.9389920829906031
0.9394412354114865
0.941817546378321
0.9374264954042081
0.9306407743961546
0.9277015759197933
0.936819039556014
0.936819039556014
0.9393111440782692
0.9457250833743708
0.9435405292934996
0.9447814480829588
0.9353822379768123
0.9326711889480895
0.9349505065032735
0.9078428173322001
0.915269580150211
0.9170970952945708
0.9170882624876516
0.9160245157515817
0.9160245157515817
0.9219892292468034
0.9226298154240302
0.922586540689824
0.926441153036942
0.926441153036942
0.9503462715897412
0.9552657656486245
0.9490704624986949
0.945739977213687
0.9540169900600397
0.9665227119874682
0.9665227119874682
0.9665227119874682
0.9680739900174579
0.964612794454749
0.9708037911175439
0.972726025583915
0.9755189557865834
0.9911670712735328
0.9922148524100112
1.005629373677198
1.0060054198029402
1.0060054198029402
1.0082321427998606
1.0074423492436329
1.0132310493221275
0.996002475028384
0.996002475028384
1.005829165377157
1.005829165377157
1.0187671372351192
1.0217123355576645
1.0217123355576645
1.0278996991038114
1.0276317091353597
1.0276317091353597
1.0251214457962106
1.0254290746474544
1.0233243228722038
1.0207478714033509
1.020971216631
1.0188363180976279
1.0006606054751048
0.9811741598283784
0.9722318021151507
0.982574727110227
0.982574727110227
0.9860164182862262
0.9860164182862262
0.9942601372379383
0.9892149695208757
0.9924201397039603
0.9924201397039603
0.999241185793453
0.9947491606110302
0.9899010364272618
0.9894173180154413
0.9866255556082263
0.9866255556082263
0.9980797797458002
0.9897148348717045
0.9958624327959421
0.9784422139279421
0.9926105481692695
0.9926105481692695
0.9926105481692695
0.9964212853519966
0.9946970424775894
0.9969419858447264
0.996390088804292
0.9806324580969435
0.9806343318846857
0.9923017845144084
0.9923017845144084
0.9973530848956065
0.9973530848956065
0.9971855795645669
0.9940772969702061
0.9847316916625042
0.9842881895381459
0.9850530241828361
0.9942511125272401
1.0044094740736471
1.0127574251653222
1.0337153602266407
1.0295446026573818
1.032119436493452
1.032119436493452
1.0426107234622983
1.061316996345117
1.0661394996946403
1.0671926482128937
1.0674523616433116
1.0713473257583528
1.0708238502226741
1.0721964346339787
1.060744042377388
1.0532630013563082
1.0489090231355858
1.056107759811152
1.0530158501770905
1.043242270940003
1.0470121746235586
1.0474767962494154
1.0404548312008608
1.0400438606155333
1.0401770171052998
1.0401770171052998
1.0436472199849478
1.0569524337218286
1.0532758882801883
1.0607184930036393
1.0607184930036393
1.0607184930036393
1.0595638447762998
1.0614912712994573
1.0622975214593675
1.060021702224115
1.0557857248254658
1.049351831449045
1.0462923999280103
1.0462923999280103
1.046673906619596
1.0341302761551232
1.028661671644297
1.0382007383627363
1.0374618378162916
1.035578319420881
1.03432877220276
1.023278438401094
1.0243954533384982
1.0306414273647884
1.0272736557828441
1.0308178678925741
1.0341899073121847
1.032204763703703
1.0226677047393573
1.0150220526460898
1.014558184283966
1.014558184283966
1.014558184283966
1.0154076419698086
1.0154076419698086
1.016326165721821
1.0100697341789076
1.0075842439095404
1.0283616832018105
1.039637601208756
1.0392923191266918
1.0157163695731306
1.017073938997548
1.0142833439483319
1.0215712836205828
1.0023218710282125
1.0023218710282125
1.0010502977973268
1.0039625651151494
1.0012732835379001
0.9805403003374245
0.9799754342069152
0.9851718608517829
0.9722019046220394
0.9722019046220394
0.9502276923079271
0.9498463350119724
0.9507408028742016
0.9498946276344246
0.9568855835967736
0.9531284480742864
0.954829039191228
0.9548348539406697
0.951049232786987
0.9519534020582318
0.9450647417644507
0.9303953901815243
0.9324142864896328
0.93239574340968
0.9492769397799756
0.9466442290001288
0.9524972287211031
0.9378972969843021
0.941229428834275
0.9414268604068542
0.9464894696242645
0.9446475163405177
0.9293798270605835
0.9245588222779489
0.922598045396056
0.9138685110331783
0.9117270513215653
0.9110087842776438
0.9374390507032136
0.9500921431342167
0.9500921431342167
0.9482367993555804
0.9474561778634322
0.9429129075937923
0.9436685828616929
0.945161843494753
0.9375574700442642
0.9405439058312703
0.9427361696283307
0.9638970758485019
0.9654678616654195
0.967377987268954
0.9452713181527669
0.9452713181527669
0.9413637974217818
0.9377952270793652
0.9211191509365199
0.9211191509365199
0.9130040706447853
0.9243723026486915
0.926978072254362
0.9276692306350554
0.9308344082604979
0.9368717403828989
0.9372079005401077
0.9472720695759967
0.9483298562993838
0.9633992354636977
0.9643525723411602
0.9699101324863253
0.976348158813575
0.9649734977214133
0.967064881981567
0.953278131687508
0.9642362999452438
0.9540967254184745
0.9584119251921651
0.9584119251921651
0.953943945855821
0.9515190724199548
0.9519754875540901
0.9518715109744073
0.9518715109744073
0.9518715109744073
0.9458753623001108
0.9571523997674655
0.9511345573207277
0.9627260555174851
0.9535011188137449
0.9534615974092813
0.9536784029863611
0.9485034160256571
0.9558504324827991
0.9555738030056767
0.9567722476887357
0.9625040996758152
0.9533715917945982
0.9533715917945982
0.9404089153262212
0.9404089153262212
0.9404089153262212
0.9404089153262212
0.9401300617368267
0.9109517376939955
0.9109517376939955
0.9097902666130311
0.8996897425691261
0.8996897425691261
0.9004104151355732
0.9066713841762346
0.9049742562560336
0.9252771060786591
0.9250033692438707
0.9177125590269081
0.9177125590269081
0.9145893667768676
0.9094431177651484
0.9094431177651484
0.8973653925080394
0.8935000375416173
0.8969207933755545
0.8969207933755545
0.8972084915399817
0.8959661476557864
0.8902515860885286
0.8884728120590681
0.889239750352485
0.889239750352485
0.8885087756057748
0.8884636234610189
0.8884636234610189
0.8884636234610189
0.8870942665286704
0.8871888671401251
0.8861078717235722
0.8866545085243042
0.8871883876713287
0.8734057896554449
0.8730376024624257
0.8717355147157952
0.8717223478165137
0.8701102870214659
0.8643471069908073
0.849977292685951
0.8730065896727708
0.8730065896727708
0.8730065896727708
0.8730065896727708
0.8736363148649042
0.8583368326171725
0.8583368326171725
0.8583360193347198
0.8583360193347198
0.8558902075030717
0.8558902075030717
0.8329638551847794
0.8281131495178202
0.827106099816567
0.8227322532487974
0.8214646450444911
0.8214646450444911
0.819864661760708
0.8220600120811675
0.7874009730977453
0.780045254470622
0.7786385501515265
0.7735425102511235
0.7708836979438048
0.7648799200763264
0.7619796378315136
0.7623452287683699
0.7722801876090282
0.7650932044254531
0.7620857890239793
0.7503918872391568
0.7491444886214867
0.7513763150681037
0.7508288920821883
0.7503747286984463
0.7737563275457738
0.7766495040341136
0.7623420211906494
0.7589016701508301
0.7591921187774983
0.7591911136281753
0.7595245021302878
0.7433552425724201
0.7459805711559337
0.7447200254297512
0.7484328146027562
0.7470613358341912
0.74801250807424
0.7425509202240592
0.7284274167947828
0.7280699787580897
0.7300063857179819
0.7300411204735752
0.7348379201564232
0.7329954167908386
0.7352596264717611
0.7330441313812883
0.7410873151928056
0.7408677980269766
0.7408677980269766
0.7403910539170279
0.7392949513159578
0.7384549888784092
0.7549867552798115
0.7612698309571964
0.7674869830502616
0.7734953472376236
0.7741755845622424
0.7741755845622424
0.7902633578738237
0.8026453554284929
0.8070743945019336
0.8016605621279556
0.8169312491879278
0.8221332813601597
0.8232398951941285
0.8232398951941285
0.8364307499386615
0.8396659264210836
0.8481417396141886
0.8481417396141886
0.8465726683536168
0.8465726683536168
0.8498495706207876
0.862252759145751
0.8651917669637181
0.8651917669637181
0.8586669121690402
0.8582994834633019
0.8592304273130027
0.8592304273130027
0.8592304273130027
0.8585975637590648
0.8585975637590648
0.8546929213843011
0.8355294228144006
0.8343721537895
0.8309439110024881
0.828618179483874
0.8289136996979926
0.8335764456525725
0.8344957479525983
0.8346591620607275
0.83375878191743
0.83375878191743
0.83375878191743
0.833693264422787
0.8343804757966578
0.834428649917916
0.8190189772518692
0.8200050631773262
0.8191703353218659
0.8191703353218659
0.8172190428292897
0.8232666371801068
0.8276764978032622
0.8246916653079733
0.8262883185679808
0.8333744280748356
0.8307938814903427
0.833416718906852
0.8323921775506615
0.8240805179101492
0.8230036513553028
0.836643950194806
0.8232738101339877
0.8321936187020655
0.8270272460035053
0.807800158711786
0.807800158711786
0.794417988129615
0.7730450479671306
0.7787326061137756
0.7742328687134897
0.7742328687134897
0.7741996746187547
0.7663451832964621
0.7592780720336011
0.7573749270089573
0.7569956588196897
0.7556821711058614
0.7556821711058614
0.7548211413132809
0.7559270679985408
0.7562207226162333
0.7594320028534697
0.7608982749402446
0.7608982749402446
0.7412122140287825
0.7408277710104471
0.7408277710104471
0.7403781289126177
0.7403781289126177
0.7403781289126177
0.7606230319645056
0.7639883950631168
0.7644581884515271
0.7658036784972195
0.7717544593574976
0.7756306101321478
0.7717517187697803
0.7690823362688733
0.7690823362688733
0.7690823362688733
0.7604001642099563
0.7604001642099563
0.7604001642099563
0.7612537762606146
0.7563883744618788
0.7522651794498003
0.7552368151234365
0.7584079477718353
0.7612940581022581
0.7623523116764349
0.7610175247156428
0.7625219816800239
0.7710671316289263
0.7619250289623114
0.7619250289623114
0.7609982948285801
0.764688663350299
0.7757563973620145
0.7717012617659319
0.7589554791881273
0.7612818814042335
0.7525334876802025
0.7506793419290941
0.7528885604902331
0.7501752522444445
0.7484498515792289
0.7484498515792289
0.7484498515792289
0.7484498515792289
0.7484498515792289
0.7453265261055343
0.729825723956209
0.7362394243623455
0.7374321369083388
0.753152285767659
0.7484846296000099
0.7483024630945426
0.7475907797142987
0.7475907797142987
0.7585263850574707
0.7585263850574707
0.7583228798408379
0.7583228798408379
0.7409870297790684
0.7444057938937545
0.7431525148743374
0.7394287248901277
0.7389475272205613
0.7411437381321813
0.7456544848552524
0.7489663879964668
0.7438701344628093
0.7438701344628093
0.7557792592599859
0.7621761904417139
0.7556400281272111
0.7587471335404081
0.7587471335404081
0.7502848246583754
0.7503006828171102
0.7404489453622991
0.7404489453622991
0.7404489453622991
0.7415654205440784
0.7370127879238235
0.7370127879238235
0.7372614777350673
0.7429942298545733
0.7429942298545733
0.7430127485354099
0.7427424265036291
0.7408796677904372
0.7421724681953723
0.7358584539373254
0.7367063841895304
0.7127298524016877
0.7123781604989967
0.7184203126878249
0.7184203126878249
0.7076531754107255
0.7181906112391173
0.7181906112391173
0.7181906112391173
0.7142322801242864
0.7142326962561952
0.7142326962561952
0.7264169880938653
0.7258427770708291
0.7257479460917452
0.7277828308848641
0.7382794483097465
0.7382794483097465
0.7383648015807553
0.7360843492868028
0.7360843492868028
0.7382828972853841
0.7437973826210654
0.7437973826210654
0.7437973826210654
0.739601257873182
0.7387338907138525
0.7289052154708406
0.7289052154708406
0.7289052154708406
0.7230329715346219
0.7231784953585878
0.7287785657890261
0.7275952060481709
0.7385027886315676
0.7300014651088452
0.7300014651088452
0.7252369753370548
0.7157149986732771
0.722607095879601
0.7404946143221158
0.7481076656490232
0.7565173231180234
0.7706680157256659
0.7653695348216485
0.7718331684890058
0.7865250101703598
0.7889837769472581
0.7889837769472581
0.8005467192760776
0.7999816380036922
0.7943122312595268
0.7953591376347254
0.7858922371581897
0.786432846310529
0.7766322897298031
0.7607234564227464
0.7669893674575171
0.7741851637008648
0.7804142894646381
0.7804142894646381
0.7804142894646381
0.7833133763734054
0.7871069602598775
0.7931325843378314
0.793177859818677
0.7896165562932338
0.785989243371777
0.7935336843324349
0.8004966551413777
0.8004966551413777
0.8027809688941299
0.8027809688941299
0.8036861743638931
0.787637539419592
0.7869647118550305
0.7744913009207348
0.7502018017829898
0.7502018017829898
0.7390821962337266
0.7519222813583466
0.7519222813583466
0.7519222813583466
0.7518849287317924
0.7558049897186022
0.7471203395984779
0.7471203395984779
0.7588939716724121
0.7403859003775288
0.7403859003775288
0.7395962405420871
0.7381253241676377
0.7388712317410959
0.7413066416198498
0.741553500855292
0.7520361819125153
0.7520361819125153
0.7484382362783792
0.746150089338321
0.746150089338321
0.7511398191015022
0.7523647078522349
0.7523647078522349
0.7507664512331246
0.7352192565545402
0.7352192565545402
0.7299711543420169
0.7364843575164007
0.7446537630419117
0.7398408545604376
0.7393875823407435
0.7326421259340459
0.7339180553801491
0.7355765523364015
0.7355765523364015
0.7263580034905861
0.7269675629840395
0.7150902650678587
0.7123056196940026
0.7118101410025189
0.7111787941917246
0.7018548736760927
0.7015483493363349
0.6991924245187312
0.6991924245187312
0.7058804415190364
0.7179175315228096
0.706807747157119
0.7197930952254297
0.6985145573251519
0.6927504258897352
0.6999478851816247
0.7073293189668644
0.70603773371891
0.7101639962711765
0.7101639962711765
0.7101639962711765
0.7143269683233803
0.7152932931704068
0.7090224351909042
0.7106109965848185
0.7119108290406634
0.7119108290406634
0.7120960140208222
0.7120960140208222
0.7126809394138354
0.7196130486138295
0.7161871799552585
0.7037090651301598
0.704852202815714
0.7166522106326222
0.7133017548868686
0.7032361565472577
0.7120571288763946
0.7127868525418465
0.6971797520005898
0.6899910560376145
0.6967657739994123
0.6832559320371452
0.6730980697151385
0.6609414611075497
0.6609414611075497
0.6510032696775945
0.6507143036429419
0.6501835188968438
0.6500275271825215
0.654442492636683
0.6475565087077112
0.6463366032029251
0.6463366032029251
0.644832295445629
0.6639132764687147
0.6641347405521942
0.666421813797283
0.6679763971431485
0.6679763971431485
0.683069118064747
0.6704643856467599
0.6660553231635551
0.6689316969753497
0.6689316969753497
0.6862508338081191
0.6796854804616341
0.6718947703618067
0.6852204788640337
0.6852204788640337
0.6858673738011569
0.6918020219485026
0.6870772906777755
0.6870772906777755
0.6842978633319547
0.6844054463626119
0.681343771090588
0.681343771090588
0.6845026970404265
0.6775149473599736
0.673510180066007
0.6717125144916897
0.6717125144916897
0.6654394484187077
0.6653563674545838
0.6650078147889408
0.6548882132553656
0.6541317147311144
0.627367465014288
0.627367465014288
0.6245440679278575
0.6249745733935681
0.6218398826655426
0.6357914805106811
0.6362881686587928
0.6386626004492335
0.6467182395196053
0.6582777977031745
0.6706637291034583
0.6706637291034583
0.6724624394177826
0.6798497008754976
0.6772889043915516
0.6897129725198003
0.6860271720925595
0.676207451719403
0.6750214933235595
0.6762016379914577
0.6745819333578529
0.6745819333578529
0.6786345424560534
0.6703980749091876
0.6705820737173251
0.67478106152642
0.67478106152642
0.6689250774861671
0.6689250774861671
0.6696749826233317
0.6676894507457778
0.6440662047983945
0.6431854774124673
0.6286196570900235
0.6408078642924329
0.648586106026712
0.6486465392009645
0.6714605676524108
0.6693662875979275
0.6643593480683356
0.6590734207296535
0.6530372141615678
0.650686300942541
0.6508317199533605
0.6492821897223504
0.6548253550391997
0.6602250710080029
0.6602250710080029
0.6601441370468978
0.6732374764324419
0.6742140038773851
0.6740910231479955
0.6585644524866274
0.661530877646661
0.6616738758820727
0.6601576833375709
0.6562546964761797
0.6627576422696109
0.6627576422696109
0.6517330586914531
0.6713215124874397
0.6603147426860022
0.6603147426860022
0.665632874933739
0.6663131308436268
0.6830351750128969
0.6830351750128969
0.6837344413491444
0.6841151197960105
0.6807429822929686
0.6819914475479738
0.6678482697946279
0.6683989584476776
0.6616071629641342
0.6616071629641342
0.6633111681129181
0.6607527533304683
0.6599698579999557
0.6672514099208317
0.6672514099208317
0.671808041215094
0.6785310423146974
0.6759387794147402
0.6840575998184221
0.6830989790466497
0.6920362625856177
0.6773840003673709
0.6766441422146957
0.6768806471276271
0.6812478640393509
0.6821317384741743
0.676237406591991
0.676237406591991
0.6689619883008591
0.6639084883006043
0.6526877316446655
0.6716506037274204
0.6721196687254742
0.6721196687254742
0.6722836730515068
0.6719511409356484
0.6747249385155515
0.6747249385155515
0.677878901506432
0.6933041195933889
0.6875498778502663
0.6845752357786485
0.6845752357786485
0.676236930045133
0.676236930045133
0.6759665903884021
0.6759437028052678
0.6759437028052678
0.696251184376491
0.695371471371679
0.694010821342647
0.694010821342647
0.6942121700242001
0.686118849552465
0.6862135512259016
0.6906181345912765
0.695450680140347
0.6954327626520949
0.7006692930651681
0.6977571023333546
0.6974543536199769
0.6968736232199358
0.6970723909174689
0.6962928966531046
0.7036648521458444
0.6887517667287713
0.6892099353283933
0.6892099353283933
0.6956220383935952
0.6955988477474605
0.6899123900658627
0.6900620976225255
0.6916530004785576
0.7039199546196926
0.7173608830180643
0.7348066808634003
0.7222818758619409
0.7209365069803296
0.7209365069803296
0.7206194378427357
0.7163746820629793
0.7163746820629793
0.7169209077935396
0.6910592958453142
0.6910592958453142
0.7021746444182239
0.716347251713861
0.7164015140892974
0.7164015140892974
0.7127615601076634
0.7029029959389986
0.6969495404524493
0.6969495404524493
0.6968557715814457
0.6968557715814457
0.6884101134511741
0.6890448101505011
0.6960059561782916
0.6952703020158998
0.6952703020158998
0.6929431663823433
0.6929431663823433
0.6946408365486987
0.6947723453211041
0.6924146827136182
0.6924146827136182
0.6926889122107973
0.6910115744640319
0.6880834276415055
0.6880834276415055
0.6585303464575036
0.6561845938135631
0.6545365699865838
0.6564477848078326
0.658372095212389
0.6575121024357665
0.6575121024357665
0.6576640723007526
0.6588500749375966
0.659180059793892
0.6547500928824621
0.6570070910518961
0.6578070759799995
0.6573619347961404
0.6569880444297183
0.6450905132987469
0.6482509660918621
0.6482509660918621
0.6528950672344883
0.6480208058435651
0.6387966071697365
0.6340426613952227
0.6230053161913555
0.6378935718577254
0.6402654970798227
0.6400282317397423
0.6400282317397423
0.6806569827333223
0.6836367483463294
0.6918979964841929
0.6946274305403568
0.6946430813986912
0.6985554417834545
0.6985554417834545
0.7365530600445751
0.7365530600445751
0.7365530600445751
0.7401646978408609
0.7232328834108815
0.7047759492270588
0.7120219731672158
0.7126985988095487
0.7127626768060606
0.7143634932957914
0.7143634932957914
0.7179664300114758
0.7205284115543359
0.7205284115543359
0.7112793276272124
0.7091892848234415
0.7078234220940305
0.7057255238831225
0.7134133349416243
0.7087349846035592
0.7073646919385936
0.6994231137158654
0.697488786183133
0.697488786183133
0.697488786183133
0.6978400003007993
0.6860465284569565
0.6876962352477416
0.6917027482107718
0.6752185270268686
0.6997206447641284
0.7026599904140907
0.7043454688193022
0.7160232831547106
0.7160232831547106
0.7146906351814942
0.7175810167839393
0.7175810167839393
0.7192016411844266
0.7150420154405948
0.7117590845854932
0.7041967895018578
0.7045303121415002
0.7117920817143621
0.7106774967891133
0.7157763920337549
0.7157763920337549
0.7142848465391354
0.709501030038105
0.709501030038105
0.68178614146494
0.6683040152876787
0.6683040152876787
0.6674892829128679
0.667363881548454
0.667363881548454
0.6686842435123641
0.6543185748959782
0.6510413084423116
0.6488496932529224
0.6517007613668216
0.6125521305014557
0.6298451740067204
0.6298451740067204
0.6298451740067204
0.6233604069052885
0.6281445168049695
0.6302624074358895
0.6286880178864097
0.619034797032352
0.6358997766850354
0.638517938572346
0.6499649930355
0.6466941993193007
0.6468266565480298
0.6468266565480298
0.6468266565480298
0.6338261150031392
0.6338261150031392
0.6386853027436636
0.6268481112459604
0.6168585979778952
0.6168585979778952
0.6239260609555051
0.6244261199006137
0.6256907001600237
0.6256907001600237
0.6223421746708724
0.6265722131029038
0.6289354332168261
0.6384709415506683
0.6394101829375199
0.640339300081809
0.6430903881989881
0.6430903881989881
0.6495690821471994
0.6495690821471994
0.6539658298815199
0.6560527607984826
0.6504534483902479
0.6504534483902479
0.6504534483902479
0.6485257417943403
0.6458741166304788
0.6492136939365017
0.6573006302981038
0.6579116297019292
0.6579116297019292
0.6659491023917735
0.6599383437901776
0.6560301434084158
0.6560962893174191
0.6553487932765083
0.6552554894083343
0.650055014424458
0.650055014424458
0.6503564054129557
0.6436642126716113
0.6441943343330678
0.6441943343330678
0.6441943343330678
0.6153823829771861
0.6153823829771861
0.6154824822776983
0.6161949333999951
0.6161949333999951
0.6161949333999951
0.6147880374438911
0.6147880374438911
0.6185585417972176
0.6381337212628381
0.6391689353582023
0.6365033887685022
0.6365033887685022
0.6356075757855884
0.6356075757855884
0.6356075757855884
0.6356075757855884
0.6288746335692355
0.6418423208632479
0.6288889750595615
0.620617304401136
0.6302827759765272
0.6285469964997279
0.6298952010588863
0.6298952010588863
0.6288497780534916
0.6288497780534916
0.6293016207325269
0.6094006189183457
0.6156113816151692
0.6156113816151692
0.6156113816151692
0.6214144687777268
0.6214144687777268
0.6209072647692184
0.6143207234206047
0.6142939466148908
0.6108814912796181
0.6116156324384309
0.6116156324384309
0.6141397208947302
0.6057697576722412
0.6137873332010714
0.6150079555980908
0.6218797652811182
0.6023032317211523
0.581099128937644
0.581099128937644
0.5724275286755366
0.5743058648574624
0.5738063804751597
0.5738063804751597
0.5722708945465586
0.5773006074259164
0.5773006074259164
0.5776642978491432
0.5776642978491432
0.5746648482395577
0.5767079262996895
0.5765465308860346
0.5765465308860346
0.5765465308860346
0.5779207208086978
0.57504316800703
0.5802075926193678
0.5805525154445791
0.5814719592173773
0.594413504681208
0.594413504681208
0.5930621855172565
0.5889741784981968
0.5922083658066476
0.5921434823832388
0.5836620786496709
0.5815290525075755
0.5676065231775524
0.5676065231775524
0.5513546641435986
0.5512589565732983
0.5486295575149555
0.5530210793679774
0.5613614879866102
0.5616885377865541
0.5572469216887594
0.5527291656132227
0.5526658801124152
0.5464447443623911
0.5465027730044936
0.5420451168309343
0.5385793883048223
0.5395724123610299
0.5433520891237127
0.5399667014417443
0.5626363288603792
0.5628113677068503
0.5629616147323778
0.5629616147323778
0.5686767920019873
0.5668849262844321
0.5668849262844321
0.5706265742859559
0.5706788265610887
0.5720677507971891
0.579988998192389
0.5799893467520252
0.5799893467520252
0.5761112008216611
0.5763394087487929
0.5796971766868173
0.5779484483683061
0.5779484483683061
0.5768742722349721
0.5641137086217403
0.5625122128993627
0.5625122128993627
0.5584388645059685
0.5572352907788476
0.560097185767237
0.5628824773746713
0.5694761730091854
0.570295529579101
0.5718942881506275
0.5692386310796135
0.5516119972336393
0.5541183401027643
0.5573283716031213
0.556894124981713
0.5569159383304146
0.5568346066419371
0.565053006833036
0.5547614746322805
0.5825840900790492
0.5826508378095588
0.5769768137983197
0.5770444414069514
0.5948542978659015
0.5917208130886433
0.5753109601293965
0.5964240760870546
0.5964240760870546
0.5964240760870546
0.597055793679531
0.5952623175404337
0.6085422458190746
0.6085422458190746
0.6021970669315151
0.5887428841923507
0.556855664443011
0.5593196530840961
0.5593067624506249
0.5692289855090172
0.5779550400786555
0.5861150475833604
0.5861150475833604
0.5861150475833604
0.5844726454699899
0.5854731742795335
0.5875195603120973
0.5875195603120973
0.5936902908328077
0.611442312862253
0.611442312862253
0.6055698916693969
0.6077183982710986
0.6160022994314535
0.6192036810018584
0.6167512418639491
0.6210315840296474
0.6210315840296474
0.6221137782346944
0.6216591445672908
0.6216591445672908
0.6192699966871942
0.6157355732943423
0.6178965123682569
0.6178965123682569
0.6196113657214553
0.6217498189735865
0.6255631378359958
0.6255631378359958
0.6414495685643454
0.6442954864237678
0.6452839693525194
0.6409240072673121
0.6398402045434108
0.6398402045434108
0.6396605624480382
0.6538125745012443
0.6643801775262832
0.6620650611758724
0.6417598038338199
0.6417598038338199
0.6433764474185348
0.643265827451998
0.649925148697692
0.6525344005338872
0.6591067916075055
0.643911889166337
0.643911889166337
0.6435154557759669
0.6426616286773604
0.6426616286773604
0.6503114058194143
0.6510922204126413
0.6632369237704555
0.6736501153527551
0.6544361728637627
0.6423970625082536
0.640590100861791
0.6379793101523709
0.6313736569511487
0.6313736569511487
0.6322697087839225
0.6322697087839225
0.6322697087839225
0.6149321091853437
0.6130300376201149
0.6133978970093558
0.6122600664997387
0.6122600664997387
0.612280873648987
0.5989971236265306
0.5974353395395435
0.6061577805616114
0.5934690864069666
0.5934690864069666
0.5934690864069666
0.5952501652987245
0.604490843353567
0.604490843353567
0.5958379257885024
0.6025913241172619
0.5999190729761078
0.6003954034088937
0.5792849234000957
0.5800859617425141
0.5850286445632122
0.5750985047378993
0.5881227050279405
0.5895811440098665
0.5840715790708032
0.5918838118203734
0.5918838118203734
0.5932376144987261
0.5866251156449583
0.572701776150001
0.572701776150001
0.572701776150001
0.5686236772105787
0.5773705719447434
0.5713572266089175
0.5692651667255888
0.5710698858207807
0.5749858401183738
0.5749858401183738
0.5754562257455459
0.584633832102954
0.584633832102954
0.5767163252046438
0.5767163252046438
0.5767163252046438
0.5767163252046438
0.5746081125195774
0.570530333288574
0.570530333288574
0.5710199976821085
0.5710199976821085
0.5594232200989638
0.5623897039610843
0.5601237515929026
0.5601237515929026
0.5601237515929026
0.5597337220062197
0.5319869915440769
0.5319869915440769
0.5292559947740845
0.5373216789337936
0.5399135509593689
0.539354510353066
0.544671609638211
0.5655821189322084
0.5665592916688933
0.5665592916688933
0.5645175807339871
0.5530044972073992
0.529032504172797
0.529032504172797
0.524467775354529
0.524467775354529
0.524467775354529
0.5357760948519886
0.5304414322134272
0.5215899561859719
0.5233126028806158
0.5284740331552171
0.5361448257319804
0.5385625200858509
0.5403882219952785
0.5409653071790631
0.5410970431875678
0.5410970431875678
0.5410970431875678
0.5410970431875678
0.5500094296170062
0.5557064609877996
0.5557064609877996
0.560544466764672
0.5595760263061872
0.5588790631038004
0.5579661188285834
0.5640199128758197
0.5640199128758197
0.5592763853250401
0.5592763853250401
0.5576217915596187
0.5675949386846256
0.5728367826445327
0.5621968300764724
0.5586735263714215
0.5582766245284885
0.5772135138810602
0.5772366517404407
0.5744152777545686
0.574724637132743
0.5670059768632791
0.5729875975093427
0.5732991027862546
0.57262156776234
0.5670404638805253
0.5670404638805253
0.5568227333936762
0.5559682976951065
0.5514617047974689
0.5514617047974689
0.5464157595606537
0.5429466821573425
0.5475400925919297
0.5445112920467561
0.5389828860666753
0.5389828860666753
0.5344452955948945
0.5344452955948945
0.5375356859477802
0.5375356859477802
0.5388753561924982
0.543013888049015
0.543013888049015
0.543013888049015
0.5419959217932057
0.5387279522796528
0.5387279522796528
0.5199626151233419
0.5238679220631662
0.5158654989313443
0.5110842805884803
0.5090529634704682
0.49106449344552605
0.49194920790298763
0.4938011625311533
0.4984720893596352
0.5045212707663569
0.5000529670902566
0.49701203357758883
0.5012487051064378
0.48585753959462324
0.48585753959462324
0.4836028917862849
0.475426982751462
0.4754476649395718
0.4754476649395718
0.4864003514839651
0.4831169165979677
0.47159309780157993
0.44841685745508186
0.4579793330607731
0.45096768227178224
0.45096768227178224
0.4514819090272972
0.4514819090272972
0.4437499733618389
0.4399679688565725
0.4435132660633275
0.4480535614733349
0.4480535614733349
0.45015151157006394
0.44599896786257415
0.446830113886865
0.4221530798605454
0.4262693968232776
0.43591825964711123
0.43591825964711123
0.4306048622352197
0.4306048622352197
0.43310120589304807
0.42844769472230704
0.44035305080944304
0.4406311021924936
0.4406311021924936
0.44084255752435336
0.4493321352546207
0.4383035787697331
0.4383035787697331
0.4383035787697331
0.43218574888348343
0.4333003674939133
0.4352134483074877
0.4439882329369841
0.4396801430205954
0.451422176904261
0.4620959537467947
0.46048519227239637
0.46048519227239637
0.46048519227239637
0.46048519227239637
0.46592289161200917
0.45940801790292335
0.4680737332939692
0.4680737332939692
0.4730966109759806
0.4730966109759806
0.4730966109759806
0.4734271558480613
0.4653421584502633
0.4645469732233094
0.45262065656254225
0.4488889320430407
0.4484431075742686
0.43404706515819136
0.43703928956788346
0.4374855655563085
0.438060729278989
0.4293171045092945
0.41510303633527956
0.41510303633527956
0.41582452559300104
0.4134124587181461
0.4143439677232845
0.41303650386694085
0.41303650386694085
0.4279567160747499
0.4272704451954942
0.4272704451954942
0.43051770434035397
0.4284619477444528
0.43232984138603425
0.432707695073515
0.4333437832075716
0.4358974574298288
0.4534488711922091
0.45618325828948453
0.4554358870939243
0.4554358870939243
0.4554358870939243
0.43588620624558344
0.42887570428964517
0.42887570428964517
0.42399647880811314
0.4229363187439636
0.4227863917450107
0.4227863917450107
0.4126375379939275
0.4126375379939275
0.4135445264230211
0.4135445264230211
0.4336315799543771
0.4332336383557817
0.43479508159314534
0.42582501788731625
0.4309685573052843
0.4300201592302358
0.4347663270226018
0.4347663270226018
0.4347663270226018
0.4347663270226018
0.4347663270226018
0.4343600401292206
0.42545623970557706
0.4297879894306587
0.4248755738444416
0.4215950264672957
0.40574400715886405
0.40574400715886405
0.4051079087634655
0.3995457988518757
0.3995457988518757
0.3990334674216896
0.4007940717146089
0.3921778297338691
0.3888938570742106
0.40647437987448887
0.42322977178714877
0.4379343138572405
0.4379343138572405
0.43690440486317805
0.43734307297284836
0.4389653579677542
0.4407373548355235
0.4409111238619897
0.4438238528240502
0.4438238528240502
0.441929365791075
0.43870826472816893
0.43870826472816893
0.43811227787216417
0.43811227787216417
0.43198875183614904
0.43494806160580524
0.4456865226981299
0.4445639389976957
0.44582451920572574
0.4449158370729729
0.4449158370729729
0.4449158370729729
0.4476276202397316
0.4505885905485987
0.450752511877584
0.4547906120178328
0.45076079305604094
0.44970010802223576
0.44970010802223576
0.44964071569180075
0.44964071569180075
0.42890834655733323
0.42890834655733323
0.42587910549543373
0.4207309298157341
0.42469516574851035
0.42469516574851035
0.43032268181159655
0.43032268181159655
0.43032268181159655
0.4329919951489304
0.4397377645037981
0.4429476907719742
0.4438865002000913
0.44934506343886593
0.443835414625575
0.44218386362974316
0.44420678488722865
0.4438012602468115
0.4438012602468115
0.4438012602468115
0.45302540753030257
0.45302540753030257
0.4451357332513417
0.4480670323241417
0.4382409068158726
0.4432454884953603
0.44124993854145794
0.44194417533148095
0.4401788858598799
0.4401788858598799
0.43568670689342487
0.4381133039097825
0.4381133039097825
0.4425674416915322
0.4396749696014072
0.4290315976287791
0.4309519249846728
0.4309519249846728
0.4309519249846728
0.4309519249846728
0.4377548640427429
0.4377548640427429
0.4377548640427429
0.440067409776493
0.440067409776493
0.44242080571436143
0.4423654381397898
0.4423654381397898
0.43886027868952104
0.43985365825830164
0.44441093497520107
0.4435784062459097
0.4421292096850038
0.45270334872763623
0.45240452506316353
0.4513327270655042
0.4206743911090237
0.420606435671909
0.420606435671909
0.420606435671909
0.43357886230559645
0.40069111309628197
0.4032290710539005
0.4331230384732618
0.4371294042947365
0.44012225805222965
0.43010525957062723
0.43054562053422774
0.43054562053422774
0.4201733394729366
0.4201733394729366
0.4201733394729366
0.4200870179982019
0.42307861624559195
0.42307861624559195
0.411204906155985
0.411204906155985
0.4173879902000697
0.4209137321446561
0.4209137321446561
0.4209137321446561
0.4214561730745126
0.4214561730745126
0.4214561730745126
0.42196093331615747
0.42196093331615747
0.4221590852558712
0.42139161328137104
0.41516269367404524
0.4145482850270038
0.41289517474792886
0.4217266932879789
0.421724548611497
0.421724548611497
0.4237229044060294
0.4237229044060294
0.4086176170736201
0.4007887897302384
0.38599774651688973
0.3857805128885907
0.3846053866322421
0.3846053866322421
0.39805900922914794
0.39805900922914794
0.402212385247989
0.402212385247989
0.3956002173654525
0.3956002173654525
0.3956002173654525
0.3925709220377472
0.3929841508244345
0.3966454798760391
0.3966454798760391
0.4118833572974615
0.4178186426808617
0.4178186426808617
0.4178186426808617
0.4267203097036861
0.41176130059268595
0.41317176488557233
0.40849753840707187
0.4083460633439699
0.40788432829202736
0.4131559481965007
0.3879747986456391
0.3879747986456391
0.3879747986456391
0.3823071484435246
0.382738398239125
0.374879141546244
0.37092778499244894
0.37579180542329543
0.37834307573268955
0.39959941775590174
0.4081279381020099
0.4081279381020099
0.40636855402895294
0.40012234683929154
0.40008052351120854
0.40008052351120854
0.40008052351120854
0.39519731940816455
0.39519731940816455
0.39506326835144273
0.3962155842881246
0.3962155842881246
0.39513360859454866
0.3959520816077016
0.3970561950237044
0.3970561950237044
0.3990034433476314
0.39586450163083536
0.39586450163083536
0.37376117753664023
0.37376117753664023
0.3776060428882559
0.37702449000342214
0.37702449000342214
0.37702449000342214
0.40164621494000013
0.4052806451694647
0.4052806451694647
0.4014261962979653
0.4014261962979653
0.4014261962979653
0.4025780220661404
0.3900629191650022
0.38569849223795627
0.38104526906478486
0.3794998041726759
0.3794998041726759
0.3794998041726759
0.3794998041726759
0.38131463254803877
0.3603566041234066
0.3603566041234066
0.3604174551628513
0.36542740324425255
0.36542740324425255
0.36770777490961504
0.36770777490961504
0.36770777490961504
0.3636034803157861
0.37021670852168126
0.3498977174376859
0.3504160543315975
0.3476687107207084
0.3478253054650763
0.3478253054650763
0.3476736148122878
0.3411887245122834
0.3411887245122834
0.3411887245122834
0.34643808170846946
0.34546501978674743
0.34546501978674743
0.34546501978674743
0.34546501978674743
0.3710627363884261
0.3710627363884261
0.3710627363884261
0.3637174619220344
0.36453037790722376
0.36453037790722376
0.36466228917070204
0.36466228917070204
0.3628325879837578
0.3628325879837578
0.36662606300488215
0.36644094896854645
0.36644094896854645
0.3768499193726159
0.3873793534443747
0.395289794052627
0.4049097432621985
0.3916078016661382
0.3924213964718366
0.3924213964718366
0.38663441784121216
0.38014838206077184
0.3890431580392666
0.386591625144799
0.386591625144799
0.3935389793315706
0.4035362748911988
0.4035362748911988
0.3995865831124969
0.39560082096409077
0.3923741937842821
0.3891989429746914
0.3891989429746914
0.3880792139601479
0.3810944176092058
0.37909271104525727
0.37512914103020195
0.3814596117990916
0.3814596117990916
0.3814596117990916
0.38258481133485994
0.3862335639898254
0.38794812824237535
0.38428225607194316
0.3833129587905485
0.3752190149885747
0.3752626054436571
0.3682361710889109
0.3580461345541079
0.36483448588409256
0.3638785205603866
0.3712851480159198
0.37046837307371655
0.37046837307371655
0.3719496374382555
0.3709614324105392
0.36721740741678965
0.36741886603336565
0.36741886603336565
0.36727544592124944
0.36727544592124944
0.3670675512188407
0.3615901501211003
0.3615901501211003
0.3615901501211003
0.3615901501211003
0.3615901501211003
0.3614773037870874
0.3614773037870874
0.3614773037870874
0.3614773037870874
0.3614773037870874
0.3614773037870874
0.37364028919187625
0.37025565622719275
0.37520051257247566
0.3791036493298271
0.37871282965318365
0.36852877984424154
0.36995626700232326
0.3683992196183217
0.3683992196183217
0.36366436604442276
0.36366436604442276
0.3746683772660757
0.3645784331814552
0.3637054881275941
0.3637054881275941
0.3637054881275941
0.35198283846159545
0.35261743836680454
0.35261743836680454
0.35262654723859366
0.35262654723859366
0.3420838859962297
0.3420838859962297
0.3519435373527105
0.35913745966673916
0.35913745966673916
0.36737145384131287
0.36947511448386827
0.36947511448386827
0.36285202454346926
0.3610760423055185
0.36081950596317014
0.3597591043386952
0.3597591043386952
0.3597591043386952
0.3577847646540052
0.3589693130319269
0.3623482939810334
0.36608046326596305
0.36608046326596305
0.3792823301542368
0.3792823301542368
0.37944787926407925
0.3746830601632597
0.38599068447162105
0.38034417916626073
0.38101441792254326
0.38101441792254326
0.38101441792254326
0.3793141557756642
0.3793141557756642
0.3795196034694727
0.38019755700652746
0.38019755700652746
0.37987102013983143
0.3637174619220344
0.3637174619220344
0.3637174619220344
0.3637174619220344
0.36102922239215046
0.3564081658558927
0.3564081658558927
0.35281308179241233
0.35281308179241233
0.35281308179241233
0.35281308179241233
0.35038689617495433
0.35038689617495433
0.3426384955838828
0.3426384955838828
0.3426384955838828
0.3426384955838828
0.3426591596476988
0.33358425329564295
0.33358425329564295
0.33358425329564295
0.33358425329564295
0.331481221381323
0.331481221381323
0.331481221381323
0.3420671695213611
0.3420671695213611
0.3420671695213611
0.3420671695213611
0.3420671695213611
0.3421827588462008
0.3421827588462008
0.3421827588462008
0.3421827588462008
0.3421827588462008
0.3365049984942785
0.3365049984942785
0.3365049984942785
0.3380441089292291
0.3380441089292291
0.33822754508877106
0.33822754508877106
0.3351790057096652
0.3351790057096652
0.3351790057096652
0.3351790057096652
0.3351790057096652
0.3351790057096652
0.3302506424499128
0.3302506424499128
0.3302506424499128
0.3302506424499128
0.32343062843348686
0.32343062843348686
0.32343062843348686
0.32343062843348686
0.32343062843348686
0.32343062843348686
0.32343062843348686
0.32343062843348686
0.3188693695045267
0.3188693695045267
0.3188693695045267
0.3188693695045267
0.3188693695045267
0.3188693695045267
0.3188693695045267
0.3188693695045267
0.3188693695045267
0.3182234720113419
0.3143657337678969
0.3143657337678969
0.3143657337678969
0.3141580863367955
0.3141580863367955
0.3141580863367955
0.3141580863367955
0.31628891903123113
0.31628891903123113
0.31628891903123113
0.31628891903123113
0.31628891903123113
0.31628891903123113
0.31628891903123113
0.31030312891986894
0.31030312891986894
0.31030312891986894
0.31030312891986894
0.31030312891986894
0.31030312891986894
0.31030312891986894
0.31030312891986894
0.31030312891986894
0.31030312891986894
0.31030312891986894
0.30877555257358485
0.30877555257358485
0.30877555257358485
0.30877555257358485
0.30877555257358485
0.30877555257358485
0.30877555257358485
0.30877555257358485
0.30877555257358485
0.30877555257358485
0.30877555257358485
0.30877555257358485
0.3040154270888017
0.3040154270888017
0.3040154270888017
0.3040154270888017
0.3040154270888017
0.3040154270888017
0.3040154270888017
0.3040154270888017
0.3040154270888017
0.3040154270888017
0.3014358901167543
0.3014358901167543
0.3014358901167543
0.3014358901167543
0.3014358901167543
0.3014358901167543
0.3014358901167543
0.3014358901167543
0.3014358901167543
0.3014358901167543
0.3014358901167543
0.3026558209815846
0.3026558209815846
0.3026558209815846
0.3026558209815846
0.3017744123681886
0.29554469067901307
0.29554469067901307
0.29554469067901307
0.29554469067901307
0.29554469067901307
0.29554469067901307
0.29554469067901307
0.29578895167256847
0.29578895167256847
0.2923786244043623
0.2923786244043623
0.2923786244043623
0.2923786244043623
0.2923786244043623
0.2923786244043623
0.2923786244043623
0.2923786244043623
0.2923786244043623
0.2923786244043623
0.2923786244043623
0.2923786244043623
0.29089658408530067
0.29089658408530067
0.29089658408530067
0.29089658408530067
0.29089658408530067
0.29089658408530067
0.2906569869571443
0.2906569869571443
0.2906569869571443
0.2906569869571443
0.2906569869571443
0.2906569869571443
0.2906569869571443
0.2906569869571443
0.2908527345978804
0.2908527345978804
0.2908527345978804
0.2908527345978804
0.2908527345978804
0.2908527345978804
0.2908527345978804
0.2908527345978804
0.2908527345978804
0.2908527345978804
0.2801244030994466
0.27894662065457504
0.27793201570904347
0.27793201570904347
0.27793201570904347
0.27793201570904347
0.27793201570904347
0.27793201570904347
0.27090325390298925
0.27090325390298925
0.26656365622193146
0.26656365622193146
0.2638938942038124
0.2638938942038124
0.2638938942038124
0.26126692533441326
0.26126692533441326
0.26126692533441326
0.26126692533441326
0.26126692533441326
0.26126692533441326
0.26126692533441326
0.26126692533441326
0.26126692533441326
0.26126692533441326
0.26126692533441326
0.26126692533441326
0.26126692533441326
0.26126692533441326
0.25830356738806076
0.25830356738806076
0.25830356738806076
0.25830356738806076
0.25948618258300654
0.25948618258300654
0.25948618258300654
0.25948618258300654
0.2508951843508641
0.2508951843508641
0.2508951843508641
0.2508951843508641
0.2508951843508641
0.2508951843508641
0.2508951843508641
0.25360281700851056
0.25360281700851056
0.25360281700851056
0.2524427666705031
0.2524427666705031
0.2524427666705031
0.2549488936158424
0.2549488936158424
0.2549488936158424
0.2549488936158424
0.2549488936158424
0.2549488936158424
0.2549488936158424
0.2549488936158424
0.2549488936158424
0.2549488936158424
0.2549488936158424
0.2549488936158424
0.2549488936158424
0.2549488936158424
0.2549488936158424
0.2549488936158424
0.2552403568739
0.25497469243368837
0.25497469243368837
0.25497469243368837
0.2510546746152413
0.2510546746152413
0.2510546746152413
0.2510546746152413
0.2510546746152413
0.24154147838716367
0.24154147838716367
0.24154147838716367
0.24154147838716367
0.2226023478479755
0.2226023478479755
0.2226023478479755
0.22168153058102283
0.22168153058102283
0.22093231247525805
0.22093231247525805
0.22093231247525805
0.22093231247525805
0.22093231247525805
0.22093231247525805
0.22093231247525805
0.22093231247525805
0.22093231247525805
0.22162267277866898
0.22162267277866898
0.22162267277866898
0.22162267277866898
0.22162267277866898
0.22162267277866898
0.22162267277866898
0.22162267277866898
0.22162267277866898
0.22162267277866898
0.22162267277866898
0.22162267277866898
0.22162267277866898
0.22162267277866898
0.22162267277866898
0.2159893948488372
0.2159893948488372
0.21311377183520336
0.21311377183520336
0.21311377183520336
0.21311377183520336
0.21311377183520336
0.21311377183520336
0.21311377183520336
0.20919072803678962
0.20919072803678962
0.19047261973215884
0.19047261973215884
0.19047261973215884
0.19047261973215884
0.19047261973215884
0.18716379796101976
0.19377669485954618
0.19377669485954618
0.19377669485954618
0.19377669485954618
0.19377669485954618
0.19377669485954618
0.19377669485954618
0.19377669485954618
0.19377669485954618
0.19377669485954618
0.19361103347613842
0.19168862625343375
0.19168862625343375
0.19168862625343375
0.19168862625343375
0.19168862625343375
0.19168862625343375
