1.583382569740448
1.421306721927977
1.4146522328116506
1.413636443075466
1.4083132434581782
1.4126995753993516
1.4132685690582363
1.4132685690582363
1.4154290852844176
1.4084021747302844
1.4084021747302844
1.4069573941382492
1.4271430709323527
1.4390177672561295
1.4301334661955154
1.4311130053052432
1.4311130053052432
1.4237849562109977
1.4403687726313479
1.4324335832846626
1.4361552400982638
1.419635357744194
1.4213499775343064
1.4225652890958653
1.4199793360723318
1.4199888478461327
1.4234520446680334
1.4015044239115302
1.4100139004741992
1.4176056174125393
1.4214753362149208
1.4214753362149208
1.4218128971692667
1.419334844164722
1.410961858997464
1.410961858997464
1.4057888950306912
1.4031171972748113
1.3997377773697715
1.3929308497676651
1.3804138420700311
1.3778757583711834
1.37573032124457
1.360323802915199
1.3606839053288236
1.3527896468937863
1.3551850895287556
1.3540678112922913
1.3540678112922913
1.3540678112922913
1.3540678112922913
1.354057937487865
1.3436273412411976
1.3436273412411976
1.3470658461116771
1.3243692208149231
1.3083659734560178
1.3083659734560178
1.3093939766943534
1.3089633694834888
1.3342345231660293
1.3077162506175326
1.3077162506175326
1.300917014885859
1.2926794102067551
1.2993891147421974
1.2918210022993104
1.290030085636683
1.2929514852222475
1.293046187183168
1.2985165655297546
1.2755512025942704
1.2814488829713235
1.2894244159800088
1.2893158176265056
1.2888398276698894
1.270927483538824
1.270301209943783
1.2719428272137245
1.2720932575720643
1.2684452197835623
1.2866398270519717
1.2899235028104363
1.2963703743811767
1.2926310262105447
1.2866234165398076
1.2851009591919786
1.2851009591919786
1.308645590263702
1.303131283265982
1.3044193377445974
1.2969160790240606
1.2782725477476649
1.2816064243581022
1.2800407125484443
1.2686194045228367
1.2689560975884453
1.2762407403973048
1.2784567850879511
1.282091993468621
1.2712416812718261
1.270460693396256
1.2673711182037721
1.2630255733356386
1.2611990685928762
1.2625484997192176
1.2621696488752407
1.2621696488752407
1.264054184269904
1.269864369604876
1.2472674807653543
1.2566298812232561
1.256502938343213
1.2551296918119308
1.2420122349462301
1.2406716257820611
1.2404052362645916
1.2094789900604863
1.1890689035632722
1.1754728010836242
1.1762372048838339
1.1881609998907674
1.1945364072128732
1.197198555962337
1.1801130610849846
1.180583735048773
1.1868806726446368
1.190894380421399
1.1891668547134384
1.197569066337928
1.1981019819679246
1.2142202736858523
1.214977436262455
1.2306678818615768
1.2265957748295993
1.2290522324319875
1.2155775461531577
1.2308996829676817
1.227628596993926
1.2314155690972444
1.2324048111102754
1.2338807121132302
1.2423647111586853
1.2445008500894046
1.2486745825082373
1.249097782613573
1.2422033412552227
1.2422033412552227
1.2456522738272606
1.2456522738272606
1.2456522738272606
1.2407445679152076
1.2407445679152076
1.2407056976089752
1.248731434668973
1.2388965445234381
1.23219049712508
1.2298573982710315
1.2220812484556172
1.2215716786573458
1.2210612754718349
1.2228241022055277
1.222396987867091
1.2296405374039068
1.2339280760915774
1.2269071043777806
1.2269071043777806
1.2328065715226582
1.2584085876215763
1.2652879425550037
1.256309050070363
1.256309050070363
1.2825676927870802
1.2715855694869347
1.2720880075142333
1.2759494176060222
1.2803122747496067
1.280349182570141
1.2923271756874806
1.2878261669012117
1.2821332366263545
1.2751982250021867
1.2640636382489396
1.2639368035311025
1.257473763210169
1.2662860820390163
1.2690287310161472
1.2678294497385505
1.2671631598485618
1.2517992762952126
1.2523183574432548
1.2448169235214686
1.2236931467055574
1.2240747790118618
1.229822048503881
1.240916504227933
1.2407742264370125
1.2407742264370125
1.2479840542840006
1.2686128216462331
1.270485147288102
1.270485147288102
1.288078871455054
1.2655750615411117
1.2616385544850452
1.2613040257485963
1.2678008610697291
1.2629727865804667
1.2619396506405964
1.2497595214351287
1.2553926962479354
1.282079224148147
1.28514082460263
1.290354543704222
1.3036919948262269
1.3046116252843714
1.3048400611986268
1.3059151498398156
1.3193480022161748
1.3237440089030093
1.3181689444961007
1.308679219226034
1.3086338667365967
1.3095794278458563
1.3100106663425293
1.3111785253291546
1.3282035697798813
1.3287176414447202
1.324132735140141
1.324132735140141
1.3099776602852966
1.3166526514223413
1.3030725953675215
1.3219775999735481
1.3219001658253573
1.315348301073297
1.3273509339172151
1.3229050925209271
1.3280285976827246
1.3280285976827246
1.3401412104159731
1.343732150625308
1.3230765310871597
1.323724053204068
1.323724053204068
1.3335916547807476
1.3340628923811375
1.3340628923811375
1.3426912850465973
1.338702725223066
1.3439143004988847
1.3501242049129902
1.3497808760503094
1.358857341888694
1.3624467845104598
1.367853056151313
1.3691633423954264
1.3724731979974925
1.3856660085095627
1.3799509394724374
1.3965648741633347
1.3816058344592397
1.3878398754840537
1.3828931239926718
1.376690564938358
1.376690564938358
1.3784209968836134
1.3784209968836134
1.353712935988107
1.348224229452396
1.3490319915773628
1.3291933952200814
1.3332691675600394
1.3275019272166886
1.3275019272166886
1.3275019272166886
1.3275019272166886
1.3181676969569447
1.3264092674389776
1.329155437497269
1.3349783340946322
1.3320479518380253
1.334299441396211
1.3210554388144227
1.3203806404816476
1.3212765004969043
1.3180528033936778
1.3120068972640064
1.3120068972640064
1.3178516077557365
1.3197175107497388
1.3334484092377323
1.3322688269057648
1.342088577468625
1.3430703612164703
1.3570224404153672
1.3595332898489887
1.3595332898489887
1.3595332898489887
1.3672953929863203
1.3658293589574972
1.3607820004331928
1.3578806868570032
1.3583983441397225
1.3583983441397225
1.3527526701022268
1.354169739835415
1.3530106590792317
1.3545692740545154
1.3533559889259406
1.3331430657497578
1.3315428682761408
1.3319856117234745
1.3313069571803053
1.3307552963039324
1.3347651030649088
1.3224299389453424
1.3288293781716376
1.3197168219413398
1.3202885762600514
1.3196386374317288
1.3174637752432588
1.3220361824810825
1.3227506068539463
1.323566845758651
1.3282250179291042
1.3284542800464096
1.3287770379665373
1.3096088531231027
1.320100004487919
1.3131385439212577
1.315264800123254
1.315079044929044
1.3138911397817652
1.3125893914946796
1.2979499362538875
1.291987388454305
1.291987388454305
1.2943374678430863
1.2896213358647028
1.295559818955311
1.2880330148040715
1.2980045219067369
1.3056926446128776
1.305634958841269
1.3026233867624573
1.3026233867624573
1.2956208690516988
1.2986695231628052
1.2990514431952387
1.3081697262277898
1.3097171820090383
1.3097171820090383
1.2885636153732092
1.2812721444299444
1.2992955137546758
1.3027682302851094
1.2999756234812727
1.2941717243770856
1.2865584567247033
1.2830720493085492
1.2677095146027326
1.2680110806518992
1.2562657138981843
1.2522246507416461
1.2522246507416461
1.258519817419847
1.2585401370060452
1.2754943787500128
1.290310826914402
1.2888116037869533
1.2797612091165413
1.268258334074739
1.2689775137200277
1.2554141664542682
1.2552545423985624
1.2571500890181897
1.254845818121669
1.2518564735682025
1.2515493371237583
1.2601442829998701
1.2388155039667308
1.2339835533038352
1.2232662522180968
1.2232662522180968
1.2194987051518225
1.2080972588047902
1.2083796335855213
1.2003847978695708
1.2003847978695708
1.1993173976104097
1.1991627737512838
1.1996023274719312
1.200236456438538
1.2002393070656303
1.2012983004895976
1.211774928564731
1.2084282848915866
1.2088211211127964
1.1986967354215528
1.2024260684125125
1.202865660401564
1.2207026794654836
1.2347647687119718
1.2272763322538651
1.2348494575260605
1.235733441497292
1.2363814477293837
1.2502677072790622
1.2353990128085712
1.2431507123860916
1.234467052506788
1.234467052506788
1.2114047889840143
1.194128899705934
1.1841024729263703
1.1847699270719958
1.1727282270297752
1.1720859229603025
1.1590119188863615
1.15619495990273
1.15619495990273
1.1555843351940696
1.1533136349350883
1.1490128424157937
1.1661275777650486
1.1627062366125607
1.1569636354616255
1.1566673747757712
1.1733293939333573
1.1683796090815608
1.1683765800184083
1.1523325265957136
1.1523481587087794
1.1606221822288263
1.1607415424945984
1.158571096251765
1.1600277858639145
1.1681787513993338
1.175073198111908
1.2010181786546488
1.1996323366875439
1.1944715696705162
1.1951629012689402
1.1930632075704024
1.181988140025788
1.1738164853540558
1.1677899903019706
1.1716717954613263
1.1642848036992306
1.1393940277347492
1.1393940277347492
1.1300252116952925
1.1318412585959192
1.1318412585959192
1.1318412585959192
1.1168923459975022
1.1116858968507815
1.1123537040463805
1.1154210824180653
1.096628039030111
1.0975992487637933
1.094613675397319
1.092591386506495
1.0907265825025676
1.1043178457704192
1.1250896291325274
1.1254493436814268
1.1234752833797779
1.1234752833797779
1.1217137755675533
1.121329234774476
1.115975720336403
1.1254763796746505
1.119803996734559
1.1198315838803872
1.1177489620089203
1.1177489620089203
1.1001849222072557
1.1031720654352053
1.100036776532153
1.089580058578362
1.0800261441953065
1.0800261441953065
1.083313686102775
1.084789916529782
1.0837868696633055
1.0837868696633055
1.0656701303790796
1.065826272459312
1.0582656304640035
1.041251240251923
1.0427404416361719
1.0397872134797603
1.0382466784568278
1.0316547388497646
1.0200490420117838
1.0207297313852028
1.0190878221382522
1.0175210425003294
1.0238689586844547
1.0214910945506641
1.0226138849782949
1.0210085778976334
1.037757578697057
1.0407888369047391
1.039287885653653
1.0392448033846922
1.0366376377944249
1.0309189882946022
1.0379889692341926
1.0379889692341926
1.0348025537969312
1.035039752084743
1.0563804754076382
1.0577063276292495
1.0225959879837434
1.0189136694365837
1.020114316525555
1.0183280608404217
1.0179034944175234
1.01925733577055
1.01925733577055
0.9943893991025938
0.9859678682850078
0.9794602235855906
0.9858348150130796
0.9900621479341111
0.9918416740881051
0.9927864643201805
0.9917215241500106
1.0157492436408873
1.014068627407483
1.015687080637359
1.0255723019934255
1.0255723019934255
1.0234030363443527
1.0261836748526847
1.0382863808284555
1.029848563878792
1.050045116275534
1.050748028871387
1.0356077848070704
1.0481001381393702
1.0519873495129766
1.0563202895373691
1.0560684000270713
1.053947659864644
1.040361753491134
1.042657611979459
1.0452792997381937
1.0476990140524778
1.0473007094360174
1.0593089872465473
1.0729956864459875
1.0517656367961628
1.0590757722692654
1.052720515322287
1.0557530974478684
1.0563753027729967
1.0711893190654032
1.0711893190654032
1.079834965178436
1.0786231012888488
1.0767425186208204
1.0757741702649948
1.0706688506993824
1.0707827771796607
1.07111316847641
1.0691357425795178
1.069538038899029
1.1039752250604813
1.120101633793844
1.124327425454005
1.1245593769880782
1.125497498163832
1.1223225081534192
1.1258699271864443
1.126395572322662
1.124362179527764
1.124436683981253
1.1238896996856582
1.125905060059062
1.125905060059062
1.1286856394861606
1.1262372290649532
1.1255820127438287
1.1258543003864863
1.121568008598295
1.112961949913339
1.119054834538538
1.121289235640322
1.1223919178983632
1.1243686449555392
1.1237393354245664
1.1204018884538818
1.1201730426588599
1.1200886583846912
1.1337677970827698
1.1319900054585559
1.1401323618223806
1.1398335716305654
1.1428799771083737
1.1367353725995026
1.1430454512350803
1.168823137478867
1.1681521577839102
1.1563510623012332
1.1521511208951996
1.1521511208951996
1.148931695112054
1.1486478849447843
1.1486752951173327
1.1532822602625665
1.164273334376783
1.1633045783617766
1.1684552360788232
1.166736478697203
1.1641665370117353
1.1712164875805258
1.171464907619772
1.1671782174763017
1.1562290060350724
1.1751445974200345
1.1712016712623312
1.171303831999562
1.1685888756180338
1.1685888756180338
1.168935891336524
1.164268616433503
1.169723583657816
1.152437452074508
1.152437452074508
1.1556579364881934
1.1584691194358478
1.1522413697768732
1.1391053900061865
1.1369815219058519
1.1290906210379243
1.129703154400326
1.1292475452150446
1.13493207215876
1.1332908828633328
1.1335191804838824
1.1335846062622241
1.1335846062622241
1.121804039693494
1.1215084069478094
1.1070232041533898
1.1063938686792183
1.1063938686792183
1.1017598567451874
1.1127053308159582
1.1127053308159582
1.1204075976721481
1.114932335876523
1.1146467260275146
1.094579710367332
1.0941746879330887
1.0941746879330887
1.0830983997199386
1.0830983997199386
1.0848757698743416
1.0756040648953267
1.062889184576002
1.062889184576002
1.0918180302057368
1.0918157029965685
1.0918157029965685
1.0918157029965685
1.0918157029965685
1.075073555857638
1.0744851528494368
1.0701268249307938
1.0749707107978652
1.0737876905536632
1.0749081438022081
1.0716332841644376
1.0743890577981445
1.0734867699060078
1.0740721569260443
1.0740721569260443
1.0742127513031314
1.084321077608903
1.0816388592089443
1.0814785214795932
1.0851955647497058
1.0864004671742735
1.0868983532353123
1.0871047685111839
1.081422827024942
1.0814798825191894
1.0901454675112896
1.0929361091501897
1.1091081757918277
1.1081402233624722
1.1052189712121954
1.1040170522390476
1.1044439866926998
1.1053081773862485
1.1287645981834404
1.119650521410113
1.1196467438754052
1.1196467438754052
1.1196467438754052
1.1179876772764408
1.113559896933739
1.1235638249217819
1.1277195320895639
1.1161398449975082
1.1161398449975082
1.1180102253822284
1.1179329938831735
1.1215008964096043
1.122048791611165
1.1089208834113555
1.1286432884648865
1.1285707619167527
1.1277473492410108
1.1313278342388817
1.1313278342388817
1.1245042847046907
1.1301412002059203
1.1301412002059203
1.115112851455356
1.108229792615791
1.1090474127295917
1.110237325253905
1.119991006172934
1.1068255040993937
1.1059378826943733
1.1129255735146943
1.1152092540996057
1.1158484989177946
1.1104240174541105
1.1040893964968075
1.1007810795298192
1.104656520244311
1.1100942004566816
1.093193918281068
1.0739189880527713
1.0772289093607346
1.0729926388657856
1.0729926388657856
1.0877380303739943
1.0876927720616596
1.0873851352266175
1.0717634807870384
1.0792055863948862
1.083972361193054
1.0852507414681147
1.0787862858549
1.0956166995376475
1.0972375735770876
1.0973330386188034
1.1104743736113782
1.1109990072415767
1.1086791338890458
1.1087161534327397
1.111603446234725
1.119137742727944
1.1191810726068312
1.118845913157167
1.1398672012442272
1.1343300700945802
1.1311050809454812
1.1364911101285304
1.137436494875943
1.1348316297874161
1.1348316297874161
1.1181098829706542
1.1179288452454503
1.1112673024770772
1.0911243467009628
1.0928926887042203
1.0928926887042203
1.091568959027845
1.0946581146961414
1.0963692627385886
1.103762448845273
1.0990716059280716
1.1040640962939523
1.1108802971803216
1.1236187576890515
1.1295539046224825
1.1300914312992938
1.1316468511913453
1.1318148454630386
1.1309249716930858
1.1279356375865897
1.1279356375865897
1.1277486197664992
1.1277486197664992
1.12898467510498
1.12898467510498
1.1364637751745794
1.13719183625049
1.13719183625049
1.1417448170634257
1.138354939948167
1.144388054352918
1.1389986357113104
1.1385018948420145
1.1418360786209865
1.1443982866774387
1.141691006029933
1.142856453675156
1.147605038502249
1.1481105573437613
1.1481105573437613
1.1439084642997528
1.142787076048676
1.144825515721436
1.1323773231229322
1.126012348660811
1.126012348660811
1.126160655288408
1.126160655288408
1.1156307414687425
1.113512788869529
1.135721764634838
1.135721764634838
1.1192471163982907
1.1085547630230612
1.1085547630230612
1.1100830844623657
1.1038354400170787
1.1085183650903794
1.1075912281888218
1.107392118016031
1.1053545409580112
1.0796501283107958
1.0748392590123361
1.0738787846519862
1.0675913968273343
1.0748241620396723
1.073565798810286
1.0696260360257386
1.0613801162661167
1.0636936594812938
1.0620454498048348
1.066542731858004
1.0676722898187234
1.0660228618108176
1.0651960680564094
1.06702834808832
1.0569370002532044
1.056998743504126
1.0619448525738933
1.0615479310702207
1.0650722325806787
1.0485467917379376
1.0311023899210214
1.0322859002330946
1.0334458787165435
1.035981765369022
1.0340502233167963
1.0340502233167963
1.0403652193494124
1.0402141668889353
1.0402141668889353
1.0446389394071205
1.0480552220682087
1.0465601491682595
1.0448127666254627
1.0447647425864466
1.0524517481968303
1.0522223074495887
1.0372006675740755
1.0406991151400484
1.0388064562259276
1.0406115293973643
1.043993494184813
1.048522552110266
1.0528196037928854
1.0528196037928854
1.0541159716895965
1.041723322912197
1.0370065071963934
1.038139595025825
1.0388319437623506
1.0363195972079375
1.0340183658000386
1.0493647475700583
1.0440566798890765
1.0307396269877975
1.0270472756637457
1.0300092653789783
1.0267416120389108
1.030707405126221
1.0247147725149421
1.020780460053716
1.0218061649210755
1.0218061649210755
1.012048436046313
1.0088148582005902
1.008026930016375
1.00803593368441
1.0056472225243562
1.0040253104446835
1.0111670497928966
1.008957441049539
1.0037247771339077
1.005301538985703
1.0098115569468575
1.0088500303793038
1.0184808699767884
1.01160246402473
1.0060813904858688
1.0073177599570695
1.0090990705567666
1.0094487567499757
1.0048877041050084
1.0080695472691776
1.0027507998366578
1.0009929430475804
1.0049281610855068
1.0093497063869827
1.0139743967600507
1.0139743967600507
1.0139743967600507
1.0473554274097372
1.0351025709401835
1.035014549827927
1.0372548537768367
1.0459703585521258
1.0430942794837237
1.0495867611488325
1.0611515639240443
1.0602704659655768
1.0602704659655768
1.0595963139380524
1.0453711222178026
1.0310159123908977
1.0325398850627523
1.0353887720496076
1.0326992525924596
1.0418123626820204
1.0429262983963052
1.0429262983963052
1.0486055332051323
1.0407167002798918
1.0371818213903703
1.0385704837828469
1.046750778489498
1.0609729062891498
1.0730542453223637
1.0732575357763985
1.0670939126239816
1.0728120606452674
1.0728385680190633
1.0687903221676724
1.0724019015269588
1.058203841010445
1.0638359197974916
1.0683246309024779
1.0603952417384808
1.0594474824703546
1.0520672569470393
1.0493585979587385
1.0489011889823379
1.0517009529807766
1.0501085876668124
1.0495413044566941
1.03920361048883
1.0371153876106807
1.039574293151232
1.0522841482487864
1.0520804324583437
1.0525680134831117
1.0558942489298586
1.0547150891648998
1.0696199673426408
1.0696199673426408
1.064082035313497
1.0559385149840295
1.0559385149840295
1.0554967343405912
1.0580768117023365
1.0507270150466959
1.0555043539073368
1.0544264853855616
1.0527720925886017
1.03993316146376
1.0424353255413752
1.036804574478168
1.037426781985049
1.0643227802533566
1.0646878946932934
1.0327592738354587
1.0299956318490109
1.0290188780169798
1.03118904681795
1.0306065656093104
1.0338184799134182
1.026417206485164
1.0431998407557492
1.0434259001914628
1.0332473046578488
1.0375574693914789
1.0480353596805092
1.0497365254913098
1.0579179008706927
1.05947968805827
1.0611555757068372
1.0609131618714527
1.0609331856852053
1.0606292476297812
1.0582442075453253
1.0411550592199559
1.040632521760502
1.0405897890567426
1.0365232111839617
1.0344465314989235
1.0340034385260086
1.03310489633642
1.026180843744505
1.025994090911626
1.0248816945243915
1.0244715324249307
1.0210122892602385
1.0270678044294528
1.0255709812197418
1.0205599091648734
1.0181211097420033
1.0201591768589087
1.020430484764065
1.0212590587235253
1.0232895109957427
1.0228438291315023
1.0054292932677202
1.0054292932677202
1.0054292932677202
1.0057340209042391
1.0165718716308458
1.0125380302087554
1.012671745844951
1.011887673905504
1.0130998269973785
1.0128498987026067
1.0128498987026067
1.0103200078969268
1.0213474374682794
1.0329026713618341
1.0329026713618341
1.029078561393203
1.0270559556373906
1.0325889667876658
1.0336373598822508
1.036928286712849
1.0423254973078766
1.0432316935379957
1.0320017723376034
1.0545582986261057
1.0516815963052817
1.042116353818015
1.0433680728991344
1.0431420405821175
1.0431420405821175
1.043442776158302
1.0522716407907418
1.0528068967673967
1.066141031181402
1.0663421442825998
1.0741347969159287
1.052245536431883
1.052245536431883
1.0444481574416598
1.0463102305103322
1.0472553557317135
1.0472553557317135
1.0493989021908288
1.0495492844979968
1.0399482026751086
1.0437250878083935
1.0437250878083935
1.029178456991328
1.029178456991328
1.0344918917942756
1.0313095952194655
1.0325894885527553
1.0339373590278162
1.0339457647182277
1.0339457647182277
1.0339457647182277
1.035037468099288
1.0525399386087555
1.054492968040737
1.054492968040737
1.0552727710449699
1.0544166842462541
1.052397012403791
1.0511342121650182
1.0471437726731765
1.0501963853739111
1.0684018430032847
1.0752912135277732
1.0715749602191735
1.071520168088846
1.0478761321940964
1.0391831394150326
1.0391831394150326
1.0340333135338464
1.0288014350574433
1.029877131344634
1.0287827788604778
1.0272682957321768
1.0272682957321768
1.0185505824685293
1.0185505824685293
1.0164407854150217
1.0156307764451808
0.9898695844241532
1.0148029951165378
1.0336726441259023
1.0256841274253363
1.0332693258770278
1.0338311840176184
1.0338311840176184
1.026696219363516
1.0203980288076122
1.0209449435825588
1.0101615159230588
1.0090556933824961
1.008044508040024
1.01153653366753
1.0142471672188724
1.012138566018809
1.012138566018809
1.0158232209736455
1.0158232209736455
1.0169477464434669
1.0071991743181166
1.0177970890440635
1.018331890419834
1.0247250172515943
1.0308546684107154
1.0308546684107154
1.0308546684107154
1.0308546684107154
1.0308756104954986
1.0351768817054474
1.0351768817054474
1.0261329447365293
1.0192351222952771
1.0150920827063197
1.0057650299248753
1.0149215668041238
1.0188643098195564
1.0175966780871057
1.0142196913236328
1.0094918995123434
0.9919608836615592
0.9884298919515871
0.9838230947299375
0.9825737002233155
0.9811753694698857
0.9811753694698857
0.9737371295698231
0.9740981992338714
0.9744611487005085
0.9505481554071668
0.9505515464030119
0.9505515464030119
0.9555221135612725
0.9576566086917849
0.9574268547021707
0.9573013068847033
0.9587220088800528
0.9587220088800528
0.9706257188794257
0.9781683770378925
0.9781683770378925
0.9676545647797051
0.9734751715473374
0.9807556942704085
0.9811696416546796
0.9791254771421828
0.9762866218062978
0.9774616134107269
0.9774616134107269
0.9760749497965503
0.9794605237609729
0.9794694213600058
0.9817643223079334
0.9817714781500564
0.9804226969537845
0.9829360865275998
0.989216356071906
0.9978134523015537
0.9973694614775238
0.9948603890981592
0.9987685729013662
0.9987981113673163
1.0001718200821728
1.0001718200821728
0.9964825835337591
0.9964825835337591
0.9964825835337591
0.9964825835337591
0.9958022683327451
0.9948921677179038
0.9948921677179038
0.9947245798861651
0.9947245798861651
0.9964300146871742
0.9756625056438106
0.9792926750277515
0.9857965577962193
0.9725607703073039
0.9725607703073039
0.9725607703073039
0.970982445627121
0.9746629861280357
0.9802705801235709
0.9801269497590379
0.9814219151332332
0.9847822215822876
0.9847822215822876
0.9812790121589008
0.9812790121589008
0.9781338889464033
0.9673504008917935
0.9655842269065623
0.9631628157139697
0.9618736078434962
0.9573038144988518
0.95846272603856
0.9544832355738303
0.9602608242090585
0.9671227774037021
0.9671227774037021
0.9565849581890145
0.9566336501162254
0.9576251188853814
0.9603795845285807
0.9586608112116672
0.9568777051213435
0.9644686281528922
0.964913764272924
0.9676219097980142
0.9807120884435155
0.9807120884435155
0.9807120884435155
0.9757821531576897
0.970620244710748
0.9689291655291651
0.9681345846652383
0.9681345846652383
0.9801390723118277
0.9896977192733281
0.9846774999091968
0.9846774999091968
0.9828220401870245
0.9870500594947351
0.990835098610415
0.995644541590729
1.0063112753180932
1.005250649084259
1.005250649084259
1.0066469591426277
1.0079684670322402
0.9997226267789305
0.9997226267789305
0.9997226267789305
0.9956909364804597
0.9944194493795083
0.9987067443366289
0.9818127483166882
0.9821931066015706
0.9750963734168142
0.9827570307135823
0.9827570307135823
0.9827570307135823
0.9767562534858023
0.9709804085941643
1.0011493907589153
1.000069368518912
0.9874198557651923
0.9834661842633589
0.9718699872695539
0.968860085843318
0.9681558565685872
0.9677008091423664
0.9677008091423664
0.9677008091423664
0.9677008091423664
0.9693917191401781
0.9712592355777707
0.9804676345493315
0.9736679711782135
0.9830405728096488
0.9830405728096488
0.9830405728096488
0.9685720487020647
0.9687278902026683
0.9497239140387685
0.9450478190973242
0.9427986499427871
0.9507628681348778
0.9489678052399949
0.9395813852445751
0.9385381347718722
0.9385381347718722
0.9385558395592994
0.9384860913232013
0.9419153356837994
0.9415587077046822
0.9415587077046822
0.9418143103547157
0.9418143103547157
0.9425437534337069
0.934952933105411
0.9368044065704568
0.9367853626362431
0.9367866624629461
0.9379167410679546
0.9383323235731986
0.9297107341606337
0.9324118765589515
0.9347850590212174
0.9414580325086327
0.9458001185123835
0.9795235983278913
0.9868007610350438
0.9862227061185183
0.9862227061185183
0.9535755641529138
0.9483268020038728
0.9539627039495356
0.9539372660105861
0.930809951759042
0.9237786202765296
0.9176330831539773
0.9380705333266524
0.9380705333266524
0.9373655145565021
0.937104790475277
0.9353460004802406
0.9353510895450691
0.9430585530938597
0.9430469809134855
0.9431704744492442
0.9349957270919247
0.9357093581291802
0.9357093581291802
0.9356108542287007
0.9305367949685889
0.9305367949685889
0.9099076782009331
0.9100730383917036
0.9107811276423592
0.8958013471359536
0.8958013471359536
0.8929889510886447
0.9079817097793015
0.9076314876066313
0.9060344256238689
0.8897786687611201
0.8896001567601142
0.8897978237027905
0.8585518972107362
0.8532486546647722
0.852296635493428
0.8487919411029898
0.8494498650687311
0.8464213397225426
0.8440639819730643
0.8434674775796829
0.8433638250173514
0.85216330532817
0.8523298221324423
0.8541580487589919
0.8541580487589919
0.8568194784491124
0.8631697042286565
0.86671836221606
0.8653562189392809
0.8671442738445562
0.8652635285369086
0.8688920395304404
0.8688920395304404
0.8688920395304404
0.8838944938878465
0.8719563406735318
0.8709030816686751
0.8662264759323808
0.8558782544837423
0.8560097581981322
0.8456889869562563
0.851411494716023
0.851411494716023
0.8406952434595488
0.841844986336517
0.8420322634968674
0.852983236943921
0.852983236943921
0.8452896773656927
0.8455606282935579
0.8474632583638235
0.8491921594430611
0.8523314039936918
0.8597018139176968
0.8759356749201955
0.8760673912911177
0.854458268032688
0.8534757151725539
0.8561939323160994
0.8569504675045272
0.858432093465564
0.856729757684381
0.8584191042585206
0.8584191042585206
0.8584191042585206
0.8737590247571978
0.8737590247571978
0.9166143385104617
0.9169696822184495
0.9169696822184495
0.9187327882648677
0.9174115690030454
0.9169171582180781
0.9048774319510541
0.9048774319510541
0.9052809182443845
0.9088085119178111
0.8906744515734566
0.8947092726481277
0.8797045026180101
0.8796717508069599
0.8516716201820482
0.8516716201820482
0.8524169564883044
0.8522342812742127
0.8522342812742127
0.8510686380765283
0.8510686380765283
0.8577213374009174
0.8550221377837518
0.8532694872568224
0.8459223886725601
0.8459223886725601
0.8435656991434117
0.8435656991434117
0.8447524794894608
0.8491036289173008
0.8508539949939257
0.8508539949939257
0.8526643296378743
0.8229800728726674
0.824529074372389
0.824529074372389
0.8247658883909003
0.8274244078220856
0.8296572154564742
0.8265193722882695
0.825954521194435
0.8262107752859712
0.818201423827187
0.8237230513140056
0.817627597970751
0.8173897177043064
0.8184579986477674
0.8187026338558941
0.8187026338558941
0.8644636680950941
0.8756878363366534
0.8756878363366534
0.8704283385110012
0.8709401954857284
0.8712485080413509
0.8712485080413509
0.850603286655703
0.8655809996904993
0.8539186104721438
0.8595749481118414
0.8590812779026514
0.8531367232712923
0.8530960532861409
0.8530960532861409
0.8492084293437064
0.855122491032915
0.8529482291485692
0.8537228866259529
0.8517921827606311
0.854652317177314
0.849933165394367
0.843853602738997
0.8136610444026069
0.8129380002682788
0.8073235746761575
0.8049582892895278
0.8085473887266775
0.8077659842709022
0.8108836117870215
0.8108836117870215
0.8091920656225463
0.8105443919252449
0.8122760974552291
0.810462999833656
0.810462999833656
0.810462999833656
0.8095133272231915
0.8095133272231915
0.8093864480572416
0.8154459617412322
0.819318190191124
0.8139868847173731
0.8131928226825532
0.8131928226825532
0.8131928226825532
0.8097108513814014
0.8097108513814014
0.7941581990368686
0.7919554268176752
0.7798560559395714
0.7687362269723943
0.7637794615848444
0.7625763714721505
0.7633112776307335
0.7724105756315062
0.7724105756315062
0.7722952075394386
0.7674960858339958
0.760640728557131
0.760640728557131
0.7534066300708783
0.7448000539636283
0.7453276429171005
0.7309817235501036
0.7320075641012993
0.741362622365394
0.7422230979963224
0.7530798457317812
0.7573847963755529
0.760727465577283
0.7397270495819022
0.74096561747224
0.74096561747224
0.743788807196342
0.7472544305430853
0.7465727886996506
0.744478944401149
0.7429217333070878
0.7431366990370972
0.6978296291410968
0.6960173294466365
0.6960173294466365
0.7087983873262081
0.7103905833471031
0.695117733164579
0.6889736591101522
0.6842425878416256
0.6850048667852472
0.6927334717921046
0.6952879668776677
0.6894851612522938
0.7087955102489466
0.7105206819789077
0.713553257703041
0.7178719582112781
0.7137916122600177
0.700971572718861
0.7102831800216812
0.7102715684412171
0.7102715684412171
0.7140990826471085
0.7139197710780677
0.7116539056774143
0.7096055223213424
0.7135052612862622
0.714536275427037
0.714536275427037
0.6992428789656718
0.6994610695158766
0.7061746211024281
0.7140017384456184
0.7135358526278358
0.7121048607493378
0.7031651205249773
0.7020444934748904
0.6984438696868365
0.7002197539332756
0.7006646230974142
0.7104340194723116
0.7110401373289068
0.7317186556054023
0.7277494340988507
0.7425309568450956
0.7551969403531015
0.7599927354140881
0.7597905002888364
0.76835452219858
0.76835452219858
0.76835452219858
0.7776501126421479
0.8011675930322438
0.8004477552293799
0.8003309811601438
0.8107528516944361
0.8108214353586706
0.8108221614986032
0.8136117113180722
0.8102596512550619
0.8124754906398842
0.8124492216345593
0.8124492216345593
0.8130061171389612
0.8130061171389612
0.7971131439306505
0.7969233022989062
0.7906495793602296
0.7889474747240125
0.7885077079917892
0.783799530320549
0.7778973490979278
0.7753041828930733
0.7690709217973111
0.7723700127834775
0.7756735398605777
0.7756735398605777
0.7707538165863898
0.7687990945994049
0.7693021777892549
0.7693021777892549
0.7684533495779812
0.7715948715600088
0.7779535348663594
0.7658887169373871
0.7733528400121225
0.773116074786882
0.7806670894344172
0.7806670894344172
0.7508815056729977
0.7495913106328564
0.7493399919025211
0.7565690762615024
0.7533068759769538
0.7533068759769538
0.7466726570941902
0.7466726570941902
0.7466726570941902
0.7444511777844159
0.7444511777844159
0.7570506984594961
0.7667700443561019
0.7514400508178132
0.7568821916030386
0.7568821916030386
0.7487930509982216
0.7420117215722141
0.73797240140548
0.7330571454428739
0.7301154709970116
0.7211314449090062
0.7211314449090062
0.7285147730082977
0.7209824634931571
0.7209824634931571
0.7131185126629431
0.7109588134769186
0.7116663956810346
0.7248722503726587
0.7208964576108016
0.7280910109208423
0.7280910109208423
0.7280910109208423
0.7403752765460353
0.7403752765460353
0.7544336824030401
0.7546053918229123
0.7491439729507604
0.7493041916725771
0.7421486776698025
0.7414794428771061
0.7459987316006799
0.7459987316006799
0.7459987316006799
0.7458920276991916
0.7458920276991916
0.7482642871838113
0.7511621248266032
0.7514272815868098
0.7530721109889927
0.7520204816558348
0.7591806107238286
0.7515822482027035
0.7456966248966811
0.7401964516176647
0.7417368403152685
0.7461504803679339
0.7480734392091739
0.7411214896022085
0.7411214896022085
0.7411214896022085
0.734355428620947
0.734355428620947
0.7391492062569938
0.7407711505199476
0.7407711505199476
0.723208083305387
0.7416352371383055
0.7416352371383055
0.7415462619953523
0.7426306007027103
0.7417280700283978
0.7431900923310669
0.7464760199974474
0.7464760199974474
0.7464760199974474
0.7467323484992738
0.7467323484992738
0.7467323484992738
0.7467323484992738
0.7475817394166089
0.7483192315924878
0.756570384307131
0.7677556517381365
0.7611133713557859
0.7654831849799273
0.7654831849799273
0.7654831849799273
0.7672365323683804
0.7602489988263991
0.7602489988263991
0.7560013611877001
0.7506807216751258
0.7446689428553015
0.7533827109674734
0.7541300649294049
0.7610175688909865
0.7749906529917407
0.7731836628854721
0.7785735143007988
0.7752619771948579
0.7752619771948579
0.7690118720947158
0.772504676851523
0.772504676851523
0.772504676851523
0.7655604024508038
0.7585850629752262
0.7597474192025416
0.7600503459863087
0.7805643726640706
0.7801141046721041
0.7964301657724905
0.7968710331234568
0.7937499508231463
0.7961851585706232
0.7961851585706232
0.7964362901999696
0.7975208523161144
0.7899825928164587
0.7899825928164587
0.790462459460981
0.7856715790912115
0.7758373912288568
0.7751617097035164
0.7664274745138032
0.7774612188021205
0.7976222340335718
0.8023417465011206
0.8013604185332035
0.803312533251645
0.8016536293837236
0.8023421886114749
0.8124679935936008
0.8036827515093783
0.8028904420293977
0.8028904420293977
0.8099960826953908
0.8092150668985945
0.8095398950470517
0.7978805470144961
0.7978805470144961
0.7930539648298875
0.8156830941161295
0.8100267594386904
0.8132734491523483
0.8129553866053807
0.8144773643131935
0.8160549009958679
0.8184560909554592
0.8177422690011186
0.8191781987845204
0.8304839872410964
0.8341843811618282
0.8300959123362547
0.8246043565156411
0.8246043565156411
0.8246043565156411
0.8423553406835478
0.8460541339632254
0.8404713935195515
0.8466847302300136
0.8481055124889454
0.8595986840281642
0.8590325877757692
0.850410060782127
0.835868874261245
0.835868874261245
0.8352788816749322
0.8476954182740088
0.8476954182740088
0.8580594600131652
0.8580594600131652
0.8617926711628622
0.8488951118454932
0.8565113957413734
0.848924669456711
0.8489543537011958
0.8489543537011958
0.84621224952997
0.8520256559073496
0.8441093221122203
0.8441093221122203
0.8410938255448861
0.8471740579356772
0.827082312892392
0.827082312892392
0.8087883424341213
0.8065227157740965
0.8065227157740965
0.8119887995277895
0.8165383435233717
0.8216639882122185
0.8230479236928943
0.8224976838152971
0.8159134738158433
0.8159134738158433
0.8131072265219218
0.8102671818027909
0.8102671818027909
0.8139790614336082
0.8098482761939574
0.80919874113773
0.8121192196698093
0.8122271806136808
0.8140594266211082
0.8115673365693912
0.8047906116120946
0.8047906116120946
0.8047906116120946
0.804695170244091
0.8149835283883413
0.8154607583929743
0.8105610033308361
0.8105610033308361
0.8164060663973454
0.8095697771321061
0.8095697771321061
0.8097184587987778
0.8097184587987778
0.8168560300279407
0.8168560300279407
0.8168560300279407
0.8240228200888241
0.8270716577016761
0.8148202195583527
0.8148202195583527
0.8202415590422921
0.8449498901403554
0.8406143847340065
0.8393175208519864
0.8484352209365988
0.8484352209365988
0.8562938446879308
0.8500634561830201
0.8514668742984016
0.8484179315782354
0.85822776798665
0.8586548520090391
0.8520536760102217
0.8507611584243319
0.84791676741669
0.84791676741669
0.8477086391672706
0.8480960800835494
0.8506066360085854
0.8529511780232143
0.8529511780232143
0.8470437042375095
0.8463433016165095
0.8443486135946661
0.8398377800202759
0.8349537807329546
0.8351044011320076
0.8358732909461023
0.8316149576081844
0.8464696027145127
0.8464696027145127
0.8464696027145127
0.8399364492850223
0.8340804432206051
0.8575269775124128
0.8465352861211778
0.8459085655562418
0.8459085655562418
0.8459085655562418
0.8392166532810079
0.83528326141591
0.83528326141591
0.8383862973790427
0.8383862973790427
0.8380651600950068
0.8406011363268534
0.80955499352102
0.80955499352102
0.7967203122595029
0.7963240353752558
0.7914856881492675
0.7918204307386161
0.8027091968631082
0.8076910912788806
0.8055849257476599
0.7956935321253926
0.8116745460506808
0.8116745460506808
0.808355396376181
0.8165371035086662
0.8179187114809792
0.8259586044623708
0.8253428375214482
0.8253428375214482
0.8401597582181043
0.8388523229907797
0.8388523229907797
0.8417960375043754
0.8372633114294422
0.8376979880092238
0.8427711028476815
0.8350574902072563
0.8350574902072563
0.8313229510423581
0.8313229510423581
0.8306599804996598
0.8310420650482867
0.8336591751642832
0.8336723866154828
0.832168273361757
0.830955446191209
0.8356233056423983
0.8304373776508023
0.8304373776508023
0.8303792031534903
0.8200444854675653
0.8214804857241169
0.8215594505673605
0.82145621633038
0.82145621633038
0.8289633035308898
0.8188708273035019
0.8236032550872449
0.8224515943091638
0.8224515943091638
0.8311495107306264
0.8446646708195379
0.8442848772397128
0.8442848772397128
0.86373411438753
0.860153709515599
0.8746599607536122
0.8746599607536122
0.8676885033269953
0.8675390557111892
0.8718591428465405
0.8501296689234487
0.8354259918273812
0.8354259918273812
0.8385237070303042
0.8380629320609465
0.8380629320609465
0.8380629320609465
0.8379476547990039
0.8381841344791953
0.8427776753551897
0.8308262174173325
0.8334998067495317
0.8269342080451249
0.8269342080451249
0.8089420529919977
0.8089420529919977
0.7927233140788683
0.7927233140788683
0.8087145168797808
0.8087145168797808
0.8033321770218009
0.8033321770218009
0.7930862804780039
0.7934595189141742
0.7879709784810311
0.7884431441835545
0.7997568954655687
0.7988548344687244
0.7987753064127722
0.7985918914277819
0.7800109538814896
0.7802184473988205
0.7828060988533423
0.7761512674858883
0.7761512674858883
0.7765919852287029
0.7628051079155261
0.7728374610577636
0.7728374610577636
0.7475050615443534
0.7312475596033725
0.7275241800963482
0.7283590010420109
0.7085833234777824
0.6973476485171491
0.7047112310037638
0.6953382960780999
0.6990237039973215
0.6987459780359644
0.6938278866155065
0.6943128540933877
0.6948691881567544
0.6954937353549372
0.6954937353549372
0.6948973731603009
0.6953805030208939
0.6953805030208939
0.6953805030208939
0.6946387035042881
0.6775557014219513
0.6730741123041951
0.6730741123041951
0.6730741123041951
0.6697587712697219
0.672332901854864
0.6741230773505247
0.6758109730999816
0.6758109730999816
0.6801569317261544
0.6828025081841098
0.682684498525872
0.66282798528308
0.66282798528308
0.66282798528308
0.6637318652743303
0.6628346126150622
0.6626581779995824
0.6626581779995824
0.6611049396142374
0.6611049396142374
0.6611049396142374
0.6611049396142374
0.6580369581958552
0.6622978414521266
0.6593693602655726
0.671346892674842
0.6565428629292351
0.6546708257505647
0.6576289485296043
0.6543794155804505
0.6540578151263413
0.6540578151263413
0.6526253856692837
0.6475553678523944
0.6559618273048274
0.6559618273048274
0.6424273818106924
0.6380005498300746
0.6403121861544088
0.6431792058932996
0.6436451825960459
0.6436451825960459
0.6470526289060377
0.6519263622907021
0.6339394855340166
0.6333394594080617
0.6245322589137677
0.6173101732321413
0.6289120256469284
0.6429176143357097
0.6429176143357097
0.6297139280534252
0.6282565858311567
0.6196625095512206
0.6350699910173465
0.6319088417630446
0.6425927562271284
0.6339459830515558
0.6241982198062989
0.6220198631685764
0.6271089316497486
0.6271089316497486
0.6308167730546405
0.622806444419533
0.622806444419533
0.6223841799756054
0.6247768535410002
0.6161814767278635
0.6014476032381018
0.6014476032381018
0.6014476032381018
0.6135881253045553
0.6139724458809185
0.6120158814004124
0.6193362548823628
0.6214808266284352
0.6214808266284352
0.6167226607014832
0.6415366580069107
0.6415366580069107
0.6374395809219044
0.6400961578045149
0.6391391970027197
0.6395321459627852
0.6280980057015
0.6280980057015
0.6277417564914953
0.6277417564914953
0.6277417564914953
0.6276356632153495
0.6343314680361412
0.6220605680597984
0.621868980997275
0.6217222689058434
0.6115323856455717
0.6124924361351112
0.6124924361351112
0.6124924361351112
0.6124924361351112
0.6324968006584147
0.622089446400385
0.6209183795062501
0.6161998285501357
0.6157832431379209
0.6157832431379209
0.6167893600392126
0.6234049331413933
0.6195318721222132
0.6195318721222132
0.6292546838688584
0.6164460123831612
0.6164460123831612
0.6156384774576182
0.6442753308271169
0.6441297541882
0.6425013099190074
0.6467912108525663
0.6421876444843864
0.6507001884938051
0.6507001884938051
0.6437542460385651
0.6457416043342555
0.6569294857598562
0.6715300397409407
0.6853996887214874
0.6934925213869645
0.6914639446677259
0.680025487976434
0.6854698364729486
0.6859723100480071
0.6881973288305532
0.6962891915962168
0.6959902534464235
0.6951933746760126
0.6985473619086295
0.6984916369533695
0.6984916369533695
0.6902516494395387
0.6901253662001275
0.6901253662001275
0.6901253662001275
0.6913642296002986
0.6691580197388133
0.6605791280370128
0.6672830942193889
0.6672830942193889
0.6703844529706908
0.6725092305013223
0.6756045583300048
0.6736455794199913
0.6907899249596936
0.6951053412666944
0.692484766910391
0.6929654100218579
0.6896800958574698
0.6711662075384
0.6711662075384
0.665678992699695
0.6571102196390461
0.6571102196390461
0.680216663412432
0.6959073267327818
0.6889175388749097
0.6889175388749097
0.6901456359950033
0.6901456359950033
0.6901456359950033
0.681569652431856
0.6621466147694987
0.6637848008004487
0.6708029156369699
0.6706393563089822
0.6770312895047265
0.6703591475658187
0.6716031223860909
0.6709157729784944
0.6709157729784944
0.6502973653140138
0.6502973653140138
0.6502973653140138
0.6599766203362679
0.6504790455601529
0.6439212154021743
0.6439212154021743
0.6426943846822072
0.6426943846822072
0.644974737673363
0.6504018586712911
0.6504018586712911
0.650526691503356
0.650526691503356
0.6520131363094239
0.6520131363094239
0.6615951088451705
0.6593052869605105
0.6770974005912598
0.6759635130013799
0.6759635130013799
0.6758535557109873
0.6876180211295086
0.6879812945956225
0.6879812945956225
0.6753273074583993
0.6764579404312066
0.6613323706766208
0.6614586553062387
0.6597466308278405
0.6510373509287891
0.6510373509287891
0.6510373509287891
0.6449122724406183
0.6449122724406183
0.6547114474733748
0.65530418832115
0.65530418832115
0.653805572746927
0.6636150799986376
0.6657614925844654
0.6657614925844654
0.6657614925844654
0.6657614925844654
0.6631996801551714
0.6648197000760325
0.6648197000760325
0.6517157289766451
0.6500194974269824
0.6488993702231951
0.6386460844690606
0.6386460844690606
0.6354178557669158
0.6351965635905105
0.6351965635905105
0.6351965635905105
0.630135320560839
0.62970588802076
0.6276978488797346
0.6263702591577324
0.6332723490876424
0.634488398577092
0.6195703755853591
0.6195703755853591
0.6195703755853591
0.6318544220685303
0.6314313617211083
0.6299262451733859
0.6299262451733859
0.6296263610031947
0.6296263610031947
0.6322404473185873
0.6322404473185873
0.6322404473185873
0.6292090153036758
0.6292090153036758
0.6292090153036758
0.6262117770896232
0.6340055521688712
0.6395274782228544
0.6348887943381394
0.6316476226811132
0.6167216463058387
0.6175338456164366
0.6180017629318018
0.6182020115791024
0.6086835822453727
0.6098127418625832
0.6199389186701184
0.6140189854510882
0.6127772144823534
0.6093432470852537
0.6114108981223701
0.6154106848083437
0.6154106848083437
0.6090795284093916
0.6086665083672693
0.614524646310386
0.6028977271614329
0.6028977271614329
0.6028977271614329
0.6020071403691629
0.613495605663413
0.6234033936219411
0.6186886448124079
0.619045938794882
0.6294057034541594
0.6294057034541594
0.6276047219571889
0.6294500870628724
0.6282092561190484
0.6309352115357018
0.6386526521173219
0.640918635933523
0.640918635933523
0.6455976315548865
0.6436819715896426
0.6405401676713977
0.6293143840048169
0.6291311831570828
0.6291311831570828
0.6278838646506043
0.6278838646506043
0.6278838646506043
0.6278838646506043
0.6218920000928201
0.6126459549542138
0.6126459549542138
0.6126459549542138
0.6126459549542138
0.6126459549542138
0.6128195994898747
0.6144669465476215
0.6144669465476215
0.614546926931352
0.614546926931352
0.6142809533490319
0.6104712445468133
0.6129421637709267
0.6129431192620091
0.6155998981168623
0.6210094555079181
0.6124382713711565
0.6134132011074498
0.6125209020506344
0.6125209020506344
0.6137916217176608
0.6143276323192809
0.602278702602312
0.5980837518873566
0.5954256892778655
0.5849233898641844
0.5849233898641844
0.576968554311996
0.5863121313168673
0.5863121313168673
0.5847489807475253
0.578927570816602
0.5784136780162726
0.5701622563094101
0.5634539696659232
0.5666918201655207
0.5666918201655207
0.5694377795603333
0.5604964474575789
0.5610229215809861
0.5617343212230969
0.55614672027351
0.55614672027351
0.55614672027351
0.5559048652106187
0.5528408958262111
0.55195345823598
0.5517605718571836
0.5517605718571836
0.5517605718571836
0.560842100827883
0.5602848382314568
0.5481319318500063
0.547174621986395
0.5542982930114644
0.5541079849439465
0.5541079849439465
0.5541079849439465
0.557391677503317
0.5630990043642761
0.5630990043642761
0.5630990043642761
0.5630990043642761
0.5843392939524796
0.5868787290299949
0.5683365586694042
0.5683365586694042
0.5416706923019148
0.5455965386168541
0.574471429956759
0.5795785705528654
0.5841353840808806
0.5804518664557133
0.5804518664557133
0.5905432705814446
0.5874003511819686
0.585896807102914
0.5911476120985514
0.5911476120985514
0.5912310310230092
0.5974555091510134
0.5988598333722351
0.5975971791901842
0.5981194630232406
0.5999486757872841
0.5999486757872841
0.5999486757872841
0.6008697738546954
0.6008697738546954
0.6019001690493532
0.5994442653581826
0.5988083599056051
0.6047517312444717
0.6047517312444717
0.6049630628578704
0.6046663796801528
0.6048413121098322
0.5911855110290054
0.5943043213220687
0.5865254700736154
0.5822882855650944
0.5818468502741027
0.5756634625408503
0.5861060074746693
0.5869535130643456
0.5856308856831766
0.5856308856831766
0.5856308856831766
0.5820153186506374
0.5820153186506374
0.5820153186506374
0.5820153186506374
0.5779080382400749
0.5818113885011259
0.5937309752271603
0.590211162935274
0.588662111934084
0.588662111934084
0.5880202599958688
0.587902278339757
0.587902278339757
0.5878304089616212
0.5814689403974482
0.5814689403974482
0.5814689403974482
0.5814689403974482
0.5820693463982399
0.5881760397334288
0.5784334228074066
0.5784334228074066
0.5763011908088658
0.5762904620733686
0.5835475220614488
0.5835475220614488
0.5888291619850999
0.5888291619850999
0.5888291619850999
0.5888291619850999
0.5904486533907759
0.590409550227855
0.5926747663406017
0.5926300101364707
0.5926344217414938
0.5845019441524244
0.5848283279039463
0.5851547097498997
0.5851547097498997
0.5861673054719092
0.5861463376165423
0.58128014993336
0.581097811023154
0.581097811023154
0.5817120896117972
0.5851222388112237
0.5851222388112237
0.5851222388112237
0.5851222388112237
0.5851222388112237
0.5857306755710506
0.5779188843347922
0.5779188843347922
0.5775262113848282
0.5775262113848282
0.5775262113848282
0.5775262113848282
0.5789440464541027
0.5791064810587986
0.609894997805822
0.6097828429274947
0.6097828429274947
0.6181557322558459
0.6073586526633404
0.6079682246797848
0.6070072427701578
0.6071563547928197
0.5994314928123305
0.5994314928123305
0.6052669668796941
0.5985708831116803
0.6015448395428991
0.6015558061953198
0.6015558061953198
0.6008349704197559
0.6008349704197559
0.6136927931861764
0.6136927931861764
0.6136927931861764
0.6133589893296466
0.6133589893296466
0.6133589893296466
0.6171042206636351
0.6171042206636351
0.6125743706121618
0.5959807064738468
0.5959807064738468
0.5959807064738468
0.5959807064738468
0.59589808239495
0.59589808239495
0.59589808239495
0.6058389639833124
0.6058389639833124
0.6131070551470297
0.6131070551470297
0.6155099380598549
0.6260476804208375
0.6331077103092632
0.6326465062968949
0.6326465062968949
0.6326465062968949
0.6326465062968949
0.6317906807158233
0.6317906807158233
0.6419314429799069
0.6419314429799069
0.6419314429799069
0.639806824126502
0.633678424589411
0.633678424589411
0.6369993140573144
0.6372087063514507
0.6372087063514507
0.6380803099974798
0.6424621703447169
0.631551963794064
0.631551963794064
0.628463524189185
0.6403067705220318
0.6403067705220318
0.6478733405990194
0.6516454171870965
0.6427905273376257
0.6427905273376257
0.6415652753405985
0.6414419300426045
0.6414419300426045
0.6414419300426045
0.6415203011254057
0.6415203011254057
0.6379584821156059
0.6274715691285296
0.6247407365325277
0.6247407365325277
0.6123198038846955
0.6153884523995732
0.6153884523995732
0.6153884523995732
0.6084325903706801
0.6306026110868294
0.6338893814872164
0.6338893814872164
0.6383923525420595
0.6399516982473511
0.6362988643559025
0.6388383171822667
0.6385100591962678
0.6385100591962678
0.6361804138572731
0.6399133797819297
0.6399133797819297
0.6224902843279844
0.6241095825490677
0.6131481326834594
0.6228797183316568
0.6204679738259463
0.6218164007751026
0.6208245401123904
0.6158563540747641
0.5982521762775032
0.6035355887934654
0.5884316548353384
0.5910184745812109
0.5801098239105545
0.5801098239105545
0.5793286100014557
0.5748153824566412
0.5748153824566412
0.5747861954205635
0.5724902042141247
0.569925409536955
0.5671927313870352
0.5671927313870352
0.5673404853082176
0.5541492162186259
0.5541492162186259
0.5541492162186259
0.5541492162186259
0.5624899320461438
0.5624899320461438
0.5614996296156218
0.5802857426914043
0.5808395729896195
0.5696908675769605
0.567483374905692
0.5646464768201684
0.5646464768201684
0.553096665199271
0.5519908921972402
0.5552989471749622
0.5549537194966655
0.5530985308305059
0.5530985308305059
0.5554755483802135
0.5571280267132545
0.5571280267132545
0.5571280267132545
0.5606237274015556
0.5590051022604846
0.5585470732370759
0.5573199893981702
0.5595267599924219
0.5532582972955495
0.5473830408469396
0.5473830408469396
0.5465096007026063
0.5465096007026063
0.5465096007026063
0.5461372718769041
0.5425227179028542
0.5243729311111612
0.5206681020126049
0.5206939147910206
0.5214920946192914
0.5182230980583246
0.5182230980583246
0.49673346463423007
0.5027894994362627
0.5013290287085558
0.5005453417056726
0.5061908617817817
0.5061908617817817
0.49404282011517003
0.494961486669984
0.494961486669984
0.4882159937174691
0.487523101275356
0.4872451978541354
0.4872451978541354
0.4810247476985463
0.461815146054414
0.4635601468342239
0.47264736263575363
0.47194202895686466
0.4622502066908578
0.462026424853938
0.462026424853938
0.462026424853938
0.462026424853938
0.46263087876709413
0.4625625895330492
0.45754444025094315
0.456039097487787
0.46047160931904035
0.44164499553573355
0.42021305721370167
0.4197646433455661
0.4204737129376806
0.39285008809302674
0.394771249717432
0.394771249717432
0.40411686256255763
0.39499037356213273
0.39428161339905027
0.39620008738256507
0.3945810143187849
0.39514135316820065
0.3943189802402246
0.40324267532041064
0.40324267532041064
0.4031531440921649
0.4031531440921649
0.40308783335051435
0.40117581391337725
0.39823346915806856
0.39823346915806856
0.3955027748037402
0.3955027748037402
0.39817256036373966
0.39797605656598994
0.3977768100649425
0.4034496544908118
0.4034496544908118
0.40663503540891005
0.4111933553873656
0.4111933553873656
0.4111933553873656
0.4111933553873656
0.40110276547131307
0.3993716118166682
0.38845119282241103
0.38845119282241103
0.38921530475046967
0.39730490173878613
0.39790929053101765
0.40083652150030347
0.4014487128277304
0.4014487128277304
0.403834749461296
0.403702803354636
0.4040501210170011
0.4069058866365576
0.4107985948507798
0.4107985948507798
0.4120228970455678
0.4120228970455678
0.42171339073837993
0.42226831355637784
0.4217240338332062
0.42191740200745426
0.4239824644635924
0.4198244932003659
0.4198244932003659
0.42182031178492524
0.4234634794207685
0.42400055127312286
0.42684127008296135
0.42957282367917027
0.4239593423045343
0.4239593423045343
0.4239593423045343
0.4239593423045343
0.4229274069573521
0.425840158474404
0.425840158474404
0.425840158474404
0.4260642539693681
0.4260642539693681
0.4229249505957003
0.39600455849650545
0.392052145442521
0.39186353683031666
0.3915310445582079
0.3915310445582079
0.3915310445582079
0.3915310445582079
0.3898947678226416
0.39049665654601484
0.39049665654601484
0.39145865788194967
0.39145865788194967
0.39145865788194967
0.39145865788194967
0.39145865788194967
0.3915441648894749
0.39049758416377756
0.40389639139579414
0.4062849293741092
0.40275143384657935
0.40275143384657935
0.40275143384657935
0.40254961583012516
0.39646009713606406
0.39810347043909056
0.39810347043909056
0.39324470031451386
0.39324470031451386
0.39298294141523965
0.39298294141523965
0.38605499129521104
0.38513195375011705
0.38198174028846926
0.38198174028846926
0.3815217148763709
0.3772879345126781
0.3817993478389866
0.38180565224785584
0.38045418019060495
0.38157293669191744
0.38084446586098714
0.38084446586098714
0.3802926857164766
0.3843548529428788
0.39236338952426286
0.393062653439039
0.39364593812149623
0.39364593812149623
0.39364593812149623
0.39702911315384415
0.39845334922625714
0.39845334922625714
0.3968093191421666
0.4021921989280673
0.40275506477167966
0.3985604470138942
0.3952333650070383
0.3952333650070383
0.37576909365977634
0.37614471236304287
0.3761926587916443
0.3761926587916443
0.3761926587916443
0.3759330878515786
0.36631552598674755
0.3609981880200085
0.3609981880200085
0.3632417552879321
0.3632417552879321
0.3632417552879321
0.3665646306600833
0.3825554863841269
0.3815531985453299
0.3815531985453299
0.38509740509669355
0.390190514074943
0.390190514074943
0.390190514074943
0.39383052338653257
0.39061998166820244
0.3982625981557052
0.39770612078798984
0.38893844877680217
0.39128913259415266
0.389217195742972
0.389217195742972
0.389217195742972
0.389217195742972
0.3928554469549519
0.39212881448278303
0.39212881448278303
0.39212881448278303
0.39212881448278303
0.39212881448278303
0.39212881448278303
0.39212881448278303
0.39633766699774964
0.39633766699774964
0.39633766699774964
0.39633766699774964
0.39282172655500863
0.3923475361576889
0.3923475361576889
0.3923475361576889
0.3923475361576889
0.40406819066094285
0.4052679327288263
0.4052679327288263
0.4052679327288263
0.40554011836446674
0.40554011836446674
0.40554011836446674
0.41299175733992277
0.4185463324906296
0.41736959711042665
0.41655006862745514
0.4138630807998305
0.4073498033412776
0.4073498033412776
0.4088487882962615
0.4088487882962615
0.40996602679987765
0.3609981880200085
0.3609981880200085
0.3609981880200085
0.34017545603607663
0.34017545603607663
0.33969311988959006
0.33969311988959006
0.33969311988959006
0.33448366508272537
0.33448366508272537
0.3324707841626613
0.3324707841626613
0.3324707841626613
0.3324707841626613
0.338632272520851
0.338632272520851
0.338632272520851
0.33852030053886617
0.33852030053886617
0.33852030053886617
0.33852030053886617
0.33852030053886617
0.34361915573104723
0.34361915573104723
0.34361915573104723
0.3430802256581846
0.3430802256581846
0.3430802256581846
0.3297512264810061
0.325710753868361
0.325710753868361
0.31320208804533695
0.31320208804533695
0.31320208804533695
0.31320208804533695
0.31320208804533695
0.31320208804533695
0.31320208804533695
0.31320208804533695
0.3138793972195825
0.3138793972195825
0.3138793972195825
0.3138793972195825
0.3138793972195825
0.3134108173456533
0.3134108173456533
0.3134108173456533
0.3134108173456533
0.3134108173456533
0.3134108173456533
0.3134108173456533
0.3115154342392132
0.3115154342392132
0.3115154342392132
0.3115154342392132
0.3115154342392132
0.3115154342392132
0.3115154342392132
0.3115154342392132
0.3115154342392132
0.3115154342392132
0.3115154342392132
0.3115154342392132
0.3115154342392132
0.3115154342392132
0.30553546942665105
0.30553546942665105
0.30553546942665105
0.28485053956326173
0.28485053956326173
0.28485053956326173
0.28485053956326173
0.2617595313045022
0.2617595313045022
0.2617595313045022
0.25115317124726916
0.25115317124726916
0.2526892263933291
0.2526892263933291
0.2526892263933291
0.2526892263933291
0.2526892263933291
0.2526892263933291
0.2526892263933291
0.2526892263933291
0.2526892263933291
0.2526892263933291
0.2526892263933291
0.2526892263933291
0.2526892263933291
0.2526892263933291
0.2526892263933291
0.238776325811706
0.238776325811706
0.238776325811706
0.238776325811706
0.238776325811706
0.238776325811706
0.23858731053215607
0.23858731053215607
0.23858731053215607
0.23858731053215607
0.23858731053215607
0.23858731053215607
0.23858731053215607
0.2263484615183148
0.2263484615183148
0.2263484615183148
0.2258343010759068
0.2258343010759068
0.2258343010759068
0.2258343010759068
0.2258343010759068
0.2258343010759068
0.2258343010759068
0.2258343010759068
0.2258343010759068
0.2258343010759068
0.2258343010759068
0.22590860742905094
0.22534484867221066
0.22534484867221066
0.22534484867221066
0.22534484867221066
0.22534484867221066
0.22534484867221066
0.22534484867221066
0.22534484867221066
0.22534484867221066
0.22534484867221066
0.22534484867221066
0.22534484867221066
0.22534484867221066
0.22534484867221066
0.22534484867221066
0.22534484867221066
0.22534484867221066
0.22534484867221066
0.22534484867221066
0.22534484867221066
0.22105435164637596
0.21204202234784772
0.21204202234784772
0.21204202234784772
0.21204202234784772
0.21488463710056596
0.21488463710056596
0.21488463710056596
0.21488463710056596
0.21556736810612379
0.21556736810612379
0.21556736810612379
0.21411714171065266
0.2140234715620483
0.2140234715620483
0.2140234715620483
0.2140234715620483
0.2119968976081432
0.2119968976081432
0.2119968976081432
0.2119968976081432
0.2119968976081432
0.2119968976081432
0.20965251341746471
0.20965251341746471
0.19896765459429436
0.19896765459429436
0.19896765459429436
0.19896765459429436
0.19800940117401675
0.19800940117401675
0.19800940117401675
0.19800940117401675
0.1876280134052152
0.1876280134052152
0.18760843058522197
0.18760843058522197
0.18760843058522197
0.18470690751006383
0.18635365382846408
0.18635365382846408
0.19205454136100691
0.19205454136100691
0.19205454136100691
0.1936087927814159
0.1936087927814159
0.1936087927814159
0.1936087927814159
0.1936087927814159
0.1936087927814159
0.1936087927814159
0.19326901953219305
0.19326901953219305
0.19326901953219305
0.19326901953219305
0.19326901953219305
0.19336821695631162
0.19336821695631162
0.19336821695631162
0.1911673514406952
0.1911673514406952
0.1911673514406952
0.1911673514406952
0.1911673514406952
0.1911673514406952
0.1911673514406952
0.1911673514406952
0.1911673514406952
0.1911673514406952
0.1911673514406952
0.1911673514406952
0.1911673514406952
0.1911673514406952
0.1911673514406952
0.1911673514406952
0.1911673514406952
0.1911673514406952
0.1911673514406952
0.1911673514406952
0.1911673514406952
0.1911673514406952
0.1911673514406952
0.1911673514406952
0.1911673514406952
0.1911673514406952
0.1911673514406952
0.1911673514406952
0.1911673514406952
0.1911673514406952
0.1911673514406952
0.1911673514406952
0.1911673514406952
0.1911673514406952
0.1911673514406952
0.1911673514406952
0.1911673514406952
0.1911673514406952
0.1911673514406952
0.1911673514406952
0.18510620703200012
0.18510620703200012
0.18510620703200012
0.18510620703200012
0.18510620703200012
0.18510620703200012
0.18510620703200012
0.18510620703200012
0.18510620703200012
0.18510620703200012
0.18510620703200012
0.18510620703200012
0.18510620703200012
0.18510620703200012
0.18510620703200012
0.18510620703200012
0.18510620703200012
0.18347130020151856
0.18347130020151856
0.18347130020151856
0.18347130020151856
0.18347130020151856
0.18347130020151856
0.18347130020151856
0.18347130020151856
0.18347130020151856
0.18347130020151856
0.18347130020151856
0.18347130020151856
0.18347130020151856
0.18347130020151856
0.18347130020151856
0.18347130020151856
0.18347130020151856
0.18347130020151856
0.18347130020151856
0.18347130020151856
0.18347130020151856
0.18316158924842574
0.18316158924842574
0.18316158924842574
0.18316158924842574
0.18316158924842574
0.18316158924842574
0.18316158924842574
0.18316158924842574
0.18316158924842574
0.18316158924842574
0.18116683885501889
0.18116683885501889
0.1809795420688458
0.1809795420688458
0.1809795420688458
0.1809795420688458
0.1808450728637251
0.1808450728637251
0.1808450728637251
0.1804315958752765
0.1804315958752765
0.1804315958752765
0.1804315958752765
0.1804315958752765
0.1804315958752765
0.1804315958752765
0.16902319043079309
0.16902319043079309
0.16902319043079309
0.16902319043079309
0.16902319043079309
0.16902319043079309
0.16902319043079309
0.16902319043079309
0.16902319043079309
0.16902319043079309
0.16902319043079309
0.16902319043079309
0.16902319043079309
0.16902319043079309
0.16902319043079309
0.16902319043079309
0.16902319043079309
