0.0466667 0.0014145287198964462
-0.0866667 -0.09584749011945548
-0.3733333 -0.329619409983146
-0.1533333 -0.18536824754018116
0.0366667 0.08821786924857469
0.0066667 0.031597695522825736
0.7633334 0.81209805951224
0.61 0.7236826910439262
0.3833334 0.3724115253453185
-0.28 -0.27797495314852444
0.56 0.55499468583703
0.1633333 0.2067637787520869
0.1266667 0.13198988940707193
-0.71 -0.7137396962426941
0.9666667 0.9978412559939516
-0.86 -0.90089248947504
-0.59 -0.6281839647310808
-0.2366667 -0.23631197289972972
-0.4033333 -0.4171027897066347
-0.7566667 -0.7572363942720484
0.7133334 0.7404019230666907
0.4233333 0.4080594832169255
-0.2933334 -0.3231901608544634
0.72 0.7393289977553061
-0.9666667 -0.9824823635923646
-0.9966667 -0.9759899782275973
0.9833333 0.9217604356507111
-0.6666667 -0.6806942162792999
-0.17 -0.1320066098075286
0.9 0.941215999196966
0.03 0.08663509650304221
0.27 0.28814020029320775
