0.0466667 -0.12441937841740225
-0.0866667 -0.13540581117778505
-0.3733333 -0.3746936779920928
-0.1533333 -0.2762324384129362
0.0366667 0.06971141435243139
0.0066667 -0.001890585816943624
0.7633334 0.8986419092168325
0.61 0.7900559131168745
0.3833334 0.3623498228652789
-0.28 -0.273785119166371
0.56 0.5386910783680843
0.1633333 0.34908807279472615
0.1266667 0.18814044939970337
-0.71 -0.6956465786480683
0.9666667 0.9941769773779436
-0.86 -0.891804503980762
-0.59 -0.5728318973603619
-0.2366667 -0.25529318883929675
-0.4033333 -0.262616161204466
-0.7566667 -0.7653969791674472
0.7133334 0.7227982511651181
0.4233333 0.5048116326653755
-0.2933334 -0.32717177008536014
0.72 0.7176232292684294
-0.9666667 -0.8499457330276566
-0.9966667 -0.8724199376496629
0.9833333 0.9274943533580019
-0.6666667 -0.5954768982228184
-0.17 -0.19388036178152107
0.9 0.9227137677642852
0.03 0.011227792690111094
0.27 0.2828705649260586
