0.0466667 -0.019935816162753583
-0.0866667 -0.05895039662177559
-0.3733333 -0.33578722159685004
-0.1533333 -0.19532489330080816
0.0366667 0.05614388372087603
0.0066667 0.04577887365685984
0.7633334 0.7024574054410666
0.61 0.5425204135941089
0.3833334 0.3582277636818721
-0.28 -0.27448243405842243
0.56 0.5835383080902612
0.1633333 0.2037723653485401
0.1266667 0.10844568751854955
-0.71 -0.7335840122788931
0.9666667 0.9523447862501682
-0.86 -0.8736189410547615
-0.59 -0.6221642360360662
-0.2366667 -0.20723452421413624
-0.4033333 -0.37059591965914845
-0.7566667 -0.7301910615290295
0.7133334 0.6986870223911004
0.4233333 0.45188464610084744
-0.2933334 -0.3039688007121668
0.72 0.6937409978626701
-0.9666667 -0.8894405295284747
-0.9966667 -0.8941870190218305
0.9833333 0.9356409037057236
-0.6666667 -0.6689316016894276
-0.17 -0.16800547967064688
0.9 0.9372517716590149
0.03 0.019113970902249866
0.27 0.24656812667817557
