1.6174395303044036
1.4669045042649693
1.4656861025972443
1.4666031316178725
1.467490649423298
1.4723586655148033
1.479291321823737
1.472874853464061
1.4723593192663162
1.4770588750773108
1.4756458481750285
1.4636514333124797
1.4772051645652962
1.4742027541351688
1.4558599516501505
1.4521046821210453
1.4521231305619584
1.4525782428437732
1.430772484741893
1.43008479288942
1.4311910352506148
1.4339102597273996
1.4313492188599475
1.4301602428286317
1.4369989302198336
1.434987593681847
1.434987593681847
1.4350374649761366
1.4503369755016584
1.4422600508572678
1.4400874594901405
1.4400874594901405
1.4175932630687214
1.4081819097845387
1.4029353434615195
1.4021105181633882
1.4021105181633882
1.380526735519101
1.3957865948303583
1.3782335079382373
1.379371383846532
1.3763818053911905
1.3696081938113114
1.3626232730997043
1.3667379303566802
1.3638593517676467
1.3655167930355112
1.3674506283416963
1.3725454145073428
1.3601567378327213
1.3531615828693575
1.3569750874370066
1.363225255308904
1.336750806525145
1.333516595719178
1.3382153293722014
1.3292902170625038
1.3152367749142257
1.3078717523552261
1.3067708714432966
1.2927124342967673
1.2959857268622008
1.2980901091268073
1.325612732845836
1.3282655584524152
1.3299813564060101
1.355990302705234
1.355990302705234
1.3640464028441799
1.3640464028441799
1.3650284509287143
1.3797371401448373
1.382553325396745
1.3815583980325559
1.3815583980325559
1.379626224409601
1.3827614588377348
1.3873419456138163
1.3915216785529385
1.3780517943159452
1.3695745560814179
1.371708728684727
1.3655269308827847
1.3655269308827847
1.3655053550556595
1.3393924974386962
1.3395287372073124
1.3450841299913958
1.3447606108714556
1.3519332342072492
1.3556954612993917
1.3572672762772717
1.3395043899448142
1.3455556537945128
1.3455556537945128
1.346566233531159
1.3478823435396132
1.3630833964065168
1.3630833964065168
1.3715621438181307
1.3778600910597105
1.3778600910597105
1.369263835238136
1.367286355827164
1.3674077774643334
1.3674077774643334
1.3487359370400647
1.3390899964324927
1.3303534208028984
1.3284767459700697
1.3081260949859395
1.307904273260587
1.305525672793766
1.2965480943056742
1.3002510876000284
1.3083802151498074
1.3112704517800708
1.3200593725128693
1.3101086010832175
1.3126848310500134
1.3140923083379574
1.3215313263542656
1.3127490278434981
1.3127490278434981
1.3137424909807847
1.3133844770979397
1.3305018480623276
1.3294024084892744
1.3293405492397727
1.3267866353350848
1.3267866353350848
1.3211495976879193
1.3139667926478609
1.3165625313843645
1.321059598827015
1.3096913863263295
1.3028853944244827
1.3097623452371718
1.3097623452371718
1.3074936186950248
1.301084862580933
1.3019231871131773
1.2975046776056298
1.2912725488947254
1.2899717575395704
1.2899589541108412
1.2899589541108412
1.2899589541108412
1.291348026972633
1.2901150830586119
1.2889887654436776
1.2952923721242005
1.2876115259491974
1.2876115259491974
1.2894103021990935
1.2894103021990935
1.288932098563193
1.28062404120208
1.2777799874454925
1.276136396082076
1.277542303599884
1.2772026088578865
1.2926589585503172
1.2931556215386575
1.2899919753918496
1.2889894850492585
1.2921799437698922
1.2921799437698922
1.3022876724188108
1.2988151738442306
1.2988151738442306
1.3012007644109478
1.3012007644109478
1.291880012229103
1.291880012229103
1.292507970107943
1.292507970107943
1.293583152167432
1.2947232903609738
1.2983710355670506
1.2988754818444914
1.2879378206322158
1.2855095331200366
1.2834832546330532
1.2830930835233079
1.2830930835233079
1.2880463736375525
1.2880463736375525
1.2877238187408981
1.2920127623138165
1.2751602777897328
1.2778294846605431
1.2844465224260202
1.2837350920760853
1.2860499956521514
1.2977462668201691
1.2930497364561626
1.2908007332013056
1.290307255465191
1.2968501393104137
1.298242473028271
1.2987191973904784
1.3029275874855928
1.2875333707604486
1.2892545301856828
1.2958285436303816
1.2958285436303816
1.2954250865526
1.29546522435815
1.3069987593531605
1.2868495919444145
1.2890410576725806
1.2808708829635882
1.2929178350749826
1.2902698732167361
1.2900997521939184
1.2904319676759224
1.2901080858973448
1.2683052921013347
1.2683052921013347
1.2704129742250638
1.2667966931269958
1.2667966931269958
1.2410572278540324
1.2655251176392595
1.2648309360307428
1.2692856003779212
1.2685165986940852
1.2610159042229931
1.2608122484521271
1.2688327429490442
1.2478804437147715
1.236659137517149
1.2326964138154335
1.2321442573738837
1.2333169631968295
1.2514726636193398
1.250460114686003
1.2561232822265025
1.2753309193541673
1.287210103688923
1.2897849061234692
1.2787321709534374
1.2815319486233574
1.2815464055648147
1.2706673197990754
1.2906057167225315
1.2911150656486903
1.2911150656486903
1.3057653801690225
1.3057653801690225
1.3077496946585285
1.2989939618064956
1.303235864984537
1.305013132671081
1.2766081980630999
1.306411938406832
1.3032409149286481
1.304006327293826
1.304006327293826
1.3033690739652912
1.3033690739652912
1.295375922170024
1.2927844931542205
1.2980084255429303
1.2926232588283963
1.3004025104124104
1.2789268404266283
1.280098334133891
1.280098334133891
1.2731308755073105
1.2684482379113702
1.2536771455428581
1.2462617438204273
1.2575490746653213
1.259160296462479
1.259160296462479
1.248147596124815
1.248147596124815
1.2332890630720519
1.2184710962126595
1.2185203519535792
1.2185203519535792
1.218467478572506
1.2181871187767705
1.2332870980747175
1.2332870980747175
1.2423146949189945
1.241761416530306
1.244876168995419
1.2458069051033225
1.2332581124783182
1.2272389131199963
1.2266606227714083
1.2242968658200712
1.2247024950902277
1.224415233606961
1.224415233606961
1.2154717202699574
1.216644240510475
1.2164056220449533
1.2179506490357965
1.2167326929432543
1.2114913711838038
1.2021700431384181
1.2071185707310066
1.2071185707310066
1.2071185707310066
1.2073413666981903
1.2073413666981903
1.1970443735295302
1.1872524560396664
1.1872524560396664
1.1906818064282247
1.1959829689274784
1.199195830801188
1.2003851338511837
1.1882505572714652
1.1888672930755773
1.1951483360410762
1.198994500548458
1.198994500548458
1.1932769721563343
1.1951299888209677
1.1927786587413023
1.1964618743170037
1.2000142009477166
1.2045503545029492
1.2126277160122851
1.211911532259663
1.2327390720439864
1.2327390720439864
1.2350690656780918
1.2577879781702106
1.2474089053795279
1.2474089053795279
1.2455301026498395
1.2445943069393097
1.2413597272353816
1.2422328492542447
1.2422328492542447
1.242164582679448
1.2484655026551816
1.2484656927831324
1.24835580459682
1.2527738948552318
1.2327132108531584
1.2348963207334365
1.2241181729168684
1.2211793421981163
1.2359427784708683
1.2273187258594114
1.2358170814993665
1.2673548380626511
1.2580732259688534
1.2580732259688534
1.2694316994184176
1.2614124091561987
1.263572287790268
1.2681046252008754
1.267061472541661
1.2706074984070903
1.2662083930860926
1.2394209261075146
1.2462031556476487
1.2361407118944412
1.2361407118944412
1.230759131821934
1.2252413485617986
1.2252413417026204
1.225276513684695
1.2285493318901488
1.2343232893101412
1.2421598626160584
1.2343715102908432
1.2340425266392634
1.2340425266392634
1.235233837244505
1.235233837244505
1.246814112507909
1.246814112507909
1.2596541250916582
1.2621580299035065
1.2744209149731756
1.273458706305863
1.2717354532015328
1.28077156025475
1.2799739758109872
1.2799739758109872
1.2818552894170046
1.2631672160852427
1.2630613305534262
1.2578504182054464
1.2628593256833462
1.2693327527786038
1.2639862821159238
1.2639476557481653
1.2686743850030915
1.2686743850030915
1.284109661082415
1.2824900442122307
1.281856411142779
1.2774316777414454
1.2760193071540475
1.2868189336486078
1.2728893407464006
1.276314782008936
1.2766401869201993
1.2674423748904813
1.2653265089165517
1.265253616711227
1.2600457516909216
1.2568826298760714
1.2638435543962976
1.264570325482077
1.2617775058104048
1.257206030257399
1.2551669429733032
1.2380489823330625
1.2414057948052855
1.2378301172675328
1.2199666773709044
1.2197837986998497
1.2251119082752828
1.225206391048278
1.2140942679806022
1.2140942679806022
1.2176971427113068
1.2004908026331396
1.2131018566335967
1.2124485889919079
1.2041619831439998
1.2020619178907106
1.201990767960166
1.230490994714184
1.2330159402267884
1.242159239538827
1.242159239538827
1.258128151604144
1.2549433629566291
1.261386513593897
1.261386513593897
1.2560412220008386
1.2621949420069123
1.2798762266707964
1.2798762266707964
1.2818144230736612
1.2823572096606957
1.2949683506006693
1.2911646164701864
1.320932750860138
1.320932750860138
1.3220434050810985
1.3253150964420186
1.3255484693161304
1.3301742089506743
1.3390042948108587
1.3398742692334835
1.3119475968802112
1.30794766522885
1.30794766522885
1.2948558822261707
1.2917458603188576
1.2933357244909198
1.2900134471200193
1.286182086281809
1.2845699274691735
1.2798847955642982
1.2775065028358255
1.2583781139264547
1.2855893254185546
1.286715115379484
1.2937254821476956
1.3028617419891377
1.2997144078573488
1.302042825600496
1.2919993506843817
1.3024136962276078
1.295975347704442
1.295975347704442
1.295975347704442
1.295975347704442
1.299398933542164
1.2951859226758877
1.2943560973451238
1.2996527654194974
1.3002989617318432
1.3022744248952034
1.3023379820269012
1.3023379820269012
1.3032857399302724
1.2969572736294954
1.2945064736326213
1.2863829187319942
1.2863829187319942
1.2898939999993857
1.2898939999993857
1.2903736226357847
1.2903736226357847
1.285218819577981
1.285712629696665
1.2854198861309099
1.2896556907200605
1.2799623223447423
1.2839948987916392
1.2839948987916392
1.2794859021999694
1.272605811510436
1.272605811510436
1.2757616452909444
1.2804331322790465
1.2856471108501233
1.2712223658438897
1.260464693674242
1.2598067259978136
1.2519154665115628
1.2556121819669184
1.27540352678859
1.2714679195460556
1.2708161202821737
1.2610383627345296
1.256398832482852
1.256398832482852
1.2584436418888922
1.2584436418888922
1.2584436418888922
1.2545755120018056
1.2523404024526281
1.2618135065896345
1.2635424250259064
1.2581892881141077
1.2581892881141077
1.264502936018129
1.264502936018129
1.259860254157082
1.2620042978595183
1.2689596701169918
1.2683486716729395
1.2683486716729395
1.2684618803946528
1.2739594654456703
1.2670776358162035
1.259268413739847
1.2565410162563986
1.246877899883014
1.246877899883014
1.2471836032875951
1.2436501579976553
1.2553750690214716
1.2553750690214716
1.2346669531358323
1.2368585527790523
1.2368585527790523
1.2368585527790523
1.2363542191128074
1.2288520672309182
1.2184208978371511
1.2184208978371511
1.214956380294279
1.2211711186298817
1.2512812296302327
1.2507774491495085
1.2507774491495085
1.2507042735128298
1.246941523452838
1.2572630131525917
1.2511236561589487
1.2496432473572185
1.2533549074097017
1.2610631557126644
1.2471474628467174
1.2444112152271471
1.2532604043338496
1.2532604043338496
1.2609890522224676
1.2598405515396218
1.2607775875563032
1.2606439672527354
1.2587290120039811
1.2648383214833083
1.2633671823934018
1.2633671823934018
1.2606914694986657
1.2573352587325903
1.2780630114925176
1.2719587697626364
1.29714561949062
1.288705740944506
1.280767981793118
1.270521437312994
1.2695196246149938
1.2695196246149938
1.268321112887382
1.2644819758291383
1.2644819758291383
1.2629814845499865
1.265997296863721
1.267887947456805
1.2658762832300277
1.281409338710277
1.2908528179496597
1.2882003122881276
1.2884648070276854
1.2884648070276854
1.2949391143725695
1.2980781593163837
1.2997179947758732
1.3009709208858489
1.294086341836004
1.3044693617779646
1.3014629567816676
1.3125976660035548
1.3097684334283137
1.3102180057657102
1.300456862699689
1.300456862699689
1.2976435313278
1.2976617261638796
1.2954802499736962
1.30496185287405
1.30226434279606
1.2885082260841152
1.2920646972794363
1.283602219508751
1.2838062682515925
1.278188240264453
1.2777214193013444
1.2793621180943826
1.2734654190138848
1.2690018862564054
1.266478683313402
1.266478683313402
1.27352943443258
1.27352943443258
1.2481744234996084
1.2484609439936891
1.2487718512045427
1.249943129585687
1.2458513971857215
1.2457983199087412
1.2476185190981925
1.2471302813771634
1.2479809757680544
1.2454335804299688
1.2510763779608638
1.2521744973230928
1.2601079693163402
1.2525426151464245
1.2535665702170464
1.24267181944629
1.240119024455476
1.2398227934966273
1.2081180016077104
1.2095111913261731
1.2046758051390278
1.204432607392301
1.2085297641467343
1.2088474543598515
1.187788398078567
1.1857089939992573
1.1857089939992573
1.1857089939992573
1.187734177808693
1.1864678039033516
1.191678036419589
1.1916314722619956
1.1899679024402838
1.184308209363668
1.1873508047658532
1.1873508047658532
1.1952198916002823
1.186383790555331
1.186032029006018
1.1741497906013225
1.1711214270974166
1.1597939161001225
1.1603859319757497
1.1471207675967674
1.1570557425210335
1.1496021684879814
1.145074434949645
1.1410666432361891
1.1427636477510972
1.145798765441087
1.149997130906151
1.149997130906151
1.149997130906151
1.1508498430504688
1.1499752473862732
1.1594795019980946
1.1411846968777923
1.1488871325507135
1.1495212322028765
1.1459447795373117
1.1444766891511438
1.140640315743074
1.1390489426653991
1.139864958991036
1.1426223415752927
1.1621411021729975
1.1621411021729975
1.1589772192941679
1.161606487209895
1.1609583108230046
1.1597131505068672
1.1616994457187688
1.1539876133603177
1.1557172962959976
1.1567117638478637
1.164025696690943
1.1707587854994732
1.1709103069617541
1.1709103069617541
1.1662696991051427
1.1662696991051427
1.1709034562573861
1.1678159300003563
1.1678159300003563
1.1667591933478612
1.17271911136101
1.17271911136101
1.1678399700130049
1.1722166783503762
1.175493254796915
1.1878510711775996
1.1861538430359364
1.189914042105354
1.1859828155262324
1.1818847854243448
1.1720729492642896
1.1723169942457488
1.1723169942457488
1.1796798817352674
1.1751808286118581
1.1652813113626688
1.1351035579943687
1.1257931865369326
1.134964684660796
1.1291801926099494
1.135842909171199
1.1364244849708705
1.1357646392190035
1.131455831291085
1.1306313588357615
1.1327017868150293
1.1362598413472045
1.1362598413472045
1.1362598413472045
1.1374409260655558
1.1374409260655558
1.1327980408805645
1.1312155897991192
1.134320393995286
1.1307985351790286
1.1266318949932042
1.1168785371940546
1.1219060049493288
1.1222664820132202
1.1222664820132202
1.1222664820132202
1.1255847774462018
1.1255419779880047
1.113303731401116
1.1070811676446988
1.1120800341315764
1.1123994184304016
1.094275952212241
1.0908742141167465
1.0908742141167465
1.0834758472319006
1.083233187196168
1.0871209634181818
1.095784377504208
1.0702066177659246
1.069939199026461
1.0693999239728016
1.0693999239728016
1.069505105875342
1.063108539518238
1.068429076156869
1.080638425824215
1.083756069534656
1.083756069534656
1.083756069534656
1.0832154070388045
1.0989753056666158
1.0989753056666158
1.1080980069312913
1.1074594604570696
1.1146258085105176
1.1107227662217962
1.1112202137493477
1.113913664066754
1.11086931891496
1.1244849602654463
1.1177407056650068
1.1192668645675363
1.1255291338728735
1.1289302118334679
1.1296766114617476
1.1304197377557577
1.1268732455778936
1.1257045356621427
1.1402358295042816
1.1415391138634678
1.1362941848166928
1.136244419836383
1.136244419836383
1.13967285793388
1.1433997886749823
1.1433997886749823
1.1412297220753111
1.1370746424329612
1.1460554264970682
1.1460554264970682
1.1448658853506635
1.144470273594472
1.1413385855383213
1.1401078000163378
1.1316924633199008
1.1330192968698176
1.1232402212749177
1.1232402212749177
1.1232402212749177
1.117589470188747
1.1161272850322947
1.1258780082348494
1.1258325719233693
1.1184431672353896
1.1209651942523755
1.1189264033671789
1.1189155429834496
1.1192668963976686
1.1149526067735605
1.1120336046938628
1.1107753360252082
1.1160195822833545
1.117306516679733
1.1112606323053846
1.117041253716507
1.1460676750642296
1.1370115555265903
1.1293507784683239
1.1293507784683239
1.1311967054050704
1.1332419230619748
1.1493824760686795
1.1493824760686795
1.1420891737751957
1.1315499399461721
1.1372933844079516
1.1368504818278604
1.1368504818278604
1.131206368201562
1.132202522706945
1.1399874486546657
1.1392851267685298
1.1408009297781616
1.1410388098023765
1.1410388098023765
1.141081748415309
1.1417040034825328
1.1312158105035033
1.1242649835245406
1.12145668980085
1.123084958227093
1.123084958227093
1.1141992242991372
1.1158929835890887
1.115803859950394
1.11085880739766
1.120378267304176
1.127166860267643
1.1238345563027856
1.1238345563027856
1.12311895643326
1.1277058696886362
1.1277058696886362
1.1277058696886362
1.126106689840819
1.1238025138754442
1.1212147935181243
1.1120279230271524
1.11655050345874
1.1339362373637136
1.1242513420004219
1.1242513420004219
1.1242513420004219
1.1260399843671953
1.1310922643428936
1.1272167162112032
1.1274117044854477
1.1274117044854477
1.1318265837200632
1.1272103435590295
1.1159318533567435
1.1148424895595752
1.117232967930469
1.107159944309445
1.1121106043032196
1.1195641035653543
1.1194829000812165
1.1019771233602906
1.0966164063267534
1.085150645957782
1.0857320443801537
1.0723470289216999
1.0701209459076406
1.0793891701408571
1.078742748251429
1.0786778601166571
1.078713198569921
1.078713198569921
1.0810159512280384
1.0713404661665784
1.0697342910495486
1.0697342910495486
1.0697342910495486
1.073722855823227
1.0715460011593867
1.0737348865887808
1.0766679635136518
1.0738379459095642
1.0928141454676925
1.0928301471507895
1.0605588431742257
1.0694850112380683
1.061699533504602
1.0617337994013394
1.0618376355135568
1.0585871729640044
1.066686492510082
1.0665503224892725
1.065482115715402
1.074855277203096
1.075485401001076
1.0756507496672976
1.0746563599344523
1.0707189025041652
1.0731070482225433
1.0762028121173552
1.0761121979921204
1.0765701040922517
1.0798353055573968
1.0784541286644826
1.081424209624645
1.0804449400539693
1.0630609350650222
1.063402827268368
1.0826740352480817
1.080797133916795
1.0701368257823767
1.0701368257823767
1.0909548126116622
1.0833655440594068
1.0856763723192038
1.0846667431363268
1.0815589878800471
1.0815589878800471
1.0857812884192006
1.0867868234688038
1.0891544222318346
1.0966559927440742
1.0966559927440742
1.0983268754334248
1.0798283067091061
1.0844803762315725
1.0784781434536395
1.0810400826692743
1.0739451473443125
1.0742202359503596
1.0742202359503596
1.0743391800019957
1.0743391800019957
1.0743391800019957
1.0743391800019957
1.0742507428155912
1.0695384028079868
1.0686027640939737
1.065353670670875
1.065353670670875
1.0853102649374768
1.0853102649374768
1.0853102649374768
1.0853102649374768
1.084383267992667
1.0902587408064093
1.0902587408064093
1.097124348046156
1.0946018772263526
1.0946018772263526
1.0946407493737018
1.0947074072597973
1.0915030858564712
1.08071398964595
1.0947132346385056
1.0936379364347215
1.0864603789007425
1.0849685341018895
1.0874533972454337
1.0846345738154815
1.0887280753887072
1.0824877347161823
1.079083372894716
1.0789327853144497
1.0693398901098903
1.068413114249735
1.0689803601492933
1.0689803601492933
1.0689803601492933
1.0713945117191104
1.0711542570568442
1.0711542570568442
1.0766867146640233
1.072769643104678
1.0758399108624017
1.09910857017503
1.096491074069052
1.0978543527864186
1.0978543527864186
1.08516413773056
1.0858187744041727
1.0551174567533002
1.0549004475009744
1.057633389564635
1.0490026346417973
1.0499322062254333
1.0379819503259156
1.0258810220074928
1.011604899062513
1.0106102849460497
1.010672572994511
1.0060273326574647
1.0095804532519943
1.0113998404752673
1.00632424516918
1.0058234763615013
1.0051361501885
1.0051361501885
1.0063726541599471
1.007981399969545
1.007981399969545
1.0043115941873946
1.0105619793349292
1.0127026622034563
1.0128845719765134
1.0189548760862306
1.0209444683588524
1.0103812535028696
1.0103812535028696
1.018363464615261
1.0156896958845674
1.0230941490626158
1.0002214865238075
1.0177680660956625
1.0147026279918165
1.0148098153269107
1.0169859474746978
1.0158644269511055
1.012705900348874
1.0147149588152986
1.0123069898797228
1.0069918038038728
0.9990222842379877
0.9973830619876075
0.9973830619876075
0.9886943418786396
0.9886676437286412
0.9720109159144386
0.9746178826462684
0.9744134826175079
0.9762929296819791
0.9763734345949882
0.9637239755603356
0.9637239755603356
0.9608499794485539
0.9643989817672645
0.9646425345781384
0.9643896007723043
0.9663293512375639
0.9668295863861442
0.9693477265430247
0.9694318481971353
0.9630596022968336
0.9587311471543343
0.9611495367779161
0.9611495367779161
0.9779571661110283
0.9782811502324239
0.9782811502324239
0.9782811502324239
0.9775467130398117
0.9782700233194606
0.9765842856549413
0.971395012337049
0.9685016002764819
0.9587168558533143
0.9591514055890931
0.9591514055890931
0.9633257378813662
0.9657010987904279
0.9655704837450187
0.975614096918851
0.982997199425278
0.983404421901414
0.9831166197937385
0.9831166197937385
0.9639800288757086
0.9639800288757086
0.9637879541134241
0.9683980738072918
0.9681500303160752
0.9617628810747907
0.9656064805016118
0.9363548263642482
0.9126798501965976
0.8966391841661282
0.8966391841661282
0.8962765771260872
0.896798110184391
0.896798110184391
0.9084768381489804
0.9084768381489804
0.9203113032186443
0.9242806769988599
0.9239285733026888
0.9215337013570951
0.9286890728220955
0.9256589285549229
0.9258900381724596
0.9233872423254469
0.9356563310921064
0.9294497345415847
0.9368471783224924
0.9623640102923585
0.9623915596757101
0.9623915596757101
0.9688001271984639
0.9688001271984639
0.9780945053971299
0.976331904483501
0.9696329622257268
0.9740063077471357
0.9767811108388035
0.951797773998072
0.9466339053589338
0.9393089681823401
0.9393089681823401
0.9415686939108467
0.9434481516083973
0.9434481516083973
0.94333155251413
0.940998192292533
0.940998192292533
0.944893035987838
0.944893035987838
0.9441764050663328
0.9377696878243288
0.9357389623238243
0.9266383124426835
0.9330335168987995
0.937613455412738
0.9270862086944535
0.9270862086944535
0.9206609469012247
0.9150352334513339
0.9097032565462545
0.9097032565462545
0.9112717983625769
0.9112717983625769
0.9116675904916975
0.9061626861978529
0.9048048237509128
0.9020924890566999
0.9059551487410462
0.9059551487410462
0.8988772399493555
0.8988772399493555
0.9020015804903156
0.9049384070477382
0.9094936328806751
0.9003950119353208
0.9020503163187965
0.9054682295961232
0.919428580375377
0.919428580375377
0.9162567131558381
0.902637300823831
0.902637300823831
0.8938892307653252
0.9034110275487006
0.8996857641334154
0.8924244566683058
0.8919828053822707
0.8916330914718513
0.8934352180076572
0.886344008803052
0.8726356340731806
0.8656185656062113
0.872101445647628
0.8716541884728577
0.8662732683558018
0.869630735464137
0.8554810338107152
0.8560230167296757
0.856880982739144
0.852475873532644
0.8522265154955705
0.8511378980587612
0.8559271851546058
0.8571422341445087
0.8611174193668432
0.8737294200922379
0.8737294200922379
0.8699146573999571
0.8560807357831783
0.8484902916700773
0.8487165025591697
0.8397979121919187
0.8337291616034616
0.8435304812180782
0.8510951086887828
0.8911300458219976
0.8872473206677626
0.8744053839776055
0.8794244546737997
0.8909663154432683
0.8917992720330022
0.8913760628069965
0.8928765008451769
0.8924144957069973
0.8994872700693529
0.8994872700693529
0.8987492143959449
0.8987492143959449
0.8987492143959449
0.899466695168096
0.8871023101074645
0.887064994471461
0.8872052384206295
0.8798491783151876
0.882333037160812
0.8847930357594064
0.8857833913916922
0.882468743634293
0.882468743634293
0.8745286935260073
0.8766416807857386
0.873607096090996
0.8665789889926742
0.8666539823534918
0.8620774125151606
0.8639846660897562
0.8639846660897562
0.8547036972064287
0.8546906894790446
0.8608678062933577
0.8740185702555078
0.8738779410754628
0.8745666581232708
0.8745091744930245
0.8772599915072518
0.8723247023069132
0.8723247023069132
0.8690249671607384
0.8690249671607384
0.8690249671607384
0.8707719702539002
0.8707719702539002
0.8618727705302542
0.8665540594659401
0.8644101593444282
0.8678137260385158
0.868829586457834
0.868798049081294
0.868798049081294
0.868798049081294
0.868798049081294
0.8467355781545036
0.8469035651383633
0.8427679332169548
0.8385337549464003
0.8385337549464003
0.8345697042925111
0.8331212856874685
0.843818634760474
0.8392649806166758
0.8351079312824472
0.8372476842879902
0.8331794146076767
0.8306280612158026
0.8306280612158026
0.8360707437883168
0.8265408669987206
0.8265408669987206
0.8310526521795627
0.8385670441293421
0.8436401282555454
0.8432242933080865
0.8312559446748775
0.8216172533940546
0.8224997951837881
0.8192231045407525
0.821307204956164
0.821307204956164
0.821307204956164
0.8245902676389562
0.8103272414785351
0.8073639020270676
0.8073639020270676
0.8130744764678806
0.8127796024388801
0.8189582484533658
0.7807687474739181
0.7840571750079632
0.785274541457178
0.7962450024078402
0.7953476485774379
0.7964566896434377
0.7964566896434377
0.7964566896434377
0.7964566896434377
0.7931265323588704
0.7979922576001394
0.7904843312357079
0.7966365952585986
0.8002061172430499
0.792588331214835
0.792588331214835
0.8092375871042536
0.8187686902716169
0.8201759976828679
0.812341858966339
0.8142380535363928
0.8517292393369144
0.8516881084126546
0.8516881084126546
0.8427169095583069
0.8445082571580098
0.8470905452458842
0.8523717778202324
0.8694448726863307
0.8694448726863307
0.864911448801228
0.864909979931511
0.8761698664159586
0.8761698664159586
0.8761698664159586
0.8763729176351333
0.87721827372396
0.8949296877700661
0.8983645784601216
0.8958663993296744
0.8958663993296744
0.8852699735048749
0.8850297943526174
0.8850297943526174
0.8850297943526174
0.8953262249954362
0.8961725040708105
0.8961725040708105
0.940898133341533
0.9411317335027248
0.9411317335027248
0.9403697604906106
0.9423693904333608
0.9492483122837291
0.9535019095453514
0.9420230731601281
0.9397308181738172
0.9351033146006797
0.9351033146006797
0.939669330176507
0.939669330176507
0.9379795579129798
0.9424707329808848
0.9398702692432336
0.9502610213657328
0.9509206994755056
0.9488884520985746
0.9491297974950654
0.9492405989013156
0.9410006382550987
0.9410006382550987
0.9428925948305084
0.9428925948305084
0.9451471526180681
0.9512477138458727
0.9518985157349906
0.9516443262894879
0.949772954768515
0.9618300183315462
0.9621798094933055
0.9661792574094122
0.9664708544887556
0.9711811861818602
0.9696436048108944
0.969700057991738
0.9719807249221066
0.9810359818240615
0.9810359818240615
0.9883748004639765
0.9883748004639765
0.9941450166404582
0.9951340587385221
0.9951340587385221
0.9881569641225298
0.9864041044922875
0.9864041044922875
0.9782263680875493
0.9903921606902317
0.9789692967528821
0.9719158470688037
0.9717913387351919
0.969116326489494
0.9667061716291921
0.9667061716291921
0.9642325413509683
0.9515626610684348
0.9383006263441798
0.9340187163561181
0.9542707684061084
0.9324636864993829
0.9388939022738039
0.9396675857122696
0.9514047967877316
0.9536651306379197
0.9536651306379197
0.9405177955085208
0.9405177955085208
0.9405177955085208
0.9424772412505027
0.9424772412505027
0.9378289704679788
0.9378289704679788
0.9363940426418932
0.9363940426418932
0.9363940426418932
0.9362955337052921
0.9310701484151102
0.9309727749725699
0.9341648349374383
0.9341648349374383
0.9389392094929052
0.9487740392620155
0.9487232272100808
0.9488727086837555
0.9441674414340546
0.9441674414340546
0.9418948228390949
0.9390606851776248
0.9459780303582281
0.9459780303582281
0.9457848190795003
0.9459616900970025
0.9459616900970025
0.9409936206457351
0.9422019958328829
0.9349562790887781
0.9349562790887781
0.9410218213780432
0.9410218213780432
0.9412405223051811
0.942426772099051
0.9447762955563597
0.9534578010474298
0.9408065460439582
0.93946056996712
0.9389411596947594
0.9305152750090856
0.9305152750090856
0.9347745587071101
0.9266627041976924
0.9266627041976924
0.9266627041976924
0.923134818771406
0.9280837726317215
0.932686865638384
0.9275885912554235
0.9378041085198008
0.9358231985596175
0.9358231985596175
0.9327925190811782
0.9452054910651846
0.9438189811622297
0.9438189811622297
0.9435208310846381
0.9422946991581055
0.9420135462969744
0.9420135462969744
0.9420135462969744
0.9420135462969744
0.956800748617866
0.9509623910890479
0.9494506747641305
0.9482388968799653
0.9485354157021744
0.9539435308701503
0.9469703921057756
0.9464306633173404
0.9468891551542464
0.9468891551542464
0.9468891551542464
0.9276374870579994
0.9275081944583199
0.9270609754149435
0.9270609754149435
0.9276487580624752
0.9216912503006537
0.9199451604935843
0.9244768127888164
0.9181358707480106
0.9176416477401683
0.9196630516299474
0.9224693543521189
0.9244681436757805
0.9209939052803876
0.9249416887150759
0.9298307868593293
0.9302900943093586
0.9376102723203287
0.9454501341797402
0.9448520325594848
0.9448520325594848
0.9410835722002335
0.9372246926985651
0.9372246926985651
0.9372246926985651
0.9304293474474742
0.944530196642895
0.9371447860140846
0.9362600762982991
0.9369980401130258
0.9369980401130258
0.9381931445089986
0.9381931445089986
0.9267352327968219
0.9276660186233128
0.9317929896536646
0.9322065389763095
0.9314858899267398
0.9350930247908377
0.9315661344356531
0.9343109939202375
0.9545744185076177
0.9128032447046507
0.8963091362607133
0.8898778960667608
0.8898571077503641
0.8898571077503641
0.8914679722275803
0.8980027896984673
0.8986972097503821
0.8929279546770567
0.9017936552001553
0.8991269722775821
0.8924273478680829
0.8930848705883414
0.8930848705883414
0.8964297562063724
0.8964297562063724
0.8964935495441212
0.8964884487990232
0.8932658323151643
0.8932658323151643
0.8945509675887574
0.8945509675887574
0.8945509675887574
0.8895621886985419
0.888681747996786
0.8978334769209229
0.896614971523167
0.8926775949422002
0.8936337968506571
0.8781264160417013
0.8781149128082589
0.8597377539971307
0.8671920890097885
0.8671920890097885
0.8788913147909069
0.8813634572793676
0.8910969917512241
0.9122084015096675
0.9122084015096675
0.8929075104251643
0.9109552548077433
0.9109552548077433
0.9016642152368237
0.8974577106424602
0.898977489112166
0.8979487980475491
0.8798515965277248
0.8790106462693832
0.8757847070212157
0.8742078262934387
0.8744426333389669
0.8732138047793296
0.8714502004962736
0.8674074264869042
0.8614102257819195
0.8636120502155563
0.8586995482577935
0.8450288888886806
0.8439648616086265
0.8476596180265878
0.8499859706503846
0.8479962198026133
0.8516184637852946
0.8503813057429028
0.8314220154925342
0.8302031227099167
0.8328394591879088
0.8208652537360498
0.8215638484791333
0.8128531941148421
0.8178002153256971
0.8165033295213021
0.8165033295213021
0.814415695871571
0.8145355408454202
0.8124763827459276
0.8058860854278402
0.8058860854278402
0.784234185909299
0.7876907864776387
0.7877857327405117
0.7876845802749727
0.7877765056080825
0.7848795126999537
0.7881884558237301
0.7878368630667979
0.7878368630667979
0.7859670011284309
0.7951700295340457
0.7960323319382967
0.7962290207669321
0.7949838048119349
0.7943582049450069
0.8149730478069127
0.8008318996913856
0.7960377544405756
0.7823730857850889
0.777219476528397
0.7869989799195523
0.785477895497497
0.7841873003498968
0.7487649282316504
0.7554309218794114
0.755588450113849
0.7426221706297724
0.7426221706297724
0.7315045529246752
0.7316348425051042
0.7328857180418178
0.7279572872772418
0.7279012107330276
0.7212940729032115
0.7198115540482055
0.7587629482270712
0.7603219237992541
0.7604508420265973
0.768851710470221
0.7666227879823537
0.772233537807625
0.7732896206803253
0.7753577304075524
0.7882032737437301
0.7981920945047967
0.7981022994529623
0.7934378823327386
0.7946207406217258
0.7920337153556194
0.7820736606120736
0.7812657881440676
0.7812657881440676
0.770486018700617
0.7768514134290461
0.7768514134290461
0.78051341579717
0.7731874160470912
0.7615717875813519
0.7632817610474585
0.7702944529341649
0.7702893135705929
0.7684871251850629
0.7624651051240047
0.7636026809951953
0.7477912178222459
0.7491789730645353
0.7514046711379523
0.7519603298011805
0.7519603298011805
0.7516849135978722
0.7516849135978722
0.755339337305203
0.7473491659420192
0.7572888565646471
0.7572141211307167
0.7669986656156097
0.7597859772617217
0.750590244028097
0.7194812967755152
0.7158065362309599
0.7150017868346583
0.7134399906434902
0.7235421236999328
0.7235597692881139
0.7260855534643414
0.7273034918865368
0.7265371884516814
0.7248594685910617
0.7242531381576414
0.7242531381576414
0.7289433478221224
0.7304772145649476
0.737881665048735
0.7265948269062745
0.7272065194967432
0.7075358723929114
0.7075358723929114
0.709622616927509
0.6921672052132889
0.6908692841824745
0.6907202294951656
0.6899510001941157
0.6833432784660256
0.6833432784660256
0.6830050317921899
0.6830050317921899
0.6833689199718309
0.6848734467882153
0.6735406889632573
0.6723208040466657
0.6777633042468566
0.6765321489906285
0.6774351598494878
0.6770158947387271
0.6783337249818921
0.6540530550126396
0.6540530550126396
0.6549568624976012
0.655762830878274
0.6592870773362015
0.6595010615335953
0.6595010615335953
0.6565664276155979
0.6560452576903325
0.6551300034384311
0.6508136683408485
0.6492541080881482
0.6490273579081319
0.6444295772587754
0.6442252695930076
0.6442252695930076
0.6452157241376852
0.6453419780597051
0.6487264684653947
0.6487264684653947
0.6434232017519135
0.6468277347520974
0.6542634209343242
0.6129393490673405
0.6129393490673405
0.6118167434681628
0.6118167434681628
0.6092079858503837
0.6081979932245822
0.6095943992561361
0.6095943992561361
0.6091939709907905
0.6151011756708922
0.6152409933574244
0.6245274582807897
0.6177671853381291
0.6171913754834428
0.6171913754834428
0.6018735675386161
0.6061072328472035
0.605453798728281
0.619732367699236
0.619732367699236
0.6103111144254103
0.6103111144254103
0.6028646364909823
0.6101909010887778
0.6101909010887778
0.6088231505064238
0.6059659013391284
0.604364109546689
0.6008807283868858
0.6038253867221987
0.5935970590031258
0.5936942183791322
0.5932721320224992
0.5942693101580054
0.5891552916227629
0.595642348282488
0.5920743778105174
0.5917147726223574
0.5917147726223574
0.5996652178502775
0.5996652178502775
0.5987207200791587
0.5989301488971414
0.5916183227133264
0.592658560889472
0.5933800890081895
0.60238554074254
0.602316694521489
0.5928154797410663
0.5961675483942994
0.5961675483942994
0.5882267707697079
0.5870510370292471
0.5870510370292471
0.5845987170121479
0.5882163366376726
0.5882163366376726
0.5788394484951448
0.5834829780773833
0.5838804829752884
0.5860274910110465
0.587537682803517
0.5887271406797324
0.5888141400063993
0.5920552524735017
0.5920552524735017
0.5835756481180101
0.5687895192898338
0.5685157975678842
0.568173035190401
0.5671341244298749
0.5671341244298749
0.5590962733654822
0.5594011890593015
0.5481847627222768
0.5484383653827877
0.5493298519224545
0.5492738285969525
0.53693099568503
0.5610662347924243
0.5610662347924243
0.5610662347924243
0.5726578743049342
0.5700006439993209
0.573315331089511
0.573315331089511
0.5731434179070517
0.5736568252549695
0.5722447368324359
0.562812434414967
0.5643399094468533
0.5687758532724855
0.5687758532724855
0.5900851786657054
0.5943940883844062
0.596579373674443
0.5959101904902158
0.5959101904902158
0.6106738095409132
0.6084989086287519
0.6084989086287519
0.6100307064757523
0.5912096932271415
0.5982822471249596
0.5982822471249596
0.5982822471249596
0.6032492884857269
0.6021994285921036
0.6021994285921036
0.5980151809180881
0.6138130955657985
0.5982614963198073
0.5982614963198073
0.5825778010110674
0.5798972368881067
0.5798972368881067
0.5822325607883178
0.5822325607883178
0.5836442535188726
0.5852737541395653
0.5857177058134001
0.5825543701063821
0.5836163584263376
0.5795093171515681
0.5787185690824558
0.5784028885281027
0.5768194712798002
0.5720584969023251
0.5720584969023251
0.5734426973849245
0.571210286072681
0.5751055414979741
0.5757458772291927
0.5705165987231627
0.5791335597418544
0.5695752106648125
0.5596686429167949
0.555588264822843
0.555588264822843
0.5544596423394522
0.5544596423394522
0.5544844325539723
0.5544007652821461
0.5544007652821461
0.5512525296482719
0.5483170878165827
0.54869574417004
0.5571762173326805
0.5590861987983333
0.5621589696964541
0.5542106161063992
0.5678818159289297
0.5676629146138037
0.5690221802684202
0.5690221802684202
0.557568412830286
0.5571568999115519
0.5609910216427823
0.5702591949044868
0.5739747885720896
0.5739747885720896
0.5739747885720896
0.562915203776142
0.5636868623386103
0.5629970237137392
0.5614742772010125
0.5636588738402466
0.5613029194478584
0.5628292479429942
0.5618822226342964
0.5606271528656657
0.5606271528656657
0.5688649023969578
0.5697354493177659
0.5726209108161971
0.5754900814283125
0.5925564169163143
0.5991183461114384
0.5990019160866901
0.6000096649027195
0.6042274285726903
0.6007093045395845
0.6007093045395845
0.5968910532690921
0.5968910532690921
0.5969156882321257
0.5969156882321257
0.5969156882321257
0.5933413961169913
0.598371357313984
0.5979659919818563
0.5980601906114819
0.6026503775074401
0.6181534143317615
0.6339995531769659
0.6339995531769659
0.6487813275232875
0.6684499738060402
0.6795048797140787
0.6795048797140787
0.6757184698011732
0.6635438467887477
0.6650330264322188
0.6635179971717924
0.6661158946172758
0.660700053513821
0.6634416299410931
0.6690052468570957
0.6680454696064881
0.6668771804242364
0.667366543268248
0.6626209381093392
0.6626209381093392
0.6599973548190474
0.6539003195656182
0.6508542643595376
0.6508542643595376
0.6512252536627935
0.6311030616232967
0.6291647203260351
0.6262492467937414
0.6262492467937414
0.6266416252058908
0.6239445558008311
0.6268770204900619
0.6267643877588603
0.6172836664117904
0.6108157363672808
0.6022590903085228
0.6070298323614098
0.5981619415247521
0.6098958282189495
0.6098958282189495
0.6083686841287563
0.6120611306777044
0.6120611306777044
0.6102967585578429
0.597799571208403
0.6023062755723464
0.5972094557550481
0.6018025921930641
0.60121153583479
0.6004705440458159
0.5943395796481272
0.5954369421522824
0.5779855588259704
0.5815409970564132
0.5831114052840657
0.5831114052840657
0.5831114052840657
0.584383879065605
0.5835826988366632
0.5809694941046932
0.5862455543232801
0.5931732121926766
0.5925626336666175
0.5777229367618555
0.5714032198443559
0.571394681087133
0.5698859982131582
0.5698859982131582
0.5659661137151865
0.5659661137151865
0.5621238368615287
0.5621238368615287
0.5594919916912563
0.5624192952236359
0.5622004505089702
0.562649556782601
0.5580440572273749
0.5577546782739552
0.5538997220802477
0.5487441990467642
0.5493543956670974
0.55535042625341
0.5553974408168741
0.5533308266516684
0.5579509360487807
0.5548570923330699
0.5515045638040457
0.5514890195158259
0.5543879085515555
0.5655105876044628
0.5655912359062243
0.5662413134639845
0.5714094156268629
0.5864344031762965
0.5837699503036079
0.5583826403095321
0.5593597457835557
0.5579632309375198
0.5606598496274449
0.5576241743724761
0.5576241743724761
0.5576241743724761
0.5520521781053579
0.548929703094652
0.5471676942462181
0.5451503903501319
0.5451503903501319
0.526622549010267
0.5316738094764979
0.5316738094764979
0.5384317987817158
0.5353412343976682
0.5343962127526115
0.5385850080464682
0.5408965453450316
0.5356706885001226
0.5294472084263869
0.5249295536628977
0.5249295536628977
0.5350381955808139
0.5391105882945272
0.5422114730877037
0.5431531268714167
0.5608003969876448
0.5717947345043757
0.57100215020306
0.5793321813737545
0.581816944215495
0.581816944215495
0.5777080003401813
0.5778168735203876
0.5778168735203876
0.5709713754199698
0.5709713754199698
0.5709713754199698
0.5709713754199698
0.5709713754199698
0.5708095136201692
0.5702690224783667
0.5702690224783667
0.5708879074563183
0.5713518927159567
0.5714859506184368
0.5712943894260019
0.5704467620712552
0.5678034538905852
0.5661667502701642
0.5661667502701642
0.5784844243583694
0.5820224981536634
0.5940564276726908
0.5940564276726908
0.5944030122081514
0.5938863014579988
0.6032686994823594
0.6034392591699577
0.6031868139413568
0.6031868139413568
0.6031868139413568
0.5997388569647422
0.6056711668463178
0.6256912584762087
0.6256912584762087
0.6249129770308279
0.6237505474575031
0.6237505474575031
0.6237505474575031
0.6237505474575031
0.6269667254392429
0.6420427219963196
0.6534649650625213
0.6569112055022263
0.658190921797279
0.658190921797279
0.6437786127303916
0.6306134781742587
0.6254805019178489
0.6264494279131373
0.6264494279131373
0.6264494279131373
0.6264494279131373
0.6228810804046498
0.6215403213321831
0.6113136716002413
0.6333014242967604
0.6270513056659222
0.6292462337845723
0.6366277955927379
0.6361863443488898
0.6361863443488898
0.6361863443488898
0.6379442507423659
0.6379442507423659
0.6398300345994512
0.6389719968610527
0.6389719968610527
0.6390849885422367
0.6420194025403053
0.6420194025403053
0.6445298700710177
0.6485763753645203
0.6460524256854026
0.6514003755116653
0.6661056028939404
0.6826302105418541
0.6826302105418541
0.6872259002329835
0.6846684292872958
0.6591536818491196
0.6616335751804059
0.6627084288256702
0.6626686876133671
0.662009527546034
0.66235031368041
0.6651950376006903
0.6672713718201526
0.6671718738286899
0.6749772197549081
0.6734883480439997
0.673546677290975
0.6733415738148968
0.6759281232980401
0.6759281232980401
0.6796025387837088
0.6918297477944586
0.6942041928898713
0.6942041928898713
0.6942041928898713
0.6942041928898713
0.6904431684651003
0.6869070357166556
0.6780747038664898
0.6780875938868286
0.6810717241901153
0.6810717241901153
0.6809335303318467
0.6806136039955387
0.6622390756590826
0.6731449515578698
0.6764453128770093
0.67181129375717
0.6673169789419482
0.6635316939043253
0.6742651104419833
0.6742651104419833
0.6742651104419833
0.6712216203934579
0.6647961560501761
0.6631870289626992
0.6537637412560747
0.6671868470106811
0.6671909131343547
0.6672537755525797
0.673271876929822
0.6720396709471221
0.6610010644365866
0.6610010644365866
0.6610010644365866
0.6765968001076802
0.6748538772299539
0.6758854035988314
0.6601129807394085
0.6601129807394085
0.6601129807394085
0.6601129807394085
0.6643228594829609
0.666355542276365
0.6709159945366966
0.679241772013595
0.6791920001091409
0.6791920001091409
0.6791920001091409
0.6881385242244411
0.6894510619074526
0.6953212817069414
0.6953212817069414
0.6938472182364123
0.6938472182364123
0.6948738510720661
0.6889510762972085
0.6889510762972085
0.699527657749173
0.7017731318909913
0.7120719891590271
0.7128793601042509
0.7336935988334493
0.7336935988334493
0.7329796222843501
0.7329796222843501
0.7389848639079295
0.7347209729470664
0.7347209729470664
0.7376624879788868
0.7339332063145293
0.7159872686638585
0.7130033498007263
0.6966674555778781
0.6984243599829947
0.6961058483568473
0.7099359853151346
0.7072030775731979
0.7072030775731979
0.7099902735868132
0.7101025084298892
0.7101025084298892
0.7101025084298892
0.7101025084298892
0.7101025084298892
0.7032183833243648
0.7014744042258231
0.7012286913116812
0.6858648615227739
0.6857354215851095
0.6896153699971621
0.6928299249152217
0.6881566446601454
0.6882023691489277
0.696316484378592
0.696316484378592
0.7079634046429814
0.7025518453409727
0.7036774509008337
0.7036774509008337
0.7038599019602868
0.7038599019602868
0.688913604769816
0.683458686403788
0.6799216886386432
0.6774213303161318
0.6624175526506962
0.6659523581907708
0.6582083798854188
0.6582083798854188
0.6503431397731152
0.6519770086876863
0.6462457435519401
0.6454860084155964
0.6457314165696806
0.6328712172369735
0.6341486734845895
0.6284362432085224
0.6284362432085224
0.6264566906953396
0.6264730549169333
0.6301921858423956
0.6301921858423956
0.6209553453999755
0.6185021269867752
0.6185021269867752
0.615013982001964
0.615013982001964
0.5818995951768647
0.5841895355970537
0.5969633263056459
0.5999780557788873
0.5986928214070091
0.6019380830725288
0.5952431952547141
0.5952431952547141
0.5816721574215384
0.5697301801181028
0.5693641243557602
0.5918753844214614
0.5719463339950018
0.5716850136842432
0.5777255319126807
0.5676189061833466
0.5629406144349404
0.564033371471622
0.566755779330893
0.566755779330893
0.5657376812427458
0.5662487399547221
0.5662487399547221
0.5662126622863476
0.5704759138403058
0.5706772795789763
0.5667354525501134
0.5667298658874769
0.5667298658874769
0.5667298658874769
0.584420282914576
0.5863608259850869
0.5863608259850869
0.5906092433156501
0.5906092433156501
0.5906092433156501
0.5923399170571101
0.568498949295672
0.5644862706774033
0.5680209759527707
0.5712672080375405
0.5712672080375405
0.5712672080375405
0.5817792345648648
0.5817792345648648
0.5815194858964143
0.5772480646739474
0.5772480646739474
0.5772480646739474
0.5670346736378031
0.5670346736378031
0.5530705314425332
0.558732210317887
0.558732210317887
0.5422832861457076
0.5422832861457076
0.5422832861457076
0.5358009606463858
0.5369012665634258
0.5405610911638087
0.5539490481367233
0.5539490481367233
0.5525214718003857
0.5540266305397793
0.5445912458639882
0.5431870050928088
0.5464141402167272
0.5448912007415543
0.5457775200897599
0.5507265752675182
0.5540054595620312
0.5540054595620312
0.5540054595620312
0.557866339349046
0.5666969675137039
0.5666969675137039
0.5498092172400968
0.5508298297705018
0.5508298297705018
0.5418157514924237
0.5418157514924237
0.5377778001513888
0.5361201035418536
0.5384456399772916
0.5391070313635435
0.5391070313635435
0.5391070313635435
0.5417024016291007
0.5399209152034442
0.5435956023311111
0.5435956023311111
0.5398244514380846
0.5398244514380846
0.5398244514380846
0.5470881721050485
0.546012563744556
0.5399578177569387
0.5399578177569387
0.5599114951664189
0.5599114951664189
0.5538526486833006
0.5562326224310649
0.5575061190050604
0.5642776095674247
0.5642776095674247
0.570289570124013
0.5697216871439458
0.5689712157711946
0.5631170358824069
0.5630716435364327
0.5760012835703247
0.5760012835703247
0.5812385019799531
0.5812385019799531
0.5722637968838419
0.5935545775677021
0.5859461937032687
0.5853365935479221
0.5853365935479221
0.5820471146942866
0.5848847010578363
0.5848847010578363
0.5848847010578363
0.5848847010578363
0.5848847010578363
0.5679197526196874
0.5679197526196874
0.5679197526196874
0.5679197526196874
0.5561521332546012
0.5561521332546012
0.5550931217968861
0.5566493929186608
0.5465739553839252
0.5468761511646464
0.5495989955428291
0.5690377779327557
0.5648528429708103
0.5644568306575392
0.564940591744399
0.5648560122195483
0.5656034094407655
0.5656034094407655
0.57066612351461
0.5756892169638854
0.5756892169638854
0.5698404750931864
0.5668941552448182
0.5685955454552923
0.5581761068727266
0.5581761068727266
0.5578904242596765
0.5455870370943189
0.5455870370943189
0.5455870370943189
0.5456816768948847
0.5456816768948847
0.5443749574828916
0.5443749574828916
0.5443749574828916
0.5443749574828916
0.5443749574828916
0.5476815955138684
0.5475002926182372
0.5506403546455134
0.5506403546455134
0.5297998741863672
0.5203013290960048
0.5075141794476647
0.5070584814565311
0.5067094925473663
0.5067094925473663
0.5067094925473663
0.5163224694395926
0.5163224694395926
0.5084432484653794
0.5001808521399586
0.5019215058628297
0.5019215058628297
0.4956408944510157
0.4944170667033178
0.4944170667033178
0.5156041625756328
0.5161635073169208
0.5089555337425563
0.5227009894782059
0.5227009894782059
0.5227009894782059
0.5180442092919215
0.5082887642645169
0.5082887642645169
0.4813694481560832
0.4801498663254475
0.4792493962107341
0.48218544760412263
0.46561204608888934
0.44905870322143737
0.44905870322143737
0.45752517973781365
0.45377643742236656
0.4531927192273334
0.4531927192273334
0.45002566614171413
0.4500038142551479
0.4478540389778757
0.4507751891037765
0.4507751891037765
0.44638608895956183
0.44638608895956183
0.44638608895956183
0.44638608895956183
0.4475643532847912
0.4475643532847912
0.4400247746428155
0.44513626017526225
0.44513626017526225
0.4428512208871721
0.44288552739614373
0.4399113952845332
0.4284036961375817
0.4387928629511006
0.45599025556831824
0.45599025556831824
0.4447940908580455
0.44471210455201793
0.4414501350970338
0.4414501350970338
0.4414501350970338
0.4414501350970338
0.45169621756097345
0.45169621756097345
0.45169621756097345
0.45169621756097345
0.42771934749096624
0.425426564067116
0.4221211035552257
0.41370991120031475
0.4129037095815086
0.41495506409359434
0.4148409799153917
0.4148409799153917
0.41656129938799
0.3888356829644604
0.38830941927408397
0.38830941927408397
0.3808459920053602
0.371043656302636
0.371043656302636
0.371043656302636
0.371043656302636
0.371043656302636
0.3724151569538088
0.3724151569538088
0.37039819781856054
0.37824244858741346
0.3758633177145864
0.382943654559073
0.382943654559073
0.3814599401724891
0.3814599401724891
0.38540680678153877
0.3781486886609446
0.37718867557041863
0.37718867557041863
0.3635851640466053
0.3635851640466053
0.36292110250419574
0.3605939054640554
0.3605939054640554
0.3605939054640554
0.37334022607858935
0.37334022607858935
0.37332738480734934
0.37421197340361617
0.35621802341395703
0.3571441252170777
0.3804111232154338
0.3804111232154338
0.3804111232154338
0.37799232166218816
0.37385887383565747
0.37841918841218025
0.39045264572560423
0.3916082612355542
0.3921800927790061
0.3921800927790061
0.3921800927790061
0.3921800927790061
0.3921800927790061
0.3920674190333349
0.37681043942464276
0.37678562711292296
0.37678562711292296
0.37678562711292296
0.37678562711292296
0.36972875167912994
0.36972875167912994
0.36972875167912994
0.36972875167912994
0.3759157431979702
0.37575889933463397
0.3761375374057439
0.3551440408920977
0.3551440408920977
0.3551440408920977
0.3572251938026603
0.3635276108951854
0.3611362120527435
0.3566363741889405
0.35799387225224066
0.37214881549417805
0.3770165913501176
0.3720347336683995
0.3720347336683995
0.37242132861417604
0.3672638568241815
0.36895010520749233
0.37008811561062316
0.36858884758471183
0.35928969759153556
0.35928969759153556
0.34220124843779565
0.3448487555438814
0.3448487555438814
0.3503344186595751
0.34936563488847644
0.35153679856289055
0.3387461653154042
0.3362008076315503
0.3362008076315503
0.3369123786788605
0.3369123786788605
0.34042567034786764
0.32874876484523946
0.32874876484523946
0.3234781804137002
0.3231013832241228
0.3231013832241228
0.3231013832241228
0.3231013832241228
0.303461424465446
0.29882567376044816
0.2996328665421088
0.2973988117725943
0.2974575823493186
0.2919366423772912
0.2906788415302987
0.29063917961461205
0.2897830671862491
0.2868420442174928
0.28252542387125495
0.28275966128437185
0.28359261581700884
0.2891749448125675
0.2891749448125675
0.28056369377808954
0.28056369377808954
0.2803606229311459
0.2797983064254217
0.2634310518147138
0.2634310518147138
0.2634310518147138
0.2634310518147138
0.2634738256093164
0.26432244517248454
0.26432244517248454
0.26131784413675835
0.2601010800497731
0.25282172773121
0.246195137638192
0.2461805251136153
0.25176858081743736
0.2514375885251874
0.24861443219446122
0.2427298204122099
0.26288926585017025
0.26288926585017025
0.27090164257199056
0.27503826645989893
0.273228169484098
0.273228169484098
0.25839137147900504
0.25985911664437167
0.25786896179856844
0.257203931982768
0.2516219454340351
0.24133321919683637
0.24039101759803483
0.23865060773829197
0.23865060773829197
0.24044355179889162
0.24140678938528654
0.23961325367458855
0.23841009143070752
0.24303366195856113
0.23899072738961363
0.23960863545386174
0.23960863545386174
0.23960863545386174
0.23960863545386174
0.2447984294230047
0.2360824677273256
0.2360824677273256
0.2452832135972084
0.2452832135972084
0.24308517933487495
0.2545135523417791
0.2561246171942853
0.2562725652498909
0.2822803243291469
0.2880760999961776
0.2876604690759306
0.2876604690759306
0.28766629269343724
0.2887773431797726
0.2955482130060885
0.2955482130060885
0.2966910999258099
0.2966910999258099
0.28716857877776436
0.2875128135526427
0.3056785992012076
0.3056785992012076
0.30621040724832016
0.3037893633047945
0.3037893633047945
0.3074268860908436
0.31591854974573746
0.32342248784835803
0.31715699100913564
0.31715699100913564
0.31715699100913564
0.31715699100913564
0.31715699100913564
0.31715699100913564
0.32104975410514286
0.32104975410514286
0.3176951263417556
0.2896012253839495
0.2899762501548454
0.28987108258786504
0.29084581055808734
0.29084581055808734
0.297851998280091
0.30182519719250256
0.30182519719250256
0.2964416807816779
0.29966957600043376
0.29966957600043376
0.3117148726288511
0.3117148726288511
0.3117148726288511
0.3117148726288511
0.31117418340630254
0.3313007109065503
0.3313007109065503
0.32972361065283634
0.32972361065283634
0.33644123445432794
0.3392409582221876
0.3392409582221876
0.3392409582221876
0.3420100909942881
0.3420100909942881
0.340292925816389
0.34508418027225046
0.34816816983893073
0.34816816983893073
0.34816816983893073
0.3574306461186078
0.3574306461186078
0.35346195473736847
0.35362746469788864
0.35576508775334725
0.3586083708442627
0.3586083708442627
0.3465545316952692
0.3493276034953482
0.3493276034953482
0.3493276034953482
0.3493276034953482
0.35182656575981897
0.35182656575981897
0.35182656575981897
0.3458651635570803
0.3458651635570803
0.3460902953748854
0.34471177274204773
0.34471177274204773
0.34888440237451895
0.34888440237451895
0.3484922337740828
0.34487445602163097
0.3466413563440485
0.3466413563440485
0.34372406710036507
0.34372406710036507
0.34356781619125437
0.34059096183209187
0.34059096183209187
0.33333116327493606
0.3327645980707335
0.3327645980707335
0.3458749488744819
0.3320027208815356
0.3321165016103506
0.3377471915401935
0.35964613313649807
0.3590415564206632
0.3590415564206632
0.3590415564206632
0.35020285185399774
0.349995704396713
0.349995704396713
0.3533520275028399
0.3533520275028399
0.3493246207348659
0.34916141021337194
0.3543139382795864
0.36031544034750557
0.3564576292750682
0.3564576292750682
0.3564706812199982
0.35628829241144
0.355787864968019
0.35644690254897426
0.35644690254897426
0.36171213546071423
0.36835416838403745
0.3798314075932283
0.3798314075932283
0.3798314075932283
0.3840637832379294
0.37390208647910095
0.37080831403760106
0.37080831403760106
0.3699679022213203
0.3699679022213203
0.3699679022213203
0.3738910377017533
0.39395093628726247
0.39395093628726247
0.39395093628726247
0.39395093628726247
0.39395093628726247
0.39395093628726247
0.40398981521510524
0.40459290960569094
0.40459290960569094
0.40459290960569094
0.40459290960569094
0.40574545110803784
0.40574545110803784
0.40448509474549343
0.4057165850012048
0.4053643853271417
0.4053643853271417
0.4053643853271417
0.4053643853271417
0.4053643853271417
0.4037860404136288
0.40442379817175333
0.40146558328865595
0.40017751767794346
0.39986958496955755
0.39986958496955755
0.40059273900824743
0.40899350557087155
0.4091506755286234
0.39333861131215214
0.39333861131215214
0.39333861131215214
0.39333861131215214
0.39333861131215214
0.3958294074931281
0.24308517933487495
0.24308517933487495
0.24308517933487495
0.24308517933487495
0.24308517933487495
0.2217160651865429
0.2217160651865429
0.2217160651865429
0.22255903064464694
0.22255903064464694
0.22255903064464694
0.21975385632586408
0.21975385632586408
0.21975385632586408
0.21975385632586408
0.21975385632586408
0.21975385632586408
0.21975385632586408
0.21975385632586408
0.21975385632586408
0.2132840607424815
0.2132840607424815
0.2132840607424815
0.2132840607424815
0.2132840607424815
0.2132840607424815
0.21351335276294262
0.21351335276294262
0.2114219302637745
0.21237865168649933
0.2146191214524235
0.21218755146109095
0.21218755146109095
0.21218755146109095
0.2100899498621526
0.2100899498621526
0.2100899498621526
0.2100899498621526
0.2100899498621526
0.2100899498621526
0.2100899498621526
0.2100899498621526
0.20282107540327776
0.20282107540327776
0.1896948147861127
0.1896948147861127
0.1918263924967663
0.19243590065764957
0.19243590065764957
0.19243590065764957
0.19243590065764957
0.19243590065764957
0.19243590065764957
0.19245134662505356
0.19245134662505356
0.18832524147413768
0.18832524147413768
0.18832524147413768
0.18832524147413768
0.18832524147413768
0.18832524147413768
0.18832524147413768
0.19219449679500428
0.19219449679500428
0.19219449679500428
0.19219449679500428
0.19219449679500428
0.19219449679500428
0.19219449679500428
0.19219449679500428
0.19219449679500428
0.19219449679500428
0.19219449679500428
0.19219449679500428
0.19219449679500428
0.19219449679500428
0.19219449679500428
0.19219449679500428
0.19219449679500428
0.19219449679500428
0.19219449679500428
0.19219449679500428
0.18672304789856972
0.18672304789856972
0.18672304789856972
0.18672304789856972
0.18672304789856972
0.18672304789856972
0.18672304789856972
0.18672304789856972
0.18672304789856972
0.18672304789856972
0.18672304789856972
0.18672304789856972
0.18672304789856972
0.18672304789856972
0.18672304789856972
0.18672304789856972
0.18672304789856972
0.18672304789856972
0.18672304789856972
0.18672304789856972
0.18672304789856972
0.186678443263751
0.186678443263751
0.186678443263751
0.186678443263751
0.186678443263751
0.186678443263751
0.186678443263751
0.186678443263751
0.186678443263751
0.186678443263751
0.186678443263751
0.1846288722188231
0.1846288722188231
0.19636210899165735
0.19636210899165735
0.19636210899165735
0.19426658994739995
0.19426658994739995
0.19426658994739995
0.19426658994739995
0.19426658994739995
0.19426658994739995
0.19426658994739995
0.19473819145042873
0.19473819145042873
0.18340001991003255
0.18340001991003255
0.18611864924704435
0.18611864924704435
0.18607427836353319
0.18607427836353319
0.18607427836353319
0.18607427836353319
0.18607427836353319
0.18284536590826428
0.1824195738872858
0.1824195738872858
0.1824195738872858
0.1824195738872858
0.1824195738872858
0.1824195738872858
0.1824195738872858
0.1824195738872858
0.1824195738872858
0.1824195738872858
0.1824195738872858
0.1824195738872858
0.1824195738872858
0.1824195738872858
0.1824195738872858
0.1824195738872858
0.1824195738872858
0.17788651038387185
0.17698864808110387
0.17698864808110387
0.17698864808110387
0.17698864808110387
0.17625945443067723
0.17625945443067723
0.1742828127234016
0.17034965594689733
0.17034965594689733
0.17034965594689733
0.17034965594689733
0.17034965594689733
0.17034965594689733
0.17034965594689733
0.17034965594689733
0.17034965594689733
0.17034965594689733
0.17034965594689733
0.17034965594689733
0.17034965594689733
0.17034965594689733
0.17034965594689733
0.17034965594689733
0.17034965594689733
0.16967543733104443
0.16967543733104443
0.16967543733104443
0.16967543733104443
0.16967543733104443
0.16967543733104443
0.16967543733104443
0.16967543733104443
0.16967543733104443
0.16967543733104443
0.16967543733104443
0.16967543733104443
0.16967543733104443
0.16967543733104443
0.16967543733104443
0.16967543733104443
0.16967543733104443
0.16967543733104443
0.16967543733104443
0.16967543733104443
0.16967543733104443
0.16967543733104443
0.16967543733104443
0.16967543733104443
0.16967543733104443
0.16967543733104443
0.16967543733104443
0.16967543733104443
0.16967543733104443
0.16967543733104443
0.16967543733104443
0.16967543733104443
0.1695353794948396
0.1695353794948396
0.1695353794948396
0.1695353794948396
0.1695353794948396
0.1695353794948396
0.1695353794948396
0.1695353794948396
0.1695353794948396
0.1695353794948396
0.1695353794948396
0.1695353794948396
0.1695353794948396
0.1695353794948396
0.1695353794948396
0.16935969094807848
0.16935969094807848
0.16935969094807848
0.16935969094807848
0.16935969094807848
0.16761536642640004
0.16761536642640004
0.16761536642640004
0.16761536642640004
0.16761536642640004
0.16761536642640004
0.16761536642640004
0.16761536642640004
0.16761536642640004
0.16668764318869916
0.16668764318869916
0.16668764318869916
0.16763247936228043
0.16763247936228043
0.16838188313583619
0.16838188313583619
0.16838188313583619
0.16838188313583619
0.16838188313583619
0.16838188313583619
0.16838188313583619
0.16838188313583619
0.16838188313583619
0.1671832399469301
0.1671832399469301
0.1671832399469301
0.1671832399469301
0.1671832399469301
0.1671832399469301
0.1671832399469301
0.1671832399469301
0.1671832399469301
0.1671832399469301
0.1671832399469301
0.1671832399469301
0.1671832399469301
0.1671832399469301
0.1671832399469301
0.16405494062356582
0.16405494062356582
0.16405494062356582
0.16405494062356582
0.16405494062356582
0.16405494062356582
0.16405494062356582
0.16405494062356582
0.16405494062356582
0.16405494062356582
0.1640608637606454
0.1640608637606454
0.1640608637606454
0.1640608637606454
0.1640608637606454
0.1640608637606454
0.1640608637606454
0.1640608637606454
0.1640608637606454
0.16271128862776044
0.16271128862776044
0.16271128862776044
0.16271128862776044
0.16271128862776044
0.16271128862776044
0.16271128862776044
0.16271128862776044
0.16271128862776044
0.16271128862776044
0.16271128862776044
0.16271128862776044
0.16271128862776044
0.16271128862776044
0.16271128862776044
0.16271128862776044
0.16155028355615544
0.16155028355615544
0.16155028355615544
0.16155028355615544
0.16155028355615544
0.16155028355615544
0.16155028355615544
0.16155028355615544
0.16155028355615544
0.15969611107259726
0.1513965537328235
0.1513965537328235
0.1513965537328235
0.1513965537328235
0.1513965537328235
