0.0466667 -0.09076824808724239
-0.0866667 0.0035954649267697786
-0.3733333 -0.6459504022631738
-0.1533333 -0.2775806738701918
0.0366667 0.0539971084151399
0.0066667 -0.20140552887356708
0.7633334 0.5948976958153135
0.61 0.5152954976652245
0.3833334 0.4040761320159042
-0.28 -0.3085552975462047
0.56 0.6280782808424088
0.1633333 0.2812178660192883
0.1266667 0.09654934667407783
-0.71 -0.6848130382802677
0.9666667 0.9551537170254143
-0.86 -0.8800439510831621
-0.59 -0.8391786543806679
-0.2366667 -0.11605381528462044
-0.4033333 -0.5178304658510475
-0.7566667 -0.8649043999072338
0.7133334 0.5926314196277086
0.4233333 0.2469060054648558
-0.2933334 -0.33065640876332253
0.72 0.7441400871609287
-0.9666667 -0.8505765877137815
-0.9966667 -0.8603956647198472
0.9833333 0.9577096027091905
-0.6666667 -0.39457753906795734
-0.17 -0.2513869272168541
0.9 0.7696792734435687
0.03 -0.08052041402408486
0.27 0.2343016385641482
