0.0466667 -0.05190917067192585
-0.0866667 0.04008345298096622
-0.3733333 -0.40561957488001343
-0.1533333 -0.18194456754353944
0.0366667 0.09390440762850116
0.0066667 -0.016852001310587506
0.7633334 0.5972382978499517
0.61 0.5110180271993443
0.3833334 0.4006951563425188
-0.28 -0.4385836394538033
0.56 0.6151029018621664
0.1633333 0.1493045923322687
0.1266667 0.07650027220112068
-0.71 -0.6863115292502886
0.9666667 0.9979009012539701
-0.86 -0.8503557261047572
-0.59 -0.662719950773015
-0.2366667 -0.27280003774447426
-0.4033333 -0.4398023844589861
-0.7566667 -0.6837769580379066
0.7133334 0.8772545795717674
0.4233333 0.501748090771493
-0.2933334 -0.48773132666070024
0.72 0.7245400880899469
-0.9666667 -0.7060508023990979
-0.9966667 -0.8329723637618303
0.9833333 0.915338354692021
-0.6666667 -0.5800452583194597
-0.17 -0.26818297602474594
0.9 0.8900881004152444
0.03 -0.06164795645027338
0.27 0.2775022861727103
