0.0466667 -0.061175992005925384
-0.0866667 -0.004396827296142158
-0.3733333 -0.41442379511907423
-0.1533333 -0.16656331380072098
0.0366667 0.12429575371456669
0.0066667 -0.004453562602823036
0.7633334 0.7543258468097538
0.61 0.6838323495152703
0.3833334 0.3771392960626963
-0.28 -0.30051780896760405
0.56 0.5173277248349393
0.1633333 0.21527719144434548
0.1266667 0.1728161971940855
-0.71 -0.6337908651794469
0.9666667 0.9631200617298667
-0.86 -0.8662616933963763
-0.59 -0.5609129906469608
-0.2366667 -0.2696228260361129
-0.4033333 -0.38021249599703827
-0.7566667 -0.7584069694860278
0.7133334 0.6891613662514322
0.4233333 0.34146301121837647
-0.2933334 -0.29563841371823296
0.72 0.7188919942919934
-0.9666667 -0.9945227037315085
-0.9966667 -0.959418371086953
0.9833333 0.9804940176158867
-0.6666667 -0.5411334270175508
-0.17 -0.08962090806962647
0.9 0.8630345858343693
0.03 0.12143545344766082
0.27 0.2696206993851227
