0.08334918995787814
0.09895416276305397
0.09841893943929304
0.09552373678891694
0.09369190199740278
0.09461213501702688
0.09581867238985123
0.09601911140596692
0.09630330917150744
0.09642519941049535
0.09387953405987298
0.09369368405441945
0.10179355875873837
0.10299035881763277
0.10066467919226685
0.09575477270718691
0.09143242584089242
0.09246429074910542
0.09569594447218564
0.09266824475318781
0.0935467875400263
0.09332889589465267
0.09150065750420928
0.089233822284491
0.09716737932055057
0.10284099739326677
0.10220599866419997
0.09959458826432285
0.10437157725829761
0.10327465118668491
0.09885042569670069
0.09882072571150513
0.09467239444277178
0.09234444333814895
0.09014987886371897
0.0886477080275639
0.09098956045912762
0.09273544703710426
0.09256839850893571
0.09173675622034692
0.08935896556184103
0.09167362646025572
0.08950597538585936
0.08697646732055052
0.09127247860316696
0.08998662059793244
0.08979864023567402
0.08968317001096215
0.08749046566402652
0.08899620591783702
0.08880297701225022
0.09051318645920865
0.09012284523159667
0.08851231970200826
0.09022743775854655
0.09013428063048702
0.09241727218380762
0.09628565197034843
0.09547145185614277
0.09750334779213413
0.09754375232729308
0.09292350713885099
0.08947172912202836
0.08738994644049249
0.0878781846856444
0.08967629178100979
0.09367342549520594
0.09274795348605762
0.09484519981902803
0.09291489672043844
0.09221710827703607
0.09571126207370943
0.09988832029374614
0.09801898974069807
0.0991221822202821
0.1051555078940964
0.10828734295471903
0.11083278751768849
0.11064584233058844
0.11065670470432508
0.109115780070581
0.1071588168924761
0.1030769851895904
0.10590334577396275
0.10676770760845214
0.10453946794609847
0.10759933518674106
0.10970907278510568
0.11012946987514825
0.10993503788987372
0.10956420953530983
0.11218809491517984
0.1091062402526721
0.11280942678656268
0.11019555808591648
0.10915702120902597
0.11224874977572212
0.11523864931944831
0.11707931620559181
0.11985849450077965
0.11853038138142233
0.11658771269511428
0.11448382701815515
0.11414108686630943
0.11412159161490222
0.11658080097386875
0.11685053581708768
0.10887390682278457
0.11367383410572084
0.11519313197370787
0.10985615183239165
0.10771555395370244
0.10452389614586742
0.10566058674065316
0.10767549975034123
0.1096493126583467
0.11045469385253145
0.11366900905374722
0.118131741622035
0.11604874288066276
0.11120892830946325
0.10989452714130228
0.10830785800906716
0.10638605075402455
0.10361587276779909
0.10339095983051376
0.1075950739443674
0.11146463552583293
0.11546912280574832
0.11817381524966973
0.11882182956991721
0.11735704601769122
0.12188116973532574
0.12042358273272855
0.12182407913811054
0.11957823221843993
0.11783533404143827
0.11650230662851786
0.11373206921356213
0.11511268304415535
0.1103786395266339
0.10900555852823104
0.11388061773686313
0.11494962813009173
0.11367228449829858
0.11216524657885767
0.11363047614986775
0.11274020807248945
0.11056358479745819
0.10641213477193753
0.11414665930710567
0.11535296940383556
0.11425782377856297
0.11388840939955926
0.11377301062992388
0.11761744165669297
0.11873501228420559
0.11950982541647213
0.11701939041928269
0.11133582898398142
0.11036180194006669
0.11509131335931584
0.11188702969298281
0.1155470120561473
0.11626939863151578
0.11645738588671813
0.11949203913995754
0.12302458194596885
0.12610976195315246
0.12723807675760226
0.12653713137801803
0.12511604304622284
0.12620045120347606
0.1238529188057772
0.12193653769399038
0.12361708445879589
0.12308145189747091
0.12562776106959248
0.1263163736020795
0.12885740400194612
0.12056253926569761
0.11973209869733281
0.12002981807571823
0.12024042976103291
0.11857112099143494
0.12226182291414404
0.11948731647760984
0.11996938767215659
0.120242994034877
0.12099381207856895
0.11284056996705148
0.11106149855832144
0.1070975827266523
0.10591145555368488
0.10259778697558287
0.10311678434361271
0.09849548731455067
0.09824683847429747
0.0988126376794375
0.10138694822092513
0.09997203072778575
0.09612074889205946
0.09723069632240104
0.08806027982225928
0.09100234431024384
0.09289087144937237
0.09461611570126166
0.09764920324520203
0.09486276774760469
0.09184520466955853
0.08864841140400943
0.09149716363425736
0.0935114103554136
0.09686875835937075
0.09493860378500579
0.09557803710124425
0.0939220276495632
0.09350808464381286
0.09400700205597014
0.09448381813114479
0.09171528762653067
0.08927980046594107
0.08992614703098235
0.09269092101498011
0.09587281790404917
0.09672014565367867
0.10118796485556224
0.10275913156053784
0.10423616796027811
0.10184329676201904
0.10193059598722713
0.10648760772503958
0.10419095682393913
0.10281753965877154
0.10484346749306447
0.104872745739826
0.10711647186919895
0.10981118588431088
0.1096718016886791
0.11002614136433962
0.1119492246900595
0.11311359947279628
0.10764490579940021
0.10803077686604276
0.11179114825387969
0.11067638226532593
0.11139059535839947
0.10830307436913007
0.11036135752803825
0.10941929633934613
0.11374292298061524
0.11635940940072965
0.11160937353997803
0.11816449244277676
0.12148417121846314
0.11472683476915939
0.11955020588731252
0.11803423641929907
0.12105827041628091
0.12124137734698343
0.12023047015802701
0.11898477101154323
0.11616949541373191
0.11898511292483824
0.11787919731025952
0.1173689166424952
0.11455915458952866
0.11115364086504433
0.11012985199270889
0.10935447338158213
0.10804591697806445
0.10358071104382965
0.10547698857344741
0.1050057520014711
0.10507498068655682
0.10823980644183022
0.10442233332090275
0.1016251172912648
0.10491285596305715
0.10446614492829429
0.10458223740028283
0.10810544053358238
0.10841968459904461
0.10691034936034381
0.10427579027502397
0.1051845052690975
0.10686725427394057
0.10070723994347391
0.1040792149624871
0.10572847271362908
0.10510332077274918
0.10415128273789975
0.105065441389591
0.10631896609078637
0.1030072054209002
0.10458254972490048
0.1052196329269487
0.1067347296697122
0.10801062856753461
0.11277417947300544
0.11192759864656311
0.1105401400928109
0.11075126652224299
0.10866944356728571
0.10995451126869497
0.10926226864598307
0.11241926168669902
0.1148974024248347
0.1160534578917847
0.11712854425857891
0.11139111679938166
0.11516084870493459
0.1154666318030411
0.11604618603801607
0.1172929416596224
0.11822049907542807
0.11268410118590567
0.11250219727634991
0.1085865283752763
0.10933085818312448
0.10995022645850983
0.10793951774668019
0.11006786318464548
0.10975755449392201
0.10591091068790023
0.11026445024167304
0.10965436479491587
0.10883981077231256
0.1048386524642941
0.10861914073791833
0.10510888037919328
0.10205858721788673
0.10281923791571085
0.10509238087773415
0.10337124883529443
0.10795963137960927
0.10928053456074532
0.11038401919316332
0.10831955635198955
0.10820178683002692
0.10506780127120802
0.10267057479405857
0.10469328971609614
0.1100121308039308
0.11035506272574976
0.1075943243538027
0.10464524985267104
0.10088572350658141
0.10068401546273166
0.10154678259746733
0.10413555098908156
0.10420234877384607
0.10653896617341452
0.1070476592156714
0.10542736884682105
0.10847456761214795
0.11085170109919838
0.10960006223192886
0.11186611704119963
0.11211541787572601
0.11305209365896576
0.11323402668876832
0.1128051752598122
0.1065280862733984
0.10798697068860416
0.1056673937838845
0.10605876703498401
0.10554125280318634
0.10919066382166315
0.11744679961093422
0.11857720654864018
0.11962077823291417
0.11908084263416926
0.11601861173788801
0.1119356349756708
0.11321459381610327
0.11200432077229193
0.11523635814436216
0.11286571181031442
0.11419623715299788
0.11857399385533772
0.11867245618175697
0.11960848158788803
0.1205183191096415
0.11878270035889761
0.11644608031670588
0.1160351091093791
0.11189399875237505
0.1126483320394117
0.11488133214616275
0.11352089757216856
0.11402472224583987
0.11309796256841062
0.11578429068129739
0.1138595920642608
0.11160592669298428
0.11015743095082438
0.11117977906268657
0.11319120187815311
0.11572261782278452
0.12053538326501227
0.12111970994427687
0.12424943874709587
0.13004011577637584
0.13099433714291597
0.1296257830859226
0.13025418166280103
0.132195717601377
0.13231819524750638
0.12604037767167228
0.12496338920931041
0.12207457028704637
0.12489264836441946
0.12497664114522496
0.12471003461074368
0.12619483353750185
0.12877949811651881
0.12778040276325853
0.12842658846249386
0.12820302902672912
0.12701399231956717
0.12854700219814663
0.13006919394840796
0.13000430031742968
0.13012938205063004
0.13077047829198432
0.13128994453558412
0.13044627180269872
0.12774923333761654
0.13161500565133324
0.1352207631026893
0.13408073777192867
0.13629816155486385
0.13669985976465407
0.1395652975651458
0.14200399073091277
0.14384844070058891
0.14080185984793017
0.14048812400047256
0.1408599321269109
0.1410133553230024
0.14514060654490255
0.1475206444281775
0.15150208110303134
0.14997397690065464
0.1485735504008913
0.1480193757905165
0.1486373701921455
0.1541973710330118
0.14894135773487352
0.15251911082331435
0.15348692678691664
0.15033992710300761
0.15124856682715634
0.15355695276119924
0.1543946263068432
0.15152034558653163
0.15391672936992767
0.1455695993266716
0.1448340143203922
0.14647013901893388
0.14250753136634164
0.14129384573545564
0.14171593421289733
0.14057229251694253
0.138527276401053
0.13916664673731172
0.13315465423192083
0.13056557403131555
0.12083396041450474
0.12412288842034008
0.12448834226476081
0.12681217037271753
0.12768200873649913
0.12678139901500346
0.12851252009800138
0.12826895337331654
0.12938994182383787
0.1260081432241805
0.12332173799347473
0.12194592004872463
0.12481884952706057
0.1254389311378252
0.1282249783486969
0.12809692173346404
0.1309520653314771
0.13231148880013335
0.130100662420958
0.12809714727005173
0.1278995404536368
0.12933439812400255
0.12680347154406843
0.12492442926815042
0.12753674255284536
0.1269830357517956
0.1263699071955656
0.12318967747201945
0.12350021407934404
0.12392433335866147
0.12219259282268687
0.12070169878705514
0.11949259734651639
0.12206366824808054
0.11941299013452662
0.1184839283010798
0.11991209573576718
0.11583958881900146
0.11411886262841743
0.1160905453979051
0.11490933254697772
0.11881208228470205
0.1159035790248415
0.11200387090883811
0.10917459121539401
0.10649509961474699
0.10563343999448245
0.11064624258293405
0.11705627894404398
0.11463167223975186
0.11484296630627125
0.1181836979867667
0.11453111888576852
0.11417174920227487
0.118397307857429
0.11773884177189878
0.1146821123608084
0.11186316981080878
0.10401470780588082
0.10866882702855346
0.10982894766182154
0.10853896767476724
0.10682137983610276
0.10810844866228922
0.10928506546530667
0.10934890874228634
0.10915023441008573
0.10911407755798179
0.10731923063645293
0.10620832200385621
0.10731739885238292
0.10697342830031012
0.10615447013078003
0.10386373700388347
0.10301789233431013
0.10278965126426792
0.10257623557659848
0.10237121744035795
0.10117011681116364
0.1065117579082757
0.10648272823246094
0.10441556166984053
0.1027186171770103
0.10393321167820865
0.10280892341663063
0.10248989486379925
0.10077769619469923
0.09626507884810474
0.0936302497634584
0.09346548898176389
0.09468295323877045
0.10204101598869486
0.10205388831073176
0.10146898621744467
0.09957977132370018
0.09869976273640815
0.10078494300624057
0.09937789368530989
0.10043927830094965
0.10121386750758415
0.10469247207146767
0.10040094303513415
0.10149166707508427
0.102664175615427
0.10305638451252414
0.10519563174403074
0.10581079931838391
0.10832295658427313
0.10774350691444759
0.10741266354048751
0.10828329437095231
0.1067110843744255
0.10635471780899232
0.1061093969135823
0.10506253529933204
0.10711660686699956
0.1077681317560201
0.11556770244097576
0.1143328605042186
0.11493630869068355
0.10953490414077728
0.10858661158389939
0.10751320786099229
0.10868616377497876
0.1080108047672632
0.10903049669185469
0.10940902500841233
0.10820933428500056
0.10910520682906116
0.10992097805585023
0.11313836618332024
0.11388818935142989
0.11335085605112812
0.11293952008717922
0.11075085873940804
0.11349385993598382
0.11958398588216361
0.11983133904284501
0.11983987958333257
0.11657378328849718
0.12055579641369776
0.11926037857860636
0.12197135599452319
0.11822125667442743
0.1165639522280064
0.11408419087794064
0.11679870831515211
0.11363974939661524
0.1168423627472786
0.11739056666836974
0.12005873998971861
0.11909286287785847
0.11427393907184999
0.11479972628246261
0.11780046817005353
0.11698837374588639
0.11548527785403302
0.11635179503581705
0.11829322788125765
0.12103036238854227
0.11783373907419706
0.1158168782467079
0.11574631481509778
0.11749573668389392
0.11754383676538384
0.11198542280701418
0.11178205697222099
0.10655777251434184
0.1052897015715494
0.10408068637316384
0.10411648352074651
0.10433023513749967
0.10280062298004775
0.10871540928115091
0.10414687160118404
0.10220737722021062
0.10320482025968328
0.10795775901426567
0.10601129663480736
0.10602472047580398
0.10353435601327328
0.10469734642878761
0.10410385967721213
0.10023331430548878
0.09992107204400641
0.10337328616074862
0.10264944578603492
0.09965790229597722
0.09581538423335367
0.09419111074574578
0.09152440131769615
0.09169649159444777
0.09498687547817213
0.09435915145383432
0.09612048381991557
0.09713026113909014
0.09773774031414788
0.09894383165705566
0.10018160238768925
0.1012663585953584
0.10368847035649943
0.10610190457562937
0.10332570489629347
0.1036893170004014
0.10231633771289143
0.10362553121419368
0.10188022302346986
0.10417873511135774
0.10319292910589936
0.10698290785165974
0.10361117205911397
0.10480406732689247
0.10320508396248272
0.10275811031571846
0.10051129950135934
0.1039748780030442
0.10168672186961214
0.10118888318751852
0.10243627128268078
0.10404465895804789
0.10542756926289389
0.10269997729504358
0.1020180956727347
0.10275257784346252
0.10179245578816497
0.10771448897958436
0.10845089305601843
0.10936643865382487
0.10493969755593575
0.10686412119213633
0.10654439802195242
0.11208166551843492
0.11240239459779654
0.11393123351954888
0.11172178016730575
0.11095177287982297
0.10925631467298808
0.10706193641802811
0.1087117807056171
0.11084373871052977
0.10939212969039559
0.1159971415175359
0.11676360272829603
0.11856125950950053
0.11707158163404521
0.12138777432806247
0.12278850085710624
0.11809657238500115
0.11833833719059433
0.1154216244246676
0.11688028695122649
0.11869448242828
0.11866537510162957
0.11841184601489668
0.11884951341104018
0.11859752514921792
0.11903502645988834
0.12314908148072413
0.11996971712275308
0.1187247096270771
0.11550023087657582
0.11622046343662613
0.11531028836514708
0.11624025186687863
0.11425317044045852
0.10816494373639429
0.10093591075128945
0.0955198694257193
0.09658148502704289
0.09424743241667635
0.09442953972180766
0.09256942672866682
0.09295197349575889
0.08867665405771574
0.08824301432212991
0.0902859090754192
0.08963050194787782
0.08909215777428088
0.0897181864651838
0.09240915251446329
0.09065438510368257
0.09133267613804977
0.09054096163459323
0.09488057943812386
0.09437852904520133
0.09259140655051273
0.0940238627499133
0.09510103037973337
0.09349194932355655
0.08979573192233152
0.09219513016142977
0.09101330029263248
0.0897144999409166
0.08967532001258582
0.09113607891035116
0.09388560888178378
0.09206738759953174
0.08915244999733987
0.08763168439239812
0.0883401640427873
0.08193025003554599
0.07837466378606055
0.07897211100423422
0.07617713346991221
0.0703863388838146
0.07104680055227332
0.06897782720856095
0.07232613483670312
0.06669060700780889
0.0665394706860079
0.06891940814165703
0.07018017795922948
0.07348572502394898
0.07593536101341941
0.07631825310402729
0.07978176015206771
0.08236254036525208
0.08461127205658509
0.08651372983756155
0.08673107743435435
0.0865988961764126
0.08843926291578752
0.09180963018624276
0.09229627631902212
0.09585945193421637
0.09752090742321753
0.09825505036872594
0.09964005173435829
0.1006103483564741
0.10036137504273945
0.0990765470735408
0.09651303060285338
0.0932065034397616
0.09229119733201498
0.09436555027774411
0.0957257192691929
0.09435230350089871
0.09550660001904149
0.09599767207626649
0.09734385085134335
0.10059920378574848
0.09681440010112201
0.10163946865535071
0.10418261885958857
0.10728858172848374
0.10693704906682701
0.10918172982453138
0.10858978172691988
0.10644196623530137
0.10321394069008326
0.10251014830363038
0.1073412678727104
0.10644902155846399
0.10220447598453096
0.09985631101744832
0.10455889794833331
0.10496998971297401
0.10562858451916408
0.1060308096011571
0.104556581923157
0.10439643626274431
0.10252527231620437
0.10148236755027663
0.09826858803861604
0.09954081124026816
0.09763314262427177
0.09894100431842029
0.10157014771930216
0.10309132782213014
0.10109073847054288
0.1001396963565259
0.10816617809310249
0.1084109092587482
0.10850614214308169
0.11012783120285248
0.11379084494321755
0.10800965458997305
0.10994009395320105
0.1101547344057279
0.1142227490519896
0.11762698647532119
0.11620576224553499
0.1150486579423776
0.11400065916631366
0.11160112972425597
0.11527479407516814
0.11753068183081802
0.11662568280772036
0.11780844093771127
0.11958205821198203
0.12395294587347272
0.12653186364521787
0.12314911815819753
0.11619374219251606
0.1163149210419615
0.11505904526111722
0.11858730050171463
0.1194411229731699
0.11776537457550684
0.11567040692363381
0.11732969562669791
0.116797431607393
0.1188141746492781
0.12134162436218761
0.11950750524240067
0.11992180849303535
0.12019991687249909
0.12236347475725011
0.11985840297295636
0.11746047021042112
0.11627737567225963
0.11628815355422417
0.11714523721361159
0.11327507198463053
0.11780385398517114
0.12510279011813333
0.11918995492045492
0.12196046901356786
0.12313557188157213
0.12465213148814443
0.12673497891091076
0.12133715589547991
0.12350678027739939
0.12263576706787736
0.1225494104011728
0.11975282304547963
0.11672358691852863
0.11502443974306138
0.11542238099263352
0.11435106823458126
0.11530153753986692
0.12065532123324951
0.12073300309557677
0.11639104469837283
0.11775460091362426
0.1122381829416251
0.11428831328622324
0.11398556718850071
0.11126348983746953
0.10882797126163263
0.11036464604352106
0.11323497657449798
0.1138455590496691
0.11148436249509888
0.11139498541565483
0.11114796810033599
0.11171511026140918
0.11094114890557831
0.11148520118484605
0.11076756469034499
0.1103396102482792
0.11205463314809815
0.11626874492323047
0.11492791684269163
0.11933589553844937
0.11691600595884641
0.1108964397423715
0.11252020554522064
0.11160014949901799
0.11399495601166146
0.11557410225247902
0.11871933910239485
0.12098773303476786
0.11815937512820064
0.11415181977910586
0.1158004483602908
0.11631968697487395
0.11244461042063737
0.11644380755452316
0.11527737456181066
0.11244342757814822
0.11159915955569566
0.11146030304520257
0.11153958017397235
0.11201553174390164
0.11102893010602734
0.11302593778051956
0.11401012336346511
0.11223316490337336
0.11137722453326324
0.11212089377299345
0.11114683986069873
0.10953101436820378
0.10801661320087988
0.10862243090078923
0.10780445317336726
0.10716826791037742
0.10794058586330368
0.10770851390643058
0.10604643634823295
0.10375640123504899
0.10325042097455046
0.10243832483096713
0.1044872508420021
0.10165975516081903
0.09993829957784509
0.09584585079413649
0.09737530705436628
0.09991681556211023
0.09980919298853286
0.0989831582092503
0.09520269664408693
0.0972107639921975
0.09908767694655443
0.09960867426621979
0.10096084538934101
0.10125137724442776
0.09808863800002439
0.09582449648394313
0.09604380577746949
0.08705336349924235
0.08721440223102063
0.09167648951622984
0.09030872797877387
0.09075916551717209
0.09337273682903935
0.09470492163723557
0.09728502311083655
0.10045805882113984
0.10540075932629273
0.1003247909165715
0.10097738130753608
0.09854921451312754
0.09794817143107135
0.10015364054670395
0.10081158198782951
0.10392365730430099
0.10654603875692094
0.10976235558351058
0.10889358987081292
0.11014092888211799
0.11193305350787547
0.11502705351958702
0.11619793459923794
0.11339870638648296
0.11513659562204559
0.11226817484897678
0.11158276947779523
0.11125982387922542
0.11180163905436803
0.11127839132772016
0.11387231949926317
0.11380165460469271
0.11371064504460006
0.1146650041742867
0.11397955310745697
0.11619964341891602
0.11898127842635672
0.11695833645036306
0.1155459161653125
0.11892088627036297
0.11330107491505509
0.11444038635311873
0.10892082948456143
0.11163179458882458
0.11303809933393279
0.11081711677653168
0.11238000021436904
0.11235517327883458
0.11236629027920716
0.10917465893911563
0.10595598954806512
0.10647668165468153
0.10393833122997104
0.10349368475911577
0.10380872837386022
0.1020941411187529
0.10109506965779713
0.09699547209695492
0.09747272844255833
0.09240623508003067
0.08897731230138504
0.08770301077139342
0.09174334384974693
0.09226439100947477
0.08918011115586949
0.0898017890147303
0.09049253827576274
0.09293145751192584
0.09254505452218086
0.09463564281988766
0.09431893931517621
0.09449689500274706
0.09393463686038163
0.09917963765589911
0.10010895837044598
0.09743699773706119
0.10012497863311427
0.10573723086542712
0.11146212941242982
0.10864512825635686
0.1091604151863837
0.10775630275630325
0.1096832774081758
0.10593552113361018
0.1074022484087367
0.10575537369472293
0.10291520236465372
0.10044176456835854
0.09756193984849687
0.09689753360295099
0.09807239274398771
0.09948674111219713
0.10255838563781464
0.10333449577141772
0.10547760925474216
0.10444967559869252
0.1038517167847194
0.1055744859198201
0.10778073280160586
0.10749408747582223
0.10582423787937595
0.10350781454090394
0.10246717805833701
0.10160967943860406
0.10168572281148382
0.10059545893200797
0.10365405718593029
0.10872172645829853
0.11018295037837714
0.10892783485626918
0.10842330813340638
0.10779246381099353
0.10494719106504702
0.10667086754877039
0.10837742868932441
0.11267755984194809
0.11571189994044105
0.11618420760027993
0.11791055981894072
0.11201372531215466
0.10823925223470261
0.10953137917447253
0.11030155928762049
0.11249109420516047
0.11337552556841611
0.11499922942984854
0.11531899543217036
0.11181603287129427
0.11101311858770607
0.11487940100905594
0.11662747699527738
0.11679927842092339
0.10511724694618531
0.10881541387301513
0.10871058905602549
0.10530642244774834
0.10237343370641519
0.1044532641427061
0.10884654208282342
0.10719531580023904
0.1057770540795834
0.10205533801220096
0.10241374626493578
0.10540124195455941
0.10499839474081842
0.10538595750835482
0.10307350719545735
0.10431502205331993
0.10221464946719357
0.09929336119577836
0.10143023643141733
0.10161726391338362
0.10151914879129463
0.10287096319965586
0.1059182514303153
0.10595040365030241
0.10611012057288438
0.1060426794296478
0.1062615756837647
0.10954558369625494
0.1118183689620478
0.11188719011560273
0.114215251338931
0.1118735271411076
0.10940371081857253
0.10933621948807601
0.10543154531042492
0.11106451731743282
0.11248233635072312
0.11144807562001406
0.11151404785350778
0.11042933721854827
0.1101966811671402
0.11320304319286759
0.11908304726287017
0.12267204589294273
0.12094031877409213
0.1203193993205979
0.12041291540294119
0.12438145455528381
0.12139927126538597
0.11974058030637207
0.11808438878017548
0.11780870861741338
0.12269096379191491
0.1247237660292382
0.12647551206312432
0.12215874266074755
0.12072611285333033
0.12080231332769618
0.11977136350870328
0.11961405931849246
0.11716990728055014
0.11610436879509559
0.11927036987992455
0.12205742553242677
0.12245017820535677
0.12402310765872135
0.12231302048968982
0.12490268414917043
0.1259876411571703
0.12750812388237384
0.12675019471926918
0.12743239880585827
0.12910634631068973
0.1294431930941388
0.13167994816867457
0.12937991121940826
0.13315808266996415
0.1328532246979317
0.13098915098032773
0.12826788422037025
0.12720224185523357
0.12660310690200802
0.13018370832609277
0.12727469320437756
0.12790726144929696
0.12757126011390812
0.12364667401461983
0.1261114743977077
0.13034137007183733
0.13160372821810598
0.13357975810605835
0.13482139446553468
0.1329644124754743
0.1311723007156455
0.12629821541725952
0.1250627424462442
0.12548465527638736
0.12439690627463339
0.12582679546280087
0.11975078328832507
0.11944804272106326
0.12131478965304612
0.12094465077694676
0.1208799898014342
0.12383729028197563
0.12271219337226043
0.12162440476712795
0.11525394740441314
0.11576655077534447
0.11949842985073805
0.11873971981333406
0.11840920222926521
0.11818472600055416
0.11695293612942069
0.11577258055088704
0.1133416226653332
0.11076130311463889
0.1095533483317982
0.10761844467878265
0.107343206352994
0.10458640212301132
0.10155487072952103
0.10293982542719467
0.10716270105370457
0.10699401376362919
0.10741967199534785
0.10952709964679203
0.11088993806929152
0.10660031093027995
0.10670631248797546
0.10423243043964613
0.10278499418635052
0.10302842751065769
0.10118388369928265
0.10119254558998313
0.10077055708825258
0.09917545893729048
0.10046233349512518
0.09842136080073324
0.09827877466670301
0.09907111116508098
0.09666532137690752
0.09795378436292848
0.09553601413011292
0.09729398075886271
0.09973907156421027
0.09868804757191596
0.09688865623026352
0.0974536465324357
0.09830714655454659
0.0967806463323645
0.09676681367655793
0.09347154578275767
0.09549010582134987
0.09345642693968131
0.09600476594410778
0.09372170607333041
0.09401683496234052
0.09468229277729001
0.09363959692214512
0.0969978929583562
0.09682454877900022
0.09491061683959946
0.09398649570383853
0.0989729424898368
0.09917495626260389
0.0964034151325707
0.09529994587970231
0.09295429657744239
0.09089391638241023
0.0920477489098188
0.0939099522526135
0.09462927388547375
0.09319857220452195
0.09492574426168539
0.09677251990326191
0.09432117056475454
0.09601920216840461
0.09530804408608558
0.09556703170964277
0.09657634242602331
0.09537420795683141
0.09199734006417662
0.09075735346440106
0.08739610778218605
0.0864805485103148
0.08587999178409184
0.08905305242084192
0.08976953101830291
0.09285342187483747
0.09543484164926572
0.09518613390571802
0.09710860384937257
0.09702406970652316
0.09739577839823373
0.09751160527122435
0.09909262879933572
0.10151056504086056
0.10120429455528862
0.10081172734858644
0.10207261563207538
0.10778874731260825
0.10851381406673041
0.10810473360543768
0.10779748697119867
0.10755643042647911
0.10779785180316338
0.10883136155504533
0.11124982271102576
0.11265542888032282
0.11211547087492606
0.1149835184314265
0.11231542790054505
0.11236699482100013
0.11347737581227746
0.10604595507055034
0.1083678155195962
0.11304714028022884
0.11235180696557291
0.10842408595423132
0.10817207572942102
0.10566674177845932
0.10964522409607029
0.11176846390377053
0.10805102325487574
0.1082484784515136
0.10999187901574617
0.10999961151632509
0.10638624715789456
0.10713744954591604
0.10518968416657348
0.10458172260550479
0.10490301494164007
0.10524893951184569
0.10294595524669614
0.10567385894144139
0.10614644343395829
0.10334072846836416
0.10562850046327259
0.1042610870041431
0.10168103304951116
0.09881505579396548
0.09653054800268486
0.09438613199341542
0.09703539386680751
0.09762579321730752
0.09904695947611546
0.09740451503484261
0.09357173948016027
0.09417822602579944
0.09319824085356752
0.09029142314194645
0.08941816324157066
0.08854986525786118
0.08877698928230122
0.08980673011890508
0.0797900486805205
0.07982714792110028
0.07637545052966778
0.0780614909123087
0.08148971960202701
0.08072194965998598
0.08015228347074295
0.07948973595015825
0.08159329718853628
0.08320424876319386
0.08377999604219559
0.08649241017110536
0.0905740217685764
0.08897204842346572
0.0863012931470191
0.08675689863323074
0.08609454469514242
0.08033185095262807
0.07932249859730518
0.08000651467554505
0.07963774821729884
0.07952226635362393
0.07919024189894616
0.08132040305274714
0.07905525725113374
0.07758236272296226
0.07688473279345259
0.07919175364159789
0.07948460186201729
0.07942511694177688
0.08222961774175301
0.08810571628121792
0.08976635343904513
0.09181743138520569
0.09040242439151808
0.09063384329695234
0.09101207304262843
0.08660863051210553
0.08565568636890311
0.08602076952180432
0.0862917316667709
0.08305441274069228
0.08633697790652561
0.08464406166415782
0.0827177458160119
0.08261433984918251
0.08137648650290734
0.07918591470031869
0.08527313414613942
0.08382485363481967
0.0775383976705001
0.07901850722878534
0.07716759726226681
0.08281342276172014
0.0734648306060848
0.07616959015649011
0.07625472700888121
0.07899749238865035
0.0768810651451145
0.0757517444087645
0.0711497455691505
0.07047659725558013
0.0662369960186795
0.06753592686575913
0.06668601108574379
0.06611207704211929
0.06531632094196486
0.064987310994838
0.06319568810365109
0.0654265634538027
0.06578738799611769
0.06665136095706636
0.06759284117731257
0.06679175655907235
0.06673764544277354
0.06825296095620864
0.06986486130811237
0.07052878410854183
0.07103014411130312
0.07065046358650034
0.07358524825207437
0.07070649708716355
0.07143188176897318
0.0733685360950601
0.0739110898028128
0.0733695965608464
0.07331340338238373
0.07471247644129422
0.0725056789077616
0.07287965660969847
0.07587661657911318
0.0759164190137134
0.07722034310227546
0.07918917035165765
0.0812483697378834
0.08029694821249235
0.08122148702989977
0.08602511209429108
0.08156031340540501
0.08267476083288061
0.08069677847268399
0.08253236789481795
0.08176680679484691
0.08156651261579191
0.07339482082110929
0.07563325080953802
0.07240447228540788
0.07283943110854879
0.0735468794815224
0.07464039756836875
0.07570955568550217
0.07836511190213342
0.08231146808941303
0.08401960240869075
0.08693514090713185
0.09104015781305648
0.09034526058440558
0.08731555503800904
0.08592182779533661
0.0851759578911328
0.0838309958882947
0.08354316272746942
0.08220092211125471
0.0792912041220948
0.08361490037077117
0.08224370443930722
0.08360087654567801
0.07961585526654215
0.0792475762514327
0.08334341233804832
0.08416821428157362
0.08517476160446551
0.08559685955269171
0.08521165967574264
0.08270975290646077
0.07817768443539568
0.07734445367602817
0.07942639597788927
0.078293394776652
0.07706207532848039
0.07397546546438352
0.07469995397888679
0.07465387268655889
0.07269243364179026
0.0740225862109464
0.0736944807259501
0.07604056663976375
0.07672606498089289
0.07378049570679478
0.07465990962565441
0.07761707079774575
0.0772058419344902
0.07947539781601107
0.08112346450473955
0.082366752649675
0.08190602535349346
0.07997897181190586
0.08261022136949693
0.08288146562324034
0.08395640481558553
0.08063159969604704
0.08512337612396385
0.08291663254904734
0.08235484025784463
0.08059325926447033
0.07999213839691204
0.08021231738793456
0.08078783797354923
0.07580809448237956
0.07605994525291872
0.07709702443281811
0.07628680101676533
0.07632094282902964
0.07943373935328607
0.07483065638919574
0.07555037319852545
0.08151879589689923
0.07333103043820295
0.06693421370911805
0.06536582113812146
0.06616370909922308
0.068248782591553
0.06729097511317932
0.07097483718177158
0.07230344181395057
0.06986347649732418
0.07105377595083717
0.06867254854818784
0.06695798091630274
0.06682811891075296
0.06663537706501843
0.06789604267232374
0.0677150044861243
0.068087393489245
0.06915387302320061
0.06933535755761429
0.07154304272067366
0.06907254408088069
0.06899781440506131
0.06978726733181449
0.06879421262443192
0.0685367856140112
0.07044264450289392
0.0711504159331079
0.07007302938920595
0.07008274526148511
0.0668778025990545
0.062316122323769096
0.057253727003019485
0.05770683130829974
0.05973428398184109
0.06398461132029586
0.06613747831984848
0.06824463532671862
0.0743319248855703
0.0748590706405323
0.07014831816239128
0.07324538004613822
0.0729695409743998
0.07425096470592263
0.07378768421876523
0.07450692454793414
0.07309687256150302
0.07059618555487134
0.07130656400169477
0.07143111491780807
0.07150141772351609
0.07030719760283136
0.07459008511472297
0.06957909416352281
0.06704196913368596
0.06646369561574332
0.06427945046897199
0.06439809023866568
0.0686893465808846
0.06851795544017297
0.06914541226698491
0.06877590189542407
0.06934647688829657
0.0709010338267519
0.07078369693202657
0.06395467821469872
0.06449807239154304
0.06523860974745764
0.058458972732094376
0.058491057841806034
0.05573090574906262
0.05852087064388482
0.0596141575584195
0.05991596707267829
0.05798319971291037
0.0610539324332659
0.061125066969399816
0.0591893518079411
0.058976818721846486
0.05668910299006285
0.060365182140431885
0.061659560980453124
0.05878800563943733
0.05958287965064292
0.056961500396866226
0.05956870693144673
0.06175364709240945
0.05955808629044917
0.05676900731047677
0.05384921624244983
0.0545723644238791
0.053198860604068025
0.05408187865024227
0.05596180292114235
0.05881429758709506
0.06262935240326231
0.061090959657804436
0.06131881091567767
0.06180643772658655
0.06396658315901484
0.0649636913033666
0.06537948928069971
0.06423004510134939
0.06726660299848432
0.06550719726634747
0.06392687095117378
0.06986079257363804
0.07331835358961905
0.07340793468944021
0.07380292510538199
0.07474889924723419
0.07271171983244744
0.07757100553858579
0.08150146806595533
0.08377668194166242
0.08487705000984247
0.08437271742854022
0.08536971011183843
0.08344028980393062
0.0818018651037778
0.07948889867240104
0.08215635296125959
0.08020746680097111
0.08023513072051845
0.07784348322563094
0.07613311946573588
0.07904854895920732
0.0762736011750014
0.07517850889011993
0.07589283732191086
0.0726646290559107
0.07395085383652716
0.07520549114401098
0.07345160786284381
0.07529790015163625
0.07164841095454749
0.0728092208782851
0.07350665578160602
0.06972578396888332
0.07114449190261013
0.07189327542168827
0.06903404447040817
0.0695426102480955
0.0689107995910794
0.067592161621254
0.06829177701883984
0.07304500215992968
0.07457788713564191
0.07057441976659602
0.07105228894097805
0.0708020883500226
0.06588345268476054
0.06972560510565548
0.07092358456975384
0.0706064495978207
0.07044019168087826
0.0654159206767636
0.06242817280131962
0.06635927632545095
0.06683108413924191
0.06706536310034743
0.06325869423114441
0.06319750841783808
0.05924094655913254
0.061905926325903395
0.06246474361255734
0.0652197483564666
0.07215177968444941
0.06625343073429578
0.06928592887112096
0.06805318206328924
0.06866838825923187
0.06468911367638133
0.06180667922473155
0.0601976233725687
0.06170293104547133
0.0638249433028389
0.06384559675027562
0.06457190800620008
0.06158990390449097
0.06114923993718116
0.05993177116620736
0.05999290882219211
0.05698327078408658
0.05723969549472004
0.057208806047019625
0.05792956498778825
0.05615756726885531
0.05698703885342627
0.06065247234365126
0.05789275178322463
0.06194042902560707
0.060941593890753265
0.060354421223278616
0.061974008327630864
0.05798124518289239
0.05916123477987943
0.0631742267128389
0.06242720099307175
0.06270111114014011
0.06638722667960895
0.06858613364989663
0.07118235613712458
0.07151251376055676
0.07058710219079233
0.07099097907250755
0.06655039854114575
0.0675907675564253
0.07050232350738557
0.06669935654716738
0.0674659388009615
0.06751882933855052
0.06696315306067707
0.06435265759236818
0.06561861712702238
0.06228514499426188
0.06263745918612541
0.07138429254149932
0.07230446465182169
0.0741775042054814
0.07206904860521171
0.07470009276376416
0.07049498016873564
0.07085402577296046
0.06745590737548755
0.06727539949625985
0.06301435864159627
0.06285852710286201
0.06276663650766663
0.062230481723321976
0.06036504629839064
0.06319533778756639
0.0665666694920549
0.0714004580099654
0.07213335434586648
0.06974874124000606
0.07349329358501273
0.07618216160435824
0.07356521949177897
0.07680322753727233
0.07450624630253533
0.07432008701566824
0.07830778895487187
0.07873711076248463
0.0764614176560048
0.07491476426516068
0.07437765751566357
0.07618271059284255
0.07842252156378365
0.07854405304489157
0.07739561961269883
0.08158876558545308
0.08203827710543526
0.08615347414833177
0.08475516484749646
0.08625866775346284
0.08312346164299989
0.07793908343217068
0.078496894556188
0.07999443752067066
0.08067355625172624
0.08237476091746979
0.0820969550455018
0.08208221667774722
0.08122582294413354
0.0797767167962665
0.07757671419766671
0.07582855812936759
0.07547517562869296
0.07282595170357783
0.07530564241305543
0.0718389313606019
0.07142342630680795
0.06987991908046767
0.07290255234643532
0.06811776377828556
0.06955566222276913
0.06710693951755979
0.06795452943807698
0.06805580432890335
0.0676501457096926
0.06815321810124542
0.06563895362369847
0.06591976921102523
0.06859552592410988
0.06886572414597698
0.06668248276114445
0.06698487605498293
0.06349261435567502
0.0653580704897571
0.06752037324672386
0.06913079330814202
0.06781081441856722
0.06746573635194628
0.067867110758816
0.07093927916385824
0.06550797458636741
0.06437383755001852
0.06579429057616189
0.06281748355587936
0.0635365079715624
0.06312614896457729
0.06559482628171406
0.06533296162235713
0.06375707904634421
0.06421705294669094
0.06282033634496771
0.06342324855205411
0.06166176319685369
0.06247694665567947
0.06114081471451295
0.060566363675421425
0.058684611325227995
0.06094182304476983
0.06144710145515771
0.05814157918210955
0.05788725211614091
0.05920303195855625
0.06572128727445703
0.06696142104974322
0.06411057391356714
0.06680327501978862
0.06697688228040147
0.06805091093966158
0.06739127549454152
0.06815939360975704
0.06701104986341445
0.06788156457503448
0.07259705354469093
0.0707450015847536
0.07201966886117878
0.07230658238042978
0.07327116741315053
0.07288829242777897
0.0730348469791612
0.07398785501542428
0.07450891443788477
0.07478785338846947
0.07792651171642948
0.07888308982623146
0.07908047442747715
0.07955100881631344
0.07744642652284738
0.07738988667506339
0.07764429189871314
0.07657096431603383
0.0805908195626655
0.07968523801184069
0.07858709753200185
0.07695483485818869
0.07613816753325511
0.08067540438391328
0.07905852969732423
0.08060686371908328
0.08161580670724551
0.08077546161234438
0.07891602945386325
0.0771035932130409
0.07616032641114405
0.07768100607425711
0.07753588436851068
0.07960215899613765
0.08084262169328787
0.07211194557998389
0.07136964781177063
0.06626223405714693
0.06529670801125398
0.06869079748287975
0.06861608454828438
0.07245707971202472
0.0734263560182747
0.07142341886568136
0.07031659063510037
0.075008463359993
0.07540677985000323
0.07287447455796511
0.07486686988692193
0.07337289680022772
0.07488929598704643
0.07606882266986359
0.07523522411067655
0.07817820049418829
0.08045275369328433
0.07891476114962079
0.08007090086095306
0.07818306957997768
0.08076546680321829
0.08131057967312849
0.08068041918165197
0.07635190005161971
0.07515591161769736
0.07400137633127708
0.0737344730078724
0.07183251525952165
0.07316892904953301
0.07327494157601595
0.06816263073785556
0.06639043446016998
0.06728364436969253
0.06763018995288458
0.06606235616779335
0.06682293990136585
0.06428977064534197
0.06723976458738909
0.06608340294611352
0.06558349268637145
0.06440788516100562
0.06604766088829038
0.062008913346962846
0.06292717236469131
0.06307350171134657
0.0616338453928302
0.06514176146688963
0.06833455829535866
0.06846830139589799
0.06750256550616146
0.07536418470878033
0.07328567204710036
0.0761667098293653
0.0761212342126118
0.07469583150853464
0.07355579939990804
0.07632012862655886
0.07112140170937331
0.06722813988389002
0.06789375041503187
0.07085933895286069
0.07086113977989371
0.07436563644123247
0.07380699901084706
0.07098202777923258
0.0716441812513877
0.07372131276151639
0.07039531365551686
0.07397483137582771
0.07698795757725041
0.07827520490172023
0.07291995753298253
0.07548067774304122
0.07196073403752974
0.07026034141155603
0.07522213215310808
0.07639666073453662
0.07762886700288482
0.07952824032761804
0.07606366210789901
0.07417273351620436
0.07331182000144802
0.07105344677219674
0.07204768077821527
0.07112909305071902
0.07191366741128927
0.07312288757194667
0.07071253766738915
0.07269130470629201
0.07731016999590593
0.07695360334632236
0.07701391043879109
0.0775238972918296
0.07283287020557488
0.07466441362633258
0.07620461940664922
0.0737312300646438
0.06746106312485724
0.06556244877768244
0.06604953419110345
0.06037955412778687
0.05853113850896496
0.06517067164276028
0.06456008409919481
0.0674505040685559
0.06684528024359772
0.06639540742782188
0.06639372257211919
0.06817948468497399
0.07013695539058798
0.06744317146476989
0.06847891698118184
0.06907170784938027
0.0688540648981042
0.07430238429977067
0.07209015853868103
0.06907096452240699
0.06932938546759382
0.06888963224287546
0.06982239589431113
0.07094839819649226
0.07191509605474428
0.07448975455192304
0.07362434937740162
0.07331925080085148
0.07234759530609247
0.07325947933506854
0.07287910793859814
0.07054992092981419
0.07067144269543028
0.07118712704438297
0.0739386245760402
0.073761431193658
0.07284926353870685
0.0729209323040241
0.07149673266422067
0.07178198908253053
0.07098358848079678
0.07207681835812
0.07664925786789689
0.07678719954377297
0.07550400483060551
0.07485703305403958
0.07368951542623069
0.06936922634063576
0.07137637302157962
0.06947348797860511
0.07124300953554995
0.07723262779581418
0.07685534757261227
0.07714824329506095
0.07923530815859431
0.07946745699445938
0.07523941108917047
0.07403595955863063
0.07248828401287068
0.0733102979075914
0.07277704143264009
0.07144302489566819
0.07059824692770984
0.07216538632092041
0.07246838826497207
0.07131008293426012
0.06950336466712383
0.06821053909208097
0.0691427472771624
0.06880278818764102
0.06670447334672906
0.06600884371593872
0.06740894908847503
0.0677484711220638
0.06450388385118586
0.06464098035486085
0.0631751726631557
0.06315901262116977
0.06292791365415981
0.06582949319565759
0.06542389214877632
0.06364266397338858
0.06270174460793397
0.06469028293162193
0.06326338508864356
0.06540448996996547
0.06446655941547244
0.06428056089260155
0.06571306823514057
0.0663651483119049
0.06414107402313379
0.06427557429395293
0.06455376603658183
0.0637837660911731
0.0619751360223693
0.05965523276531466
0.0585357901235038
0.05760304766871516
0.059691069448082355
0.05913016851681732
0.06057156201441211
0.05732376116843046
0.0535649176913073
0.050789445529652893
0.053133787992726306
0.051781349700024654
0.05281107914097225
0.05280222389935957
0.04919022912435371
0.04717841203917276
0.0468633748865381
0.04702304638629079
0.0498610735296216
0.04992854704474487
0.052787515866828526
0.05367415913846765
0.05391346838955376
0.05369271982304528
0.0521059146095169
0.05183598081168195
0.0505918701650599
0.04855590257231501
0.04637603683461627
0.046747340279357376
0.047814931553249715
0.04782955939220205
0.049043028481113145
0.04769074229306692
0.044994840767613134
0.044007427483638964
0.0413952223309171
0.04275120933630103
0.039199486367686436
0.041660792035721664
0.042763124742171525
0.04671837665259977
0.04678938485204757
0.04684275882563623
0.0479668872759238
0.04745646770845408
0.05170844889106826
0.05240885656564795
0.05386426498924351
0.05554446795415437
0.05294257985900072
0.05412289129980903
0.0549246207126849
0.05674639714634573
0.057412318177444195
0.056756444987348935
0.060950594813754075
0.06576486980502655
0.06494470480660611
0.06728214861117358
0.06865979388937653
0.06492958157713763
0.06334786855719361
0.06594722074254866
0.06569735106762144
0.06596661857740019
0.06598618131232642
0.06545105769458844
0.061603917364853385
0.060209277481582224
0.06340351191965972
0.0622901987275668
0.06342667247796484
0.06369379626438676
0.06583835243089176
0.06461918759031403
0.06593662306745429
0.06806805564633005
0.06990842176977573
0.07146005035187938
0.07204151343033226
0.06784138005932074
0.0650622024861083
0.061485674988336216
0.05818854885675864
0.05913030795927631
0.063309943899529
0.06650133741340376
0.06500311451753547
0.0656646605081145
0.06356888310017399
0.06462241624083317
0.06607016251402224
0.06483855979708718
0.061843832536606066
0.06283951550215316
0.06669106769910747
0.0662365602360431
0.06622313720400158
0.06505366236704617
0.06441114012128246
0.06475195975436816
0.06347998974101252
0.06574898792371685
0.06523954650825553
0.06569623426057171
0.06521194127576045
0.0628106105462961
0.06020289916882433
0.05955568089508012
0.060941012142681716
0.06476543888731978
0.0683931438241836
0.06863708393932715
0.06525563300482656
0.06726686933121702
0.07309111507544337
0.07558147778136445
0.07466620697859379
0.07836572093943339
0.0786993434232898
0.08326440495093639
0.08347092529823122
0.08596453742378443
0.08803392135784624
0.09169685200080512
0.09145345810748848
0.09102013959542422
0.0855706816570862
0.08448689132319508
0.08089720231180364
0.08291041259073285
0.08202729694923364
0.08255025667380655
0.07983187201477132
0.07880668592953531
0.07883620743560182
0.07567697311211719
0.08074153564966341
0.08096082065228512
0.08113167334867762
0.07899566380655328
0.08048914473609305
0.07776354368706805
0.07835963840165949
0.0791196152427222
0.07831662953147694
0.07540806313167858
0.0757910635793812
0.07246865178766966
0.07163148315670038
0.07258015817810846
0.07436232685878631
0.07174129132300523
0.0748755169154918
0.07603298719146902
0.07615539069304117
0.07671937344690401
0.0750133448149462
0.07621456768239991
0.0767007320962347
0.07254732500888764
0.0725910376068743
0.07226850209428393
0.06899832375535524
0.06490446348444419
0.0667168215041496
0.06864991558456549
0.07055798388004424
0.07222801811651963
0.07147407558643364
0.06945998899052538
0.07274691394341186
0.07164510484650326
0.06769005490698711
0.06762000095852577
0.06798825353735659
0.0705513623281549
0.06703460577072928
0.06568869567938124
0.06460551331677729
0.066511145897335
0.06376076388628305
0.061426135664806605
0.060462101206414584
0.05842039882065926
0.05824577389266532
0.06355575710825592
0.06186463689535519
0.06041131989815238
0.06015599198625562
0.05857360802838233
0.05643956483258458
0.049891189423893666
0.05398702330079458
0.05039286809128187
0.05149610820187137
0.05200050260087308
0.05129494878091832
0.048443241321949396
0.048388432900885923
0.04668688006824271
0.04399565997737855
0.04625089190876774
0.04648904976148247
0.046297067493702174
0.04794194556706294
0.04753132618391561
0.0471274897994688
0.04860432316593086
0.0499053358336864
0.04907200198443343
0.04954300581810127
0.04998579551284189
0.052434470594801524
0.05523373435289665
0.05850428480455899
0.05805011369935035
0.06331106630789818
0.06017150643123607
0.06044056086172404
0.05934686020437079
0.05843463591645312
0.06290663567526514
0.06460653843313433
0.06576307428749863
0.06330415521140348
0.06349511954093234
0.06183247139558062
0.05797533527420516
0.057190113490551586
0.060166008642424954
0.06210947873513134
0.06322903499009337
0.06315062740444619
0.06455048973978793
0.06375416287540206
0.057401060413571285
0.05641106768899203
0.056671364927209394
0.05690438619500174
0.05315114716028363
0.05366931168234477
0.053845754567093874
0.05300484607759037
0.0518888862786836
0.05432359449978346
0.055472699189454654
0.05823799142853555
0.056830359300954064
0.05757013098737342
0.05845024566750531
0.060268282505997556
0.05940459496813557
0.05479673268198316
0.05789934777482387
0.05884252108658288
0.058330098245691984
0.0588068489192227
0.059370694328910734
0.060617530270380776
0.06149413546346505
0.05914747015652993
0.0565490466384277
0.05482802549338677
0.05720410072028537
0.0569303662338493
0.05445478153397881
0.05371834768230241
0.056647714960640715
0.05695437082239584
0.04873238743983263
0.047059537584906816
0.050493029669660745
0.053166636689302015
0.05536646826096465
0.052917186346010385
0.05030787244064757
0.04898452002159657
0.05004712287480316
0.04909140927050465
0.05253468910924085
0.05385690245540781
0.05113214425308229
0.04981704549776963
0.04846355242001705
0.049697423128189484
0.054642915195230915
0.057364841067145275
0.058584179965497044
0.06774166755729297
0.06868043988585987
0.06897158087434581
0.06726870338335669
0.06582949473589045
0.06511832769968369
0.0649668987863697
0.06896995222949437
0.07103174135235107
0.06999165497224497
0.07353306241914766
0.07324738712135552
0.07474486142307066
0.07752478491068958
0.08028482100723988
0.07617749002912169
0.07402301781797069
0.07606825187029465
0.0743418506074239
0.0752937127335323
0.07692392925523467
0.07754469172591458
0.07975638779886077
0.07864995005811662
0.08157537306343993
0.08439065751320504
0.08638010849996798
0.08577209402564094
0.08909555594430811
0.0905900798506965
0.08636433023195841
0.08468987973822836
0.08583268324784646
0.08507450531037682
0.08420994675108646
0.0827887632107181
0.08446279795495562
0.08542495854614701
0.08672413137194632
0.08569740951637538
0.08183315769845387
0.09208888554786757
0.09185092468967518
0.09143827699364956
0.09272878122913691
0.09119708956059784
0.09323663748452078
0.09343736993014623
0.09595554114089064
0.09363830243609
0.09353420157215056
0.09567923725854735
0.09160916195833378
0.0939438836249012
0.09202658966769477
0.09150477985389663
0.09121730621945458
0.09331185164450496
0.09131086514808051
0.0938052513738326
0.09332771530903719
0.08802232441359528
0.08875991797802915
0.08905320722615966
0.09159059091166391
0.09364690599018051
0.09194796781773461
0.09032213335953954
0.09170558485344053
0.08826374253041198
0.08751494048645113
0.08785841517429255
0.09453393959401644
0.09760290537364849
0.09544531937912142
0.09785202078579586
0.09668937751159717
0.09930869301868347
0.09886789576531728
0.10504316084053457
0.10242754601007903
0.10371737224026853
0.10096418048410946
0.10130896853233815
0.10325011714729368
0.10648514168416055
0.10538709860837918
0.10578822467261538
0.10689934649195015
0.10146852539640419
0.10274712360911196
0.10186188762207186
0.10340098762014108
0.10888060673886109
0.11128169135949861
0.11433115829901676
0.11367176537779831
0.11062021118183402
0.1104949581326063
0.11269776671696101
0.1110058412486984
0.11339580720864423
0.11170314256953684
0.11099300521888676
0.1113326573624146
0.10952810775639042
0.11563525347513075
0.11604041694866306
0.11404356882394304
0.11195984342804417
0.11246466670715168
0.11217131456269609
0.11141232881946506
0.10863822391549918
0.10647258996070193
0.10570797366805287
0.10339209691825735
0.10204856495596736
0.10319040542186185
0.10316406561689365
0.10352897481098969
0.10190085011836834
0.10194999219205746
0.10458691561145775
0.10379422707801204
0.10410292231037208
0.10259097225686865
0.10256683759090063
0.10362122823223455
0.10168982373238819
0.1002130441013352
0.09880477963326494
0.09693508941284436
0.09842251241221059
0.0954743185030236
0.09377209541652363
0.08893275088026746
0.09084045765641455
0.08977308721442967
0.09039250699252292
0.09185609240532502
0.09515721196589094
0.09539640116816538
0.09333491629508786
0.09203425758353967
0.08936285903924412
0.08895898385302367
0.09009360413050603
0.0865855869335967
0.08594545190982798
0.08765525213951277
0.08706159606891524
0.087393514799443
0.0887243918782075
0.09007239864247388
0.09102231631176151
0.09633756859268602
0.09613031528788261
0.09745504910802144
0.09818905362304574
0.10014548185731065
0.10129510782578866
0.100756268841367
0.10022719717400372
0.10232923672775938
0.10194626274742165
0.10448259093113811
0.09883093327438469
0.09957536274022054
0.10040097016558173
0.09723948830168068
0.09560960460101801
0.09847405224125742
0.09776215084205901
0.09746328750986748
0.09788530054016518
0.0949385362311971
0.0959837043146041
0.09953897098171356
0.09777729465554179
0.09775946732093789
0.09551606968826655
0.09525805119344671
0.09512170304726796
0.09214769659569415
0.09329101798608905
0.09323994433692799
0.09666570880920798
0.09921571816009313
0.10098883393991995
0.09921721671887113
0.10108013385757438
0.10058706877029588
0.1005020313119387
0.10123620238540888
0.10568173993795042
0.10559202989603148
0.10594184316217874
0.10765312560348225
0.1055074383169836
0.10592194008363871
0.10277318833685813
0.10544976009622728
0.10548549889236444
0.10802157161304432
0.10934671039110029
0.10956509489048737
0.10419346435755197
0.10415941986603812
0.10288205215884699
0.10283587427554469
0.09897071335920725
0.10063828646226598
0.09940728244277354
0.09858342766488065
0.09840774261956507
0.10098040518359355
0.10044125296083997
0.10037772234892456
0.09844358672722614
0.0999956842576571
0.10027196804958839
0.09796888822820334
0.09749760411071051
0.09670802266452108
0.09601490360723065
0.09636040181679162
0.09615164130809771
0.09705832673113582
0.09884541695904334
0.09816700287615449
0.0964039234320079
0.09889539316501642
0.09939626757593546
0.10092725281987283
0.10202236140867668
0.10068220016008013
0.1017494349743998
0.1021834640710261
0.10219854259294858
0.1023134534363938
0.10674149743147178
0.1088198288000602
0.11018759008540006
0.10976083772862053
0.10700198712785565
0.10756660511866414
0.10813048875953607
0.10493668538936014
0.10585247484947882
0.1039364937430614
0.10198489307425027
0.1021124887193068
0.10319544473235255
0.10570194362610645
0.1051447313839099
0.10224295787939093
0.10217780807495973
0.0991188059168158
0.10183632430512926
0.10507994794542408
0.10829283432008531
0.10598913150586396
0.10850772915697568
0.11005992424666694
0.10523133805952026
0.10641224316841733
0.10592670581823825
0.1033411148266183
0.10564089378109794
0.10552079944188385
0.1104576710613876
0.1083015501275568
0.1103854512934822
0.11032264639222535
0.1075966351743337
0.10618411939697726
0.10292178614414772
0.09989035828829333
0.10273068364938906
0.10326335803363564
0.1034563739194532
0.10609370495961266
0.10797118173253253
0.1012310135142162
0.09976592404493226
0.09999613427028005
0.10186778547976005
0.10311664548390237
0.09658413132712246
0.09643088698650452
0.09611048651254488
0.09539700722613392
0.09723965095674318
0.09785070294660218
0.10069886632593161
0.10062863398378906
0.10156595538347506
0.10202785343995265
0.1036214818690722
0.10523456284107326
0.10559314048808323
0.10508049288592873
0.10505490904837991
0.10431077227765588
0.10403003357420045
0.10258459893359285
0.10286428106619057
0.10311428497960579
0.10262457401961024
0.10238655038709085
0.10300414674789853
0.10438381310166245
0.1033550956738125
0.10231200061761733
0.10257079201723078
0.1008911557911129
0.09887719824106224
0.09700321773171883
0.09753572503749555
0.09375976343387872
0.09272442996905601
0.09071856492694094
0.08633442148978279
0.08458188409472175
0.08479754047471906
0.08542751457244704
0.08526458081439828
0.08553160272169422
0.08466186787897803
0.08280430084221643
0.0820469684278876
0.08238069872436335
0.08352633748052739
0.08442282958409025
0.07995550031760933
0.07805766782098025
0.08027492791742541
0.07954849686314323
0.07866381436864564
0.07778958172369585
0.07617761684009618
0.07342254598832956
0.07463789394428427
0.07526887293253438
0.07540757813656
0.07723375566927913
0.07766439921578618
0.07812250973182658
0.07709712962837963
0.07597344805710128
0.077193211790947
0.08168272327594944
0.08308680616208225
0.0834206026732625
0.0828329074491975
0.08243995719429036
0.07984301679878476
0.07973723465939699
0.0822556236759084
0.0825603333400945
0.0849903733098637
0.08466057061557139
0.08286934413347502
0.08339876885214483
0.08408122357032995
0.08549479800129856
0.08526318984817595
0.082818150516827
0.08256193682482516
0.08544886305182216
0.08410618378214796
0.08408111472589166
0.08614932460636514
0.0845347763823878
0.08403914399846564
0.085132109009822
0.08622523790463589
0.0819694388326963
0.08384906136753596
0.0842095875225006
0.08625799659809158
0.08392285620037336
0.08396011628928157
0.08376639788674665
0.08374752468095126
0.08345363460325571
0.08274035970551608
0.08164248143740821
0.08619902185660788
0.08884883721286421
0.08552711424625395
0.0835815600133639
0.08301198538495723
0.0826235791504273
0.08220355509448929
0.08355336249931723
0.08370078021871369
0.08418047867477417
0.08323500361202188
0.0854765501565205
0.083705131288593
0.08233772260107093
0.0783521727387375
0.08047062622637476
0.08126072131176439
0.08266000097953419
0.07750863839406642
0.08228934605748273
0.08358613851507317
0.08462564903570378
0.08512421106191921
0.08470619807090254
0.08269185634873666
0.08289650410508921
0.08181523826304495
0.08331075177064219
0.07993019254541611
0.08142581227027418
0.08142348783070388
0.08011222730520572
0.07635288258108308
0.07635010378523639
0.08484291915087681
0.0860794980082204
0.08966119251872093
0.09025248999926111
0.08931918211173341
0.08792398795477205
0.08357756275032159
0.08364715306389736
0.08353330267844727
0.08275341898509837
0.08064620367206056
0.08043776204423789
0.08097986727859438
0.07584289847403944
0.07607515414122257
0.07563509894680039
0.07643077875582144
0.07671034333869568
0.0804276899974735
0.08010574923831115
0.07828795567604274
0.07524386102183298
0.07456178249556969
0.07462145975026599
0.07556104771013394
0.0735417942916665
0.07387329245358962
0.07401388284220338
0.07047529685725233
0.07070176063720941
0.07172773045191161
0.07206248485268699
0.06984927741773399
0.06893098201219008
0.06876859635904822
0.06801354809526472
0.06684186659780152
0.06538438883035601
0.06464728174705567
0.06496945090528959
0.06076381692561368
0.06102106018725692
0.06105628036837619
0.061128904868798184
0.06104620737486827
0.06065647030150457
0.057446835657583
0.05570052549558285
0.055425809671615686
0.054080160989060835
0.054083008805845
0.053531561452140664
0.049031614626431665
0.044483455735880625
0.04340457567414537
0.04301982923310257
0.04383574919870741
0.04386512522072579
0.04408671592385851
0.047543074637692063
0.050169277646583244
0.05099713722985694
0.05144796355603206
0.05049455229384802
0.050349851630030765
0.050888627287764956
0.07545679090503292
0.07429354249579623
0.07451744683354378
0.07525790183770731
0.07587036514569467
0.08019466013475524
0.08159634358610793
0.08166305748240378
0.08153786438094138
0.08128585808279044
0.08192872556156175
0.08253708494247837
0.08224448563353466
0.08222027084818093
0.08196648652013426
0.08201598450661676
0.08201598450661676
0.08166380051214947
0.08199219046538186
0.08218339520015215
0.08223728539263805
0.08278647260989591
0.08133513358694151
0.08131109700997204
0.0804440915088518
0.07931539896508343
0.07855170370374233
0.07951846664792897
0.0783336679262943
0.07914467024363188
0.07878052330956505
0.0799260411979771
0.07915572293968169
0.07927470776217949
0.079699612764355
0.0798478005076556
0.0798478005076556
0.08123387407841169
0.0806247239388837
0.08058536380539967
0.08035437294067119
0.08049545477094967
0.08212742272689388
0.08220183496486445
0.08516273289131134
0.08516157740227795
0.08471150453386841
0.08482832477586155
0.08502102432442181
0.08502102432442181
0.08427300596339521
0.08417751522845167
0.084364656403558
0.08436150587878942
0.08518805489758664
0.08575471414900354
0.08575471414900354
0.08779902420937401
0.08779902420937401
0.08830046005490472
0.08840825087232432
0.0879429138004144
0.0872116716951109
0.08716093862393098
0.0871321948174482
0.08782551632232408
0.0878378169360032
0.08815468777763755
0.08926365713639356
0.09135057368312392
0.09117793389427227
0.09129021960157128
0.09262555135325833
0.09242907641638806
0.09242907641638806
0.0933036299764594
0.09331267794498176
0.09321466221054767
0.09217695473324872
0.09192600995506744
0.09065345613402156
0.09065345613402156
0.09163546963801672
0.09042294171621694
0.0904944977352707
0.09088859728696261
0.09093331296327324
0.09093331296327324
0.09123048177800626
0.0913087267078311
0.09135473541914407
0.09084953941577466
0.09194465816862966
0.09187512179096224
0.0917480936583039
0.09176533743418695
0.0917334903201363
0.09146598327611818
0.09141423894298074
0.09116255320807741
0.09070953661815534
0.09079549760535059
0.09079549760535059
0.09056980715133224
0.09056980715133224
0.09177096162159798
0.08843709979914366
0.08823259969211654
0.08827571491400167
0.08827571491400167
0.08818661500862614
0.08858354572010846
0.0885754152002831
0.0885754152002831
0.0880722474325283
0.0880722474325283
0.08690207843876793
0.08690798645454623
0.08690798645454623
0.08716691615400715
0.08872909317752002
0.08570516215124821
0.08586779697558747
0.08586779697558747
0.08586779697558747
0.0866240983949711
0.08676914871245636
0.08661290094321918
0.08844636215342565
0.08818258263728299
0.08760023918117674
0.08760023918117674
0.08759820144711328
0.08748910602284311
0.08768550365221295
0.08768550365221295
0.08768550365221295
0.08813193455235831
0.08828782374328112
0.08836369701118336
0.08880042002848852
0.08946128180892506
0.08929856939963833
0.08929856939963833
0.08929856939963833
0.08954037325313573
0.08954037325313573
0.08806104031945572
0.09037356931280874
0.09034845682870492
0.0899308271310457
0.08996012396571057
0.09029034848970696
0.09027705395905855
0.09027420791978343
0.09055698138300912
0.09025268606112358
0.09010560724028766
0.09001159191436069
0.09000999363962951
0.09085523483647434
0.09085523483647434
0.08974666219277272
0.09054180004757305
0.09054180004757305
0.09164585031409629
0.08687980842499639
0.08641415871651954
0.08391744861107582
0.08402097152287782
0.08316648071312811
0.08316648071312811
0.08296655786782231
0.08412654183239454
0.08412654183239454
0.08493634363165921
0.08476694405152235
0.08479589339307897
0.08496413874692986
0.08469799905979652
0.0845512578726025
0.08391817389666122
0.08384833004447528
0.08261426109788039
0.08244767028606982
0.08244767028606982
0.08242639512835424
0.08243045390055967
0.08244699995925253
0.08432077513238863
0.08434791384118705
0.08437853141554169
0.08399327216293714
0.08304571044437772
0.08304571044437772
0.08304571044437772
0.0833777083161711
0.0832286857287369
0.0832286857287369
0.083455302570187
0.08307190663934214
0.08307190663934214
0.08307190663934214
0.08256356924349105
0.08021057595457222
0.07996386949309955
0.07994602301838076
0.07934701948970706
0.07934701948970706
0.07934701948970706
0.07934701948970706
0.07902212831512691
0.07920977671853104
0.07819870007486866
0.07819870007486866
0.07832324762631315
0.07839270722433336
0.07839108713427835
0.07839108713427835
0.07839840911851288
0.07843362356123189
0.07708954408225975
0.07704105525263401
0.0757494420062077
0.07584512519391143
0.07557268379779336
0.07469539509836454
0.07562354681581074
0.07559531518847386
0.07562135570004651
0.06970660287200639
0.06977277834011221
0.06981052302426553
0.0698592357502811
0.06936061557946802
0.06936061557946802
0.06936061557946802
0.06893126970936352
0.06893126970936352
0.06929088469385933
0.07053061362502033
0.07064211788693825
0.07068831561910416
0.06965872212251042
0.0693743666010589
0.0693743214848057
0.06934858097884462
0.06934858097884462
0.06932539877499262
0.07052587522898976
0.07068447604406061
0.07042538000164618
0.0704723638147073
0.07068750055629948
0.07067433880525976
0.06999291599769776
0.07016747174169903
0.07072098126396692
0.07072098126396692
0.07072098126396692
0.07076072979683291
0.07041551224979087
0.07044832743411525
0.07044832743411525
0.07087092306086033
0.07080277416685198
0.07009172495952919
0.06887206480566067
0.06894852435909671
0.06872972411905272
0.06913818837038248
0.0691102788193664
0.0691102788193664
0.06904578996344658
0.06904578996344658
0.06904578996344658
0.0690043202809262
0.06903566709704118
0.06886101171749105
0.06888345033968643
0.06911575312317862
0.06911575312317862
0.06913830377666894
0.06913830377666894
0.06913830377666894
0.06911691246887243
0.06939435978687296
0.06949077542893836
0.06303807907985749
0.061345665984141644
0.06021415136975226
0.05985830280083945
0.05985830280083945
0.058795965826628764
0.058795965826628764
0.05885369997100513
0.058134894654941996
0.059385834000595654
0.05900936889024327
0.05900936889024327
0.05900936889024327
0.05900936889024327
0.059255463051343035
0.05997406325364239
0.060047633304245826
0.060199889937206014
0.060536662492852514
0.060536662492852514
0.060533813157381225
0.05974313957003837
0.05974313957003837
0.05974313957003837
0.05974313957003837
0.05964042109064267
0.06001025771759713
0.06112934456062811
0.06063761953555346
0.060959279213171985
0.06054300899648241
0.06054300899648241
