0.0466667 -0.029202519142020433
-0.0866667 -0.1203848476367737
-0.3733333 -0.3536386614939025
-0.1533333 -0.30831982922365875
0.0366667 0.06088154799550993
0.0066667 -0.020014579236229013
0.7633334 0.8456853515861638
0.61 0.7378114674252161
0.3833334 0.3650610990295599
-0.28 -0.3112811258420524
0.56 0.5714703427867612
0.1633333 0.3023107910113487
0.1266667 0.16938210998608863
-0.71 -0.6810951216221128
0.9666667 0.996983487792962
-0.86 -0.8851108619666884
-0.59 -0.6329539615723946
-0.2366667 -0.2296620187041638
-0.4033333 -0.3790457148552579
-0.7566667 -0.8676324114836074
0.7133334 0.794600471739918
0.4233333 0.5029487373443093
-0.2933334 -0.3890177604880059
0.72 0.7214792883999629
-0.9666667 -0.9444307594225072
-0.9966667 -0.9904728352586333
0.9833333 0.907181669012724
-0.6666667 -0.7509068363298953
-0.17 -0.1968551364867765
0.9 0.9354486047946384
0.03 0.013411022302734998
0.27 0.27517006861778937
