0.0466667 0.10902398247169592
-0.0866667 -0.013260701457741941
-0.3733333 -0.5062073887487469
-0.1533333 -0.18110282933630073
0.0366667 0.07003195929958675
0.0066667 -0.06231798065734767
0.7633334 0.6123600330684232
0.61 0.5273834091858894
0.3833334 0.36946455729419053
-0.28 -0.25628470168616874
0.56 0.5761123004895413
0.1633333 0.19898861769201243
0.1266667 0.1613426538546362
-0.71 -0.6627386067445499
0.9666667 0.9106786292422073
-0.86 -0.8545871954861157
-0.59 -0.5862689429999768
-0.2366667 -0.26861700191658133
-0.4033333 -0.3338172006408869
-0.7566667 -0.7147319520532418
0.7133334 0.7293505586130143
0.4233333 0.4678838532183899
-0.2933334 -0.28814310223764916
0.72 0.757443941091627
-0.9666667 -0.7949005973840068
-0.9966667 -0.9690888690584588
0.9833333 0.9139739730963199
-0.6666667 -0.6415569999353317
-0.17 -0.24812104571452043
0.9 0.8995813504741217
0.03 -0.015565295089642772
0.27 0.29096429018596626
