0.0466667 -0.01643643945019818
-0.0866667 -0.2605914412931415
-0.3733333 -0.37017109107701435
-0.1533333 -0.14170552998961178
0.0366667 0.04540930219205486
0.0066667 0.0012080899012167357
0.7633334 0.766188095709383
0.61 0.6104749771454266
0.3833334 0.3672210482997518
-0.28 -0.12147316894868615
0.56 0.5884770059108941
0.1633333 0.1508063771876859
0.1266667 0.11852553512582803
-0.71 -0.7024752652776486
0.9666667 0.976382750066433
-0.86 -0.8556377551510902
-0.59 -0.6572533032435649
-0.2366667 -0.2179869871744431
-0.4033333 -0.46423066390097206
-0.7566667 -0.7416606405600162
0.7133334 0.6995618562550088
0.4233333 0.3501367521640607
-0.2933334 -0.2269625448392556
0.72 0.7244725989336593
-0.9666667 -0.8252917121337182
-0.9966667 -0.802267130741493
0.9833333 0.9105320198796146
-0.6666667 -0.6038873059164295
-0.17 -0.1425699642483899
0.9 0.9094598613361746
0.03 0.07313581387612578
0.27 0.2826712905789236
