1.38448165748049
1.1868222207523407
1.183701893076581
1.1846765406563031
1.186448449428352
1.186067612031979
1.1871512799694408
1.1874642327974476
1.1874957441990193
1.1867865413947851
1.183445685080919
1.166550287590852
1.167365569648692
1.1660478996978145
1.1641711048749697
1.1687487025998267
1.1796504604067795
1.1776070056729135
1.169267418345427
1.1655887992938507
1.1619820429456507
1.162280898401014
1.1648207750820683
1.1698847205294898
1.1472166574406142
1.1206721323331224
1.1203888913016458
1.1247673868680985
1.1232907588432806
1.1234560944783198
1.143715383854854
1.1437693873832284
1.1483438550612883
1.1503982573195355
1.144524350134116
1.1444431747878874
1.1431149449127547
1.142661823143793
1.1425861076943555
1.143339571883077
1.143341606714551
1.1440572182197921
1.1486017288219021
1.1503880384441363
1.1491703606076498
1.1500830448220687
1.1474448888790003
1.1476018147052744
1.1469395948176075
1.1457853720564133
1.1427859801566957
1.1539536375343704
1.1508494689316848
1.1512539963809298
1.150227067953551
1.1494501444704277
1.1333344602459077
1.1200826666997132
1.103643548638156
1.1061474933836066
1.108491251556253
1.1327431619752024
1.1443154170237542
1.1580924884296575
1.1631337410932028
1.1635598898950172
1.163251074472057
1.163251074472057
1.1590376460951906
1.1596571028458933
1.1616393055598597
1.1616393055598597
1.1448030304521877
1.1543841051967592
1.165850268588637
1.1582631292582486
1.1412138333820285
1.1391253021013363
1.1329589479692368
1.1258683669034673
1.137046772445275
1.1352037691302799
1.136680233502762
1.130751299849142
1.1317058566961118
1.130864828707594
1.1400374062104337
1.1434190850707275
1.1453482499730911
1.1464544539129329
1.1403246914181755
1.132261268223008
1.1406531801994937
1.128959702500393
1.1430811290654037
1.1392168596901615
1.1400310255624995
1.13324018788125
1.1396358854385689
1.136939407426883
1.1439520819497249
1.1470228255692128
1.1470228255692128
1.14660140615353
1.125819528053735
1.1279452105627292
1.1232601148930283
1.1642025324604772
1.1640149529978232
1.1650247304210493
1.1814334710437273
1.1957739485808518
1.169111725284894
1.181225805754521
1.1704589256620115
1.164159009838098
1.163126244761561
1.157758817338101
1.1601518397470332
1.159183537548592
1.1621927717920912
1.1454105454652344
1.1456001630355988
1.1455122569559306
1.1452172058002081
1.1460808503622029
1.1350857618720025
1.1193821783997846
1.1187618710712162
1.1081669301293717
1.0949241234501996
1.0949241234501996
1.0851432985049259
1.0790542061259567
1.079570488098723
1.079570488098723
1.079570488098723
1.0789307928134317
1.078112472366304
1.072715804354778
1.0756249685090395
1.0832719440187955
1.0828853412442456
1.0833598547726782
1.08706419291859
1.0884522931136145
1.0920508901291446
1.0995098645003194
1.0974392658144156
1.0974392658144156
1.0932885684106477
1.0861118533483691
1.0871028171930148
1.0870973303420368
1.0844015830566276
1.0734007614250365
1.0686048661795227
1.0654176213523439
1.0851213383901337
1.0851213383901337
1.0816208606026776
1.081198182969763
1.0758191091765836
1.0791350139743274
1.0792792175869914
1.0792792175869914
1.0780157746415655
1.0777417181591238
1.0777417181591238
1.0777417181591238
1.0778923425498415
1.0757173270712905
1.076545465696639
1.0722920235404365
1.0829982991432
1.0830964890595556
1.0866380202427395
1.090458572946654
1.0876071087867158
1.0862417952002252
1.0934412131659121
1.0914305863274112
1.0879237172419194
1.08612904651658
1.0921670980287856
1.0895279170328334
1.0894375196295776
1.089868256164855
1.0897890546687912
1.094302791172587
1.1025207589742971
1.107211346587021
1.1163938628264687
1.1182880633277796
1.1150327258876813
1.1166576845896623
1.1159577076462879
1.1165768845054431
1.1126103405456769
1.1126103405456769
1.1184612992330263
1.1191432064493139
1.1240739099211658
1.1284409486411706
1.1159293338602951
1.1156095165037567
1.1379993524079282
1.1379993524079282
1.1371150607350806
1.1410009432664028
1.1412443198176645
1.1412443198176645
1.147372943239367
1.1487192480420796
1.1481927889201722
1.1455335153243553
1.1658397769947801
1.1658397769947801
1.1658397769947801
1.163712733858244
1.1674330369507853
1.167603321871407
1.1678520395628726
1.1708699580960515
1.1708699580960515
1.1708699580960515
1.1708699580960515
1.1707702417844703
1.1516157184642046
1.146113899226262
1.1492176370176825
1.1456525043171557
1.1582008346762855
1.157178005656229
1.1627950619622587
1.155610335129892
1.1603231097269593
1.1532552989702005
1.1502765777847535
1.1419854670554108
1.1697148449251271
1.1697148449251271
1.1695992545397154
1.1627948516963382
1.1553010816523817
1.1552303791167722
1.1692521950619927
1.1665734905129164
1.1509952332748354
1.1511569374832094
1.1705803801673584
1.1702598388819716
1.151836308891513
1.1517127889132555
1.1460594141173583
1.1491617822217222
1.149590736041314
1.1552184920461546
1.1632789824861487
1.1640314134906025
1.1740419140860903
1.167922433765913
1.168292441813203
1.1640025001108942
1.1683857172444798
1.1646501966324303
1.1657877131899839
1.166155850109399
1.165801944465478
1.1798021826272813
1.1777457840103565
1.1777457840103565
1.1777457840103565
1.178273348260327
1.178273348260327
1.1733993786609618
1.1771532575914752
1.1742495656721317
1.155928521066719
1.1540225183946244
1.1482199065606375
1.1501785452125934
1.1472121214883997
1.145673261520307
1.133559120898191
1.1363998969655167
1.1389437023614917
1.1351025916337425
1.1332476590130993
1.1343268173859562
1.1409401728252107
1.1417000623556472
1.1402375994143694
1.1362093061216019
1.1280205434905402
1.1269321586658547
1.1269321586658547
1.1267066107374402
1.1255870246394473
1.1178802948802167
1.1224951572940993
1.096211839619255
1.097431431100513
1.1047048057287128
1.0971456249019058
1.096975495176636
1.112903993386524
1.106245760271871
1.104511166481281
1.1026408378143842
1.1029477829471594
1.0933113652656765
1.094665509535871
1.0934427109022795
1.0951711176540682
1.096333800146784
1.1091046217635676
1.1151578660856771
1.1278662965621384
1.127074079445659
1.127620979247728
1.126978736691043
1.1249908847637784
1.115314938035938
1.111839107077162
1.115135946517471
1.095558365410296
1.1095389120186956
1.1067665178256518
1.104881964917942
1.1002103433743293
1.0912384111282487
1.0914924638856474
1.0926126248119457
1.1044882493276726
1.1034803063352001
1.113839378128602
1.113839378128602
1.103329746937643
1.1037635684718816
1.1052838686228832
1.1035951315897496
1.105308326469139
1.1048710391380725
1.105021130644789
1.1161051898991636
1.1044466818542251
1.1178856155036259
1.118592841843064
1.118592841843064
1.1189751990811223
1.1089603746877865
1.1103325181217176
1.1026115578500026
1.1003467011863977
1.1015377616751816
1.1022107292630203
1.102517481965477
1.1037233236786597
1.1023709911804174
1.101407828015047
1.1017249034104746
1.0962610613787351
1.1016584219961696
1.1226570466798325
1.1225835161536073
1.1284581737807735
1.12309618071199
1.1256325951957231
1.1190355961005487
1.1399897346781893
1.1398013949374717
1.1327526633636862
1.1132037740348035
1.1192070749723864
1.1192070749723864
1.1173337478099583
1.1183737093891828
1.1275395609421768
1.129116865606822
1.1313760336445768
1.1242934681425205
1.1528375582193195
1.131046336282373
1.1367384654647292
1.1511529813446388
1.1562386958082649
1.1623841344639083
1.1634974284972674
1.1584224605801507
1.1701150579957904
1.190427650388237
1.1938407003047002
1.1934599131761319
1.1913842961184673
1.1961007194945608
1.1960666988071862
1.1904199615339477
1.2087637577492003
1.2052362807884693
1.1876596843012674
1.190188664813805
1.1939498814980043
1.186680210666979
1.1777983154650464
1.1777983154650464
1.1934635562297595
1.1934635562297595
1.1908322531670088
1.1965641580290842
1.1866617458500983
1.1806615531192874
1.1798332016176671
1.1806913489785682
1.181637569122526
1.1886197912383831
1.1886197912383831
1.1886197912383831
1.1858996243216473
1.1874040180939118
1.188544418346081
1.1930782745563466
1.1990525593203976
1.2131979341104255
1.2121239235310468
1.2121239235310468
1.2080478962390824
1.2089825120728455
1.2076778377348263
1.2041005462364125
1.2041005462364125
1.2039993143446013
1.1972938120911953
1.199543709716586
1.199543709716586
1.2069257633220667
1.205142421868194
1.1869626110910334
1.1769090778590554
1.1759861274448238
1.1784959352840705
1.1855997787093102
1.1981817937450798
1.181337934184146
1.1779889490260773
1.1699259125225412
1.1439685677957783
1.136012032306365
1.1362148375766923
1.1178145911470905
1.1114027002594422
1.1098187457123259
1.1178566863450008
1.1291256442042072
1.1291256442042072
1.1291256442042072
1.1290291167861737
1.1368752528441661
1.1261281684836397
1.1194696622749611
1.114919087316507
1.114792434333736
1.1119378791332875
1.1119378791332875
1.107520624020967
1.1186057332682902
1.1186928950053372
1.1111953037343896
1.105001062084448
1.102312443408596
1.102967112342792
1.111414027939134
1.1114316882266637
1.0982592101477315
1.1164013163741406
1.0915820640811125
1.0906661936912365
1.0906661936912365
1.0821096646909723
1.0836911967508904
1.0945572634507874
1.0840929295661357
1.1036398224639001
1.1139686221875136
1.1205366111524024
1.1121675540654283
1.1111089302861432
1.0962654984169689
1.102130944730418
1.0989101793932556
1.0990760996350821
1.0992590781633418
1.0954320707240026
1.094548062040205
1.0921424566843452
1.0829458200143163
1.0850825550992358
1.0862312253821602
1.0862312253821602
1.0880585759627637
1.0899944461224917
1.0887818154557878
1.0877347586056796
1.088131186213103
1.1045840281404296
1.1026370338630858
1.1026370338630858
1.1167329337696645
1.110210747283441
1.1020215879437563
1.098979967351394
1.1039512868188017
1.1053964077931453
1.0902560086459339
1.0915186785339512
1.0737047579587122
1.083695066918751
1.0835014091318687
1.0872757594534628
1.0799939973996897
1.0804235032651677
1.0879935376396104
1.0897873521890085
1.0878446902820618
1.0886766329238022
1.08795727609426
1.0910630002256787
1.0910630002256787
1.0966498964535425
1.097407224800483
1.087688642238055
1.0873856048408987
1.087460818761232
1.0884008348677128
1.0787419479316842
1.0680665107613745
1.0661617740338163
1.062606146091161
1.059319751912616
1.059319751912616
1.0587310761224324
1.0477161800599768
1.0434894537041826
1.044514959938896
1.044514959938896
1.0446627979673326
1.0321834148752322
1.039406633904088
1.0380584244774334
1.0350357529410934
1.0310940279231435
1.021131461312192
1.0146719745096093
1.014828385462625
1.0078860341884524
1.0068277365493778
1.0060278691271927
1.0089010310549742
1.007084928915227
0.986377584337538
0.9605746992609041
0.9605746992609041
0.9603745802379011
0.9588166460937663
0.9604352347881233
0.9560810058182878
0.9642908026945763
0.9520599027403963
0.928238697126881
0.9135857833654845
0.9235486295082109
0.920024021321818
0.912438093677807
0.9124467787783378
0.9123103824504016
0.9132594874823515
0.9037077682571015
0.9038479214664599
0.896839935588425
0.9014098740990715
0.9113308564558473
0.911285568898961
0.918818523456013
0.918818523456013
0.9226369222166954
0.9241191848314703
0.9241191848314703
0.9233010905434867
0.9233439353972456
0.9225563773158044
0.9231148053814985
0.9215761924914573
0.9238375104645239
0.9195198421726416
0.9214553699840347
0.9215318878960423
0.9236165845501361
0.9261608096136094
0.9164182368929588
0.9164361651169636
0.9193602833457933
0.9193602833457933
0.9204709023018988
0.9246089623572848
0.9243012669497436
0.9118476530458548
0.9178576171963857
0.9190753170414203
0.927384640722037
0.927384640722037
0.932140644053325
0.9267480788352169
0.9292446529941358
0.9390281159161031
0.9436102386335792
0.9436102386335792
0.9506152485266877
0.9506152485266877
0.9435852492663895
0.9538652336363806
0.9621719752779418
0.9702600376466989
0.9667578750986693
0.9657343237669634
0.9753278474575993
0.9665369921658673
0.9509853942201704
0.9510368021680821
0.961480283343094
0.9764933077573162
0.9838320818882035
0.9756656419356409
0.9770432140792661
0.9770432140792661
0.9756504754043496
0.9790720652029707
0.9872194485557542
0.9885309440072187
0.9776286937367411
0.9802463845221083
0.9797340837237636
0.9742702779248501
0.966153334606507
0.9865852702807472
0.9865852702807472
0.9877324834401393
0.9535765486960586
0.9541135139835853
0.9541135139835853
0.9573940116348945
0.9497960498403049
0.9490289947842026
0.9401305390444913
0.9525368009780301
0.9451973921674418
0.9508953315981807
0.9516030305393393
0.950516537886101
0.9588755544550898
0.9682834741024192
0.9612997076200784
0.9611178652000445
0.9619945233181404
0.9694511255348136
0.9709286887350858
0.9450403939898288
0.9368086967162501
0.9359945909487727
0.9348643929618432
0.9397870527769739
0.9397870527769739
0.9403672452932123
0.9398763052955588
0.9375512666720892
0.9239109769953481
0.9482025727888536
0.9624499643542606
0.9523629757476231
0.9489296152409984
0.9489296152409984
0.9536649971442743
0.9630281999801046
0.9593474601539896
0.9593441052600756
0.9563965440877458
0.9631452864940291
0.9592445481657599
0.9582083148618775
0.9614524083086292
0.9618061749776093
0.9634923051124737
0.9652124162619752
0.9644819836984736
0.9617635509916781
0.9506957042936106
0.9462831404882497
0.935470596365942
0.94285851774343
0.9428875022489529
0.9428557631298621
0.9460035546642287
0.9462770883919462
0.946643961402576
0.9589121981672356
0.9628759632628517
0.9651801613521627
0.9850850306544922
0.9901847324358961
0.9878219795617622
0.9921964181556046
0.9930531459459934
1.0086870917237032
1.0086870917237032
1.0108943383411388
1.010348947840998
1.0248348285323785
1.0248348285323785
1.03751615970217
1.034716685478299
1.0402527665670849
1.0499772746908465
1.0480990051389558
1.0480990051389558
1.0446257842613207
1.0304788152656303
0.999606932225131
0.9958712225952105
0.9961484295415124
0.993757273540067
0.9997637781793175
0.9907738007528354
0.988861196269804
0.9878291461469242
0.9930368799026918
0.9930368799026918
1.005869898686038
1.0114172578702114
1.0042813517010167
1.009095766677061
0.9915618410615199
0.9900528683378489
1.002555616063952
0.9919347259993762
0.9919347259993762
0.9919347259993762
0.987779683259578
0.9783778834905954
0.9710768528680699
0.9520825573740355
0.9520825573740355
0.9577738429366607
0.9635227140668376
0.9484265870123968
0.9430036267855274
0.9366427667802378
0.9366427667802378
0.9366427667802378
0.9366427667802378
0.9366583002560581
0.9368053177782777
0.9371680879713262
0.9447513074690724
0.940427251944998
0.9535309511592426
0.9535309511592426
0.9534458415008688
0.953377872588658
0.953377872588658
0.9663880481210906
0.9583915620485964
0.9591446469034026
0.9550037265535134
0.9610951436183474
0.9610951436183474
0.9643896854611839
0.9643357196386105
0.9606040500768165
0.9723837147469653
0.9725533613410859
0.9892156683606488
1.001355309301984
1.0029288662060274
1.0036774588581936
1.0038253181752497
1.0091614234642856
0.9982515323372843
0.9951780600499341
0.9870104767464536
0.9870104767464536
0.9915707738086993
1.0032054496143685
1.0190578781163204
1.0190578781163204
1.0189797314510058
1.0195345907317122
1.01082211680812
1.0109741118768922
1.012247575651918
1.0127685488877716
1.0126669168930447
1.0021116371940193
0.9813339660223744
0.9829673934852072
0.9808148844753416
0.9881788690245854
0.9881788690245854
0.9856946797689655
0.9856946797689655
0.9815073979978269
0.9807686366200091
0.9898976019578332
0.9997331774727071
1.0061606260040366
1.0059615992301438
1.0350582771400236
1.0350582771400236
1.0346101055870076
1.0345323375107354
1.0277431610493353
1.0309946171560536
1.0272999908268146
1.0272999908268146
1.0148831447317073
1.014537870536037
1.0182669316421973
0.999485327865432
1.005449486034526
1.0046879752640288
1.004526837153736
1.004526837153736
1.0071596134163827
1.0103506758842113
1.0097462607572845
1.0161260851498115
1.0078764094781096
0.9992940346337975
1.009440528397532
1.0104870175177383
1.0099968912806496
1.0102403339577568
1.012240173748767
0.993273672337442
0.9646531696761294
0.9646531696761294
0.9700415323719132
0.9673089126032857
0.9516667843946482
0.9654511302342204
0.9654511302342204
0.976395261567165
0.9629980433330817
0.9675908370602615
0.9675908370602615
0.9675908370602615
0.9551939205184756
0.9448665268112466
0.9431639482894965
0.9506483247169999
0.9277908472475166
0.9156755250164867
0.9102044374140518
0.9099081146109618
0.9099081146109618
0.8988214595556294
0.8972932042938161
0.8771335948820058
0.8740452752716426
0.8699423211911881
0.8718137121225568
0.8701226475626122
0.8699935717517288
0.87283640351355
0.87283640351355
0.8854711498535874
0.876248751441744
0.8725059993548085
0.8856222075903805
0.8850153160261448
0.8850153160261448
0.8912694029491386
0.89727623392937
0.896352769455406
0.9009806304882105
0.900346273012828
0.8994008998111951
0.8851750389613732
0.8845899780000546
0.8880317537898648
0.8874296661389357
0.8838973778497989
0.8838402735121852
0.8822057904152208
0.8769489650262908
0.8705248865898397
0.8681547207473875
0.8676407046764908
0.8944372634631952
0.8924584593145235
0.8964978028208579
0.8964978028208579
0.8978180503468617
0.9022666382268187
0.898400831255103
0.8991469956637884
0.9090789437605116
0.903197078597792
0.8853713932438622
0.8755442857367597
0.8735088943807658
0.871433242459885
0.8623307289195635
0.8630084654013276
0.8606234380004523
0.8606234380004523
0.85329924057297
0.8540700854572787
0.8679958154896465
0.8669056213732733
0.8683660761104613
0.8781644234170994
0.8591415685440087
0.8598027588376971
0.8538540200022241
0.8469610055908319
0.8732598903344413
0.8746536800443588
0.8746536800443588
0.8673528467168128
0.867104618273079
0.8574432555704442
0.8615746913522098
0.8640863181117303
0.8678967422998104
0.8621841050024475
0.8653435872395641
0.8530103185835909
0.8530103185835909
0.8509246929664852
0.8522241040838348
0.8564922072570066
0.8693818554774716
0.8738590631412364
0.8785013842267144
0.8784905301441855
0.8788245064995438
0.885686345550721
0.8863266983212569
0.8868226990483787
0.8816132650762025
0.883486373844949
0.883486373844949
0.8820126182150491
0.886568038042755
0.8916105543952388
0.88756765049218
0.8868889133041882
0.8783356507800648
0.8755155266625408
0.8996503693175631
0.8966907455121937
0.8947818730234474
0.9067900966399266
0.8976831683639627
0.8960985054638214
0.9075657087549169
0.9107488514310952
0.9103738740758017
0.9291374660564161
0.9276828938148497
0.9227780976136915
0.920955696277648
0.9175883018938235
0.9274817782800642
0.9274817782800642
0.9130321212603523
0.9130321212603523
0.9226182063981128
0.9041604715838765
0.9041604715838765
0.9041977568973312
0.9041977568973312
0.9041977568973312
0.907397869689205
0.9028423869107817
0.902554586430442
0.9034505612035657
0.9034505612035657
0.9161501752354821
0.8993485649027398
0.9015891976955497
0.9015891976955497
0.9073348680421468
0.9079694181393722
0.9086221695098227
0.9107675556326171
0.9146815915059542
0.9158694825880136
0.917443065985009
0.9106429932937992
0.9093106743467693
0.893250327262171
0.893250327262171
0.8855656656976432
0.8843401921487282
0.884010927268294
0.8836353330495653
0.8881815770089416
0.8899454271867567
0.8832777180085609
0.8670775522154114
0.8690944486377599
0.8573667861482029
0.8497923932604782
0.8368905043603245
0.8464548286749776
0.8363174573296186
0.8318263214912858
0.8335882394452891
0.8331271044677202
0.8394621739935717
0.8394621739935717
0.8299973071273467
0.8299973071273467
0.8265092229172822
0.8253923802515447
0.8259312535097596
0.8054303214748157
0.8057064739462686
0.8108003186905769
0.812207890100129
0.811879637890707
0.8082116067669705
0.8151662113457316
0.8151662113457316
0.8130797498777246
0.8124975361834991
0.8076925948007333
0.8221702433319793
0.8065362134306809
0.8133839578740742
0.8133839578740742
0.8133839578740742
0.8040557585931337
0.8040557585931337
0.8020998032705877
0.8020998032705877
0.8042924299896149
0.8026753372912703
0.8026753372912703
0.7997934182232953
0.7995910429590406
0.7942796738818498
0.8053258776977025
0.7990861040053963
0.7988700319342702
0.7988700319342702
0.7781108694050131
0.7501534476360053
0.7434725506546218
0.749698781963125
0.7701778441541837
0.7780256558364949
0.7825343735749425
0.7826535866517956
0.776766780858532
0.7697548543932263
0.7697548543932263
0.7685162996657458
0.7697676827458675
0.7715289753919541
0.7712635339674465
0.7720241838114352
0.772332462522161
0.7654873161224872
0.7652939125312971
0.7648165217542298
0.7649113528994188
0.7649690921172154
0.7607486302617062
0.7506797894815259
0.752231898534551
0.7565580296508408
0.7562443062354455
0.7539894018196635
0.7524690304708355
0.7670669717214597
0.7602763867141052
0.7634014647615388
0.7767761509739889
0.7805430373417819
0.77928005889498
0.7757570398831123
0.7939064313685016
0.7880591088824098
0.7880591088824098
0.7824763458066416
0.7720457530531635
0.760136757697839
0.7553010370501156
0.7553010370501156
0.7571843938764484
0.7528162227507054
0.7504010844245506
0.7547894137332994
0.7595086292324854
0.755458042102478
0.7577869303374273
0.7624331745712027
0.7624331745712027
0.7574018118090351
0.7587543228022382
0.7564912236162966
0.7580166246168559
0.7661850572746053
0.7682969482118253
0.7744575812771438
0.772535132742191
0.767608041216105
0.7492612086189744
0.7508513364686045
0.7482152414149983
0.7559512989493383
0.7559512989493383
0.7542447434915931
0.7480887432683697
0.7470825115741007
0.742175216425711
0.7240846802378351
0.7356585505196337
0.7493061106294575
0.7505787335460716
0.7458183371791126
0.738835415109146
0.7391772177644305
0.7385790917169226
0.7459111612452153
0.7459111612452153
0.7475246970275196
0.7397016668561446
0.733035107029064
0.7298295126451716
0.7303555746438191
0.7310027558421638
0.745883711156561
0.7371742443889673
0.720336893858157
0.7185311164058427
0.6979185720034452
0.6985469754400161
0.6987257469170584
0.6892541833118427
0.6867347272979459
0.6814117707582357
0.66575024392744
0.6605426525654823
0.6605426525654823
0.6607522889112437
0.6607522889112437
0.6558769388486528
0.6558769388486528
0.6507125605868281
0.6569469199260753
0.6442735054523626
0.6415617314038168
0.6177753765098314
0.6214567799549
0.6228468540940751
0.6437236460990653
0.6456591812599858
0.6466000028325001
0.6532309840687954
0.6630988593144993
0.6479264950941871
0.6447117002965186
0.6376111174810586
0.637701555482618
0.6378723287937521
0.6343570645604826
0.6417331931855406
0.6406168795706387
0.63722453444702
0.63722453444702
0.6361408301233655
0.6400516611117361
0.6400516611117361
0.6338636229031404
0.6354925182826127
0.6381707421631153
0.6174772833540986
0.6142779663754708
0.6188144721830003
0.6250978075001858
0.6275237109463491
0.6284647945974483
0.6272454231770271
0.6272454231770271
0.6083974273455325
0.6071122148529254
0.6107891182437841
0.6026463033406084
0.5788456635249786
0.5783912864015321
0.5716229830545952
0.5628497568649479
0.5656782251867811
0.5717150607437912
0.5831173270079246
0.5826794172651724
0.5865523634510825
0.5865523634510825
0.5775487893692582
0.6038426941951284
0.6038426941951284
0.600221725496559
0.600573961501917
0.6026452348315794
0.5922554998673663
0.5993877185270156
0.600103481285992
0.5988066486241355
0.5988753933984988
0.5879770164502688
0.5885311464412133
0.5803315034966363
0.5819489549310859
0.5878699803740013
0.5920345102251495
0.5964032289952754
0.605158348419762
0.6049998669675389
0.6200698359858265
0.6258374407172774
0.6320275725120028
0.6347817768077998
0.6451175117816698
0.6261664455923382
0.6199415322296816
0.6155493780545489
0.6088769256932619
0.6089154309933525
0.628744425795665
0.6310160450054204
0.6420358132390269
0.6506123981702491
0.6422053369310813
0.6438730567481734
0.645038750245874
0.645038750245874
0.6466816690839607
0.6599580617733853
0.6758376124614472
0.6680211223198188
0.6680103674133692
0.6680103674133692
0.66788557123939
0.6760714319347599
0.6757071588756246
0.6740508710296971
0.6802296931090026
0.6802296931090026
0.6802296931090026
0.6828680104892034
0.6732202138419033
0.6691110222608205
0.6940158568329923
0.6683834697884197
0.6683835652113482
0.680587292866402
0.6882067695460193
0.6890459994143275
0.6883884335213473
0.6891332569410707
0.6891332569410707
0.68939645416476
0.68939645416476
0.6881423504921377
0.7034632314853051
0.7073139603563096
0.7168793735791635
0.7170714198776694
0.7189526555723104
0.7218568272800241
0.724002991499212
0.7071136193286395
0.7085133934699145
0.6906082723484702
0.6913753599883071
0.6934980481735946
0.7311214180849409
0.73470535960795
0.73470535960795
0.73470535960795
0.7325495395606436
0.7200892487786353
0.7313689393656684
0.7221861177872411
0.7221861177872411
0.7243605679240066
0.7245144938764363
0.7257335735368098
0.7257335735368098
0.7117519462232899
0.7030580155541628
0.7014274162133172
0.7014274162133172
0.6974173656678903
0.6961841534203128
0.6904839931486099
0.6904839931486099
0.6919584164183947
0.6919584164183947
0.6884424823977293
0.6712591088149994
0.6712591088149994
0.668603678785488
0.6729607845052651
0.6765152289634335
0.6765152289634335
0.6784553272612277
0.6824281687476335
0.6787413378207587
0.6787413378207587
0.6743335594914869
0.6874486323748634
0.6963091978226494
0.6913469887278898
0.6904875174243376
0.6899844627576249
0.6590115182479498
0.6469581836993697
0.6476958746263138
0.6518666787654508
0.6518666787654508
0.6507774012246463
0.6559715316249553
0.6403524498891318
0.6485067912803636
0.6487665630950201
0.6430342367937653
0.6396858252215682
0.648603833259062
0.6448903865733978
0.6441420356360619
0.6396672299087763
0.6396672299087763
0.641948878956664
0.6458081497319593
0.6346561207550057
0.6410785484791635
0.6431232446850784
0.6368187871272755
0.6408869807619562
0.6428627299794348
0.6437153304472985
0.6521349240855069
0.6535638237543335
0.6560056957420708
0.6662411854345892
0.6686169159813337
0.669117071779741
0.6758984505746539
0.6945234479779382
0.7006298270360911
0.6998794381079024
0.6998547113015815
0.7003345743016983
0.6988896832660055
0.6988896832660055
0.711334285245476
0.7188193595407069
0.7330565025326535
0.7533867191436662
0.7546934983419967
0.7546934983419967
0.7578292071894189
0.7752191356284017
0.7824243634350013
0.7770412918621336
0.7684692928096822
0.7668342285011612
0.7668342285011612
0.7668342285011612
0.7668342285011612
0.7668342285011612
0.7718709997639912
0.7718709997639912
0.7845276722042799
0.7740129019765207
0.7734225954716673
0.7505145099756727
0.7493725036841421
0.7791070540226146
0.7790915703655743
0.7861850128294862
0.7817660564978449
0.7784583303652394
0.7836645227307306
0.7846552671883029
0.7846552671883029
0.7891836845313879
0.7933492899991077
0.7933492899991077
0.7933071864459073
0.7798290620668525
0.7626039770890365
0.7765577174570256
0.7670587524161142
0.7784453952600717
0.7732251530354876
0.781168162414999
0.781168162414999
0.7818116583049056
0.7818116583049056
0.7940405089883408
0.788001103451221
0.794515254140483
0.7807127732129546
0.7807127732129546
0.7827586520434373
0.7712722905039889
0.7712722905039889
0.7741244700333232
0.7709444756167587
0.7756636528446521
0.7685861396577368
0.7812308994753602
0.7823169086630813
0.7903692164640947
0.789938561682176
0.7885791522722903
0.7902493909609252
0.790374964293362
0.790374964293362
0.7933106500272158
0.7933106500272158
0.7874477291438362
0.794576574448876
0.7954045829453498
0.8060467249541113
0.7770751159669924
0.7744387878945757
0.7672120110164123
0.7817706614774048
0.7825998436241838
0.7906794979648107
0.7994793241868701
0.7988673154736826
0.7928459757063475
0.7919792126999436
0.7919792126999436
0.7919792126999436
0.7880816291166164
0.7880816291166164
0.7898829678845528
0.7903762102184299
0.7903762102184299
0.7903762102184299
0.8125755127239589
0.8118081310888134
0.8111183516939586
0.8142915792718654
0.8142915792718654
0.8136177167757879
0.8136177167757879
0.8136177167757879
0.8129795305172085
0.8231110333228077
0.8231110333228077
0.8254390679804569
0.8230317002109783
0.8018984664780204
0.7865493516325163
0.7832520417382808
0.7978837284246095
0.8070666434144615
0.8264711166178742
0.8164264303990445
0.7994814338364254
0.7993864802122803
0.788926388506759
0.7819170312420104
0.7954844370733426
0.7871430387250657
0.7869556812202143
0.7880200615736612
0.7965005833928981
0.7965005833928981
0.7915591956974442
0.7915591956974442
0.7843829482184407
0.7856927478906708
0.7821859574498449
0.7851331971562686
0.7690692945984476
0.7684769480362428
0.7785664320655161
0.7769281026490736
0.7852288973615867
0.7980778024705165
0.7986002934990482
0.7986002934990482
0.7919724102381458
0.7712743079718883
0.7737477627664081
0.7737477627664081
0.7681400304509515
0.7640963164590729
0.771638379049978
0.7757553961089573
0.7757553961089573
0.7624831692980001
0.7723772406923239
0.7723772406923239
0.7709954039173073
0.7839345834496223
0.7862982710476026
0.7899389612008816
0.7899389612008816
0.7849024678023788
0.8021741369413445
0.8056320246214608
0.8037464490830203
0.8095215908002537
0.8062637158443938
0.8022986938673887
0.8022986938673887
0.8126278794491658
0.8126278794491658
0.8007994584144683
0.8007994584144683
0.8084718078021453
0.8135460466708825
0.8119868629485631
0.8099412406233629
0.8031948815965058
0.8031948815965058
0.7873729279160119
0.7989204219373236
0.800540421456912
0.8022896727457693
0.802923825687191
0.8085170606288312
0.8085170606288312
0.8086152241047165
0.8086152241047165
0.8180580629827879
0.8103530025425026
0.8021603697743764
0.796062708752645
0.8079908208961643
0.7974982406629616
0.8036581314987831
0.7996632599686871
0.7865369043942828
0.7921855504801594
0.7976742412429921
0.793620573682068
0.7952492715171742
0.7836595802328546
0.7832827126652838
0.7922926111963013
0.7922926111963013
0.779577914198712
0.7685413504171701
0.7685413504171701
0.7700797778276217
0.7654804833375903
0.7654804833375903
0.7673262445127803
0.7735410314936915
0.7767754394055997
0.7676193805669266
0.770473955087278
0.7799904068393002
0.7889495413961267
0.776804158894038
0.7807210830784073
0.7752962986807064
0.7781232840674157
0.7781232840674157
0.7820204643778976
0.7837756686305021
0.7837756686305021
0.7894426161550341
0.7835442163772394
0.7763065967804619
0.7763065967804619
0.7880971689569579
0.789389499675285
0.789389499675285
0.789389499675285
0.7999743842550407
0.7999743842550407
0.7983444855056797
0.7957733798648079
0.8096980361446316
0.8142932832758101
0.8126757424549464
0.8062489932208055
0.8065616583381642
0.8189145616558094
0.819658357631323
0.8242636293230926
0.8268114481179639
0.8216885358454402
0.8255363003544328
0.8255363003544328
0.8236147453235254
0.8298170372747781
0.8181168009766321
0.8130528841064145
0.8133779249300542
0.8047987168808659
0.804245507312981
0.804245507312981
0.804245507312981
0.800385602139293
0.800196474587987
0.8032598156655658
0.8118073820316627
0.8079628898762942
0.8079628898762942
0.8094606226642184
0.8121925444414309
0.8068156067342876
0.8083610277516438
0.8083610277516438
0.8061365086037793
0.807792955922174
0.8067589596962865
0.8067589596962865
0.8068574212607699
0.8068574212607699
0.7993355963863806
0.7987764883063577
0.7930349069686413
0.7930349069686413
0.8130678698210452
0.8103213726424139
0.8103213726424139
0.8084280909945057
0.8186896261123334
0.819262044912501
0.8190693203742447
0.8136149470797881
0.8118455735368533
0.8154867593205352
0.8154867593205352
0.8078398774592297
0.804663215898793
0.8361537640340797
0.8361721975940617
0.8325707168196602
0.8417217761929007
0.8417217761929007
0.8417217761929007
0.8417217761929007
0.8418054675782374
0.8419005044662115
0.8419005044662115
0.8419005044662115
0.8417966580262257
0.8283139052835324
0.8283139052835324
0.8084570258469398
0.8092533993149313
0.8076438586962097
0.800684135965933
0.8006746589453482
0.8006746589453482
0.8006746589453482
0.8006746589453482
0.8006746589453482
0.8122498974845029
0.8030952386900133
0.7966159980507712
0.7970889105203467
0.7992685961828251
0.7992685961828251
0.799143937536109
0.7984162249799617
0.798064292231369
0.7978005594188594
0.798813841742201
0.7997406073989902
0.7997406073989902
0.7988867597870921
0.8047159390664292
0.804445587741607
0.8056988931221359
0.8056988931221359
0.8073808141349031
0.8212607163321618
0.8157635008657628
0.8128822582978706
0.804105863663436
0.824929455407933
0.824929455407933
0.8251569164467922
0.8166855301323797
0.8166855301323797
0.805879884436889
0.805879884436889
0.8089383622965621
0.8090368398322617
0.8069875178950472
0.8069875178950472
0.8078608761492795
0.8078608761492795
0.8039270452587144
0.8193546668985539
0.8193615888716496
0.804412609623705
0.8049603745615673
0.8049603745615673
0.818247246851468
0.8221332642440894
0.8192575596597981
0.8192379773986135
0.8192379773986135
0.8184407612240951
0.8230695084587513
0.8252624218143042
0.8111768913500874
0.8095242357117678
0.8032233657837738
0.8032233657837738
0.8032233657837738
0.8032233657837738
0.8027432991298834
0.8027432991298834
0.7864169028432676
0.7839556572787677
0.7839556572787677
0.7441981239592133
0.7453583661564783
0.7443034933558234
0.7299552034991145
0.7299552034991145
0.7238162551376648
0.7005248961960441
0.7002593263623043
0.7002593263623043
0.699335289195108
0.699335289195108
0.699335289195108
0.7039455787363531
0.7039455787363531
0.7039455787363531
0.7039455787363531
0.7073221173353216
0.707186703560109
0.7036870981387275
0.6933688527115492
0.6963795361616407
0.7004983834391194
0.7044703278241328
0.7109557636339491
0.7286088107849498
0.7286088107849498
0.733532950088446
0.733532950088446
0.73649147580059
0.7364062203717183
0.720481756895124
0.7267233996043673
0.7259829859118946
0.7285378785837455
0.7285378785837455
0.7199298312027851
0.7202029872336417
0.7108357540440456
0.7355203747216393
0.7351737202837211
0.7351737202837211
0.7296525703325774
0.7281875453873043
0.7303218407532628
0.7508797210663146
0.7508797210663146
0.7513078159082366
0.7513078159082366
0.7381352077923233
0.7493722958040882
0.732185035082936
0.7400748385886671
0.7621774672029193
0.7621774672029193
0.7622034420583509
0.783424113020798
0.7864523081796375
0.7968588340554565
0.7954700963613018
0.8034832090121454
0.8030663051843718
0.7982121406745775
0.8001056482252483
0.8079176834243297
0.8079591851320931
0.8177803428654431
0.8202360162677769
0.8226181599889473
0.8226181599889473
0.8209499586782909
0.8208811795687124
0.8197929730240995
0.8206981233116004
0.8229300223233367
0.831643113749189
0.8100261275837526
0.8075601837545083
0.8029760486153456
0.7975185255394811
0.7844576783025942
0.7918197637779343
0.7789326761579858
0.7907064923772121
0.7834635482052426
0.7827176132517515
0.7859257394601684
0.7861369292787619
0.7966632531207752
0.7895010674910967
0.787933659920489
0.7827982403044662
0.7827982403044662
0.7675423593437898
0.7628935052973642
0.7628935052973642
0.7629583908813072
0.7613276790162249
0.7679805445910397
0.7477422452773637
0.7441250714879929
0.7488551782753371
0.7488551782753371
0.7383897581933044
0.7306088844181897
0.7302069671385758
0.7287566514734785
0.7287566514734785
0.7238006621622166
0.7237021190007117
0.7189820854416079
0.6942783639168587
0.6757764847758724
0.6767800544452035
0.6769413592501393
0.676046159554554
0.6749474666865695
0.6809068855892805
0.6722211955882168
0.6705459437519584
0.6701637392324127
0.6730522298350012
0.6939768998377638
0.6939768998377638
0.6939768998377638
0.6967722493519451
0.6967722493519451
0.6963828069216602
0.6987522885502914
0.6987522885502914
0.70397688956653
0.7036750542717567
0.7051702497013231
0.7036436075347453
0.6882864911873536
0.6913113310136971
0.6880266252485875
0.6878466237084857
0.6935180563339821
0.6936569547094804
0.6936569547094804
0.6757373191967169
0.6743238905896549
0.6798447705547859
0.6809830377278645
0.6839873360301413
0.6837781359701871
0.6837781359701871
0.6837781359701871
0.6900598070757894
0.6891610975882293
0.6874629898072077
0.6836597675883388
0.6771542047833939
0.6771542047833939
0.6786675403134148
0.6799512159342483
0.6832442288396998
0.6813564496595882
0.6813564496595882
0.6803360622369862
0.6803360622369862
0.6803360622369862
0.6801878796148585
0.6801878796148585
0.6950421338306976
0.6905586198700744
0.677860443152669
0.6735010163745428
0.6776095409958302
0.6779613143180088
0.6779613143180088
0.6671429071618337
0.659772716562952
0.659772716562952
0.6482719793588535
0.6461427723727234
0.6548000480523285
0.6543602850187368
0.6497444735799448
0.6497444735799448
0.6497444735799448
0.6483538301104741
0.64723029935776
0.6506024134916679
0.6661677469177897
0.654573829941483
0.6563604155939123
0.6465772536692299
0.6488554373916141
0.6488554373916141
0.6488554373916141
0.6488554373916141
0.6488554373916141
0.6498907491617848
0.6474913316403235
0.6505763951647878
0.6505683555431216
0.6368071293270282
0.6537841224738459
0.6500924543957489
0.6500924543957489
0.6537670572437928
0.6540522612598391
0.6540522612598391
0.6540522612598391
0.6563975032065215
0.6611462473760911
0.6611462473760911
0.6612824609067114
0.6526436147487888
0.65194969968811
0.6515245306775479
0.6515744398888921
0.6515744398888921
0.6515744398888921
0.6515744398888921
0.6523450444329161
0.6331570021462715
0.6354825205076229
0.6385896004435885
0.6385896004435885
0.6358683863027984
0.6358683863027984
0.6374548518769699
0.6428025025054456
0.6428025025054456
0.6428025025054456
0.6428025025054456
0.6470142114129112
0.6499525315663244
0.6476149365055658
0.6476149365055658
0.6476149365055658
0.651148582146893
0.651148582146893
0.6493206233011306
0.6493206233011306
0.6478025657534345
0.6482292361383403
0.6531067988626339
0.6514807323816879
0.651501204459885
0.6561236417406219
0.6720082374317243
0.6720082374317243
0.6718197504323239
0.6716355631139839
0.672905649888487
0.6669641468069835
0.6669641468069835
0.6663921078219611
0.6663921078219611
0.6499108760954019
0.6499108760954019
0.6481512301990471
0.6427737612159716
0.6411536959033125
0.6411536959033125
0.6378780037746223
0.6378780037746223
0.625794254760376
0.6270343792903963
0.6270343792903963
0.6149948708934149
0.6017300143625873
0.5976966123260645
0.5943808855292712
0.5905631157285409
0.5905631157285409
0.6115513130233909
0.6146312834995833
0.6146312834995833
0.6200622255837525
0.6115232045256748
0.6172817697717534
0.6184906167439933
0.6207370047429561
0.6207370047429561
0.6172740561794341
0.6188505118955877
0.6188954494969319
0.6204766964761635
0.6197406421822002
0.6179863558625104
0.6004335315862086
0.59005489520721
0.5980126278019992
0.6007171791217709
0.5968965905893734
0.5898465313203908
0.5885183518001953
0.5885183518001953
0.6007139011771346
0.5989178903533215
0.6015696570042162
0.6028861730741515
0.6061636034799074
0.6089423802312517
0.6031477264149162
0.6138002958719145
0.6122287955538872
0.6122287955538872
0.6122287955538872
0.6122287955538872
0.6147696057254353
0.6155291035451631
0.6160345459165814
0.6163261090062675
0.6123551001847028
0.6124091583663303
0.6113146023720635
0.6102148424761372
0.5908587276685731
0.5722549061969143
0.569269473608019
0.5655589538968315
0.5645211550699833
0.5692168856567574
0.5667122284966405
0.5667122284966405
0.5741823112034674
0.5741823112034674
0.5704090434527749
0.5701696528718736
0.5709948101684054
0.5709948101684054
0.5730695938862522
0.5708395024337559
0.561271579392088
0.561271579392088
0.5595186454164441
0.55713498821166
0.571546742231402
0.5753051522446883
0.5753622938229843
0.5831926922739431
0.5825066215287725
0.5823652059393156
0.5859620963312184
0.5859620963312184
0.57868707244715
0.5779275890843516
0.5806154866307086
0.5817357743178557
0.5894174343667088
0.5754888191677853
0.5784217596562535
0.5784217596562535
0.5802447643742897
0.5794669991330135
0.5814403132329266
0.5814403132329266
0.5840958487470438
0.5810748281661139
0.5810748281661139
0.578974008347664
0.5767244025375506
0.5767244025375506
0.5762888414194854
0.5749369599455815
0.5729898257049193
0.5729898257049193
0.5729898257049193
0.5727981941338665
0.5598328914317515
0.5502061968563599
0.5519948803937461
0.5519948803937461
0.5532785991228077
0.547456697875343
0.5474490662644803
0.5474490662644803
0.5576281439229877
0.5543530588298045
0.5548327171659908
0.5548327171659908
0.5548327171659908
0.5557733466987085
0.5557733466987085
0.5558859928341059
0.5500231017944353
0.5592321380901689
0.5615312686463217
0.5615312686463217
0.5674926160949875
0.567312925415653
0.5659546746276397
0.5659844874197947
0.5734368067153639
0.5771613283601555
0.5771613283601555
0.5910947191960367
0.5844627284660994
0.5803655114263097
0.584777019557825
0.584777019557825
0.5791928206233521
0.5791928206233521
0.5799685296541983
0.5773526717860316
0.5758552334213944
0.5756330993479
0.5888279927393583
0.5888279927393583
0.5897283522299329
0.5897283522299329
0.589307681519958
0.6092014349707794
0.6106684501844757
0.6125567750754113
0.6125567750754113
0.6125567750754113
0.6157062996892326
0.6157062996892326
0.6147642405399144
0.6152409857992064
0.6135835271853597
0.6135835271853597
0.6194116616356498
0.6057405549125587
0.6059154184587943
0.606556629154608
0.608573646445935
0.6006305445819702
0.5993698436843105
0.5993698436843105
0.6018428506389963
0.601039892931649
0.601039892931649
0.601039892931649
0.6003156023397551
0.5998247882335804
0.5868337979522156
0.5868337979522156
0.5948669071425988
0.5920438963017025
0.5906950390567659
0.5906950390567659
0.5757452561969407
0.5803221882591325
0.584185439755271
0.5887487457960765
0.5887487457960765
0.5891467186188226
0.5938795539779234
0.5936712540398175
0.6101141036318438
0.6101141036318438
0.6101141036318438
0.6102528257549233
0.6103434644569983
0.6107510555475948
0.6107510555475948
0.610791247545639
0.6101445522632452
0.6101445522632452
0.6101445522632452
0.6132239258510581
0.6164168841773513
0.6103750378993374
0.6103750378993374
0.6087768149394178
0.6087768149394178
0.6212786300553544
0.622342150424581
0.6223020225515551
0.6223020225515551
0.6205890327145223
0.633291693718175
0.62737941862715
0.62737941862715
0.6426835860616741
0.6401812889325125
0.6417770043606085
0.6417770043606085
0.6417770043606085
0.6408108179564532
0.6408108179564532
0.6408108179564532
0.6421074436549913
0.6416344821799481
0.6368568512021947
0.6376419536424788
0.6545545688196571
0.6545545688196571
0.6565041777930252
0.6654955712360776
0.657246377062277
0.657246377062277
0.6668442843688405
0.6664981591095168
0.6664981591095168
0.6664981591095168
0.6674846092772263
0.6605077020355967
0.658437437017893
0.6446138843719923
0.644764956723634
0.644764956723634
0.6514262077901948
0.6514262077901948
0.6378821201613281
0.6396263337302917
0.604587480190625
0.6133401998415507
0.6103128123982977
0.6043194500588319
0.6041839452196337
0.6247361119735246
0.6067992044632228
0.5947332215171629
0.5857665532862845
0.59449912009539
0.5766883546223551
0.5624623635104804
0.5624623635104804
0.5717066338646382
0.5730166476461365
0.5490883375969238
0.5530929511976763
0.5488922931165222
0.5488922931165222
0.5560643540355197
0.5688332310360034
0.5688332310360034
0.5665945481758823
0.565653720409363
0.5724525339376892
0.5684600647569161
0.5647720198024551
0.5672508237084541
0.5819842589220677
0.5818561262226521
0.5823262926857863
0.5919669625103686
0.5840444547442878
0.5838000653262814
0.5860757423179628
0.5737106437485009
0.5589427294463198
0.5521817628128631
0.5521429780091899
0.5521429780091899
0.5520176205911972
0.5520176205911972
0.5520176205911972
0.5491712547816998
0.5557698250440386
0.5493396380548063
0.5479908437236864
0.5474511039862544
0.5474511039862544
0.5488222610508248
0.5488222610508248
0.537223550038986
0.537223550038986
0.5378453170183667
0.539880780589042
0.5475088057699153
0.5420042356315817
0.5396193954238842
0.5337749249030345
0.5448046354897528
0.5407045939299896
0.5407045939299896
0.541317882235689
0.556056355838278
0.5678635969978328
0.5628787128973478
0.5684070140180223
0.5684070140180223
0.5709429664100305
0.5709429664100305
0.5709429664100305
0.5711918094368231
0.5713796159288032
0.5728308030275773
0.569300560982908
0.569300560982908
0.5720193011169058
0.5694559691179779
0.5694460732726566
0.5550153220682585
0.553690682853321
0.553690682853321
0.5415090919210409
0.5422346715869071
0.5342025331918783
0.5342025331918783
0.5342025331918783
0.532589989001992
0.5154479349438424
0.5103096704383795
0.5394346969766592
0.5394346969766592
0.5394346969766592
0.5351064914336399
0.5370342758304292
0.5419200003712654
0.5431344844213601
0.535493137246272
0.535493137246272
0.5222915894463234
0.5217742827553661
0.5251329512649269
0.529667320462498
0.5314631545572398
0.5271883484103804
0.5247696684955325
0.5197640052859931
0.5184582668538349
0.5184582668538349
0.5184582668538349
0.5184582668538349
0.5220120371847798
0.522219958983775
0.5302441356895108
0.5274485477388491
0.5287647081361923
0.5287647081361923
0.527149332502693
0.527149332502693
0.5260160277607163
0.5366931232833679
0.5419855560163477
0.5423627692744333
0.5422375943024679
0.5399782412375537
0.528740771676355
0.5286912271275557
0.5289609738542013
0.5269398976087835
0.5269398976087835
0.5269398976087835
0.5236488903541706
0.5304560353801057
0.5315076864562958
0.5315076864562958
0.5308446685328098
0.5411054825787979
0.5166396728614852
0.51893753028014
0.51893753028014
0.51893753028014
0.51893753028014
0.51893753028014
0.5061338596623344
0.5061338596623344
0.5011949578339726
0.49733288710460594
0.5037544389303189
0.5024350197393364
0.5024350197393364
0.5007096213563513
0.5080189604698779
0.5071827132541319
0.5137647317306875
0.5076495122198755
0.4856450769854019
0.4969000006687227
0.49678795693134975
0.49678795693134975
0.4855967719688892
0.4792303756113527
0.4792303756113527
0.47875823026340736
0.47849447980343635
0.4583755562928582
0.45595758352364923
0.45390622658506935
0.45400846053720023
0.45381714591665395
0.4566159904962782
0.4623651024877949
0.4623651024877949
0.46167528426077137
0.4611596429987153
0.45906037339441313
0.4575016583567796
0.46425648443211887
0.46397223925258724
0.45292953665901525
0.4559886975231863
0.4541075920962021
0.4625901648887075
0.4627520046890102
0.46172115174934897
0.46102626950877895
0.45928573677815504
0.460562441344056
0.4541489853529028
0.45273099395786437
0.45273099395786437
0.45273099395786437
0.45273099395786437
0.45491538261454284
0.4631340451388175
0.46836033070976996
0.46111373439034753
0.46111373439034753
0.46111373439034753
0.46145622742033476
0.46145622742033476
0.46145622742033476
0.4537176750117779
0.4562317724024374
0.4496828260636786
0.4497530419917775
0.4676542093036464
0.46831934135249037
0.47452013562387346
0.47861601080788396
0.4795750746790003
0.4816057877695726
0.4816057877695726
0.4981775988412425
0.4943970566924238
0.5030644625008338
0.533174777349076
0.5256209864964482
0.5254946534619982
0.5254946534619982
0.5249927321707529
0.517807549483218
0.517807549483218
0.5124575520771809
0.5097312150347476
0.5097312150347476
0.5097312150347476
0.4941286210403221
0.49089427773920347
0.49240724098459204
0.49240724098459204
0.4806208637440762
0.4777531015512633
0.4748177187270275
0.4741202004105056
0.4741202004105056
0.46907523417852814
0.4639155850191067
0.45789784905688447
0.45789784905688447
0.4598328763312602
0.45938434606464684
0.4643170179199296
0.4643170179199296
0.4732758026224244
0.4746907534300771
0.4840617176356538
0.48796018174650896
0.48796018174650896
0.48796018174650896
0.4875068084212011
0.4717935368980916
0.46229829286938096
0.46229829286938096
0.46009120733282544
0.46852755687202347
0.46852755687202347
0.46852755687202347
0.46852755687202347
0.46847598931650175
0.4719332537944498
0.4756977298605428
0.47870197810346615
0.48196498499558665
0.48450552726857293
0.48450552726857293
0.4680162811797503
0.48057062944881856
0.4821199092398966
0.4820294878547818
0.4839562791887723
0.48664690577633046
0.49024685167883747
0.49024685167883747
0.49024685167883747
0.4975364941658962
0.4975364941658962
0.4975364941658962
0.5140900481454755
0.5171215853562742
0.5114373333025816
0.5046015228031547
0.5111619894343701
0.5111619894343701
0.5111619894343701
0.5111619894343701
0.51088508336672
0.5128471537313223
0.5128471537313223
0.5114708594130165
0.5082677507947195
0.5078392498627723
0.5123479424439407
0.5123479424439407
0.5125960334555022
0.5106083887234855
0.5106083887234855
0.511104315805803
0.5064534859215502
0.5019294124589924
0.5114599859523489
0.5050072629130904
0.4928728531007997
0.4884584442622198
0.48668764992743246
0.48668764992743246
0.48668764992743246
0.48668764992743246
0.4837915242458908
0.4837915242458908
0.49911832418925456
0.49911832418925456
0.501111695299667
0.49709539109963913
0.498670668432974
0.498670668432974
0.498844091979053
0.4984570006675067
0.5078862109116552
0.5080736856652595
0.510051706425548
0.510051706425548
0.510051706425548
0.5117192680782957
0.5117192680782957
0.5040389387742731
0.5015231444206807
0.5015231444206807
0.5015231444206807
0.5041471773056527
0.5136577887841266
0.5135134325977487
0.5135134325977487
0.4913329800936511
0.49593783377900535
0.49672792589022213
0.48800061073787965
0.4687275571914252
0.45847662040346704
0.46188907142805613
0.46188907142805613
0.46390568264730153
0.4619261737205847
0.45429759975900363
0.4498845338271648
0.4498845338271648
0.4498845338271648
0.44777489268584403
0.44777489268584403
0.44783832614611946
0.44783832614611946
0.4425274815276667
0.44163308475458385
0.4305600762438227
0.4336115246279438
0.4336115246279438
0.4268521378867476
0.4268521378867476
0.43588372022923416
0.4361634238637215
0.4361634238637215
0.4368596203539489
0.4511480680238467
0.4511480680238467
0.45296072579483887
0.45296072579483887
0.44293656526289377
0.45343807386724844
0.4596159001282139
0.45672669493973206
0.45672669493973206
0.44502232487600757
0.4421463769229665
0.4421463769229665
0.4412975018849553
0.43949674193495275
0.43949674193495275
0.43949674193495275
0.4389748156328262
0.4360781402712476
0.43226429458724164
0.4179363665638278
0.4179363665638278
0.4179363665638278
0.4150914205246687
0.41838588038302466
0.4240403698113097
0.42642143185014425
0.42642143185014425
0.42642143185014425
0.42046683017013997
0.4210332379511049
0.4210332379511049
0.4210332379511049
0.4210332379511049
0.42119511189221426
0.42119511189221426
0.41930807422239597
0.41930807422239597
0.4206628013685278
0.4206403320761491
0.42313751198179406
0.4204598184376405
0.4253811993275773
0.41640824298734225
0.41649444942701225
0.4179151635533092
0.41838135776937896
0.4334033246324064
0.4334033246324064
0.4247332252307202
0.4290705063956291
0.41572816740053076
0.4169117058586625
0.41088249802648136
0.40488622939265356
0.40784484994755543
0.3948515848096515
0.38150264274827417
0.38206980441725263
0.38206980441725263
0.38209017821851565
0.3830383718580494
0.3830383718580494
0.3830383718580494
0.3834322279881255
0.386164158718292
0.39218243752356496
0.4069785606310464
0.4107840078692051
0.4107840078692051
0.40256955042773335
0.40188784232254227
0.4040981452445407
0.4040981452445407
0.4040981452445407
0.42033435343108955
0.42033435343108955
0.4223276425948266
0.4223276425948266
0.42231144027710943
0.4302406526894346
0.4302406526894346
0.4331291974640372
0.4211690050080831
0.4211690050080831
0.42521971518666635
0.4492078218771982
0.4531212843062469
0.45016269578810614
0.45016269578810614
0.45034672117737945
0.4503935528200751
0.4495033438357576
0.4495033438357576
0.44014429575026826
0.44014429575026826
0.44014429575026826
0.44014429575026826
0.4390649628844887
0.4390649628844887
0.4581166857443791
0.45766046134193583
0.45766046134193583
0.44932587999282486
0.4526574007050944
0.45750494753384247
0.46245806133314443
0.4711037099235582
0.46967358309790286
0.4689665296333836
0.4642519317841003
0.4596756503692788
0.4596756503692788
0.4596756503692788
0.46232580762418324
0.46232580762418324
0.4579573146445972
0.4485520302604404
0.4485520302604404
0.4485520302604404
0.4561821673730683
0.4527614202199717
0.4463409679471183
0.44556793480447054
0.4448423876017613
0.44484158946124774
0.44529592366807447
0.4438901233916068
0.44713861652634485
0.440294437917358
0.44067124597116825
0.44067124597116825
0.44067124597116825
0.44067124597116825
0.4399387711525283
0.4374269770535605
0.43743761314273033
0.43743761314273033
0.43456318844293707
0.43456318844293707
0.44311205099237977
0.44059418981618226
0.4452603385576354
0.4346556114818379
0.4272250553845674
0.4272250553845674
0.4272250553845674
0.39633396745243893
0.39633396745243893
0.39633396745243893
0.3920402313600376
0.3947948102071927
0.3957399274934787
0.3957399274934787
0.4217305466351396
0.4217305466351396
0.42226162397474787
0.4156623989990229
0.41928038425160113
0.42200297679235377
0.418024593015399
0.4167680644291763
0.4250250013482914
0.4238684534577592
0.4312919544781102
0.4312919544781102
0.4312919544781102
0.4224887332622607
0.4224887332622607
0.4224887332622607
0.4292329838300069
0.4292329838300069
0.4371156155364262
0.4373194040681848
0.4373194040681848
0.4337854573560526
0.4337854573560526
0.4337854573560526
0.4389090839514631
0.43255952360000455
0.4325910187647003
0.4325910187647003
0.4344114219342527
0.43448915374813174
0.4272749929392179
0.42852092296443106
0.4330785244830781
0.4330785244830781
0.42017710621360693
0.41959829285251793
0.41924868507949076
0.42564207830996137
0.4276618049841968
0.4276618049841968
0.4276618049841968
0.4267200411524539
0.4267200411524539
0.4267200411524539
0.4267200411524539
0.4267200411524539
0.42757343442723794
0.412935456556614
0.41061603037089106
0.41999059274225037
0.41999059274225037
0.41999059274225037
0.41999059274225037
0.41999059274225037
0.41999059274225037
0.42601109944142057
0.42601109944142057
0.4240648405332741
0.4275368697802254
0.4275368697802254
0.42466472268482597
0.4241562447996751
0.4250023020916702
0.4250023020916702
0.432802258900349
0.432802258900349
0.427476063897355
0.427476063897355
0.4258657980813595
0.42588748264577647
0.42588748264577647
0.4283253804502633
0.43096882143990506
0.4267601778371525
0.42134395811870956
0.4224815138353103
0.4224815138353103
0.4224815138353103
0.4224815138353103
0.42663736926314344
0.42663736926314344
0.42663736926314344
0.42663736926314344
0.42663736926314344
0.4227251891637043
0.43103611050172375
0.43027013079734716
0.43027013079734716
0.43027013079734716
0.43342769535223125
0.43342769535223125
0.4276076532967808
0.42822049916392496
0.4110757793069239
0.4110757793069239
0.41532731500509706
0.41586540039456266
0.40647908285179574
0.3966940209612104
0.3966940209612104
0.3966940209612104
0.3941697555699805
0.39462736788275726
0.39462736788275726
0.39462736788275726
0.43364217932967003
0.43364217932967003
0.43364217932967003
0.43364217932967003
0.43841294366264705
0.44178820989894063
0.4462082086576994
0.44604548065422384
0.44703213277480525
0.44584584395942417
0.44584584395942417
0.44584584395942417
0.45357296724717416
0.4563802602777676
0.4563802602777676
0.45633452392311286
0.4530854661493336
0.4592442172438208
0.4592442172438208
0.4592442172438208
0.4523495163294936
0.44005881797769214
0.44005881797769214
0.4451952711644719
0.418024593015399
0.418024593015399
0.418024593015399
0.418024593015399
0.418024593015399
0.418024593015399
0.418024593015399
0.418024593015399
0.418024593015399
0.418024593015399
0.418024593015399
0.41819170970894887
0.41819170970894887
0.41819170970894887
0.41819170970894887
0.41821628038117253
0.41821628038117253
0.41821628038117253
0.41821628038117253
0.41821628038117253
0.41821628038117253
0.41821628038117253
0.41821628038117253
0.41821628038117253
0.41821628038117253
0.41821628038117253
0.41821628038117253
0.41821628038117253
0.418529201441795
0.418529201441795
0.418529201441795
0.418529201441795
0.418529201441795
0.418529201441795
0.418529201441795
0.418529201441795
0.418529201441795
0.418529201441795
0.41557618966807003
0.41557618966807003
0.41557618966807003
0.41557618966807003
0.41557618966807003
0.41557618966807003
0.41502026733695674
0.41502026733695674
0.41502026733695674
0.41502026733695674
0.41502026733695674
0.41502026733695674
0.3964901941056985
0.3964901941056985
0.3964901941056985
0.3964901941056985
0.3964901941056985
0.3964901941056985
0.3964901941056985
0.3964901941056985
0.3964901941056985
0.3964901941056985
0.3964901941056985
0.38961097507080755
0.38961097507080755
0.38961097507080755
0.38961097507080755
0.38961097507080755
0.3897993883215352
0.3897993883215352
0.3897993883215352
0.3897993883215352
0.3897993883215352
0.3892904456542553
0.3892904456542553
0.3867294716037334
0.3867294716037334
0.3867294716037334
0.3867294716037334
0.3882059469731374
0.3882059469731374
0.3882059469731374
0.38096643334384606
0.38096643334384606
0.38096643334384606
0.38096643334384606
0.38096643334384606
0.38096643334384606
0.38096643334384606
0.38096643334384606
0.38096643334384606
0.3820366158435913
0.3820366158435913
0.3820366158435913
0.3800328009857418
0.37908000177298884
0.37908000177298884
0.37908000177298884
0.37908000177298884
0.37908000177298884
0.37908000177298884
0.37908000177298884
0.37908000177298884
0.37908000177298884
0.37908000177298884
0.37908000177298884
0.37908000177298884
0.37908000177298884
0.37019237417632817
0.37019237417632817
0.37019237417632817
0.37019237417632817
0.37019237417632817
0.37019237417632817
0.3700920339790189
0.3700920339790189
0.3593177732117984
0.3593177732117984
0.3593177732117984
0.3593177732117984
0.3593177732117984
0.35852361245030595
0.35852361245030595
0.35852361245030595
0.35852361245030595
0.35852361245030595
0.35852361245030595
0.35852361245030595
0.35852361245030595
0.35852361245030595
0.35852361245030595
0.35852361245030595
0.35852361245030595
0.35852361245030595
0.35852361245030595
0.35852361245030595
0.35852361245030595
0.35852361245030595
0.35852361245030595
0.35852361245030595
0.35852361245030595
0.35852361245030595
0.35852361245030595
0.35852361245030595
0.35852361245030595
0.35852361245030595
0.35852361245030595
0.35852361245030595
0.35852361245030595
0.35852361245030595
0.35852361245030595
0.35852361245030595
0.35852361245030595
0.35852361245030595
0.35852361245030595
0.35852361245030595
0.35852361245030595
0.35852361245030595
0.35852361245030595
0.35852361245030595
0.35852361245030595
0.35852361245030595
0.35852361245030595
0.35852361245030595
0.35852361245030595
0.35852361245030595
0.35852361245030595
0.35852361245030595
0.35852361245030595
0.35852361245030595
0.35852361245030595
0.35852361245030595
0.35852361245030595
0.35852361245030595
0.35852361245030595
0.35852361245030595
0.35852361245030595
0.35852361245030595
0.3584692354069752
0.3584692354069752
0.3584692354069752
0.35786494315649237
0.35786494315649237
0.35786494315649237
0.35946588723639644
0.3480259134258465
0.3480259134258465
0.3480259134258465
0.3480259134258465
0.3480259134258465
0.3480259134258465
0.3480259134258465
0.3480259134258465
0.3480259134258465
0.3480259134258465
0.3377036659263827
0.3377036659263827
0.3377036659263827
0.3377036659263827
0.3360048750071846
0.3360048750071846
0.3360048750071846
0.3313561838459116
0.3313561838459116
0.3313561838459116
0.3313561838459116
0.3282982517958287
0.3253366139206291
0.3253366139206291
0.3173291678670026
0.3173291678670026
0.3173291678670026
0.3173291678670026
0.3173291678670026
0.3173291678670026
0.3173291678670026
0.3173291678670026
0.3173291678670026
0.3173291678670026
0.31664216134540857
0.31664216134540857
0.31664216134540857
0.31664216134540857
0.31664216134540857
0.31664216134540857
0.31664216134540857
0.31787030684939915
0.31787030684939915
0.31787030684939915
0.31787030684939915
0.31787030684939915
0.31787030684939915
0.31787030684939915
0.31787030684939915
0.31787030684939915
0.31787030684939915
0.31787030684939915
0.31787030684939915
0.31787030684939915
0.31787030684939915
0.31787030684939915
0.31787030684939915
0.32929971053452634
0.32929971053452634
0.32929971053452634
0.31994152022652295
0.31994152022652295
0.31994152022652295
0.31994152022652295
0.31994152022652295
0.31964447068897206
0.31964447068897206
0.31964447068897206
0.31944518896032403
0.3198968804367198
0.3198968804367198
0.3198968804367198
0.31151265595472183
0.31151265595472183
0.31151265595472183
0.31151265595472183
0.31151265595472183
0.31151265595472183
0.30967910369024504
0.30967910369024504
0.30967910369024504
0.3098908243315363
0.3098908243315363
0.3098908243315363
0.3098908243315363
0.3098908243315363
0.3071559270320365
0.3071559270320365
0.3071559270320365
0.3071559270320365
0.3071559270320365
0.3071559270320365
0.3071559270320365
0.3071559270320365
0.3071559270320365
0.3071559270320365
0.3071559270320365
0.308383446610657
0.308383446610657
0.308383446610657
0.308383446610657
0.308383446610657
0.308383446610657
0.308383446610657
0.3073522699096381
0.3073522699096381
0.3073522699096381
0.29764823101399324
0.29853517100246263
0.29853517100246263
0.2882382565047417
0.2882382565047417
0.2882382565047417
0.2882382565047417
0.2882382565047417
0.2882382565047417
0.2882382565047417
0.2882382565047417
0.2882382565047417
0.28789877371487155
0.28789877371487155
0.28789877371487155
0.28789877371487155
0.28789877371487155
0.28789877371487155
0.28789877371487155
0.2798868170534992
0.2798868170534992
0.2798868170534992
0.2798868170534992
0.2798868170534992
0.2798868170534992
0.2798868170534992
0.27986504093740133
0.27986504093740133
0.27986504093740133
0.27986504093740133
