0.0466667 -0.09002813856235214
-0.0866667 -0.08997039144445779
-0.3733333 -0.6278771798380168
-0.1533333 -0.14745172390266853
0.0366667 0.5138334495697162
0.0066667 -0.05190086035099778
0.7633334 0.4916791036906119
0.61 0.8008621022528744
0.3833334 0.3554076121320594
-0.28 -0.05794072549381374
0.56 0.5728244103520808
0.1633333 0.13123035779781878
0.1266667 0.23466297818895243
-0.71 -0.6150690939432779
0.9666667 0.8450817374778119
-0.86 -0.8654821872492069
-0.59 -0.5499885969177554
-0.2366667 -0.24441572221533386
-0.4033333 -0.4129715792067364
-0.7566667 -0.6926083691956979
0.7133334 0.5446695525912538
0.4233333 0.2141319079888176
-0.2933334 -0.05534381989635126
0.72 0.7680083002393672
-0.9666667 -0.7414033810301213
-0.9966667 -0.6458964091437503
0.9833333 0.9756167687338086
-0.6666667 -0.33558406639167204
-0.17 -0.2621416122509953
0.9 0.864546486045771
0.03 -0.01887280293183341
0.27 0.2882688558560145
