0.0466667 0.04727529076823195
-0.0866667 -0.05853093214559757
-0.3733333 -0.3925623809470678
-0.1533333 -0.29263126554829577
0.0366667 0.007045746928274865
0.0066667 -0.0019102964825529756
0.7633334 0.7240812823659157
0.61 0.5333044681977943
0.3833334 0.37626441234375385
-0.28 -0.31659698810649184
0.56 0.608242729670683
0.1633333 0.2641585075000588
0.1266667 0.10413006140936804
-0.71 -0.6887545602065613
0.9666667 0.9404367366325452
-0.86 -0.8457696695516842
-0.59 -0.6436844578973202
-0.2366667 -0.2243866007911381
-0.4033333 -0.3696787717857225
-0.7566667 -0.7427420185575211
0.7133334 0.7858249413430187
0.4233333 0.5178946308946797
-0.2933334 -0.39064807242752697
0.72 0.7037473206175687
-0.9666667 -0.937042175771852
-0.9966667 -0.9718960194066772
0.9833333 0.9815219074858134
-0.6666667 -0.7596536257305254
-0.17 -0.2037264406790809
0.9 0.9265073697378958
0.03 -0.03095282044519193
0.27 0.2626569229578719
