0.0466667 -0.08005402561071034
-0.0866667 -0.11220713739036897
-0.3733333 -0.3672451518577967
-0.1533333 -0.12992352311918143
0.0366667 0.09481154629020794
0.0066667 0.010962082749386814
0.7633334 0.6914010839913136
0.61 0.5970646683020331
0.3833334 0.366947311316713
-0.28 -0.26769881596727146
0.56 0.5783294571623874
0.1633333 0.14958380002875957
0.1266667 0.12232092520131527
-0.71 -0.6848711557639011
0.9666667 0.9892264694226651
-0.86 -0.8855610131263867
-0.59 -0.5769179852076811
-0.2366667 -0.22538817629875724
-0.4033333 -0.386129478439115
-0.7566667 -0.7282971295558662
0.7133334 0.6610118223360995
0.4233333 0.38243777754924874
-0.2933334 -0.28056689100125964
0.72 0.7218401006300486
-0.9666667 -0.8547139593039026
-0.9966667 -0.7786653933480334
0.9833333 0.9158999425901724
-0.6666667 -0.527610735482807
-0.17 -0.11140831601736112
0.9 0.8957425483975721
0.03 0.07992537193332461
0.27 0.2766298534202183
