0.0466667 0.043662754012367466
-0.0866667 -0.19129624586760224
-0.3733333 -0.34930363059561553
-0.1533333 -0.1365990330852435
0.0366667 0.10427494603481113
0.0066667 -0.008991455847756569
0.7633334 0.7751438649040425
0.61 0.7035293715855193
0.3833334 0.3614945640448573
-0.28 -0.20860057595229717
0.56 0.5743964803992132
0.1633333 0.11678807997904728
0.1266667 0.14579088807397697
-0.71 -0.6929557594024116
0.9666667 0.9904766152314963
-0.86 -0.8716175146340758
-0.59 -0.6102236985151706
-0.2366667 -0.23358620248460887
-0.4033333 -0.4338712697999578
-0.7566667 -0.7339317009416997
0.7133334 0.6375265674529351
0.4233333 0.30829996206251903
-0.2933334 -0.2913451318053857
0.72 0.7282607999151679
-0.9666667 -0.8687718361787072
-0.9966667 -0.9137264841418148
0.9833333 0.9437963802067779
-0.6666667 -0.671396108253106
-0.17 -0.15767168542021048
0.9 0.8709757999225327
0.03 0.0381043333103272
0.27 0.29206828107668786
