1.824019791149186
1.6140564424479744
1.6046973892411034
1.6048963412186852
1.5959343319583452
1.5959343319583452
1.5909200974790783
1.580751503186116
1.584399451657418
1.5868776107955276
1.5852243745819392
1.598541514253459
1.5923563100987699
1.5859683127508823
1.5823013480688501
1.5823013480688501
1.5889955237022442
1.5955185640430407
1.5986698337452256
1.6093161713954514
1.6062821963131972
1.6062821963131972
1.6111635807749634
1.606495941686312
1.5823928729012227
1.5779165300468287
1.5709369517548843
1.5709369517548843
1.5763826220536723
1.5763826220536723
1.5605658193405418
1.5581544869701622
1.5667877147760243
1.5629897588428059
1.555470379974162
1.5554972904558333
1.5556429780881653
1.5606610156615774
1.5606610156615774
1.5624967121927273
1.5616939397523328
1.5616939397523328
1.5616939397523328
1.56482849819036
1.5699766575912537
1.5847473826303353
1.581516875593591
1.581516875593591
1.580520129873664
1.5650011825696866
1.5594496508709528
1.5667275874897064
1.5578382847977896
1.5599858729462572
1.5502726881460098
1.5502726881460098
1.5532339778184627
1.5415749605357398
1.5407823559737428
1.5318668553976489
1.5514481440435086
1.5470430479958945
1.5358604799247475
1.559811536366503
1.5607852939401043
1.5649427944210301
1.5688204944731539
1.556260628497437
1.5604125001395512
1.5587090705339972
1.5587090705339972
1.5587090705339972
1.5598031193671913
1.5500626281216001
1.548484917663214
1.5525324834883194
1.5525324834883194
1.5586322065846898
1.5577839081696214
1.5593679436436927
1.5527290818452555
1.542257135253142
1.5396006546957943
1.5396006546957943
1.5396006546957943
1.5369986454525193
1.5318372505421858
1.5068347425939916
1.5098812994029835
1.4920504406595196
1.492221469059458
1.5026056554359082
1.4771908034789327
1.4692542111943252
1.456204515416022
1.4516794718972688
1.4511134613224759
1.4476277387134138
1.4478430825146655
1.4418540851207948
1.438623913684491
1.4396500614409755
1.4396500614409755
1.4330921854833667
1.430811248315602
1.43016903312627
1.4335769030383754
1.4410185483576399
1.4371273985232742
1.4371496242063946
1.4371496242063946
1.4416291347340415
1.4427784045438905
1.4480580232049112
1.4480580232049112
1.4577140817971195
1.4457473460007708
1.4418038424854605
1.450077181557289
1.450077181557289
1.4507834881709152
1.4446541053017823
1.4438624753292073
1.435093586147182
1.4256355950989827
1.422365918577239
1.429052633998661
1.4348858423178292
1.4348858423178292
1.4415497360710414
1.4411317244760544
1.4483981184911416
1.449244194904347
1.4628381013211884
1.4699857942439425
1.471025133741849
1.4716701967844794
1.4749274985550822
1.4749274985550822
1.4742973138684603
1.4740506155424336
1.484068549627599
1.484068549627599
1.4577947993267675
1.4503446321486928
1.4301310872679964
1.4301310872679964
1.4176028716085896
1.417590462406101
1.4117062025113185
1.4117062025113185
1.407319459849105
1.4048820383238003
1.3948921383520947
1.3985548421971477
1.3985548421971477
1.3985548421971477
1.3985548421971477
1.3985548421971477
1.4004380405730839
1.3941493551459707
1.417858122422932
1.4173724861319428
1.4173724861319428
1.4173724861319428
1.4189494839952097
1.4189665328755436
1.4197302104502034
1.4198006030183359
1.414027386357481
1.4169736138193496
1.4187997738373501
1.4187997738373501
1.4082005262481943
1.4082005262481943
1.406467174680692
1.4044202982617984
1.4030318480393869
1.4000581128466631
1.4008046755172552
1.4008046755172552
1.3967457197019137
1.3859646573434168
1.389496920637326
1.389496920637326
1.389496920637326
1.389496920637326
1.3778129389164044
1.3778129389164044
1.3769232390829682
1.3806885606547112
1.3834479209717536
1.3834479209717536
1.3843784779332557
1.3763243981580544
1.3811494292569906
1.3811494292569906
1.3691853604543245
1.3631103875650752
1.3692480670536709
1.364042416376269
1.364270696165754
1.3640078973353644
1.3640078973353644
1.368130652528417
1.3667742266526979
1.3819583586770579
1.3878463588553798
1.3878463588553798
1.386560998008804
1.3857195685031252
1.379924663842829
1.379113612930836
1.3935343581840094
1.3931278086422618
1.4021304823942624
1.4021304823942624
1.4021304823942624
1.4021156475548444
1.4023310784825453
1.4022575463889826
1.4022575463889826
1.3961439961580422
1.3960751090749361
1.3946403607112134
1.3946890856327308
1.4082895040785994
1.4068815394496026
1.4122306935994557
1.4122306935994557
1.4035966831885822
1.4070922972045783
1.4163311847923836
1.408281273061799
1.4121039836847609
1.4121039836847609
1.4093147068217644
1.4165312807702823
1.4224447950648134
1.4224447950648134
1.4246476322724109
1.4246476322724109
1.4258048315587746
1.4194555157808482
1.4179751355510144
1.4179751355510144
1.4166073666883687
1.3957883255942607
1.3960532181473242
1.3841384786510684
1.389392284290034
1.3945546581944837
1.3945546581944837
1.393688476382523
1.393688476382523
1.3778181237194282
1.3721998831555142
1.3693558466071478
1.3588323133139386
1.369578712685269
1.3581294905146242
1.351445795190998
1.339354947860203
1.339354947860203
1.3517171072507563
1.3412128916146724
1.3477010120494777
1.3451460803600108
1.3451460803600108
1.3400497700863598
1.3400497700863598
1.3372835507945657
1.3402195730494575
1.3402195730494575
1.345558990075548
1.3457624160465456
1.3531953618253156
1.3411353530682861
1.3411353530682861
1.3413175085490885
1.3416818025440242
1.336491532032279
1.3274173712240833
1.326837833807976
1.326837833807976
1.3231646636354175
1.3173896576500363
1.3185906069324442
1.314224217292918
1.3062961093251713
1.292783778358251
1.292783778358251
1.292783778358251
1.2871515094853827
1.284075070051071
1.281632969045662
1.281632969045662
1.2800916755042298
1.2798049299368306
1.2636833576932012
1.2585856665183222
1.2512538145473495
1.2589160408766498
1.2589160408766498
1.2580279766032674
1.2547213266362567
1.2623087761460883
1.255466786103678
1.255466786103678
1.2871068351141128
1.2871068351141128
1.2643393228548507
1.2648583494181562
1.2786034371743187
1.2790165700658873
1.2616910921248514
1.2613420662331845
1.2613420662331845
1.2613420662331845
1.2613420662331845
1.2689442300547578
1.2689442300547578
1.2624471787015485
1.2736578248866537
1.279642030865063
1.2648285791951768
1.2684432043037128
1.2661497476624408
1.2479445588864406
1.2371180056549353
1.2319172570008845
1.2287933734938294
1.2143803072173784
1.209280719988195
1.20703525345851
1.20703525345851
1.2071157336215703
1.2072313952279172
1.2050589502523381
1.2047757967452521
1.2056276156456815
1.2056276156456815
1.2056276156456815
1.2030345287208823
1.204523336777601
1.2047076178380536
1.2047076178380536
1.20811619902571
1.2089909836274453
1.2079611024908634
1.192708680054237
1.1933536279864223
1.192703111994984
1.1916317532545975
1.1903135404041976
1.1871038584904
1.1871038584904
1.1881467182094618
1.1881467182094618
1.1867355825484356
1.183878350892323
1.1804718923371513
1.192651471819777
1.2008448451945488
1.1988835811179184
1.1988835811179184
1.1691803357803516
1.1446031255150684
1.1446031255150684
1.1446031255150684
1.134457429685715
1.134457429685715
1.118968454377937
1.118936184100194
1.1134070146086636
1.1020162578708892
1.1036188852904079
1.1014656579376072
1.0973925375984637
1.0824460905403483
1.0786869338389746
1.0786869338389746
1.0780216982388993
1.0776405109097607
1.0673447946056458
1.0674135274478334
1.0674135274478334
1.0674135274478334
1.0674135274478334
1.0673011877860628
1.0682731005495758
1.071352025828698
1.0714378909062767
1.0694639355667326
1.0777128497570887
1.0777128497570887
1.0728057788925387
1.0728057788925387
1.0721237105129564
1.0714213200720046
1.069170991623011
1.0692014662298799
1.0685714970091953
1.0753997928081376
1.0640065854589802
1.066337727670906
1.0464588942618627
1.0453163598061186
1.0516125004585222
1.080104978231572
1.059960826762223
1.059960826762223
1.059960826762223
1.049948683981881
1.0567073217640377
1.0587304158130266
1.069480570405735
1.0602165606618048
1.062001342187067
1.062001342187067
1.0576149293256514
1.0576149293256514
1.0508125882803523
1.0528427598910435
1.0527004958559458
1.0588752687657246
1.0642268545860911
1.0609198562374744
1.0609198562374744
1.0601334351063634
1.0673294095753936
1.0673294095753936
1.0694579459894504
1.0828432259804008
1.080600690729768
1.074510182374748
1.078210632806196
1.0696304430285484
1.067199045819314
1.0680612218804502
1.0680612218804502
1.0774913361399905
1.1053564668131035
1.0980256872705343
1.082084485161013
1.075982051633387
1.0724597262634081
1.072589351853084
1.077162225189816
1.0746169257405327
1.0784471508661735
1.0622792609710974
1.0606543577346048
1.062112078577956
1.0589637999762096
1.0532731939647695
1.0556414410056039
1.057019492752002
1.0587873695337298
1.0587778923183468
1.0587799698916711
1.0580776110256003
1.0518784500049372
1.0395259585578096
1.0423674545545103
1.037280157503308
1.0432821741011806
1.0462828264212443
1.0432277976443964
1.0458176234361707
1.0636748687426376
1.0536716885246156
1.0472982197619694
1.0472982197619694
1.0531804031349137
1.052610786798537
1.0579797723127888
1.048217211431749
1.0396472729106045
1.0463929048686442
1.0558092328053024
1.0476457831309558
1.0555180022084654
1.0571989869005611
1.0533135284836652
1.0632871528694074
1.0632871528694074
1.0596451171475512
1.0533112559818285
1.052865475128402
1.052978473762752
1.049633324642826
1.0381822683912092
1.065202845973386
1.0738985439971926
1.0862252964122676
1.0814485640958622
1.0814485640958622
1.0814485640958622
1.06850723002815
1.079883564405705
1.0800823569938216
1.0801203854106858
1.0774822934640547
1.0777975244305111
1.0777975244305111
1.0749054886209326
1.0743262456281029
1.0512860859482855
1.0462725371873434
1.0474495752440511
1.0474495752440511
1.0474495752440511
1.0306992777707322
1.0202764543385505
1.0093928947124506
1.0093928947124506
1.0149703234765803
1.0090085484854532
1.000008408104681
1.0003982398788835
0.9852691163571938
0.9711914362474166
0.9669145445796892
0.9702709538491257
0.9729928237188686
0.9777921924860873
0.9774201392024615
0.9774201392024615
0.969256350862137
0.9664391883043512
0.9529667545446139
0.9499016261026814
0.9546793429123079
0.9547706670424334
0.9547706670424334
0.9551885161384001
0.9523680137379799
0.9493663539613365
0.9530222301079239
0.9530222301079239
0.9444135910200776
0.9467293646200086
0.9467293646200086
0.9453187387336757
0.9479255811533185
0.9522381708730155
0.9522381708730155
0.949489132560716
0.9623670989219719
0.9645227466573606
0.9624243445301283
0.9686503121960942
0.9886558773706982
0.9886139631355466
0.9879040273995199
0.9770601993358004
0.9955595828668593
0.9918861571870243
0.9917697916086627
0.9970728586789508
0.9823708561338934
0.9792790814426011
0.9793506206398522
0.9835151276010681
0.9963387885364133
0.9979552329470733
0.9872589465352688
0.9872589465352688
1.0223554454750214
1.0179701820122364
1.0150908342062377
1.0150908342062377
1.014918253914866
1.0150711653636064
1.0145922656048225
1.0170478561422118
1.0258508742580161
1.0236793290035437
1.024276841522978
1.025311267934458
1.0300067466736011
1.0322089025071162
1.0320159995224456
1.0308199438149284
1.0276010890895504
1.0271861001336524
1.0271861001336524
1.0269867457675117
1.0269867457675117
1.0274431121146956
1.0274431121146956
1.0293769602265603
1.026329598996204
1.023668500268522
1.0115748097979136
1.046170875481024
1.046727369669248
1.0451756696458292
1.0416123023009036
1.043792197494823
1.055770909965966
1.055770909965966
1.063802515299261
1.0725995528404264
1.066137934317044
1.0671326781497357
1.0649980613816792
1.0590300173815461
1.0590300173815461
1.0590300173815461
1.0611928843007372
1.0611758540529426
1.0611758540529426
1.061510220124909
1.061174165156495
1.0546798148768335
1.0489053781215876
1.0128799973310165
1.0128345022053529
1.0128345022053529
1.0063569022533212
0.994697149064527
0.9927777286645499
1.0286862781623256
1.0287494704244868
1.0255479872025952
1.0174419524328806
1.0174419524328806
1.0174419524328806
1.0174419524328806
1.01740185162898
1.0092447373065334
1.003954014852884
0.9996125863415122
0.9950535011522897
0.9830745261156812
0.9838859540009185
0.962100158260093
0.9510528291101831
0.9508598894002086
0.9509205833775931
0.9559898223064146
0.9312759864115312
0.9312759864115312
0.9293739324301028
0.9317027931604415
0.9317027931604415
0.9335350244567729
0.936742377654657
0.9383696065062482
0.9402232503336956
0.9402232503336956
0.9390847026657128
0.9425539336940876
0.9425570360387219
0.9492892091847085
0.9414174811552202
0.9392449571871833
0.9409130171938861
0.9409130171938861
0.9168584298733256
0.9098916025545709
0.896360826287051
0.8992483091089869
0.9042184099363956
0.9021467868230072
0.9003701892089064
0.9003701892089064
0.90043274461448
0.894431623032592
0.8915268985555777
0.8939566125084761
0.8959389999569645
0.8900034263708841
0.8927158763208899
0.8984795940363194
0.894226150355937
0.8883124696109064
0.8829271024064187
0.8763717907528655
0.8749308889357157
0.8740165577853584
0.8716373176357782
0.8677080252309846
0.8667713472137373
0.8614119923669737
0.8614119923669737
0.8586503110151303
0.8605339980564116
0.8438508196105191
0.8405555898417388
0.8405555898417388
0.8405555898417388
0.8384959747675024
0.8407888767346016
0.8407437504697646
0.8263245139963711
0.8266127999429562
0.8274520905658731
0.8274520905658731
0.8358905002735088
0.8352701763200071
0.8353951254445143
0.8357573660803089
0.8370682929502229
0.8370682929502229
0.8375433428651892
0.8375433428651892
0.8342664401205229
0.8342664401205229
0.8386819508185832
0.8386819508185832
0.8366883091121925
0.8291972887850789
0.8241184141592975
0.8239272648940508
0.8259047010326301
0.8217805196369402
0.8217805196369402
0.8217805196369402
0.8217805196369402
0.8218770716657808
0.8218770716657808
0.8238903680025392
0.8221351345806398
0.8224617186414998
0.8223868758513418
0.8315996133102521
0.8315996133102521
0.8315996133102521
0.8315996133102521
0.8301569599360292
0.8298834502877124
0.8333948939556647
0.8345031614623941
0.8320717211756459
0.823636303736106
0.8233599270595695
0.8233599270595695
0.8260394834926863
0.8250391571323756
0.8309222081556086
0.8310635678220508
0.8310471844273002
0.8321827305187838
0.8391999662831289
0.8094336034707974
0.8135629842659786
0.8141864078092833
0.8141864078092833
0.8141864078092833
0.8073332616703343
0.7946552422190675
0.7929383839425047
0.7931394859494293
0.7855930739564061
0.785557055403964
0.7932890128927202
0.7695796283834507
0.7695796283834507
0.786055337757885
0.783126660939146
0.78749895066981
0.7944110751175603
0.8007749575911991
0.8002242129702399
0.8003820836117279
0.8084386891962316
0.8154935644141194
0.8154448767356878
0.8153652837271813
0.8333775155709036
0.829769970044768
0.8297866929000102
0.8252578644001746
0.8363652732471686
0.8440228697948913
0.845803918168469
0.8415263903464476
0.8428702728392747
0.8430011786096013
0.8398175077669142
0.8469671700376933
0.8448863727653132
0.8448863727653132
0.8409825907058612
0.8424252888061056
0.8424252888061056
0.8298887155378506
0.8298887155378506
0.8298887155378506
0.8331073544607178
0.8295658235730128
0.8103404594376555
0.8168674588821954
0.8230268125028721
0.8230268125028721
0.8163287885943303
0.8513236775519302
0.8557233433102033
0.8546668366275131
0.8508270563518606
0.8508270563518606
0.852182944351494
0.8502428832580711
0.8502428832580711
0.8482805600428861
0.8482265447916777
0.8513545430259302
0.845846607677399
0.845846607677399
0.8228371087218409
0.8181037465194625
0.8181037465194625
0.8167977787406046
0.8131779560709039
0.7999097418306657
0.7989646338521703
0.7990531555633054
0.7968365796784337
0.7867666915419965
0.7801574173588074
0.799746764654673
0.7988917340425149
0.7994634024292351
0.8020816823515868
0.8000830513429118
0.8002409979642015
0.7952090068971677
0.7820375001240744
0.7746272652188707
0.7746161604977498
0.7746161604977498
0.7746161604977498
0.7672134924232745
0.773508988974077
0.7715091226522925
0.7715091226522925
0.761226085649662
0.7579857997505088
0.7671259133619226
0.7571787947610183
0.7709060914693859
0.7705700685034416
0.7709594693075283
0.7707942991689744
0.7713043877132083
0.7717786469005481
0.7717786469005481
0.7714249182074189
0.7712216868906697
0.7663632773212832
0.7663257053585598
0.7712150563711521
0.7726409204317681
0.7661807132350524
0.7672532723661958
0.7606418326748925
0.7529115380859446
0.7204521266452334
0.7194623505667266
0.7180585841760401
0.6985879689884453
0.6957994439033507
0.6957994439033507
0.6819801148927859
0.6819801148927859
0.678814946845479
0.6820886135338597
0.6671031185738302
0.6758547860003109
0.6749153276321557
0.6750252671165119
0.6782915765772838
0.6782915765772838
0.6817998672733753
0.6829258343538968
0.6829258343538968
0.6820312012818008
0.6820312012818008
0.6820312012818008
0.6885432571554363
0.6877496761031245
0.6878812077269143
0.6930275749157474
0.6926477937434745
0.6926477937434745
0.6925367030586402
0.6926442137796495
0.6907833268142453
0.6922126428226315
0.6924542379803863
0.6924542379803863
0.6914503035778911
0.6913889808792535
0.6928173649139694
0.6962607928292771
0.7038924619508329
0.7038924619508329
0.7007971645608854
0.6953810641530278
0.6953810641530278
0.696598492762279
0.6961086112749236
0.6961086112749236
0.6985938398765521
0.6985938398765521
0.700803420432188
0.700803420432188
0.6852462779550449
0.6831072218382676
0.6949467697816932
0.6949467697816932
0.6945100755133075
0.6963361819130427
0.6871319919782387
0.6871319919782387
0.6882973225044569
0.6878908738313815
0.711610897483602
0.7138877706355625
0.714028815137262
0.714028815137262
0.7120845151921132
0.7189042826087382
0.7189042826087382
0.7189042826087382
0.7175691984577002
0.6970775947608088
0.6952821481752541
0.6951794786710807
0.6951794786710807
0.695430373834346
0.6966669025370466
0.6966880218899194
0.6966880218899194
0.6964770933461655
0.6900372690683658
0.6845638271653309
0.6885911409380719
0.6840219872693536
0.6873333218357076
0.6853357870703917
0.6860916889005078
0.6841069531799711
0.6650255088927824
0.6676473754808916
0.6676473754808916
0.6771677517375546
0.683858422756344
0.6805426366388896
0.6805426366388896
0.6697394900741579
0.6697394900741579
0.6697394900741579
0.6894195147212551
0.681991408658915
0.6816741567345833
0.6829997689905687
0.6847400138565047
0.6950977114474979
0.7060507472877455
0.7058443128688004
0.7047579972097794
0.7045425681061622
0.7045425681061622
0.7033595014386799
0.7028970532912819
0.70234600031746
0.7024335120604474
0.7056450478660693
0.6863666318040793
0.6863666318040793
0.6863666318040793
0.7020720597407458
0.6967749376662528
0.7064284333241344
0.7064284333241344
0.7170424901375821
0.7400751291180964
0.7466608659675121
0.7499078768870063
0.7499078768870063
0.7499078768870063
0.7512207770115051
0.7543125736018284
0.7491336286318256
0.7453327558476115
0.7453654741534917
0.7453654741534917
0.7332326545784287
0.7274967975016344
0.7378195031684689
0.7378195031684689
0.7480858436250738
0.7428432077780368
0.7355286514100698
0.7355286514100698
0.735434539165988
0.737113671618502
0.6969267609472662
0.6987921160085515
0.7010036031772422
0.715820371950001
0.715820371950001
0.7132174678938602
0.708440762325639
0.7078205483915089
0.7087822538964275
0.7172384977311156
0.7157616190693752
0.7157616190693752
0.7099336816568318
0.7048408434485579
0.7048408434485579
0.7048408434485579
0.7093479882066513
0.7175300454425603
0.7175300454425603
0.7180825373667732
0.7180825373667732
0.7157373407824575
0.7080389749297904
0.707139609833687
0.6986244037355355
0.6986244037355355
0.6986244037355355
0.6942414180036054
0.7069832141697555
0.701259211229203
0.7041656407062675
0.7041656407062675
0.7041656407062675
0.7041656407062675
0.697901390682368
0.6899339075445301
0.6900747244846351
0.7089392615196176
0.6830638379412295
0.6867958080142742
0.6773379247832022
0.6870338125019054
0.6850958804837751
0.6850958804837751
0.6816479655777814
0.6816479655777814
0.6815956819407181
0.6842853188325608
0.6752052719110359
0.6756629362442163
0.6729156726154849
0.6749115884453116
0.6774461733299131
0.6845817986927146
0.6845817986927146
0.6845817986927146
0.6855278383385446
0.683311136623075
0.683311136623075
0.6875085288207333
0.6891703880471911
0.6891703880471911
0.6903869212346309
0.6904370279920627
0.6949003583218557
0.6953771568232908
0.6940953856044947
0.6913812983028333
0.6907326124508231
0.692675691184306
0.6910509775776881
0.6783678519890644
0.6763614864451252
0.6700725387875303
0.6695961182733302
0.6695961182733302
0.6756761307664595
0.6756761307664595
0.6787702200429551
0.6797376242717235
0.6663924869101127
0.6676350527313217
0.6412166915152933
0.6426530336148681
0.6286638038818072
0.6278823917297351
0.6275956678618988
0.6277263918944679
0.6255874351459743
0.6255874351459743
0.6255874351459743
0.6218947210015373
0.6218947210015373
0.6218947210015373
0.6218947210015373
0.6221977884890187
0.6122515654455709
0.6122515654455709
0.6122515654455709
0.6122515654455709
0.6048561275839501
0.6143271939300055
0.6134639481639014
0.6131690404374978
0.6204904349366893
0.6204904349366893
0.6204904349366893
0.6204904349366893
0.6204904349366893
0.6204904349366893
0.6204904349366893
0.610342306405253
0.6163767400538296
0.6144925223855633
0.6153453801910453
0.6087402940675979
0.6087402940675979
0.6050738416568081
0.5983826686043872
0.5983826686043872
0.5983826686043872
0.6061680113622203
0.6065520599761531
0.6109270087812871
0.6109270087812871
0.6103837674494373
0.5918451935702449
0.5798611064526104
0.5798611064526104
0.5558642287325871
0.569023761029787
0.5767987877593043
0.5749737098477892
0.5660084971874328
0.5660084971874328
0.5638786885760433
0.5658257374794893
0.5658257374794893
0.5703017697485329
0.5777380582987037
0.5733608918671996
0.571610661767925
0.5748827723406994
0.5748827723406994
0.5748827723406994
0.5748827723406994
0.5748827723406994
0.588954151245391
0.5970346033490022
0.5883672564472155
0.593511724172543
0.593511724172543
0.593511724172543
0.593511724172543
0.5919584889667784
0.5926115070675785
0.5919329256172882
0.5916838023770371
0.595609869011424
0.5969769028356023
0.5969769028356023
0.5936229176293135
0.6017917284019902
0.6146822618118586
0.6169584870056779
0.6099138391008028
0.6160775474479017
0.6085198495669771
0.609085230602808
0.609085230602808
0.6114801839657487
0.607928634358192
0.607928634358192
0.607928634358192
0.6298053509877897
0.6298053509877897
0.6331161867756598
0.6331161867756598
0.6361631919243973
0.6288879529688399
0.6275805968284187
0.6297122439938685
0.6123072561718329
0.6041849117159263
0.5946792820775016
0.5916361947062679
0.593964163255803
0.593964163255803
0.60819705426266
0.6071869380269106
0.6047100807135014
0.6188763059141681
0.6248267012318977
0.6109750804159991
0.6132385114741359
0.6132385114741359
0.6149246981599934
0.6117656751837225
0.6166960689485201
0.6098325075953216
0.6100609140319037
0.6100609140319037
0.6100609140319037
0.6100609140319037
0.6112642603342819
0.6112642603342819
0.6112642603342819
0.6112642603342819
0.6112642603342819
0.6082289624123581
0.6052246000959196
0.6052246000959196
0.6076634915012362
0.6076634915012362
0.5962975316951389
0.5968805213125301
0.6030053569271078
0.6123038487453967
0.6071676328087228
0.6091139729063083
0.609944763487237
0.608394586849952
0.6025241467558481
0.6086593319552356
0.6016574509452428
0.5841094963143231
0.5783729265585884
0.5693568266318169
0.5684648822479996
0.5698710017919146
0.5715836886455864
0.5746158238820721
0.5746158238820721
0.5746158238820721
0.5729374309117109
0.5722285497817828
0.5719791934607803
0.5539521862428057
0.5539521862428057
0.5539521862428057
0.549579944126557
0.549579944126557
0.5532945899067636
0.5532945899067636
0.5475468690684473
0.5444877816689054
0.5459974354773753
0.5337956322396679
0.540065994615829
0.540065994615829
0.5409530619028645
0.5451605778775561
0.5424384233510767
0.5457845778535422
0.5457956985764995
0.5457956985764995
0.5447565752323583
0.5609072551007395
0.5600470875854128
0.5612918672292713
0.5583267761652493
0.5583267761652493
0.5583267761652493
0.5583267761652493
0.5624715838828889
0.5704630691695444
0.5704630691695444
0.5704630691695444
0.5694960893938472
0.5694960893938472
0.5694960893938472
0.5599470719873497
0.5607185563702931
0.5607185563702931
0.5637126828399983
0.566303471627075
0.5734008982415321
0.5734008982415321
0.5734008982415321
0.5734008982415321
0.5584270622641693
0.5557323216965964
0.5592591058889228
0.5587285029818524
0.5587285029818524
0.5631508388717962
0.562314280343606
0.5607123260707015
0.557579546565505
0.5381467124271874
0.5381467124271874
0.5375037329917979
0.5374010546039703
0.552652408570927
0.5489748672347694
0.5490028003258107
0.5490028003258107
0.5497080684415532
0.5667764307558073
0.5658192431095124
0.5658192431095124
0.5635354804002191
0.5635354804002191
0.5645853526511708
0.5649194278664298
0.5652726395486737
0.5652726395486737
0.5721371118757665
0.5625791995802367
0.5625791995802367
0.5625791995802367
0.5625791995802367
0.5625791995802367
0.5625791995802367
0.5634794295242704
0.5634794295242704
0.5629354242221153
0.5629354242221153
0.5630164078551363
0.5479650459226227
0.5479650459226227
0.5307617466540834
0.5384233282756044
0.5384233282756044
0.5390405564337586
0.5266781076152988
0.5266781076152988
0.5327984457071178
0.5430946405074026
0.542379222811871
0.542379222811871
0.542379222811871
0.542379222811871
0.5460496685004708
0.5492099580042469
0.542680025970812
0.542680025970812
0.542680025970812
0.5431333481107844
0.5421350307908225
0.537745120223925
0.537745120223925
0.537745120223925
0.5411649585436794
0.5373535733091738
0.5400249965743116
0.5462495279021617
0.5462495279021617
0.5615647232149263
0.5615647232149263
0.5615647232149263
0.5475195074222416
0.5547113941742954
0.5547113941742954
0.5648960499789139
0.5648960499789139
0.5647411414814404
0.566998677922763
0.5574939485118552
0.5492331041456456
0.5494306852732753
0.5494306852732753
0.5491264881148116
0.5206442210776582
0.5089351797793964
0.5236322875506686
0.5236322875506686
0.5236322875506686
0.5243948542252679
0.5294295574013396
0.5294295574013396
0.5345945124440038
0.5372209964100068
0.5371396282264608
0.5373076883562916
0.5360350267613194
0.5360350267613194
0.536919619569303
0.5336638537098453
0.5336638537098453
0.5344180267875763
0.5344180267875763
0.5344180267875763
0.5344180267875763
0.5344180267875763
0.5344180267875763
0.5330576725631523
0.5330576725631523
0.536206571229084
0.536206571229084
0.5361043450917435
0.5325106613015731
0.5452686399391969
0.5442243489148774
0.5442243489148774
0.5442243489148774
0.5447516195840657
0.5478119111510247
0.5497323194198427
0.549709676739851
0.5501265785808569
0.5501265785808569
0.5510188106493439
0.5442794426360615
0.5472067952298322
0.5472067952298322
0.557633140018641
0.5430442450999422
0.5430442450999422
0.5430442450999422
0.5401291352110884
0.5423386496128908
0.5423386496128908
0.5344136719918491
0.5349592245372259
0.5343781723511956
0.533866900068448
0.533866900068448
0.533749324446816
0.5251524864951288
0.5229189794442032
0.5192582707261896
0.5433999335549422
0.5433999335549422
0.5427355831376196
0.5427355831376196
0.5427355831376196
0.5426619522252598
0.5426619522252598
0.5434550110864586
0.5434550110864586
0.5434550110864586
0.5434550110864586
0.5431977278553429
0.5404927021656718
0.5404927021656718
0.5404927021656718
0.5333366700094165
0.5324681089030369
0.5192582707261896
0.5192582707261896
0.5192582707261896
0.512177451215108
0.512177451215108
0.512177451215108
0.512177451215108
0.512177451215108
0.5138849992957958
0.5138849992957958
0.5138849992957958
0.5138849992957958
0.5138849992957958
0.5138849992957958
0.5138849992957958
0.5034473316226032
0.5034473316226032
0.5034473316226032
0.5034473316226032
0.5034473316226032
0.5034473316226032
0.5029052163850279
0.5021095883505651
0.5021095883505651
0.4910051178413557
0.4910051178413557
0.4910051178413557
0.49082478221530135
0.49082478221530135
0.49082478221530135
0.49082478221530135
0.49082478221530135
0.49082478221530135
0.49661598820676023
0.49661598820676023
0.49661598820676023
0.49661598820676023
0.49661598820676023
0.49661598820676023
0.49661598820676023
0.49209993962293946
0.48829258498462164
0.48829258498462164
0.48829258498462164
0.48829258498462164
0.48829258498462164
0.48829258498462164
0.48829258498462164
0.48829258498462164
0.48829258498462164
0.49367631212450264
0.49589307657932813
0.48988311055610767
0.48988311055610767
0.48986819337247733
0.48986819337247733
0.48986819337247733
0.48734814047281594
0.48734814047281594
0.48734814047281594
0.48734814047281594
0.48734814047281594
0.48734814047281594
0.48734814047281594
0.49308453121137974
0.4930274650590812
0.4930274650590812
0.4930274650590812
0.4930274650590812
0.4930274650590812
0.48157115582828297
0.478604821539613
0.4774325983226457
0.4774325983226457
0.4774325983226457
0.4619561278871263
0.4619561278871263
0.4619561278871263
0.4619561278871263
0.4617885347246236
0.4617885347246236
0.4617885347246236
0.4617885347246236
0.4617885347246236
0.4617885347246236
0.4616471165505478
0.4616471165505478
0.4616471165505478
0.4616471165505478
0.4616471165505478
0.45221399753319735
0.45221399753319735
0.45221399753319735
0.4519682991128198
0.4519682991128198
0.44228167045449135
0.4437059300231033
0.4437059300231033
0.4437059300231033
0.443220752593705
0.443220752593705
0.4261587318542891
0.4261587318542891
0.4261587318542891
0.4261587318542891
0.4261587318542891
0.4261587318542891
0.4261587318542891
0.4261587318542891
0.4261587318542891
0.4261587318542891
0.4261587318542891
0.4261587318542891
0.4261587318542891
0.4261587318542891
0.4261587318542891
0.4259666060710881
0.4259666060710881
0.4259666060710881
0.4256041373482268
0.4256041373482268
0.4256041373482268
0.42470320521081695
0.42470320521081695
0.42327988749938306
0.42327988749938306
0.4113632157719597
0.4113632157719597
0.4113632157719597
0.4113632157719597
0.4113632157719597
0.4096903764900875
0.4088228097438267
0.4087403760546188
0.4087403760546188
0.4087403760546188
0.4087403760546188
0.4087403760546188
0.4087403760546188
0.4087403760546188
0.4087403760546188
0.40521109288843726
0.40521109288843726
0.40521109288843726
0.39638273026523096
0.3945737388789562
0.36763211358343134
0.36763211358343134
0.36763211358343134
0.36763211358343134
0.36763211358343134
0.36763211358343134
0.36763211358343134
0.36763211358343134
0.36763211358343134
0.36763211358343134
0.36763211358343134
0.36763211358343134
0.36763211358343134
0.36763211358343134
