0.0466667 0.01440168470858344
-0.0866667 -0.1026098068887526
-0.3733333 -0.327319366941222
-0.1533333 -0.19687121429990978
0.0366667 0.05579412969474157
0.0066667 0.029691663927900236
0.7633334 0.7656373817650054
0.61 0.6473232109778626
0.3833334 0.3676405767935478
-0.28 -0.2768428210845052
0.56 0.5844127434126897
0.1633333 0.212229671430643
0.1266667 0.11662272823170153
-0.71 -0.6946082019993811
0.9666667 0.9903081107265606
-0.86 -0.8824260642365126
-0.59 -0.6273857378641977
-0.2366667 -0.21611696642176248
-0.4033333 -0.4056683435029334
-0.7566667 -0.7558286665504833
0.7133334 0.763067512495575
0.4233333 0.44960141369822804
-0.2933334 -0.3319945705760507
0.72 0.7354471763446562
-0.9666667 -0.945753390518057
-0.9966667 -0.9443372453639636
0.9833333 0.9297531337004618
-0.6666667 -0.7088143835930258
-0.17 -0.17205803198462383
0.9 0.9752188250908072
0.03 0.04297461135730479
0.27 0.29550254163126743
