0.0466667 -0.020450206917263847
-0.0866667 -0.16668665468157323
-0.3733333 -0.3880051002916434
-0.1533333 -0.13111996161221418
0.0366667 0.09618969721821205
0.0066667 0.012764035559897136
0.7633334 0.8235870112745722
0.61 0.7443981948037622
0.3833334 0.38069420272414145
-0.28 -0.14195893514504293
0.56 0.5528902723176995
0.1633333 0.1866708165502665
0.1266667 0.1597025198999943
-0.71 -0.6794048279669551
0.9666667 0.9610149302051947
-0.86 -0.8683100822900317
-0.59 -0.6225147738036267
-0.2366667 -0.2145134789615633
-0.4033333 -0.3546745158871897
-0.7566667 -0.6973911595232538
0.7133334 0.6444325577865422
0.4233333 0.38392132107372934
-0.2933334 -0.18819406550351897
0.72 0.7560119058925391
-0.9666667 -0.8551168839596243
-0.9966667 -0.89480703180619
0.9833333 0.9999776993483365
-0.6666667 -0.5661095392388562
-0.17 -0.27711726054062175
0.9 0.8752273786282545
0.03 -0.03697227789345803
0.27 0.2888664567363006
