0.0466667 -0.12255977764232323
-0.0866667 0.08816376058404896
-0.3733333 -0.3506102579748657
-0.1533333 -0.20954055285237744
0.0366667 0.21396009372784652
0.0066667 -0.13814562194951213
0.7633334 0.46550914580755326
0.61 0.4088095924829204
0.3833334 0.3917032076843501
-0.28 -0.2948604924187414
0.56 0.6810532131139969
0.1633333 0.09763770609410219
0.1266667 0.12650441762683018
-0.71 -0.6797657179372388
0.9666667 0.8489208469428393
-0.86 -0.749306684037768
-0.59 -0.5692138999862124
-0.2366667 -0.3305004163834877
-0.4033333 -0.4531544294809912
-0.7566667 -0.7277556196589845
0.7133334 0.6174174765094105
0.4233333 0.2639675251418182
-0.2933334 -0.31441923413703887
0.72 0.6500221787004101
-0.9666667 -0.4843656421252605
-0.9966667 -0.6538101382770102
0.9833333 0.883788180046648
-0.6666667 -0.6031706286569202
-0.17 0.08136461772037759
0.9 0.8325193495279037
0.03 0.2591992800432965
0.27 0.24888093970614106
