0.0466667 -0.08411343360091295
-0.0866667 -0.052618276485351737
-0.3733333 -0.2977622838895422
-0.1533333 -0.22933660026418634
0.0366667 0.20507626667564738
0.0066667 0.20717187445391766
0.7633334 0.5376894495128517
0.61 0.4918833057827286
0.3833334 0.5740828598130655
-0.28 -0.09582825892065155
0.56 0.5685881562191477
0.1633333 0.2618470757140071
0.1266667 0.4470066138596177
-0.71 -0.8320923391175103
0.9666667 0.8272947839593121
-0.86 -0.7363964077052153
-0.59 -0.6215632680257195
-0.2366667 -0.24843812901165868
-0.4033333 -0.5055457999010945
-0.7566667 -0.8287128215253453
0.7133334 0.5498179945495998
0.4233333 0.0938079301667788
-0.2933334 -0.14979985887013886
0.72 0.6728853077056305
-0.9666667 -0.8045590749806141
-0.9966667 -0.6629439364522911
0.9833333 0.39460868628803425
-0.6666667 -0.701669061182491
-0.17 0.03058563393623487
0.9 0.9286004069448164
0.03 0.11149283666381046
0.27 0.2607525301274417
