1.6635165767282356
1.404729553672309
1.4150825926594663
1.4080940578852663
1.398691856420776
1.3986350161697565
1.3980856470450438
1.3791733172532323
1.36513184818679
1.36040457294191
1.376181955813647
1.376181955813647
1.3776492441639456
1.365547382199448
1.3616166916976293
1.3728008162160192
1.3690146382784618
1.3509055979596516
1.3348192758860236
1.333299885952073
1.333299885952073
1.3333656636615558
1.3227887151851958
1.3352397367777398
1.3157320811558815
1.3142861499070646
1.3015894401734074
1.3014860715958732
1.3030460335061171
1.304919277440838
1.3049025260169043
1.3189604641784642
1.3006502271849112
1.3056072075014853
1.309338257599409
1.309338257599409
1.3093177650151628
1.3093177650151628
1.30831146835083
1.3092646029652908
1.3134108108748035
1.3132878719827135
1.3115576478703548
1.325158901917357
1.325158901917357
1.3167708606513204
1.3155896795269748
1.3155893510811139
1.3174882202594833
1.3073898597584492
1.3079392452644423
1.2857720041625964
1.2846328809819778
1.2833129134144345
1.2792853941915814
1.2792853941915814
1.2408943353490633
1.2238563274984673
1.2292099330848572
1.23072842505899
1.23072842505899
1.2288103295863837
1.2450288918837615
1.2450288918837615
1.240724113369131
1.2417560949742044
1.2267677603678342
1.2228650630843183
1.2158688892362484
1.216399316448797
1.2194206947353567
1.2178968414583358
1.2164935379462485
1.2168629846937946
1.2272021069992933
1.2249065119168496
1.2235505510992968
1.226280747292319
1.2327379873013213
1.2351113642071898
1.2191962213565097
1.2261780285261321
1.218198250412769
1.209871237410422
1.2073507334162679
1.2087571644571409
1.2087571644571409
1.2019027546134176
1.203164997433638
1.1979295593532062
1.1990857214447332
1.1879996050119204
1.1794803225398218
1.1783854428953424
1.1533138316475475
1.1550268787458955
1.159640359140171
1.1570670891669197
1.1570033210522321
1.1442497487421375
1.145078676181598
1.139883335428606
1.1488830744454521
1.149691617017364
1.148675303545072
1.1316629359533952
1.1317770143509411
1.1317397487044247
1.111513753245784
1.1026760849200061
1.1159270352489539
1.1188901334557917
1.1171315536813233
1.1322128297014065
1.1289319463363345
1.1289319463363345
1.1257751983807442
1.123866419560274
1.1189082797266332
1.1189082797266332
1.1226920274210737
1.122304887459472
1.1209079184252644
1.1232365097575683
1.1202761653078817
1.1008189312505978
1.0918283102572808
1.0760281667999907
1.0743011990775468
1.0737397709339591
1.0737397709339591
1.0709008962094428
1.0608411929409713
1.0766682420919536
1.0760737942237535
1.0666195411468968
1.0642444543433793
1.0772815398884976
1.0826643137748317
1.0769066172866457
1.0740603954576748
1.0720769237955887
1.0666513087920997
1.0667840879987094
1.0709862545592834
1.066944455491207
1.0674601055518278
1.0635530389123997
1.0544340385066844
1.0515342492472994
1.0403175987017543
1.0515946093979147
1.0529792478085966
1.0540024718893508
1.0539970339197091
1.0511842384923102
1.0363113061278613
1.0373648830344304
1.0330357937056514
1.0395565268893423
1.0349150639970666
1.0073594794810916
1.0128253448560427
1.0072498090776574
1.0082463274823663
1.0070121165317212
1.006928143434724
0.9856539550356285
0.9856539550356285
0.9866297317016116
0.9868010853833027
1.0004151053385282
1.0003483083038571
1.003230148995406
1.0031883424880716
0.9868508811725084
0.9869796270507611
0.9814104362487328
0.9836378130305079
0.9790049045765193
0.9969415688183556
0.9971832027532107
1.0011710461138148
1.001892456923173
1.00301799408598
0.9901336909953788
0.9970828727277168
0.9970828727277168
0.9967762798638633
0.993357231444394
1.0176235209304136
1.0079174050529052
1.007158981722804
0.9975823887320611
0.9977824071045301
0.9974650688328441
1.000687781261876
1.0009809293977652
0.9943475164344725
0.9937172157272063
0.9937172157272063
1.013887382003005
1.013887382003005
1.0327607472906364
1.0260681094453097
1.0162720435507542
1.0014533971560622
0.9932235753385832
0.9995730761449012
1.00508438651823
1.006366187392417
1.00896105901633
1.001776488483633
0.999587878389629
0.9989338187777876
0.9961417926189502
0.9961417926189502
0.998988358435226
0.996562639379972
0.9953745007973452
0.9953745234848008
0.9955782234228799
0.9955361436155502
0.986533978521059
0.9846665792339412
0.9848981205920357
0.9829269846029791
0.9757161296772636
0.9691785871797779
0.979043536735042
0.9698358992032835
0.9503113926655014
0.9527153821842175
0.959621857788285
0.9532684847124356
0.9503481343440437
0.9518947103121912
0.9385108582354613
0.9559974443543036
0.9618990051908615
0.9681615660243249
0.964594732450244
0.964594732450244
0.9663516529336466
0.9664791718750754
0.9704953897617278
0.9717133706730302
0.9717133706730302
0.9697183609964419
0.9796322288687075
0.9566472660583004
0.9562075029800255
0.9537621343642861
0.9378765930174227
0.9291027821681586
0.9492050072447196
0.946823491753528
0.9477991389279518
0.9473414123474049
0.9454235822026091
0.9593489563356739
0.9578269625963584
0.9703609351636806
0.9555861716281855
0.9590665501469499
0.9620073079701776
0.9813567458129833
0.9826388864706747
0.966556875219444
0.966556875219444
0.9640248651226344
0.9649762318585056
0.9569718684543482
0.9470232416244329
0.9490700077594645
0.9394922506756994
0.9536878403610148
0.9512231081643008
0.9510593352381174
0.9510298398652128
0.9510298398652128
0.9311614968534979
0.9327893573837664
0.9330933682591369
0.9388194697669662
0.9435418279826778
0.9366179137237299
0.9603080994463822
0.952822857619552
0.9516905488307779
0.9514920890664017
0.9663383300514912
0.9615297509904858
0.9592539749359311
0.9802883544990443
0.9807277062647756
0.9830253805417931
0.9830253805417931
0.9738784070426414
0.9687573841355471
0.983545444379185
0.9859414215960238
0.9832340767881939
0.9847777160169344
0.9812015631262796
0.9710013636152635
0.9467610794831396
0.9347783774843929
0.9308945379584146
0.9319980583136399
0.93842115687116
0.9301847927150501
0.9342807888539923
0.931143785464774
0.9124003068156716
0.9051134850023755
0.9113292418486819
0.9104310987430076
0.911508487968683
0.9100086595688582
0.8965727773453035
0.9045181088700135
0.8988458690669071
0.9009624408342006
0.9199263032439364
0.9068772225097723
0.9144170436148726
0.9130665208054899
0.9125240462354844
0.9103487521375291
0.936691104192672
0.9568748458140005
0.9540475972907005
0.9540617564308896
0.953695363319045
0.9220284724403656
0.916963086726992
0.9137487099240444
0.9355582147875442
0.9401504086917135
0.9369357521295165
0.9369357521295165
0.9383302232772809
0.9221613990109184
0.9202488037555973
0.9302086945773829
0.9362062801264829
0.9466620647475866
0.9468273252381648
0.9449444195232521
0.9450601763517327
0.9453232617446985
0.94491423107383
0.9514530912490361
0.9483956080699412
0.9483956080699412
0.9502350335554818
0.9502350335554818
0.9329404067701983
0.9329404067701983
0.9333153956667603
0.9272284927152661
0.9241647028154991
0.9266591220839939
0.9261031473445835
0.9258578446483426
0.9257735770936485
0.9247946194340697
0.9194657327236163
0.897028452001588
0.8980697305733066
0.8920355642011522
0.8830381831107548
0.9000673039153991
0.9033610520755416
0.8986572624584318
0.8986572624584318
0.8837428653693458
0.8892283772654064
0.8877526838577067
0.8689840632337833
0.8686697408251315
0.8690289084467085
0.869646669095993
0.869646669095993
0.8737622546691443
0.871419320969622
0.9005382923953807
0.9018931344680295
0.900807381377686
0.900807381377686
0.9088049603324082
0.9121201731352918
0.9072484444045606
0.911996241182408
0.9168545509971362
0.9214642633066564
0.9236034786818841
0.9247418117858786
0.9275145275654935
0.9029155636059223
0.9037126463763244
0.9008627611187766
0.9017364898307451
0.9073355777484419
0.9047068798747879
0.9038445590234425
0.9054398441498217
0.9050161192618428
0.9151491789876557
0.9212419913829328
0.9264312483851961
0.9279891613928721
0.9264509259564492
0.9190870988999728
0.9139457513538539
0.91228420536506
0.9162452018645609
0.9031088344565911
0.9031705589160816
0.9052636617913106
0.8996883287902449
0.9014636689325498
0.9044071411747316
0.9048972577160489
0.8947695359998818
0.9001177967113032
0.8989797752289795
0.9133523704758764
0.9005489700148557
0.8895082845807253
0.8895082845807253
0.8677971779041882
0.8653199897165981
0.8671551465287348
0.8671551465287348
0.8699394190765747
0.8743316430907687
0.8928127782476862
0.8882922333586589
0.887391472815047
0.8782891497614412
0.8719981445049529
0.8703144691952875
0.8673549759217701
0.8667599843505315
0.8667599843505315
0.8650450425199673
0.8437527675420969
0.8497070177528676
0.8469469747700282
0.8421631882918184
0.8486682264923443
0.8475032219103811
0.8458228938057438
0.8468354194530701
0.8548194838482981
0.8553762893626745
0.8542731618267912
0.8488684288857732
0.8507648301210604
0.8512647995470303
0.8485036965754577
0.8432070154608592
0.8490523451011768
0.8488843491012643
0.8486744088511288
0.8570312661081665
0.856854613684497
0.8816643188750076
0.8824994143866852
0.8816610567109249
0.8854772398820814
0.8839493353144698
0.8934682581988621
0.8811912744891427
0.8741724158767118
0.8728792080489335
0.8704414407609822
0.8698844384133981
0.8772605903818289
0.8595129024156454
0.859055058258206
0.8454260646573096
0.8455210537434333
0.8469896902346828
0.8449260227599587
0.8465229290169604
0.853999590392991
0.8540245905797729
0.8478038712335177
0.8482068193862037
0.8485514205834713
0.8509325166271594
0.8584180385628445
0.8726782981694492
0.8916870021100444
0.8909010420278103
0.8953042885191007
0.9028357261211207
0.9026157020571566
0.9080333844111256
0.9103839158117439
0.9101978451514711
0.9081333976004884
0.9075864150222185
0.914461510519924
0.9152253978939368
0.9078370757573275
0.9100683170292245
0.9005631684041068
0.9108510713088571
0.9148723990496302
0.9184692332881352
0.9279919539355398
0.9294058333404855
0.9228766112985756
0.9208378495522305
0.9242518121957091
0.924735163103944
0.8984348365084487
0.8984348365084487
0.9008238831875176
0.8941042539167594
0.884734002090499
0.8846789365699492
0.8890819503663411
0.9119759056436423
0.911569225844714
0.9119382217941439
0.9164246279773965
0.9141519595478925
0.9141519595478925
0.9223000688531792
0.9072938622091652
0.9130727576725269
0.9162068293792351
0.9235882521754034
0.9264973146577794
0.9310990606964709
0.9332352208999526
0.9332352208999526
0.9430544107168847
0.9439534758682384
0.943542374053263
0.9449264900592983
0.9458592025972854
0.9557040040887832
0.9297365480537284
0.9298974106845025
0.9263816194572826
0.9289833966972665
0.9296501620187904
0.930194250149711
0.9269758977500422
0.9215467973448546
0.9225339940903275
0.9343751301155432
0.9343751301155432
0.9350518797981363
0.9350518797981363
0.9317948876005144
0.9314177680714258
0.9319647264822093
0.9367316795395846
0.9359488957708257
0.9379125485534001
0.9313224351425454
0.9372824550273648
0.9563640751072982
0.9569223397107414
0.9673181836791568
0.9737184007578595
0.9656933537622014
0.9681387674962803
0.9546676813089797
0.9427615454704703
0.9487489868415899
0.9450492582090542
0.9332921993403948
0.9266134436973412
0.9266134436973412
0.9212045567725978
0.918599551733441
0.9294190106307251
0.9244220989338305
0.9044030287810043
0.9065658129138656
0.8965165525230029
0.9144647048518746
0.9299584213702019
0.9271784165119373
0.9271784165119373
0.938385008005471
0.9415990508113767
0.9437521933692357
0.963624885653691
0.953362166213896
0.9526551955941462
0.9552515581546602
0.9585483665302077
0.957388295478373
0.9647908765330332
0.9675789583679656
0.9675789583679656
0.950754308171101
0.948762972143136
0.9384589206383924
0.9384589206383924
0.9357674939101017
0.931781854057936
0.9390560192593397
0.9659527432947945
0.9655086224564058
0.967460250486376
0.9463728801687548
0.9503705039578259
0.9511397550594447
0.9557092603728573
0.9569408196928468
0.9572516616019909
0.9574787728102304
0.9574787728102304
0.945427518592201
0.9417928704961501
0.9471163472401184
0.9549308672245896
0.9415736329211715
0.9358489392375454
0.9356407999198506
0.9399967912585212
0.9388182277888356
0.9366289800860611
0.9366289800860611
0.9350293396722732
0.9360554017162092
0.9579462902614879
0.9474561124950451
0.9473261193299841
0.9464301226654581
0.942130324244275
0.9633447309274711
0.9596898642652939
0.9660400551657558
0.9618301842949627
0.9611995787925106
0.962510180530436
0.9624256015544976
0.9647282757822971
0.9570641752372433
0.9501690114532318
0.9472715703532615
0.9484745191326563
0.9416358161298128
0.9171118373012859
0.9141913941953198
0.9164415360743658
0.921162629757699
0.9164040109974949
0.9256392180954864
0.9287285929877264
0.9287285929877264
0.9236871195294576
0.9138841239371325
0.9136790916378157
0.9135246493905939
0.9136683495812554
0.9045401514335705
0.88588359047714
0.883038285548142
0.8822188098925925
0.8814458054039145
0.873220214966015
0.8706388806608694
0.8619106635575066
0.8619106635575066
0.8448125525508555
0.8352730672107561
0.8277416887852056
0.8259126379866426
0.8228227115696979
0.8228093993774688
0.8259747198708424
0.8436377591402451
0.8326159609976318
0.8396940096724115
0.8396940096724115
0.8358276897803609
0.8274048414480939
0.8256018286675267
0.8243862083126056
0.8247100562331845
0.8410005458655383
0.8446603031189873
0.8446058432636205
0.83108326998061
0.828495127609468
0.8441576455613518
0.8397415673919656
0.8425354672555905
0.8423485329825015
0.8326236755493363
0.8300938437347962
0.8431693694614659
0.8382295295380467
0.8433650819622793
0.8467943192366749
0.8409248992783396
0.8386726577357773
0.8388715394523203
0.8081692669677162
0.8070121535436507
0.7999201060401759
0.8000138614632317
0.7903435005925505
0.7794069969437231
0.782854848356794
0.7827491299023457
0.7966281160758084
0.8009453646697063
0.7971171875500859
0.7942014301032646
0.7890468268228054
0.7888535622406162
0.788413043880827
0.7823173804053811
0.771853589070291
0.771853589070291
0.7801532240611236
0.7777755397273534
0.7705499039396403
0.7698138437057171
0.7712635324628625
0.7749351993432031
0.7848819165343045
0.7931023014107317
0.8081081789479326
0.8035889501946135
0.8147947507437207
0.8022143501786855
0.8046427376168278
0.8033876770665235
0.8100838843011384
0.8055697223597909
0.8079911668997474
0.8079911668997474
0.8072391152820012
0.8073815067953904
0.8071324362256999
0.8181018901463056
0.8182904081573895
0.8182904081573895
0.8060442280623997
0.8109026731390092
0.8220823268147174
0.8220823268147174
0.8220823268147174
0.8217464622254287
0.8497872244378701
0.836492315885551
0.8441195680468201
0.8443951332302828
0.8436981091969035
0.8436981091969035
0.836765609516559
0.8382254970061247
0.8447643575257928
0.8509229141319583
0.8599787081902193
0.8763099455082133
0.8761211944447023
0.8762643624310661
0.8783474143978394
0.8791218152226183
0.8803542554250693
0.8818028501176401
0.8723486627845644
0.9098397782275851
0.906233798601729
0.9054987458489491
0.9080537195342137
0.9054049525798752
0.9068886838222447
0.9172111925627107
0.9130947926487096
0.9131324779999054
0.9105616857427989
0.9156016586897986
0.9151252358764767
0.9182114528202359
0.9153204791011584
0.9190211260075796
0.9225707995757029
0.9145519666871429
0.914431967957498
0.9135465686936033
0.9137273616164439
0.9333510203331508
0.9332479396310405
0.9350054755528832
0.9350054755528832
0.935854172683254
0.959333450936951
0.9560395006787713
0.963312683911026
0.963557823542172
0.956956236853961
0.9537874037603481
0.9587924598878553
0.9577082020620648
0.9572285617395916
0.9630025945365722
0.9772448494536019
0.9855096088689498
0.9847556245173831
0.9849722922911959
1.0014802955560551
0.9879808559927488
0.9836961414214718
0.9808127700199099
0.9782614293191972
0.9803334807476423
0.9971627547999854
0.9993054369997828
1.0101159258960029
1.0073011691494012
1.0067735582588895
1.0038598055936943
1.0215299972752117
1.0208470477731457
1.0191268152471726
1.021321190682604
1.0220999441752983
1.0202151476216539
1.0208078483990017
1.0215015880061673
1.0185578157897668
1.019005899234716
1.023054316589847
1.0168722458576531
1.0376503048672332
1.054627875719384
1.054627875719384
1.0375473962268467
1.0367191062038554
1.0216682542438869
1.009811918967846
1.0097388373801244
1.0084821418443288
1.0101702439912967
1.0109388198648093
1.0057298067578966
1.0092315321281673
0.9996342592410362
0.9957827165926094
0.9957827165926094
0.9957827165926094
1.000049980096371
1.000623251175007
0.9987807182025819
0.9987798974309468
0.9993583592111462
0.9993583592111462
0.9927848572450066
0.9666099373615092
0.9697762927203609
0.9781832428702556
0.9787208755323006
0.9836958704313653
0.9936313099210791
0.9936313099210791
0.9908714669284427
0.9910020083897343
1.0010805164135461
0.9914044671631156
1.0127146488404315
1.0230515883349793
1.0252926623845735
1.0075790052246358
1.0086374808503227
1.0086374808503227
1.0138289069185624
1.0141385686837663
1.0215358336933094
1.022196652340425
1.0389229737283248
1.0604086515162823
1.0604086515162823
1.0612238175369069
1.0609318183073784
1.0532733065868467
1.0532733065868467
1.0520739941097859
1.0431108763389365
1.0416526294352924
1.0535650114112511
1.054326113900091
1.0511765374018582
1.0536874893775037
1.0525368035049663
1.0615986273027593
1.0677017821265267
1.0677017821265267
1.0677017821265267
1.0683810258896338
1.0752763281780173
1.0772895423074047
1.0772895423074047
1.0604764629806795
1.0645146304526183
1.0627717193085369
1.064393336021891
1.0633216257500804
1.0584408278990103
1.0672735062592433
1.0677007818542377
1.0639640430963557
1.0639640430963557
1.0639640430963557
1.0639640430963557
1.0674204091558293
1.0651274146041696
1.0651274146041696
1.0646041348533535
1.0616740269316807
1.0533875031333737
1.0491475793258271
1.0488018414232938
1.0441293412758068
1.047789378505931
1.0441311263522923
1.043685318316106
1.0394733278772639
1.0394733278772639
1.038163873206526
1.0337204958807342
1.0356012961429035
1.0387803944399838
1.0365919210074834
1.032928145023379
1.0163751488474633
1.007367930187205
1.0125198307080303
1.0094773972268125
1.0095798890009808
0.9981412213449743
0.9981412213449743
0.9982650181440992
1.0095665146916872
1.0095665146916872
1.0092957572214067
1.0092957572214067
1.0089106871444522
1.0087999699423071
1.0087999699423071
1.0092507200884093
1.0093554766749957
1.0093554766749957
1.0093554766749957
1.0093554766749957
1.0090131113843432
1.0104852993677789
1.0079437314102715
1.0119243250997896
0.9886878703353279
0.9985445534221947
0.9892700845465977
0.9917533246525824
0.984844250745258
0.984844250745258
0.989169265325327
1.0047698433948566
0.993600181975205
0.993600181975205
0.9945916650678941
0.9968860152945831
1.0044466099993026
1.0044466099993026
0.9958453439863535
0.9958453439863535
0.9918523935821667
0.9912455810274966
0.989816845516585
1.0024621963850688
1.0029094388238262
1.0074383446529749
1.0082161367196176
1.0213049473576323
1.0458667095388254
1.047842551531331
1.047213287139463
1.0526084007143666
1.0494102765438713
1.056236437559351
1.0561141328806334
1.0387145704293115
1.039018418519047
1.039605092924181
1.038768231911882
1.037812014112596
1.037812014112596
1.0379721240230566
1.0380739059428212
1.0410972617149095
1.0441802965846723
1.0407172043249928
1.0510296156557153
1.0578189967300586
1.0578189967300586
1.0578189967300586
1.058773689811963
1.0590545688265616
1.0525094127588481
1.0525094127588481
1.0547446906491194
1.05363266256354
1.05363266256354
1.0531411422800026
1.0526472601723753
1.0526472601723753
1.0399487416703466
1.040153359493044
1.0365347278196664
1.0365347278196664
1.0430197616704033
1.0400892624686813
1.022638961437437
1.0394043063702463
1.0394043063702463
1.022947135962965
1.0229604851163603
1.0227820368531888
1.018094917949985
1.0248023012856993
1.0234747767572987
1.0228475991804105
1.0249888412577746
1.0120242057903943
1.0120242057903943
0.9933248680104547
0.9932856331316704
0.9932856331316704
1.0147911417366677
1.0001783932064507
0.9953391981442854
0.9991758239784967
0.9878861428084736
0.9878861428084736
0.9874188487513552
0.9949828244289689
0.9851073130033964
0.9693519488045157
0.9738174486194465
0.9598482127576192
0.9529380440500459
0.9521427624225112
0.9478534818844306
0.9414188764774775
0.9340401571841849
0.9381878644735014
0.943912790220565
0.9487580622339282
0.9478361482800577
0.9449854189930393
0.9411919550086569
0.9388664124968737
0.9376913608988346
0.9321701111894203
0.9330525969669424
0.931249033074566
0.9334746248747763
0.9271548359607427
0.9108971864429423
0.9128086245374281
0.8856409751064122
0.874881793134301
0.8732300877072046
0.8732354509975762
0.8671310894986844
0.8689922223691615
0.8891047037024743
0.8753704693940533
0.8766484405705421
0.8778227842522682
0.8744002087360268
0.8744002087360268
0.8755070012581868
0.8865693834378647
0.8916819879102683
0.8916819879102683
0.8874508560005668
0.8911469593347106
0.8833690393997716
0.9102237118681109
0.9009567458291914
0.9101214664524504
0.9087899392106348
0.9071608904887041
0.8985086886397946
0.8996747798014332
0.8902119506469481
0.8944511150172527
0.8961410216949727
0.9015424663069087
0.9040945760994553
0.8969866372517021
0.8995583959828928
0.8995583959828928
0.8995583959828928
0.9004004057748091
0.8999817050590566
0.8999817050590566
0.8884700218939635
0.8912018829505136
0.886373105390211
0.884120997996034
0.8720011513974921
0.8700886792600475
0.8757039569953345
0.8745120171767663
0.8719364967606569
0.8630676102570541
0.8564975184852759
0.8597425183643272
0.8724838509053695
0.8700627420908278
0.8701199926959634
0.866924019974641
0.8670376397461862
0.8577551291497568
0.8597482535366953
0.8608052104459085
0.8593962524531928
0.8545324697814988
0.8602550579728191
0.8757516251856439
0.8636769798186712
0.8720282210442152
0.8881876070820492
0.8925084492459143
0.8995775620543284
0.9050871659340639
0.9141720350511768
0.9159610955672874
0.910597972300479
0.910597972300479
0.8993229669922815
0.8918034744622696
0.9201520533098824
0.9208654477834937
0.9252439157239704
0.9234785408556577
0.9247528486793514
0.922920205241602
0.9152319048215471
0.917808163890242
0.9029254293465505
0.9088675827804094
0.9003132581213854
0.9145119401227859
0.9016364630930495
0.9015090065682969
0.8671941055105499
0.8715727399509143
0.8720991835434075
0.8617985318850301
0.8565441435485002
0.8419725634425439
0.8374757648066893
0.8343835161692846
0.8455978026227582
0.8453389266083438
0.8461890367258834
0.846706173961844
0.8419970597088249
0.8597711257675645
0.8589381384003534
0.8622099454365734
0.8570270425090819
0.8570659860432799
0.8541836221496356
0.8514843247985586
0.8221915947788134
0.8221915947788134
0.8221915947788134
0.8217930589813509
0.8232201019616431
0.8232201019616431
0.8248846186055868
0.8203753538519021
0.8202028776862494
0.8413369155795865
0.8315758837754907
0.839225023927564
0.839400022363181
0.8394988403434065
0.8394988403434065
0.8371643170451212
0.8371643170451212
0.8430906631467715
0.8430906631467715
0.8380961862352804
0.8367621899319411
0.8412622467900148
0.8412622467900148
0.8412429988888964
0.8410642703041421
0.8385363378871861
0.835122343678508
0.8461639937365724
0.8440315409299007
0.8543121608092807
0.8485575154688136
0.850837901945844
0.8519698958331704
0.857579013856774
0.8568081951983338
0.8675183574281579
0.855635325183673
0.8534630684620917
0.8446340558178156
0.8471840352589213
0.8471840352589213
0.8442605384514879
0.8451888910391034
0.842167749179394
0.8428361873022233
0.8365740442969536
0.8365740442969536
0.8299346944525534
0.8165741509513217
0.8075276350572408
0.8077929650200885
0.811730303597466
0.8089348187095345
0.805760139608966
0.8015524771401534
0.80295058767129
0.8127941668498464
0.8311741421857256
0.8340631161600432
0.8330062027542722
0.8352430559069886
0.8358878027653543
0.82988775251952
0.82988775251952
0.8405479615931846
0.8532266052758815
0.8547549374227326
0.8531596540947723
0.8531596540947723
0.8704136784747423
0.8725880544017887
0.8791913105202969
0.8747841512766237
0.8767031977141274
0.8682458780380808
0.8714625486402027
0.8713422954060073
0.8745401013164055
0.8716006246836019
0.8758675929555304
0.8721542268997722
0.872251860940644
0.8748370507513435
0.8710251430116899
0.8657256671957339
0.8527540190805063
0.8445960779336886
0.8387823627144895
0.8381437525123299
0.8381437525123299
0.8436169096204519
0.826008113254706
0.8255441727983098
0.8261022755890667
0.8263214508173096
0.8273214329475592
0.8273214329475592
0.826305532772251
0.8359887008266192
0.8359887008266192
0.827255118133638
0.8046271155043196
0.8011625101093622
0.8020814828920605
0.7917440412510323
0.8008404418428793
0.8050337214457252
0.8056530466805981
0.8056530466805981
0.8037724203639188
0.8042662545358448
0.8042662545358448
0.8069894107246179
0.803279884832948
0.8192946115523907
0.8188124308085433
0.8440200934365379
0.8161400246373068
0.816498552452413
0.816498552452413
0.816498552452413
0.805308290523758
0.8293841563989501
0.8261003706344086
0.8250517115362475
0.8265313627887868
0.8300034878649618
0.8472206077910823
0.8447409202457589
0.8447409202457589
0.8457977511614013
0.8604564994911158
0.8625801857669956
0.8782609018892535
0.8782609018892535
0.8862541784680079
0.8893170882919065
0.8881841638797809
0.8866544614079115
0.9008362292622235
0.8866028788300665
0.8866028788300665
0.8747993454112012
0.8706481296481625
0.8862794316359014
0.8869455259510943
0.8852387022263984
0.8852387022263984
0.8772759342609325
0.8744565177153026
0.8699621951266813
0.8699621951266813
0.8744132577918476
0.8519115073820077
0.8518295732638411
0.864781706281179
0.864781706281179
0.864781706281179
0.8649591364563395
0.8649591364563395
0.8651903826225998
0.8651903826225998
0.8655204656678506
0.8657051476957558
0.8682036587763091
0.8805071347691694
0.8977231945023519
0.8977231945023519
0.8978868613813789
0.8932018835864232
0.8926836153161468
0.8985710462245556
0.8985710462245556
0.8985710462245556
0.8985710462245556
0.9152163988212435
0.9152163988212435
0.9173817734450056
0.9146677321489631
0.9213992834365592
0.9215452678442045
0.8941856697124078
0.8949205675213999
0.8949326730649121
0.8738409969150676
0.8760600177047881
0.8476986834842622
0.8393399935242537
0.8175359309944052
0.8252163223054055
0.8208676116923485
0.7992967847740651
0.8078414765608205
0.8167325476228045
0.8085815304581331
0.80179052155794
0.8102661524295797
0.8137235241631753
0.8137235241631753
0.7993187242395046
0.8007580255056757
0.7921044587861407
0.7912288443841304
0.7903076958106245
0.7866586004613887
0.7883318501633448
0.7888437184052252
0.7851583076307157
0.7878312290746751
0.7908694063762678
0.7873299950173732
0.7873299950173732
0.7873299950173732
0.7873299950173732
0.7877607224174131
0.7826926568510572
0.7935261684046337
0.7933672627368862
0.7862695309795795
0.7728697215303579
0.7528446546173398
0.7770312144815531
0.7770312144815531
0.7554422002875799
0.7568349705732507
0.7579386900425908
0.754804665119087
0.7569204001564548
0.7510609794096544
0.7532683036499778
0.7507727056893334
0.7507727056893334
0.7520644888221857
0.7624809555203087
0.7581975547191971
0.759063373450233
0.7765024340880519
0.7714064954837276
0.7714064954837276
0.7782414516146984
0.7563128781623792
0.7452603328697928
0.757741395211432
0.7620021715762139
0.764469269121508
0.7666235988760636
0.768774194002371
0.768774194002371
0.7659869603404922
0.766693460295233
0.7548997237176912
0.7528189260856395
0.7519907709827771
0.7492357689364244
0.7497777727569213
0.7455163425724269
0.7464879048256152
0.7474801917353692
0.74449149359726
0.7438297666537808
0.7380797883277366
0.7476907225320649
0.7410331153541397
0.7372494853542797
0.7340626533289444
0.7357807126451289
0.7172112276294763
0.7171338891933062
0.7071258032787016
0.7055101189575078
0.709887016914096
0.7079047021665515
0.715837518428909
0.7206414334944351
0.7210643234431057
0.7253270536675912
0.7242923629102631
0.7328567619375159
0.7335161591409493
0.7321237068343074
0.7318799385638071
0.7318799385638071
0.7332273397497918
0.7334779139986909
0.7315999424089975
0.732099882857048
0.7381318399033762
0.7395252304969484
0.7538785776275533
0.7525193449061026
0.7661489210229673
0.7525216342692291
0.7395768884889251
0.7680722658557037
0.7890183971548154
0.7825818655438818
0.7793725916517823
0.7753097815219248
0.7752418453609292
0.770490183896544
0.7712589257758865
0.7769671218286087
0.7779134301082035
0.7806303132406585
0.7664641738304935
0.7629926611534866
0.7636022674043457
0.7622478886142455
0.7609623725436819
0.7609623725436819
0.7614435855903734
0.7872276845226468
0.7872276845226468
0.7916914536735385
0.7716680703660501
0.7465009350381713
0.7524162587057326
0.7517128736796299
0.7515379002018195
0.7360179695512602
0.7354973559854561
0.734436239110582
0.7496241936025001
0.7496241936025001
0.7521776870429643
0.765367825438918
0.7718349037193388
0.7780370865258032
0.768464927137451
0.768464927137451
0.7780788685565819
0.7753379068864582
0.7694058717350566
0.7694058717350566
0.765093043650962
0.7652192410655669
0.768514917010632
0.768514917010632
0.760398253211709
0.7601036270023256
0.7562388018007212
0.7414132340578506
0.7414132340578506
0.7414132340578506
0.7414132340578506
0.7454815660136075
0.745842066402808
0.7700946244114449
0.7702506524412096
0.7702506524412096
0.7712443306538566
0.7714577056865182
0.7735599321688453
0.7707920000562086
0.7684689241545206
0.7685535430526418
0.7664095826102381
0.7616340211876444
0.7616340211876444
0.7607108186485919
0.7607108186485919
0.7609379478555122
0.7609347910941466
0.7573420706503496
0.7530781549638269
0.7488539194317958
0.773706570164523
0.773706570164523
0.7772101235909169
0.7850381455593075
0.7836804718911847
0.782978722164392
0.7759208481938956
0.7823316346049992
0.7823316346049992
0.7809881243565054
0.7809916249411845
0.7799358670393491
0.7889068382183553
0.7884386641882648
0.7884386641882648
0.7884453985719807
0.7789481650948996
0.7797411823373283
0.7800848215024611
0.7848773221834268
0.7737399945609609
0.774631275686017
0.7838316333897082
0.7781965803308867
0.7768300893526443
0.7690576861617628
0.7717471206594905
0.771796869660742
0.7711177400332844
0.7711177400332844
0.7714715243297083
0.7648858913341503
0.7650850539108496
0.759001028873999
0.7524840075090304
0.7518049578763917
0.7547813000827344
0.756027828432138
0.7341155577943893
0.7327888628987091
0.7303897522868625
0.7303846920028756
0.7303846920028756
0.7240376101749096
0.7379799386510293
0.738094015234116
0.7409163764633543
0.7408583716789481
0.7408583716789481
0.7526075526242936
0.7511926338759783
0.7511926338759783
0.7422876490343381
0.7422876490343381
0.7422876490343381
0.7461910895020522
0.7483259954323559
0.7483259954323559
0.7483137824026918
0.7463684465451765
0.7463684465451765
0.7487255000431328
0.7487255000431328
0.7641093381479753
0.7641093381479753
0.7604312699082191
0.7649385936346799
0.7658998302061237
0.7658998302061237
0.7699992226781338
0.7560604893771788
0.7567235223554547
0.7567235223554547
0.7570834610570614
0.7603999284394068
0.7692118637204496
0.7718095808444853
0.7766518799214762
0.7717300760678577
0.7705592927983537
0.7674880570408898
0.7712008829710592
0.7705778285744858
0.7751716771557683
0.7751716771557683
0.7712442020391314
0.7712442020391314
0.7739164681547253
0.7765359144905413
0.7725200937107408
0.7725200937107408
0.7725200937107408
0.7701839820658265
0.7701839820658265
0.7705256667563151
0.7680769361371299
0.7664075817993568
0.7707525931100421
0.7710117640441041
0.7666350338094194
0.7718188027030467
0.7732821488546794
0.7732821488546794
0.7762685569655351
0.7626850698653299
0.7652284559061202
0.7666097462176348
0.7660115946677356
0.7736508849079855
0.7834400360114007
0.7786078144130445
0.7808330763297373
0.7804676926261221
0.794294803803278
0.7989236760937226
0.7989236760937226
0.7986718174667833
0.8008007850132776
0.8008007850132776
0.7983531818473206
0.7896267403939591
0.7737134098063296
0.7869861934425177
0.7865182909012365
0.7648325930467502
0.7785328608303768
0.7785328608303768
0.7879035280431401
0.786468623322471
0.7735502079320246
0.7735502079320246
0.773919340543685
0.7768975716486055
0.7715539566212053
0.7729282733670739
0.7767538718572817
0.7830002269634202
0.783644341909373
0.7805764581069019
0.7805764581069019
0.792875211717057
0.7926520497532257
0.8044909480855595
0.8258333449629449
0.8152318851320332
0.8188464361596719
0.8139300930839143
0.8137578135963696
0.8140379453528156
0.8172579240299935
0.8179475974428597
0.8163842339330836
0.8119713331460728
0.8173646337643724
0.8215318569232907
0.8215318569232907
0.8256032620057288
0.8203009022589511
0.8203009022589511
0.8105446812834285
0.8192751779279352
0.813745456280178
0.8196646866565568
0.8443127529237024
0.8338402932114025
0.846012228832244
0.846012228832244
0.846012228832244
0.8151879321348005
0.7946291386735864
0.7946291386735864
0.7954094777822954
0.7954683563198638
0.7954683563198638
0.7954683563198638
0.7946480121712266
0.7946480121712266
0.7898340708092263
0.791505803205085
0.8000659441870634
0.7998860692788796
0.7999961532232323
0.8001490936662917
0.796391497054912
0.8014744717420751
0.80486886175651
0.8109718423493786
0.810127813746033
0.810636390954048
0.8142080362742972
0.8119887492570114
0.8119887492570114
0.821652348751396
0.837318824773685
0.8337875526095291
0.8337875526095291
0.8337875526095291
0.8330133947061897
0.8340810681453777
0.8385804002601405
0.8386655686547517
0.8322906306354863
0.8091200523768641
0.8091200523768641
0.8094464133769043
0.8004020460436156
0.8008137714340481
0.8044382912836839
0.8053929572917444
0.7988229187532692
0.7988229187532692
0.8002161756017915
0.8002161756017915
0.8002161756017915
0.8008289324493895
0.8052980682350781
0.8052980682350781
0.8073467331302961
0.7975387940341692
0.7911177911640334
0.7911177911640334
0.791349134825015
0.7855169643085448
0.7714740676553935
0.7714740676553935
0.759377057359945
0.759377057359945
0.759377057359945
0.7570693788234656
0.7592918503500758
0.7567758583363279
0.7568032892417148
0.7577851526613307
0.7577851526613307
0.7620710140149366
0.7613874060131928
0.7613874060131928
0.7613874060131928
0.7613874060131928
0.7527564741671156
0.755179717519269
0.7548325827262948
0.7620689968073799
0.7565762119927938
0.748139111525955
0.7311663704302418
0.727468867347594
0.716090906948128
0.7201160181423472
0.7193648165932981
0.7193648165932981
0.7193648165932981
0.7111651631604679
0.7143576765395879
0.7056052538284588
0.6942497651471918
0.6942497651471918
0.7020516306066366
0.704526858015404
0.7020398549064695
0.6940838386233326
0.7020422675139699
0.6979249628892091
0.6887121382370045
0.69079629390733
0.6853745227944452
0.6788932022194092
0.6816766283432307
0.6775500007136079
0.6765702827511161
0.6734627940908302
0.6783334246083301
0.6783334246083301
0.6821095209827611
0.6759153841738834
0.6759153841738834
0.6733538166094685
0.6753112893207678
0.6753112893207678
0.6865278965727181
0.684616568800632
0.695039110692224
0.6903538013018045
0.6960024859291314
0.6977993109831623
0.6977993109831623
0.7004607105350134
0.7009479226537242
0.7157010216356285
0.7145388550720851
0.7128123508761024
0.7195484593215421
0.7195484593215421
0.7075471243045278
0.7168792801230737
0.7156748067856844
0.7212621053891003
0.713987749782723
0.7125966568311697
0.7209750852306759
0.7089860596646622
0.7035926736494665
0.7035486892983736
0.7131816309749937
0.6916783720145091
0.6781559740317784
0.6794410521535214
0.6794410521535214
0.6865172168930508
0.6870157297680773
0.6947856116165203
0.6917823059107462
0.6754194840420576
0.6754194840420576
0.6833999899697263
0.6820012527990942
0.6917215390142804
0.6972752356850576
0.7067103686219279
0.7047194719396728
0.7087236925151859
0.7085811299224338
0.6918816051075432
0.6862081611396977
0.6856634141552662
0.6822115128587316
0.6774882715502115
0.6759345014342394
0.6759345014342394
0.6793637422803456
0.6833340510025154
0.6850934806184692
0.692219105890252
0.692219105890252
0.6897827348306814
0.6869340272623331
0.6830590752293605
0.6830590752293605
0.6771345867910863
0.6799188543894885
0.6789226324719033
0.6717616833163953
0.6736306953640726
0.6819663032588751
0.6819663032588751
0.6889485922927922
0.7030551608357067
0.7003471246178304
0.6996334378976516
0.7014000964366546
0.7019812811167693
0.6937258464738446
0.687693740562574
0.6811201941948799
0.6804720942720416
0.6802695554548619
0.6802695554548619
0.675207243835602
0.6673203734653178
0.6659056655229466
0.6712103762522407
0.6692207797926725
0.6694973057083262
0.6694973057083262
0.6701362409490523
0.6701362409490523
0.6682557089826148
0.6677479750213462
0.6555681920146847
0.6310164713743643
0.6360028808354538
0.6356568711312439
0.6344151053474224
0.6374754635705404
0.6495838257248358
0.6549214721169249
0.672656260230705
0.6676320279721711
0.667729224639093
0.667729224639093
0.6680119995624694
0.6680059371390145
0.6661155151469478
0.6935050936658964
0.6947467581079082
0.6942007823920053
0.693821051898658
0.693821051898658
0.6954822199167789
0.6954822199167789
0.6954822199167789
0.6812299772470257
0.6780602909533663
0.6836340512824834
0.6831941480023995
0.6834345481522592
0.6834345481522592
0.6675570845811926
0.6688028020776281
0.6688156799451445
0.6688156799451445
0.6572430677132866
0.6577524379776724
0.6626989945972865
0.661429139800141
0.6604434326627927
0.6467429354494043
0.6434895846935522
0.6264085868126043
0.6234661391526468
0.6234661391526468
0.6356110059795462
0.63497782366119
0.6306892767023969
0.6306892767023969
0.6309710993950836
0.6317446365429897
0.637277615630204
0.6436683700049451
0.6271839481790402
0.6334063342747378
0.6354316104355301
0.6301652668617012
0.6355527729052787
0.6356970634749133
0.6312839576710603
0.6322349538059663
0.6322349538059663
0.6320294923219115
0.631425745346667
0.6215304425617544
0.6235742504097991
0.6272802423199104
0.6222303284885106
0.6222303284885106
0.6222303284885106
0.6222303284885106
0.6266987223405741
0.6266987223405741
0.6228701202994464
0.6262447156210623
0.6325714995467088
0.6384363185715874
0.6271197896420889
0.629282565929666
0.629282565929666
0.6368876343017292
0.6473274417304842
0.6455560291126913
0.6475853469468563
0.6475853469468563
0.6711437398819587
0.6426162831155912
0.6426162831155912
0.6381195780615182
0.6381195780615182
0.6381195780615182
0.6372187508715144
0.6372187508715144
0.6359833982635701
0.6244903279660606
0.6251138612457551
0.6251138612457551
0.6251138612457551
0.6248053357341921
0.6248053357341921
0.6347445551261804
0.6347445551261804
0.630610208272258
0.632976108205284
0.6221479774849655
0.6057658742343736
0.621807722065668
0.6211651456571037
0.6309710349674169
0.6514328200380629
0.6514328200380629
0.6465689544299642
0.6521922717658488
0.652651181892518
0.651795415424674
0.6532653128385358
0.6552384500365529
0.6594267220085555
0.6483305567562834
0.6461446155447738
0.6352727145202184
0.6335127927559674
0.6335242754756496
0.6327581428226521
0.62698484029672
0.6270446581844568
0.6273064399874743
0.622913211372952
0.622913211372952
0.622913211372952
0.6354734592762398
0.630266353335037
0.6156663816962427
0.6311665059785408
0.6497275367190377
0.6564734326161409
0.6564734326161409
0.6564734326161409
0.6601978364071373
0.6603385790477367
0.6556146065559024
0.6491736628516782
0.6500091889604015
0.6461630208548588
0.6485991854428553
0.6496007343804817
0.6699827430784793
0.6664806179320614
0.6665163458006018
0.6662224553742208
0.6662224553742208
0.6518053132491278
0.6488886562933797
0.6488886562933797
0.649749905725014
0.6456939468638484
0.6435512851080132
0.6434280018543418
0.6492620923776261
0.6476412344479108
0.6451956759799877
0.6451956759799877
0.6465498078870201
0.6463608448865896
0.6594733676569371
0.6530442492126637
0.6446278912732225
0.6385052197302712
0.6427017076474176
0.6427017076474176
0.6347265394469747
0.6366924445916834
0.6366924445916834
0.6603769454383913
0.6361522423300358
0.6232386062051634
0.6137114585415573
0.6137114585415573
0.6137114585415573
0.621669664346593
0.6209374426104771
0.6137849607941915
0.6137849607941915
0.6175559194206464
0.6289394436411511
0.630452956345267
0.6308837474456346
0.6200112343992306
0.6124473015939043
0.6231600316260414
0.6231455515192141
0.6041821578650156
0.6086461526673033
0.6086461526673033
0.5923556776545219
0.5923556776545219
0.5923556776545219
0.5811250400051375
0.5710284983374321
0.5787927695217076
0.5787927695217076
0.5787927695217076
0.5742215031501109
0.5742215031501109
0.5650033334435038
0.54995874645779
0.5495322923778648
0.53985999802154
0.53985999802154
0.5459325585034364
0.5571906574389965
0.5571906574389965
0.5569815616175706
0.5574063484331945
0.5610609692945555
0.5605456541347488
0.5508647214122708
0.5519104483617591
0.5519104483617591
0.5535220404663838
0.5534156376883743
0.5535851105903824
0.5749081918523462
0.5749081918523462
0.5749081918523462
0.5749081918523462
0.580095648890853
0.580095648890853
0.5831194702598338
0.5913744932366661
0.5948025249668175
0.5950022922925915
0.5950022922925915
0.5950022922925915
0.5945435238518845
0.5945435238518845
0.5939073667566098
0.5939487479581518
0.5939487479581518
0.594400557917865
0.594400557917865
0.5939779836540797
0.5940319969851471
0.5648491525253769
0.5586736341748582
0.5569933517659668
0.5567162847540226
0.5566000108448917
0.5732808563032125
0.5741961090362028
0.5741961090362028
0.5800081817370756
0.5800081817370756
0.575584142026605
0.575584142026605
0.575584142026605
0.5758752320141917
0.5762606355725458
0.5828825808175079
0.5821167249512351
0.5894024799994239
0.5900680231931167
0.5915104120112394
0.5881834978083019
0.590223630300597
0.5918894592700307
0.5966168175310599
0.5984327847310669
0.5957996350075464
0.5957932705514132
0.5997661602834555
0.6023201832117038
0.6021267877849088
0.5967110553219489
0.5975347477260626
0.6139538192110165
0.6021109394231502
0.6003084046927358
0.6067127001751959
0.6067030097100147
0.6067030097100147
0.6058442413122977
0.6058442413122977
0.6013370623959129
0.6013370623959129
0.6004004661997401
0.6124870065495526
0.6188464391875413
0.6153476366602437
0.6114544838517584
0.6114544838517584
0.621325424631229
0.619975406980114
0.619975406980114
0.6241377038422875
0.6241377038422875
0.6241377038422875
0.6241377038422875
0.6241377038422875
0.6351817449984762
0.6313576682479891
0.6289335085316947
0.6289335085316947
0.6310866491301709
0.6367056972481416
0.6348080100112833
0.6348080100112833
0.6348080100112833
0.6348080100112833
0.6348080100112833
0.6325655214508569
0.648938665480346
0.648791422983466
0.6487794331304659
0.6487794331304659
0.6401167377115168
0.6453115709150217
0.650415045434689
0.6626624077530916
0.6640140337617083
0.6628770292369025
0.6602645174333815
0.6468603694104931
0.6430656510108275
0.6430656510108275
0.643811823374263
0.6417752530422786
0.6441522542584053
0.6441522542584053
0.6414156409741392
0.6143810793101765
0.6143810793101765
0.6138422877780619
0.6397737438444671
0.6327628835149426
0.6382771545404581
0.6065718432251894
0.6065718432251894
0.6010385899770648
0.6010385899770648
0.6018492676878551
0.6115105599883844
0.6327305244096645
0.6327305244096645
0.6327305244096645
0.6084532113678998
0.6122200059492202
0.5925054968017986
0.5855965085461072
0.5945677524525446
0.5877075927060775
0.5940234150749687
0.5871074426641478
0.5945837030255202
0.6117134838164947
0.6213953115190204
0.6210993187916019
0.6205901954934463
0.6235462195362028
0.6139165746573698
0.6139165746573698
0.6139165746573698
0.61285212374583
0.6129027947519444
0.6113405603200296
0.6115846098073063
0.6115846098073063
0.6115389431607396
0.5980012264280063
0.5980012264280063
0.604106926820587
0.5912501864018871
0.5946392835609174
0.5946392835609174
0.6007851804807622
0.6000403044997166
0.5977583532778038
0.6067931370364839
0.6101922346612033
0.6120496000200488
0.6132954259476352
0.6132954259476352
0.6132954259476352
0.6132954259476352
0.6132954259476352
0.6135481504057506
0.6152890007977845
0.6044150844768316
0.6044150844768316
0.6014870358845456
0.6074137143095752
0.6013317817433956
0.601468323822118
0.6005464751236351
0.5939799458951636
0.599382411542672
0.599382411542672
0.599382411542672
0.5989013119164728
0.5989013119164728
0.5989013119164728
0.6002445275787726
0.603828598680789
0.595504876926597
0.5963038038685511
0.5939523132668394
0.596867628091906
0.5940440107782806
0.5830810598010131
0.5830810598010131
0.5819232059858684
0.583787942726823
0.583787942726823
0.583787942726823
0.5838593957086229
0.5838593957086229
0.5773087373693497
0.5773087373693497
0.5545801161840895
0.5477115349290824
0.5414395097658727
0.5414395097658727
0.5402253982823576
0.5421688595117469
0.5361525754154041
0.5361525754154041
0.5272839919581056
0.5365745671298195
0.5365745671298195
0.5389816088187823
0.5389816088187823
0.5389816088187823
0.5390892556180443
0.5390892556180443
0.534324639766071
0.5317159314623575
0.5278167397580846
0.5264972322665391
0.5261027615316596
0.5211950595053594
0.5231961915988735
0.5252780865644787
0.5311974946803715
0.529460585676478
0.529460585676478
0.5293284046456006
0.5293284046456006
0.5285330482101894
0.5271518292328271
0.5480194483957654
0.5546678342772124
0.5546678342772124
0.5649822202018492
0.5500335278346009
0.5494519208496356
0.5510449161728271
0.5558480492654917
0.5594147023668237
0.5594147023668237
0.5651178374314031
0.5661600458047783
0.5663659305951207
0.5674310824571793
0.5684114380112104
0.5684114380112104
0.5689678530895614
0.5664937181422425
0.5664937181422425
0.5609495821255872
0.5591328755344314
0.5591328755344314
0.5591328755344314
0.5603441973611943
0.5742236371722231
0.5748144590080887
0.574049852518832
0.5800567669279559
0.5764055071642181
0.5669810945677146
0.5667071221167812
0.5637858246981244
0.5744395448770047
0.5744395448770047
0.5744395448770047
0.5729788988352006
0.5716204119027269
0.5733230302108996
0.5746929939144979
0.5585858385286986
0.5591297497247962
0.5587037335661926
0.5587037335661926
0.5657028316464479
0.552111293310986
0.5691494487532119
0.5709934774652172
0.5709934774652172
0.5677190432943351
0.5677190432943351
0.5677190432943351
0.5678145854708523
0.5783994148314214
0.5778480762525132
0.5863846543625213
0.5863846543625213
0.5928199017424952
0.5928199017424952
0.5928199017424952
0.577931384930277
0.5785931364298323
0.5944866824338852
0.5843076626865951
0.5843076626865951
0.5978822950318949
0.5978822950318949
0.5987043238365339
0.5995980988349837
0.5992532227029278
0.605194955716527
0.605194955716527
0.605194955716527
0.605194955716527
0.608554093279122
0.6145895272394177
0.6184604811430919
0.6136468925397062
0.6044828221544204
0.6022505898130741
0.6034109252606241
0.6034109252606241
0.6159540468745441
0.6159540468745441
0.6155050839636188
0.6155050839636188
0.6155050839636188
0.6153357366057128
0.6253414266188756
0.6270373265783088
0.6414732722916001
0.6414732722916001
0.6462351602872815
0.6505033657097551
0.6505033657097551
0.6462119658287049
0.646025855437867
0.6456715487848864
0.6456715487848864
0.6456715487848864
0.647586082158406
0.648146970160538
0.6437160087838315
0.6250488934315444
0.6102802214825535
0.6042792052006501
0.6299134263630912
0.6309024903035468
0.626944594110363
0.6261049584474047
0.6261049584474047
0.6097849387736792
0.6140121794935185
0.6140121794935185
0.6140121794935185
0.6140400970964703
0.6169330313662688
0.6169330313662688
0.6165805641748826
0.6164226184365125
0.6155902749057727
0.6155902749057727
0.6415523756911788
0.6416538041874754
0.6388907944332041
0.6321309952221394
0.6295292443521099
0.6295292443521099
0.6295292443521099
0.6295292443521099
0.6413633825321368
0.6413633825321368
0.6361779190432896
0.6361779190432896
0.6361779190432896
0.6361779190432896
0.6361779190432896
0.6341377832307993
0.6341377832307993
0.6345772140489574
0.6354492670901202
0.6354492670901202
0.629448585670889
0.629448585670889
0.6306701956370477
0.6306701956370477
0.6306701956370477
0.6310318133643085
0.6300900354655362
0.6232000816609695
0.6229307876413347
0.6133318580741677
0.6120132155812813
0.6179395251015832
0.6179395251015832
0.6159895225962126
0.6158176294802096
0.6158176294802096
0.6001695368273904
0.6070441672482425
0.6076933653479086
0.6119112990891032
0.6151120458835229
0.6151120458835229
0.6151120458835229
0.607031801925803
0.607220833623431
0.607220833623431
0.6070148896259447
0.607095195630597
0.607095195630597
0.6028515389389576
0.6028515389389576
0.60577033634957
0.5947764704463813
0.5947764704463813
0.5977665497239159
0.5929202061786069
0.5929202061786069
0.591836260767761
0.5912659394323614
0.578288176303431
0.5813658415387867
0.587164880393256
0.5836033046176835
0.5905892670735773
0.5919847108840175
0.5927049993766969
0.5827879770219573
0.5827879770219573
0.5882097233626804
0.5882097233626804
0.5897885051227173
0.5877383992273183
0.586431804772815
0.5898468960936721
0.5892367303472076
0.5892367303472076
0.5884875251920272
0.5924917124469533
0.5848562611939497
0.6075228210971115
0.6075228210971115
0.6075228210971115
0.6062892525260716
0.6062892525260716
0.6011834974372484
0.6076335638444592
0.6166185217587427
0.6171860297055306
0.6046470871920875
0.6192670361255737
0.6192526528905761
0.6143420014069805
0.6147291229266822
0.6147291229266822
0.6147291229266822
0.6147291229266822
0.6248847074262344
0.6246051349605298
0.6237764185255166
0.6236545360976385
0.6127354550037438
0.6155042516164337
0.615979612383349
0.615979612383349
0.615979612383349
0.6165716578523782
0.6227042876881892
0.6233204361550931
0.6234890202724325
0.6235772315290669
0.6235772315290669
0.6244434692533991
0.6249017896657738
0.6258623726399116
0.6258623726399116
0.6258623726399116
0.6251979144108214
0.6251979144108214
0.6095784931712278
0.618159004548197
0.6177153260065029
0.6177153260065029
0.6166753745962071
0.6166753745962071
0.6161556525105981
0.6161556525105981
0.6161556525105981
0.6162753632436663
0.6162753632436663
0.6154038343081722
0.6177969503657226
0.6177969503657226
0.6177969503657226
0.6220679201595717
0.6220679201595717
0.6220679201595717
0.6160221933792813
0.6160221933792813
0.6170445660424491
0.6170445660424491
0.6166794099317909
0.620346449604059
0.613958918241932
0.614645555987451
0.616976103285287
0.6122497192662084
0.6122497192662084
0.6109929373274725
0.6112645563067365
0.6061639301383858
0.6094530378879063
0.6055949530478738
0.5791253556944618
0.580746310909905
0.567321875013831
0.56343325530366
0.5630867280403347
0.5630867280403347
0.557165006590755
0.5572512147402333
0.5592798579204862
0.5592798579204862
0.5556677984090223
0.5551464996897026
0.5722667154898234
0.5722667154898234
0.5786310007901035
0.5800912223465192
0.5844193535036295
0.5851785865054979
0.5842570355189725
0.60006129225327
0.600224991570548
0.6072302133890694
0.6130556730841984
0.603491115718833
0.603491115718833
0.5991898900597937
0.5991898900597937
0.5991898900597937
0.5948837815114875
0.5943236164772623
0.5745530613802491
0.5745269553458461
0.5745269553458461
0.5635871615315516
0.5689628394249163
0.5689495206355022
0.5648750331109895
0.5590512264202089
0.5613284780364697
0.5616319400192639
0.5616319400192639
0.558334631214909
0.5586080373860539
0.5526330060756853
0.5526330060756853
0.5526330060756853
0.5537716501881086
0.5566980458513174
0.5569706596689298
0.564838682833369
0.564838682833369
0.5638352371022378
0.5640970992182498
0.5640970992182498
0.5640970992182498
0.5640462745790764
0.5640462745790764
0.5601308531586323
0.5645026730408313
0.5645026730408313
0.5645026730408313
0.5608622093594503
0.5608622093594503
0.5608622093594503
0.5583159055564262
0.5583159055564262
0.5583159055564262
0.5583159055564262
0.5583159055564262
0.5560673949700835
0.539722764503979
0.5432677993024289
0.5526981341708701
0.5487956207895547
0.5527525531982045
0.5448282715263257
0.536501309813164
0.536501309813164
0.5523493323509406
0.5523493323509406
0.5523493323509406
0.5481976797616628
0.5511880283128344
0.5492355846658221
0.5492355846658221
0.5481411072367182
0.5481411072367182
0.548273114681282
0.548273114681282
0.5440102580630893
0.5440102580630893
0.5440102580630893
0.5440102580630893
0.5440102580630893
0.5457479463785725
0.5475790368853077
0.5475060001424001
0.5475060001424001
0.5465307035515676
0.5465307035515676
0.546499731534198
0.5544268306454279
0.5500444083764278
0.5391599012813985
0.5391599012813985
0.5391599012813985
0.5391599012813985
0.5391599012813985
0.5349997137120117
0.5349997137120117
0.5294052194536
0.5294052194536
0.5295971075977343
0.529411277121975
0.5397666869884955
0.5397666869884955
0.5445731950966795
0.5445731950966795
0.5445731950966795
0.5445418518432527
0.5332032846879509
0.531640194785204
0.5316404562425415
0.5316404562425415
0.5335534198173486
0.5466068398682741
0.5438679928787641
0.5487906928941837
0.5631235361397284
0.5637982068220068
0.5637982068220068
0.5702435460408201
0.5716389516656041
0.5716389516656041
0.5709514742617815
0.5729491989766106
0.575327478448438
0.5775377180842229
0.5879813866296973
0.5891221078724789
0.5828560146178892
0.5828560146178892
0.5828606203169074
0.5800856565303825
0.6021241921205229
0.602117153543611
0.5958698791743747
0.5958698791743747
0.5958698791743747
0.5917237641444061
0.5905799135955195
0.5906644738088799
0.581648219405576
0.581648219405576
0.581648219405576
0.5824135474211641
0.5824135474211641
0.5786084879337855
0.562654566625494
0.5606865860578534
0.5606602045090886
0.5607979534471081
0.5490757619074074
0.5490757619074074
0.5490757619074074
0.5490757619074074
0.5570503284902494
0.5502534081033861
0.5391151135098654
0.5365731286633098
0.5365731286633098
0.5348192032838801
0.5348192032838801
0.5379224175762196
0.5379224175762196
0.5379224175762196
0.5340019429636296
0.5340019429636296
0.5477531776650131
0.5498520002560999
0.547361532181757
0.5473621016019773
0.5426017538857644
0.542640113166711
0.5070050736448107
0.5026959610794414
0.5016575798137283
0.5016575798137283
0.4905648139779078
0.4897380349493416
0.4928812079545691
0.4928812079545691
0.4928812079545691
0.4928812079545691
0.49443174689679925
0.49481087662466305
0.49481087662466305
0.49409025213383256
0.49574694398673563
0.49574694398673563
0.49574694398673563
0.49990276346161044
0.4935840689257747
0.4935840689257747
0.4935840689257747
0.4938326658332235
0.502078565555821
0.5035425544875474
0.49888439975219745
0.5066169357621012
0.50627390249116
0.5034407945401712
0.5034407945401712
0.5002386582811589
0.49755477074402416
0.4950035088242484
0.4950035088242484
0.4825435076286797
0.4679875621839162
0.4689474921058683
0.4689474921058683
0.4693567675445765
0.4693567675445765
0.47376540727754973
0.47376540727754973
0.4604281819619498
0.4604281819619498
0.4612477743766844
0.4612477743766844
0.45611354223945877
0.45611354223945877
0.4602088208007164
0.4624626459836105
0.4624626459836105
0.46302982649146013
0.46302982649146013
0.4621966336482653
0.4731459459655644
0.4843151419748708
0.48960416476792223
0.48960416476792223
0.4899211282918934
0.4891618088430751
0.4891618088430751
0.5070050736448107
0.5069272998502722
0.5069272998502722
0.5069272998502722
0.5069272998502722
0.5069272998502722
0.5098568792961251
0.5098568792961251
0.5098568792961251
0.5082896070043986
0.5082896070043986
0.5082896070043986
0.5082896070043986
0.5082896070043986
0.5082896070043986
0.5082896070043986
0.5082896070043986
0.5056945665710532
0.5056945665710532
0.505660686119807
0.49949332585906303
0.49949332585906303
0.49159811114447227
0.49159811114447227
0.49159811114447227
0.48820179601538605
0.4850752532222833
0.4850752532222833
0.4850752532222833
0.4850752532222833
0.4850752532222833
0.4850752532222833
0.4850752532222833
0.4850752532222833
0.4850752532222833
0.4850752532222833
0.4850752532222833
0.4850752532222833
0.4850752532222833
0.4850752532222833
0.48414560505974796
0.48414560505974796
0.48414560505974796
0.48414560505974796
0.48414560505974796
0.48414560505974796
0.48414560505974796
0.48538188324871456
0.48538188324871456
0.48538188324871456
0.48538188324871456
0.48538188324871456
0.48538188324871456
0.48538188324871456
0.48538188324871456
0.48538188324871456
0.48538188324871456
0.48538188324871456
0.48538188324871456
0.48525964006210826
0.48525964006210826
0.48525964006210826
0.48525964006210826
0.48525964006210826
0.48525964006210826
0.48525964006210826
0.48525964006210826
0.48525964006210826
0.48525964006210826
0.48525964006210826
0.48525964006210826
0.48525964006210826
0.48525964006210826
0.48525964006210826
0.48525964006210826
0.48525964006210826
0.48525964006210826
0.48525964006210826
0.48525964006210826
0.48525964006210826
0.48525964006210826
0.48525964006210826
0.4856124126420644
0.4811874458424966
0.4811874458424966
0.4811874458424966
0.4811874458424966
0.4811874458424966
0.4811874458424966
0.4811874458424966
0.4811874458424966
0.4779403892437917
0.4779403892437917
0.4779403892437917
0.4779403892437917
0.4779403892437917
0.4779403892437917
0.47654973114809845
0.47618418676710655
0.47618418676710655
0.47618418676710655
0.47618418676710655
0.47618418676710655
0.47618418676710655
0.47618418676710655
0.47618418676710655
0.47618418676710655
0.47618418676710655
0.47618418676710655
0.47618418676710655
0.47618418676710655
0.47618418676710655
0.47618418676710655
0.47618418676710655
0.47618418676710655
0.47618418676710655
0.47618418676710655
0.47618418676710655
0.47618418676710655
0.47618418676710655
0.47618418676710655
0.4620089831856671
0.4627868630675607
0.4627868630675607
0.4627868630675607
0.4627868630675607
0.4627868630675607
0.4627868630675607
0.4627868630675607
0.4627868630675607
0.46011098408289985
0.46011098408289985
0.46011098408289985
0.46011098408289985
0.46011098408289985
0.46011098408289985
0.46011098408289985
0.46011098408289985
0.46011098408289985
0.46011098408289985
0.46011098408289985
0.4591885829747286
0.4591885829747286
0.4591885829747286
0.4591885829747286
0.4591885829747286
0.4591885829747286
0.45157728888489607
0.45157728888489607
0.45157728888489607
0.45157728888489607
0.45157728888489607
0.4513351946756087
0.4512258359278915
0.4512258359278915
0.44942889564455685
0.44942889564455685
0.44773712136989213
0.44773712136989213
0.44773712136989213
0.45151112082181066
0.45151112082181066
0.4445589753159363
0.4445589753159363
0.4445589753159363
0.4445589753159363
0.41920777554259336
0.41653753604735255
0.408011386219739
0.408011386219739
0.40289400813623966
0.40289400813623966
0.40289400813623966
0.40289400813623966
0.40289400813623966
0.40289400813623966
0.40289400813623966
0.40289400813623966
0.40289400813623966
0.40289400813623966
0.40289400813623966
0.40289400813623966
0.40131828930611957
0.40131828930611957
0.40131828930611957
0.40131828930611957
0.40131828930611957
0.40131828930611957
0.40131828930611957
0.41175986546473603
0.41175986546473603
0.4117349948438555
0.4098528600608153
0.4098528600608153
0.4098528600608153
0.4098528600608153
0.4098528600608153
0.4098528600608153
0.4098528600608153
0.4098528600608153
0.4098528600608153
0.4098528600608153
0.4098528600608153
0.407146228652756
0.3958039844499273
0.3958039844499273
0.3958039844499273
0.3958039844499273
0.3958039844499273
0.3958039844499273
0.3958039844499273
0.3940463553136634
0.3949830001315083
0.3949830001315083
0.3949830001315083
0.39493658439973073
0.39493658439973073
0.39493658439973073
0.39493658439973073
0.39493658439973073
0.39493658439973073
0.38735140392647477
0.38735140392647477
0.38735140392647477
0.38735140392647477
0.38735140392647477
0.38735140392647477
0.38735140392647477
0.38735140392647477
0.38735140392647477
0.38735140392647477
0.3876707646789415
0.3876707646789415
0.3876707646789415
0.3862317713709367
0.3862317713709367
0.3862317713709367
0.3862317713709367
0.3862317713709367
0.3862317713709367
0.3862317713709367
0.3862317713709367
0.3862317713709367
0.3862317713709367
0.3862317713709367
0.3862317713709367
0.3862317713709367
0.3862317713709367
0.3862317713709367
0.3917366463212801
0.3917366463212801
0.39042272836594677
0.39042272836594677
0.39042272836594677
0.39042272836594677
0.39042272836594677
0.39042272836594677
0.39042272836594677
0.39042272836594677
0.39042272836594677
0.39042272836594677
0.39042272836594677
0.39042272836594677
0.39042272836594677
0.3906413922134437
0.3906413922134437
0.3874343501314866
0.3874343501314866
0.3874343501314866
0.3874343501314866
0.3874343501314866
0.3874343501314866
0.3874343501314866
0.3870327153235177
0.3870327153235177
0.3870327153235177
0.3870449617703537
0.3870449617703537
0.38627371467534505
0.38627371467534505
0.38627371467534505
0.38627371467534505
0.38627371467534505
0.38627371467534505
0.38627371467534505
0.38627371467534505
0.38627371467534505
0.38627371467534505
0.3555239966412377
0.34216889440035114
0.34216889440035114
0.3397818537241818
0.3397818537241818
0.3397818537241818
0.3397818537241818
0.3397818537241818
0.3358261467565393
0.3358261467565393
0.33383553251633147
0.33383553251633147
0.33383553251633147
0.33383553251633147
0.33383553251633147
0.33383553251633147
0.33383553251633147
0.33383553251633147
0.33383553251633147
0.33383553251633147
0.33383553251633147
0.33383553251633147
0.33383553251633147
0.33383553251633147
0.33383553251633147
0.33383553251633147
0.33383553251633147
0.33383553251633147
0.33383553251633147
0.33383553251633147
0.33383553251633147
0.33383553251633147
