0.0466667 -0.0703700481636429
-0.0866667 -0.1539848588797264
-0.3733333 -0.3693450038058055
-0.1533333 -0.09868973577100032
0.0366667 0.011770199739192522
0.0066667 -0.02443173447641367
0.7633334 0.8154496777206927
0.61 0.6260114131590941
0.3833334 0.33515351910152597
-0.28 -0.2749521974622341
0.56 0.5731390027183381
0.1633333 0.1174366326631931
0.1266667 0.14615852738859028
-0.71 -0.6506398919879385
0.9666667 0.9948783939866906
-0.86 -0.8697054854809124
-0.59 -0.5765695183122616
-0.2366667 -0.24875242878770182
-0.4033333 -0.45235247888895447
-0.7566667 -0.7790687241803879
0.7133334 0.7207568780007014
0.4233333 0.3658053278169712
-0.2933334 -0.31701379413019365
0.72 0.702440306178336
-0.9666667 -0.8250570970367513
-0.9966667 -0.8507408155048736
0.9833333 0.9761731519964332
-0.6666667 -0.523861250777548
-0.17 -0.16482563719009447
0.9 0.9138148394271446
0.03 0.014501645762527438
0.27 0.25515915402452244
