1.410169218335639
1.2697848196739878
1.2723329464374682
1.2712409008477938
1.2785308492663534
1.2785308492663534
1.2799110257477706
1.2704289216319715
1.2704289216319715
1.2665833160403845
1.268826896935266
1.268826896935266
1.2688279033923389
1.2709083833800614
1.2789161994223217
1.2772976303885377
1.2692449860874082
1.2692788402680117
1.260807188037011
1.2636259157706544
1.2776354174222815
1.2802928314148863
1.2911104830427365
1.294934209548167
1.2877208122400696
1.2917419705407114
1.2919892657321201
1.288650494136234
1.288650494136234
1.2830403796370673
1.2795627530785831
1.293352306177872
1.3163197681105188
1.3194017583213218
1.3234301361832523
1.3242391670629443
1.3241719197131618
1.3109354863237657
1.3107696900178716
1.3253581137109978
1.3416403416182867
1.3392271852562787
1.3454876477124909
1.350929883058278
1.3562748338334987
1.3521360026235976
1.349404089153778
1.326780107354108
1.3264364384677108
1.321490599082792
1.3183693939105272
1.31645046058651
1.3132430373739683
1.3132430373739683
1.3228243520689085
1.3168099989781967
1.3123330980151868
1.3110246020437217
1.3110246020437217
1.318909116846744
1.318909116846744
1.3211573479338903
1.3202465928267175
1.3205157694340897
1.3009859319860118
1.301249800288246
1.2988970027234625
1.2896093501772568
1.2881211083637765
1.2856019713511628
1.2869367440948154
1.2978136019928181
1.2984771353311813
1.2949841608200827
1.2949841608200827
1.2700002316767074
1.2667507312245878
1.2715620603774258
1.2578943091269892
1.252952046576672
1.252952046576672
1.2541174396989274
1.2547616148863017
1.2558617582061735
1.2589013618605653
1.2593087485405516
1.2551183444009613
1.2649150462774525
1.2650918810381677
1.2650918810381677
1.2689257775006246
1.2627983998446923
1.2627983998446923
1.2527819937573186
1.2343225494529115
1.2332759607528339
1.2403045833038366
1.222062946372312
1.2241843663416756
1.2259876123771116
1.2260140057623077
1.2133701807656425
1.213542372080502
1.2047824328718189
1.205692193689183
1.2165337083450831
1.214076588758082
1.2076810174380428
1.2175726138130156
1.2175726138130156
1.2158130622769987
1.2157223903908725
1.2314955041125861
1.2314955041125861
1.2329101100114839
1.2337485565197157
1.2340787957058454
1.247939605283671
1.239179872715884
1.239179872715884
1.2529097791581927
1.2529097791581927
1.2528498394441463
1.2311048561251132
1.2261086859422392
1.23054734074462
1.2278555591852274
1.227932371178694
1.2435368472524304
1.249723574373112
1.2489605869490796
1.2397131718938783
1.2443939038128338
1.2413580922763956
1.2413580922763956
1.2367062396312423
1.2395481452751012
1.2395287076554518
1.231962010281893
1.2328134988615316
1.2044034340132985
1.209612946224046
1.2159373253704506
1.221470331767389
1.2185427287080863
1.2181735135852876
1.2281667920579902
1.2334238737377776
1.2360588575743225
1.2372967518533478
1.2360027429597729
1.2278306561922183
1.2189026877759803
1.2073565097995627
1.1945805420803557
1.1945805420803557
1.2108291049729538
1.211206298555968
1.1964590138434776
1.1881097971573904
1.1862475426823444
1.2014019882957054
1.2014019882957054
1.2034763835065478
1.2168096238683108
1.210989491265959
1.209512494512466
1.2042682600933758
1.199895100093404
1.209876482246546
1.2086926494202355
1.2087022992586447
1.2059433026534117
1.2125461454497215
1.2035656469805145
1.207334967456484
1.1939022849025454
1.2015901618568972
1.1932159917454748
1.1943736778040448
1.206240085901306
1.206240085901306
1.2156622485387567
1.2157465298688799
1.2113198026205199
1.2211096009011784
1.2219131460829555
1.2142909809531748
1.2142909809531748
1.2016939739962225
1.2085695044016587
1.2156960596557622
1.2149700053603074
1.214507035006168
1.2151932031763437
1.2114423797351468
1.2022164277783924
1.2178318022047026
1.197385773883191
1.1994147997578342
1.1984336297441593
1.1987926711026642
1.2127603216710394
1.2215946449193598
1.2214373002174588
1.2305469463020924
1.2320379870136395
1.2303068532007417
1.2430892290677455
1.2430892290677455
1.2453301292979613
1.2451189012032335
1.2426302586157472
1.2674820461703769
1.2650018622320884
1.2636985223951378
1.2693645373905502
1.2701939402489768
1.2556217138097088
1.2500747444736253
1.2519008691420828
1.2513615691480775
1.241602252477148
1.2387270732900342
1.2372557610113943
1.2414500467124618
1.2414500467124618
1.234342053067228
1.2357258891768075
1.240345675716327
1.240345675716327
1.245547638361311
1.2448158070045094
1.2552381249286315
1.2548239316433056
1.255337752882067
1.2505366080657592
1.251873577050965
1.2549900810653603
1.2675786295754945
1.266717457041598
1.2725557423645872
1.271460774257391
1.2753478210173843
1.2499245459991284
1.239789308372377
1.239789308372377
1.2395395735290904
1.249666671262857
1.2467824107865784
1.2467824107865784
1.239651436061169
1.2413735320435004
1.2402631749173958
1.2402631749173958
1.2379363034696864
1.2426526170513454
1.2297095061749408
1.226304546921023
1.2277869871203027
1.2249419398254646
1.2151408159417185
1.2138956453707128
1.2033976537083457
1.1775743702424735
1.1788815172279465
1.1639154386342152
1.1507971504982037
1.138305142110897
1.1384125887947043
1.1286938150387675
1.1246699138876193
1.1300998953811625
1.1431270191053606
1.1451713824692726
1.1477071513192205
1.1505613080512362
1.1511125118603565
1.1659614640065876
1.1600688382814646
1.1699788801902007
1.1738468289621091
1.1717658630197274
1.1710521591708125
1.172101388418381
1.171859860868192
1.1480302549838466
1.1383442973333115
1.1462311972188437
1.1424089428113584
1.143176280462863
1.1445062124535925
1.1451440403749844
1.1524849153148382
1.1505392517391961
1.1548024310811476
1.158844877305823
1.1334355225812511
1.1371270249706569
1.1371270249706569
1.1292966874469512
1.120656574259684
1.099445646654623
1.1051766654608575
1.1220085095102403
1.1323114618401444
1.1323114618401444
1.117928040573808
1.1263241821475933
1.1245603828195418
1.1239206569424927
1.1239206569424927
1.1239206569424927
1.123497012069865
1.1232249017484626
1.1246301618421297
1.1224820510533073
1.1257431649949639
1.1277415830703024
1.1277415830703024
1.1280324455722017
1.1258303487393475
1.1205202496482831
1.1268973927435693
1.1320559828316805
1.1320559828316805
1.1362791345802292
1.1453910708317225
1.1366402026291105
1.1339284486956964
1.1257728596417453
1.1416748096783795
1.14349653201366
1.1518248053909799
1.1518248053909799
1.1530276716661678
1.1530276716661678
1.1436090215386048
1.1569972099530879
1.1569972099530879
1.1499893812691102
1.1517170453535477
1.1364614864889109
1.1374002818007904
1.1451609260870463
1.1404398940179166
1.1404398940179166
1.1369171102939497
1.1244397484054844
1.1320387871316477
1.1320387871316477
1.1376541097679866
1.1233339556493436
1.1191849110755714
1.1316906869727552
1.1386009706618427
1.1380607736906199
1.12984408166681
1.1362150719513333
1.1436106979637124
1.1362635769639593
1.1474052010160192
1.1461491078505988
1.1461491078505988
1.1568899589972261
1.1568899589972261
1.143604215788712
1.1311545468477047
1.1311545468477047
1.1370835483516286
1.1370835483516286
1.127795749660503
1.127795749660503
1.1121670689057852
1.0958381853271886
1.0983157407495066
1.0994393902493294
1.1015355053666476
1.1015355053666476
1.101827001530004
1.110888891510311
1.1082994725168835
1.114574459659727
1.1232593315453434
1.1293722809998405
1.1271927285388088
1.1270355888400048
1.1456687905902887
1.1625972195511225
1.1576201885856785
1.1576201885856785
1.16368387687756
1.1524989493777928
1.1515001930911513
1.157213788755021
1.157932454183659
1.1648696014124749
1.1651456668422244
1.1629656177386851
1.1644818427567343
1.161652639776627
1.1601223300208985
1.1607520299298357
1.1593557924321394
1.1660107323440332
1.1530504594820425
1.186297799614721
1.1878636064492432
1.1878636064492432
1.1795415050545937
1.18104160109155
1.1625715080139352
1.1634478720871662
1.1568532786228873
1.1368230130945045
1.1641337785049688
1.158565869794105
1.1545444150183308
1.1545444150183308
1.1541764938722625
1.1689472774208296
1.157567411805824
1.1488204579880004
1.1488204579880004
1.1669818591264947
1.1576064690884014
1.1545188121803671
1.153815496798275
1.153815496798275
1.143819343181068
1.1449522499093931
1.147329502302532
1.147329502302532
1.1458022123442821
1.1458253899569133
1.1476954018140357
1.1476954018140357
1.1476954018140357
1.1454853013149169
1.1257614490328074
1.1028110543372576
1.1028110543372576
1.1019486820039464
1.0904369266591885
1.0833173515444419
1.0621889671689422
1.0366419657597103
1.0366419657597103
1.0347080909518171
1.0225887487300347
1.0086374654581867
1.017640113831435
1.0261674259514144
1.0300512131563282
1.0233820332721792
1.0131740937437759
1.0216221601028717
1.0216348365271746
1.0140146822502054
1.0132543345007345
1.0227327523190255
1.0144157156720566
1.0144157156720566
1.011536983585664
1.0066304925947192
0.990512832644923
0.9902702104665206
0.9811645283318416
0.9793076595403367
0.983705248022644
0.9899579562106693
0.9897597536746569
0.9897718734007606
0.9563843502674666
0.9571197050424615
0.9628634768944287
0.9613434506712868
0.9596218189391086
0.9590574315344609
0.9597146949054997
0.9597146949054997
0.9597146949054997
0.9644369876504993
0.9692229668300826
0.9753478427791489
0.9692414932182378
0.9668267146651992
0.9668267146651992
0.9689031080098751
0.9689031080098751
0.9795853417453293
0.9776362063001361
0.9664960463969373
0.9664960463969373
0.9660931002969372
0.9618427070441846
0.9618427070441846
0.9618427070441846
0.9618427070441846
0.9618427070441846
0.9589854629417115
0.9589854629417115
0.9603905273198374
0.9625667000210392
0.9625667000210392
0.9522487356560626
0.9522487356560626
0.9311763344872743
0.9136213084527506
0.9138116847504069
0.9138116847504069
0.9028803421350912
0.8917876450805072
0.8834086371052834
0.8829167116804116
0.8735653412133944
0.8705663997222809
0.8705663997222809
0.8690759655873063
0.8690759655873063
0.8690759655873063
0.8687274322218593
0.8774645662106818
0.8644723002521387
0.8505892734145563
0.855806817104566
0.8562997177704357
0.8562997177704357
0.8538314649622238
0.8487319608244269
0.8468003863363879
0.8509330828143297
0.8516384409706484
0.8540964691126539
0.8540964691126539
0.8567530010252083
0.8567530010252083
0.8566653671654268
0.8570295987808381
0.8606370515548788
0.8632451238599568
0.8595793488100937
0.8578295669031647
0.8578295669031647
0.845873097404828
0.8552303336632648
0.8557920456122392
0.840317428394465
0.8391452746647329
0.8391452746647329
0.8408851366516374
0.8570531074425298
0.8401221249530338
0.8401221249530338
0.8413362628347474
0.8451355526451748
0.8435123806849397
0.8335540820453174
0.8335540820453174
0.8307121412136467
0.8307121412136467
0.8293474021958438
0.8263283711811766
0.833013309429527
0.8339131768780488
0.8339131768780488
0.8339131768780488
0.8363672700655824
0.8404721331018732
0.85091321653511
0.8544054760561742
0.8551783870188108
0.8489612598682124
0.8555658817101086
0.8638011272046323
0.8671294360544233
0.876578976645884
0.876578976645884
0.885503609899762
0.8826402666866235
0.888520890755298
0.8916875532236072
0.8916977286044598
0.8746428772990628
0.8712748556957591
0.8723141704408939
0.8716889666504127
0.8702799109873011
0.8702799109873011
0.870177842992752
0.8658349427477074
0.8686748341135759
0.8597468267899057
0.857557987861189
0.8590893999751854
0.8559017612937556
0.8473119538559346
0.8522135647323602
0.847915666498125
0.8523701299134097
0.854725001412143
0.8553338674247665
0.8518141972937336
0.8497254412616579
0.8569817933974127
0.865765956482
0.865765956482
0.8622863574181564
0.8660527657121834
0.8695379250108309
0.8735156243206545
0.8726041903368931
0.8709605888280392
0.8709644929191885
0.8698877821211045
0.8646996518773775
0.8643053522992845
0.8484218219131098
0.822795392116681
0.8306481725727524
0.835976914795676
0.8404209037733219
0.84051821836764
0.8463987721189346
0.8463987721189346
0.851269738585678
0.85218845093652
0.8518046338755025
0.854110816624252
0.8603507035779647
0.8628999420682083
0.8503163950875166
0.8577347647819109
0.8555847208035732
0.8555847208035732
0.8516543032916342
0.8606900393166931
0.8592891244035868
0.8592891244035868
0.8767222940898547
0.8767222940898547
0.8751545373187358
0.881064303120071
0.8707040668544482
0.8727391519300508
0.8697136329869596
0.8898953241589517
0.8860046884742495
0.8934816030039192
0.8901066752584327
0.8860010496775504
0.8815504875429323
0.88573536334873
0.8871640899152605
0.8871640899152605
0.8843813880022771
0.8843813880022771
0.9027241118839423
0.9027665969542508
0.8906765870744745
0.8899567104321701
0.8913683211785872
0.8947263762009727
0.8891004590687639
0.897009287888958
0.9006980352580173
0.9006980352580173
0.9006193587261064
0.9006193587261064
0.9006193587261064
0.9014407218653103
0.9013241938782097
0.9107285573239948
0.9070429754985337
0.9070429754985337
0.9264139542974495
0.9012484379772172
0.9012484379772172
0.903686204602849
0.909733875103012
0.8999912305214163
0.8999912305214163
0.9110952162101171
0.9087674364902335
0.9157445131599337
0.9056209280397662
0.905059072867597
0.8984163257131054
0.9066546437170905
0.9079666112251524
0.9162544337696492
0.9194127045999004
0.9190581245951356
0.9199623475776285
0.9199623475776285
0.9257972102522897
0.9257972102522897
0.9257972102522897
0.9237409231657765
0.9211936849557059
0.9218174653111633
0.932984580221074
0.9460464136463478
0.9460464136463478
0.9348612175047875
0.9345271900058181
0.9189145655743671
0.9125414408144933
0.9078242594804786
0.9294764009173653
0.9294764009173653
0.930887496877987
0.9457450663565083
0.945104836249052
0.9444886648053731
0.9475380226237492
0.9446494639799929
0.9446494639799929
0.9446494639799929
0.9424759284950254
0.9422332368682808
0.9400631730783335
0.9322942061980798
0.938250584027679
0.9274913715717628
0.9274913715717628
0.9274913715717628
0.9166353884988787
0.9166353884988787
0.9279357777512277
0.9343653063341094
0.9343653063341094
0.9343653063341094
0.9543715310401176
0.9471152885630464
0.9471152885630464
0.9515140686442224
0.9515140686442224
0.9453621647469728
0.9446186274980423
0.9438547351526854
0.9392636590530526
0.9387211322556369
0.9337454794890621
0.9310475257925372
0.9335964369689908
0.9319405352910962
0.9239353730722992
0.9438278623672031
0.9414585080618735
0.9400123456974789
0.9395817615480123
0.9395817615480123
0.9375147674570035
0.9375147674570035
0.9264269683477134
0.9270629967788147
0.9256153915367882
0.9248554128725591
0.9092513383575767
0.8815436600999692
0.8927050538263899
0.8941385701181536
0.8950970395007383
0.8839024999125824
0.8907062700895688
0.8862080435782814
0.8878416117701402
0.8899242407736678
0.8899242407736678
0.8880900271946172
0.8882377515834355
0.8940945679454094
0.8940933028288093
0.8834006640359078
0.8801238374749255
0.8831834002203732
0.8831834002203732
0.8835954391380422
0.8867818467868483
0.8803044285503951
0.8766067107203378
0.8820717455901536
0.8834144169662657
0.8841058284421941
0.8889128975255759
0.8895565562842019
0.8895565562842019
0.8934984012371401
0.8975679460911373
0.8975679460911373
0.879629374945671
0.8765503763410212
0.8776662976170085
0.8776662976170085
0.8892932577807406
0.8892932577807406
0.9262796113513108
0.9278115236682961
0.9297303183783792
0.9297303183783792
0.9267575788873236
0.9341752633318549
0.9286746642356412
0.9286746642356412
0.9120762927088897
0.9118937874063918
0.9118315297515454
0.913080745234611
0.9087163849436267
0.9087163849436267
0.9087163849436267
0.8956588427413682
0.8964623592021097
0.8976703704739569
0.8976703704739569
0.8976703704739569
0.8908496696716093
0.8751604007363046
0.8751604007363046
0.8852174286548348
0.8852174286548348
0.8852134915424869
0.8738676292174751
0.8738676292174751
0.8756957718651779
0.8805460140331567
0.8821795089878816
0.8860021565011178
0.88655234234402
0.8925007438721202
0.8960139756588034
0.8914561800013547
0.8896534531598248
0.8817734734708653
0.8817734734708653
0.8817734734708653
0.8824872702137664
0.8824872702137664
0.8741703651519662
0.8810541076524018
0.8810541076524018
0.8835710020548095
0.8901108125994767
0.8888502670456387
0.8888328308238006
0.8888328308238006
0.9091762077993742
0.9054263176154556
0.9008619673373082
0.8864404373011414
0.8864404373011414
0.8864608061535819
0.8989429314704048
0.9054922395123924
0.9023511379675611
0.9009899159299809
0.9009899159299809
0.88253472258814
0.8847623971717478
0.8789682861748503
0.8737560826944943
0.872754276659278
0.8754222164149302
0.8631143680831742
0.8631143680831742
0.8631140870139008
0.8613912477483566
0.8613912477483566
0.8829078452796015
0.884798414747441
0.8869970492525158
0.892814518208632
0.8579973186849797
0.8506249909923631
0.8526296358260989
0.8528270313523516
0.8528270313523516
0.8513494839463669
0.8527595195267657
0.851465453251673
0.851465453251673
0.8567779075283901
0.8608171418680071
0.8617967150794759
0.8613913017018789
0.8614019206015837
0.8598495873291765
0.8616929957304391
0.8584200694623982
0.8690207859419111
0.8814777590966176
0.8769929410343772
0.8623464705761599
0.8627564652809959
0.8604402655231956
0.8591672729164105
0.8733762802870699
0.8793305456276802
0.877639923510291
0.8792557460665877
0.8629134540984127
0.8378716367763807
0.8378716367763807
0.8385130897079395
0.8390245316758562
0.8390245316758562
0.8206914023348977
0.8212627421783908
0.8191322883076515
0.8197958717393184
0.8121922385544589
0.8121922385544589
0.8119520111210214
0.8119520111210214
0.8119520111210214
0.7996860512433266
0.8085540019432498
0.8085540019432498
0.8068894287950072
0.8068894287950072
0.8119225332859306
0.8169146084071582
0.8111616320438821
0.8056403575479728
0.8118811440362197
0.8130872488079347
0.8005875426938456
0.7696869537977757
0.7683596476407629
0.7683596476407629
0.7800682800682535
0.7793842842356875
0.7793842842356875
0.7810083945673434
0.791101887914447
0.791101887914447
0.8043479959080612
0.8043479959080612
0.8141056285508894
0.8141056285508894
0.8149280118809522
0.8028221852779607
0.8032177428523852
0.8223051370534608
0.8225744061788949
0.8225744061788949
0.8146443359838352
0.8134114000612326
0.8128193009220362
0.810889917698108
0.8142586424222282
0.8083755096651004
0.8083755096651004
0.8329300560532605
0.8334296917424582
0.8334296917424582
0.8335673648036981
0.8243169386248589
0.8388448406764508
0.8379572849879678
0.8379572849879678
0.8477580432674902
0.8477580432674902
0.8548177814002084
0.8543552654348755
0.8543552654348755
0.8483945404632343
0.8384785289998277
0.8455080107880393
0.8360761671246942
0.8316993068474249
0.8332819489368931
0.8332819489368931
0.8336505469430866
0.824699201491684
0.824699201491684
0.8269816587047393
0.8173166564225763
0.8156789844338296
0.8151851815762222
0.8103685222878344
0.7946378534099695
0.8043490108695024
0.8187328685389481
0.8189207137249457
0.8064487702560814
0.8111557863294041
0.8103882741512599
0.807396455246756
0.807396455246756
0.807396455246756
0.807396455246756
0.8015046093552467
0.7951888547900537
0.7965421713601449
0.7958728896154608
0.7958728896154608
0.7958728896154608
0.7958728896154608
0.7958728896154608
0.7945244379257522
0.7926567398739827
0.8004372856122134
0.8036772807353592
0.8036772807353592
0.8054578788575479
0.8086108642610528
0.8084501618491866
0.8168257102381236
0.8095248720883459
0.8095248720883459
0.8048735246776307
0.8048959336236906
0.8083157397370777
0.8104703108256015
0.7963837639130735
0.7973561931735464
0.7997869858518543
0.7988615323295897
0.7869879344680387
0.7783418120670862
0.7798367235478421
0.7939737080415449
0.7919760913466327
0.7997875728420969
0.7968493916415369
0.7997995019671198
0.7997995019671198
0.7997995019671198
0.7997995019671198
0.7955852348840675
0.7940448675441079
0.7988413177392844
0.7979048627968025
0.7978909987831965
0.7761313547932988
0.7800094748112694
0.7858804407405692
0.772730992569273
0.7680435262566102
0.7675574481897619
0.7599181491518321
0.7598657162186001
0.7598657162186001
0.7598657162186001
0.7744279504267312
0.7747282254829285
0.7684643999762508
0.7719896231640762
0.7719896231640762
0.7716415075072074
0.7928371869783003
0.7931858823417849
0.7884611258213856
0.7864659622963863
0.7990552308258392
0.8036254547036262
0.8033778746417258
0.8023141668750083
0.8023141668750083
0.8100757047283618
0.8155227310238607
0.8146865452139914
0.8146865452139914
0.817040580700682
0.8127299524812199
0.8127299524812199
0.8143372507858924
0.8143372507858924
0.8143372507858924
0.8143646992774988
0.8163420901333229
0.8118250792057276
0.8122866461032843
0.8122866461032843
0.8122866461032843
0.8122866461032843
0.810995985449541
0.8067937175797852
0.8115414497152481
0.809609090657241
0.8138640322300985
0.8197259697905637
0.8197259697905637
0.8172949163080198
0.8172949163080198
0.8204123599270154
0.8171264744651278
0.8239828536583231
0.8239828536583231
0.8239944590534892
0.8214329526262021
0.8218651687723071
0.8092715415263619
0.8094647918583072
0.8101832372379646
0.8048138696273627
0.8022047008356621
0.8025974231117669
0.8025974231117669
0.8139554913407201
0.7972380673090695
0.7972380673090695
0.8005183339619892
0.7989664567078754
0.7881857704298256
0.7948139670879673
0.7964449251731975
0.7963401077045145
0.7963289078622676
0.7792195973391368
0.7671106520758263
0.7514043298908918
0.7500428506546566
0.7500428506546566
0.7500428506546566
0.7536592988454177
0.7508526560788215
0.7508526560788215
0.7496170657511109
0.7496170657511109
0.7496170657511109
0.7533594937242404
0.7573103366054676
0.7622795575082782
0.7604089533485723
0.7597018321821867
0.7546236697138948
0.7531940974310275
0.7483842339331372
0.7462414778763913
0.7461573858421295
0.7471282129493729
0.7471282129493729
0.7464598118074474
0.7458771274262622
0.7551834672037655
0.7550124041709367
0.7549060420711105
0.7528238488222089
0.7528238488222089
0.7496332122725777
0.7503693622349328
0.7470288236186354
0.7470288236186354
0.7437052431999659
0.7369522494389854
0.7483516679787192
0.7485352637753423
0.7414657744287521
0.7414657744287521
0.7423969229367454
0.7423969229367454
0.7423969229367454
0.7423969229367454
0.7459572860179008
0.7459572860179008
0.7459572860179008
0.7506039785550473
0.7426161278597783
0.744477682948978
0.7452154827530191
0.7440878460280348
0.7440878460280348
0.7489379125121507
0.7523480118172625
0.7547451713888339
0.7540805345749805
0.749370079047405
0.7504954551166537
0.7577070437016932
0.7561610745351166
0.7599690707420782
0.7599690707420782
0.7560914892491175
0.7552421857250478
0.7537411400464731
0.7538413955128233
0.7537281064792407
0.7554770950989872
0.7542801137305979
0.7543326152614965
0.749856099084396
0.7377817045004241
0.7362375069859713
0.7299443517939813
0.7299443517939813
0.7299443517939813
0.7131164226602871
0.7148654416983555
0.7147041855829483
0.7147041855829483
0.7165656202408862
0.7165694061944028
0.7295989957709288
0.7094646195265123
0.7038486531824907
0.7038486531824907
0.700454144051203
0.700454144051203
0.7004962032571375
0.6899144441970126
0.697778263674836
0.6969144970441925
0.6982864392693067
0.7023612520723577
0.7023612520723577
0.701885146725929
0.701885146725929
0.6987117738371632
0.693008751789485
0.6932712218298548
0.6906706758996294
0.6926952923410302
0.6767502743431736
0.6765528019327409
0.673991524191772
0.673991524191772
0.655182896505468
0.6447654182084257
0.6458034143230842
0.6458034143230842
0.6458034143230842
0.6287870603846875
0.6426357917024377
0.6464856924569649
0.6164783296801897
0.6164783296801897
0.6009867416302116
0.6009867416302116
0.6009867416302116
0.6009867416302116
0.6011089668486189
0.5975462924443211
0.5993424457103591
0.5997382310042548
0.6002496810252027
0.6012077989891836
0.6050325383001277
0.6072402850828953
0.6072402850828953
0.6072402850828953
0.6066619872962723
0.608862979158751
0.6079799820503625
0.6119967693108531
0.6119967693108531
0.6163223296758545
0.6163223296758545
0.617755898379719
0.6171495282965522
0.6182877599123056
0.6187595328774697
0.6169006124069297
0.6221070981489754
0.6221070981489754
0.6201272282968755
0.6186473476597778
0.6197722068935952
0.6175759574130899
0.6269554322612082
0.6269554322612082
0.6269554322612082
0.6269554322612082
0.6257194952212194
0.6267634573225642
0.6263689005519555
0.6251420159666304
0.6248733264222676
0.6283518062928138
0.6316429908266363
0.634012345604436
0.6301136559640355
0.6301136559640355
0.6301136559640355
0.6306281165923353
0.6267057943789487
0.6189552137070823
0.6148967070491311
0.6053220972274587
0.607101432164449
0.6057242840461785
0.6029514509141545
0.6062160010590274
0.6049859219944902
0.6059894631877619
0.6059894631877619
0.6092342380498276
0.6092342380498276
0.6092342380498276
0.6219951528183543
0.593916833885757
0.5953225030788909
0.5869816926212077
0.5869816926212077
0.5850770377738077
0.5848019695656329
0.5848019695656329
0.5848019695656329
0.5851913571268345
0.5662743348870618
0.5662743348870618
0.56663978167497
0.56663978167497
0.56663978167497
0.56663978167497
0.56663978167497
0.56663978167497
0.5650189680529069
0.553228706641436
0.556979324164851
0.556979324164851
0.5562453456734502
0.5583839819459654
0.5583839819459654
0.5630557050469688
0.544554280931194
0.544554280931194
0.5575131592233563
0.5585062871313807
0.5587132918790932
0.5587994988069719
0.5587994988069719
0.5465099510790918
0.5395020887614728
0.5437715393789384
0.5296282702380704
0.5296282702380704
0.5269470089928179
0.5252867482490441
0.5238674281201409
0.5238674281201409
0.5238674281201409
0.5217382726236434
0.5157492317116998
0.5157492317116998
0.5086836376888108
0.5074640627285046
0.5042401422900169
0.5062230676120636
0.5035204115143453
0.5060491070890348
0.5066244933376417
0.5025696803995408
0.5025696803995408
0.502536324995337
0.502536324995337
0.4994940997100908
0.4881992895541511
0.4881992895541511
0.49474544123828285
0.4956869168317534
0.4976496489466103
0.49886497460748247
0.49886497460748247
0.5101082822171167
0.5031890143552569
0.5066480799723974
0.48633705135263267
0.48633705135263267
0.48633705135263267
0.4670042054690231
0.4659346646940693
0.461640663019931
0.4601019337265516
0.47461037456848537
0.4859802413722268
0.4859802413722268
0.49426572942128266
0.48590467145136473
0.48590467145136473
0.47750272083991385
0.47750272083991385
0.47750272083991385
0.47750272083991385
0.48453218894658445
0.4838097080204
0.48361704786423987
0.49403719235279875
0.49403719235279875
0.4953753538296915
0.49527771902330675
0.49527771902330675
0.49529068936983206
0.4926855280249407
0.4922350942474857
0.4922350942474857
0.48371877024002097
0.4852858080336266
0.4852858080336266
0.48533121209548485
0.47059993426888463
0.4697870551105351
0.4732156589336636
0.4729883176277163
0.4729883176277163
0.4664531592110067
0.4664531592110067
0.46438570116643746
0.4645419107868219
0.4503867765424336
0.4503867765424336
0.4503867765424336
0.4503867765424336
0.4512428920657272
0.43083592227875767
0.4313272037918909
0.4313272037918909
0.4313272037918909
0.436803341543682
0.4203490779281179
0.4203490779281179
0.4203490779281179
0.4178068858584149
0.4030421471435827
0.400969219049217
0.4000111312371055
0.41282371740588414
0.4113097131962608
0.4122415495406021
0.40631354921630225
0.40113668111956563
0.4010944954977398
0.39860641545106146
0.39839812516804035
0.4007869351586191
0.400532982160703
0.4065066388648013
0.40666598856116154
0.40666598856116154
0.40666598856116154
0.40376184175033314
0.40376184175033314
0.40376184175033314
0.40376184175033314
0.4102886408865897
0.4103979534814668
0.4139617571465085
0.41197806399540926
0.4010944954977398
0.4010944954977398
0.40506959677063464
0.40506959677063464
0.40506959677063464
0.40506959677063464
0.40506959677063464
0.40506959677063464
0.40506959677063464
0.4034832174749131
0.4034832174749131
0.4044180074833506
0.4044180074833506
0.4044180074833506
0.4044180074833506
0.4038537683723668
0.4038537683723668
0.4038537683723668
0.39782807450882407
0.39782807450882407
0.39782807450882407
0.39782807450882407
0.3968810057515586
0.3968810057515586
0.39612687657873974
0.39612687657873974
0.39612687657873974
0.3956376438942298
0.3956376438942298
0.3956376438942298
0.3956376438942298
0.3956376438942298
0.3956376438942298
0.3956376438942298
0.3956376438942298
0.3956376438942298
0.3954014459578076
0.3949075913734353
0.3949075913734353
0.3949075913734353
0.3949075913734353
0.39338910735787674
0.38597336146220707
0.3858808187071533
0.37976854127423326
0.3791491440634103
0.3791491440634103
0.3791491440634103
0.3791491440634103
0.3791491440634103
0.3791491440634103
0.3791491440634103
0.3791491440634103
0.3791491440634103
0.3791491440634103
0.3791491440634103
0.3765056410845377
0.3765056410845377
0.37522781821942125
0.37522781821942125
0.368200532554833
0.368200532554833
0.36793494636149443
0.36793494636149443
0.36793494636149443
0.36793494636149443
0.36793494636149443
0.36793494636149443
0.36793494636149443
0.36793494636149443
0.36793494636149443
0.3677590817347679
0.3677590817347679
0.3644056806973067
0.3644056806973067
0.3644056806973067
0.3644056806973067
0.3644056806973067
0.3644056806973067
0.3644056806973067
0.3644056806973067
0.3644056806973067
0.3644056806973067
0.3644056806973067
0.3644056806973067
0.3628622173232414
0.3635088875597023
0.3635088875597023
0.3635088875597023
0.3635088875597023
0.3635088875597023
0.3635088875597023
0.3635088875597023
0.36335605766074536
0.36335605766074536
0.36335605766074536
0.35882349345104414
0.3585663057239648
0.3585663057239648
0.3585663057239648
0.3585663057239648
0.3585663057239648
0.3585663057239648
0.35813999339824215
0.35813999339824215
0.35813999339824215
0.35813999339824215
0.35813999339824215
0.35813999339824215
0.3572273110594537
0.3572273110594537
0.3572273110594537
0.3572273110594537
0.3572273110594537
0.3572273110594537
0.35976580660217183
0.35976580660217183
0.35976580660217183
0.33955711279600725
0.33955711279600725
0.33955711279600725
0.33955711279600725
0.33955711279600725
0.33955711279600725
0.33955711279600725
0.33955711279600725
0.33955711279600725
0.33955711279600725
0.33955711279600725
0.33955711279600725
0.3300813203667739
0.3300813203667739
0.3300813203667739
0.3300813203667739
0.3300813203667739
0.3300813203667739
0.3300813203667739
0.3300813203667739
0.3300813203667739
0.3300813203667739
0.3300813203667739
0.3300813203667739
0.32382583458300745
0.32382583458300745
0.31921118385459457
0.3328798248403598
0.3312414370841767
0.3312414370841767
0.3230975673313718
0.3230975673313718
0.3230975673313718
0.3230975673313718
0.3230975673313718
0.3230975673313718
0.3230975673313718
0.3230975673313718
0.3230975673313718
0.3230975673313718
0.3230975673313718
0.3230975673313718
