0.0466667 0.09787965807828056
-0.0866667 -0.24220102578996894
-0.3733333 -0.33441402046920105
-0.1533333 -0.05522658969754024
0.0366667 -0.03599726195723996
0.0066667 0.08867929411785308
0.7633334 0.8415483324699378
0.61 0.6049164883180604
0.3833334 0.3731758843171819
-0.28 -0.16608967901664926
0.56 0.6445903004355775
0.1633333 0.032594277526604376
0.1266667 0.10542904466587877
-0.71 -0.7854045413697821
0.9666667 0.9909582369458523
-0.86 -0.8558672785646038
-0.59 -0.5184942985491483
-0.2366667 -0.2542571994218018
-0.4033333 -0.43511582103055263
-0.7566667 -0.6798882916581573
0.7133334 0.6495808039538298
0.4233333 0.4719595012001639
-0.2933334 -0.13766143710702916
0.72 0.7002551285964156
-0.9666667 -0.9340938455965561
-0.9966667 -0.9797961139275375
0.9833333 0.9280426524542071
-0.6666667 -0.666765572258333
-0.17 -0.2955179024688288
0.9 0.9996925884709532
0.03 -0.13866987675560766
0.27 0.25221829667287454
