1.5450543736323221
1.3343058219013217
1.328424584055355
1.3321203250416507
1.3372008907623965
1.3372008907623965
1.3398961002979883
1.3279198872513034
1.3516288547337854
1.3462333666290174
1.3347972621964845
1.3387620863187408
1.3387620863187408
1.3535764068320966
1.3590512418657585
1.3511229006894088
1.3513876059010244
1.3374000908057138
1.338080100632446
1.3219585773711375
1.3172656887593344
1.3100197681062427
1.3102682973735416
1.3096560097090686
1.3116089596119822
1.311746210082347
1.3176655742275682
1.3244716367742473
1.3158846884953728
1.3156016235994932
1.3068437473993695
1.2991322800834735
1.306338847720419
1.3007016632692645
1.3020456801880231
1.3071853005900704
1.3070526783334173
1.306885818119453
1.310912172865611
1.3110016260813422
1.3110016260813422
1.310725701049936
1.3281697458053423
1.3153248070342964
1.3155853816499055
1.3111790767870648
1.316482915647836
1.316482915647836
1.3136992817436328
1.3136992817436328
1.313121723471783
1.3136683928845105
1.2966363759653095
1.2977423743758303
1.2788233463497005
1.2789915317609692
1.2761033738849235
1.2745878743442611
1.2718395769352568
1.2683992187426218
1.2639483509760567
1.2604351182201605
1.2713144854589575
1.2717884950043998
1.2686960797123854
1.268407406452105
1.2974566988726235
1.2976263293198749
1.2944466514762019
1.2857193491088446
1.286743110313069
1.2874882954093836
1.2877570648490173
1.301618567055425
1.2906131697393726
1.2900814796893358
1.2894448516170676
1.2656697495413634
1.2655982523256017
1.2665451349016348
1.2654859255440007
1.2544367342926463
1.2551422315744785
1.2712077173139276
1.2684374931157218
1.258269750165563
1.2706392601449685
1.2551528848452873
1.260590927149503
1.2635514260008442
1.2756245920586646
1.2756245920586646
1.2754458624119998
1.2843882035305694
1.2879252111382558
1.2878408581369394
1.2943874877602723
1.293748270745413
1.298714688519486
1.3026411255715358
1.3028885539903037
1.3028885539903037
1.3026133649697886
1.301018244158982
1.292977239855463
1.294304600141617
1.304049777103266
1.304352042165339
1.304352042165339
1.3025131314035416
1.298521612770697
1.2892995582787474
1.2836511736933232
1.2901728486118773
1.2871674428048392
1.2821105874653218
1.2815446024630597
1.2808461111540173
1.2840788444247135
1.2888337719145275
1.2853354092246256
1.2633789154747168
1.255635851650442
1.255635851650442
1.2369572624204728
1.2376092712393678
1.2368637889822334
1.2364389171197216
1.2393324218306534
1.247113299762388
1.2332831966445361
1.2273597208036493
1.215657836922288
1.2175037593607863
1.20963381201616
1.2096277917026168
1.202346147705737
1.2157857820544504
1.2200090215023183
1.2230610772989479
1.229119879968426
1.2276059357242735
1.2272045601240489
1.2250041909707692
1.242551290864932
1.2624243865050953
1.2594492318113744
1.2557214870156883
1.2644557669203431
1.2541832705979328
1.243656816683848
1.2432437343874994
1.2495931088058476
1.242669829761229
1.2488537690853063
1.2328647357920517
1.2328647357920517
1.2361696110093958
1.2252937713180985
1.2358611305330292
1.2207541989186494
1.2255329450491301
1.2251746296681856
1.2319550388474403
1.2336670131470353
1.2319449422840751
1.2322215413308257
1.2364720461954937
1.2405514440180487
1.2302915454732015
1.241097910582169
1.250318600895319
1.250478028038372
1.2478780488321586
1.2456054168186168
1.245837224846534
1.2396143282630363
1.246718025388913
1.2402499442140058
1.2422194763977548
1.2306562567597965
1.231947816285794
1.2153870162661067
1.2141908786988782
1.2124861343982685
1.2054959427095557
1.2121072327498665
1.203237723565673
1.2079742591718852
1.2079742591718852
1.1874360771466481
1.1884750449855057
1.1906986394379082
1.1909561618663655
1.2045769596324882
1.2161025637429148
1.2150846308632688
1.212555892305218
1.2026675515018688
1.2321170472711305
1.2417122825645648
1.2491080745109464
1.2491080745109464
1.249105483975179
1.2461124683932112
1.2500505259357122
1.2411550549568158
1.2421746434135852
1.213831180217219
1.212684066758285
1.215087673860733
1.215087673860733
1.2078797025378607
1.2081762393716475
1.193409545666831
1.1999369789520862
1.186315820498039
1.1832474579923424
1.1801335135769788
1.2034509034617549
1.1996525953307051
1.1957968682058413
1.1876992929585257
1.1769081223173723
1.1546687873896755
1.15468757645937
1.1507044858587339
1.1434654036349685
1.1434654036349685
1.1452885631663299
1.137953938740369
1.1283137849858245
1.1290997288078097
1.1288140517641834
1.1288140517641834
1.1288140517641834
1.127771562029258
1.1342417793705284
1.1273414649678417
1.128974227094587
1.1289740852501637
1.1303631226544937
1.1323191736120466
1.1338766918448897
1.1338766918448897
1.1585359018339765
1.1610888276907938
1.1608986886006751
1.1608986886006751
1.1580599693238127
1.1503448783302692
1.1273978859431646
1.1275081965303604
1.1265908734851844
1.1265908734851844
1.1324983210183939
1.1280448227733582
1.1341736667473536
1.1305001656170224
1.1173594335362256
1.125706331253219
1.1314183949368966
1.1438082048834732
1.145076439114698
1.15000622756386
1.1444599069815968
1.1439148149098712
1.1439148149098712
1.1433869796331946
1.1418232142152789
1.1410823093377724
1.1345338378817105
1.1354893959630254
1.1314069327471412
1.1299371886808063
1.1286091461165753
1.1305743916646878
1.125903306916047
1.1048119808563366
1.1053227786625703
1.1067796702156392
1.1067796702156392
1.1401336376148006
1.1387226636791619
1.1304762527537282
1.132675281989281
1.1454128007813185
1.1493580634996858
1.1476462827366793
1.1559721992527507
1.1646794557177338
1.170942449823412
1.170942449823412
1.1716996627611513
1.1716996627611513
1.1732439292182963
1.1732439292182963
1.1714862230529268
1.1733772457274976
1.168875920863338
1.1686569458157083
1.1740337319392833
1.1735171794543553
1.1735171794543553
1.1718867931908663
1.1691280630405299
1.169630983378943
1.1564312911023036
1.1558995844752056
1.1558995844752056
1.1535091481417978
1.1546247717514395
1.1558977135554795
1.1558977135554795
1.1485368926494444
1.1529072653709196
1.1657620652119416
1.1563939963553358
1.1686895943833973
1.1666220950543924
1.167861938595123
1.142638786015507
1.1529503568206196
1.1364659623447106
1.141338347656802
1.125146892795103
1.1226235136120881
1.1360459759360848
1.1338828872105158
1.1322957634352149
1.1389025259186532
1.1311701932607974
1.12106698315373
1.110652359699631
1.1116279456307236
1.1115958052899229
1.121734020651568
1.1204794178080446
1.0998983838743783
1.1093218965244547
1.112219237239498
1.1116417843475095
1.1118528700414796
1.1118528700414796
1.1148615873153769
1.1141247447907638
1.1146935426811353
1.1160209154994485
1.1160209154994485
1.1097745682820863
1.1102635192916241
1.1099076989083367
1.1120425138485053
1.10435798201144
1.0925073059305326
1.0895878431197126
1.089426021958106
1.089426021958106
1.1018243903683556
1.0740614063504346
1.0562055207946577
1.0514117867864106
1.0526606422732594
1.0514185165200343
1.0501546651594729
1.0526979037046145
1.0461637693311006
1.0450172358431127
1.0494022108091776
1.0490735830904594
1.0410546927528679
1.057346846566594
1.0457151174944876
1.048772635209786
1.0536081923051255
1.0536081923051255
1.0580072380533299
1.05694359969428
1.0593809309390656
1.0658662039352416
1.0603481655027887
1.0688011049370956
1.067463718725544
1.0696983940019884
1.1003511671574115
1.095199809490313
1.0797662061308677
1.0783044930091583
1.0783044930091583
1.0607191396636948
1.0504479531845017
1.0489995906584786
1.046653061082733
1.052343404177417
1.052343404177417
1.0522218639524148
1.052494168736263
1.0416656080665494
1.036931616143469
1.0326079652724256
1.0301172831705232
1.030281391569512
1.0298748958202788
1.0300802361925896
1.0300802361925896
1.0286358439037395
1.0409380116309168
1.0395562022369405
1.0395562022369405
1.0396686744769859
1.0395095807480268
1.0410425199182407
1.043103616989429
1.0441638702658018
1.0435590554621899
1.0497588035441543
1.051632834303762
1.0704303703553024
1.0722136283959711
1.0730004715675028
1.0665486015240673
1.0667605796727746
1.0654258722576107
1.0651978148234527
1.0558350872179405
1.0538995165966052
1.0538995165966052
1.0546740867291824
1.0520047758987456
1.0557689423245793
1.060224184621858
1.0575342939724233
1.0565137250145227
1.0557915741924448
1.0551743223489602
1.0441179305204196
1.036584283669902
1.036584283669902
1.037309878749505
1.0342082247790525
1.0342082247790525
1.0342082247790525
1.0268254786981703
1.029489552561449
1.029241093753784
1.0321746868714818
1.0242816354853632
1.0211263959363126
1.0257130749591306
1.0465340336483746
1.043065100475899
1.0431895885425644
1.0431895885425644
1.0431895885425644
1.0477282503366963
1.0349858850111961
1.0461605060404104
1.0279580002747801
1.0279580002747801
1.0279580002747801
1.0279580002747801
1.0279580002747801
1.0295339515615034
1.0378466105472586
1.0401932837230206
1.0405256143594235
1.0466725463495632
1.0479247680270802
1.0475130576181575
1.0475130576181575
1.0472630367456173
1.0415667899108654
1.040977485272029
1.040902288342556
1.0463205151468031
1.0685463478013058
1.0591360281610935
1.0452046408252296
1.0527024858319494
1.050239125382764
1.0501952212748489
1.0238420486065012
1.0179206308118132
1.019918744583165
1.0198657266209086
1.019579429350727
1.0197458386997367
1.019751673767918
1.0067739193186092
1.0085828014315315
1.0085828014315315
1.014647417264496
1.0193334153918747
1.0178329899991465
1.016538502119074
1.01657166947567
0.9945307720559531
0.9978840889646448
0.9964097876231914
0.9914784321781861
0.9959099209458366
0.9940017033973821
0.9950648029830564
0.9912272886843966
0.9912272886843966
0.993706921795824
1.0019641402513995
1.0248342312117973
1.0309355234530504
1.0309355234530504
1.0332694699913703
1.0490691843755842
1.0578679177226475
1.0574824310529964
1.0564329577392157
1.0500471538432166
1.051482682825559
1.0472595801546538
1.0475302003005476
1.0504765226405712
1.0504765226405712
1.0544367415864968
1.0678099872137985
1.0840396838211703
1.0724104832077546
1.0842585233594677
1.0682741552417534
1.0653368350246877
1.0583973651305538
1.0320265808846631
1.0352073085659876
1.0479564394052387
1.0479564394052387
1.0479564394052387
1.0530812082493972
1.0481594029457837
1.0494092066073695
1.0494092066073695
1.047954855282435
1.0387060738726812
1.0387060738726812
1.0387060738726812
1.040261970371766
1.0406892280045226
1.0418664031137153
1.0414831258640262
1.0403784911108893
1.034571373656804
1.06211137751501
1.06211137751501
1.0588086948042834
1.059010008670337
1.0479455553726875
1.0391036268421177
1.0349172663872401
1.0346301540148046
1.0325301290912836
1.0396692234584433
1.0376044492382976
1.0262402930396946
1.0262402930396946
1.0262402930396946
1.0233452645456869
1.0224094546085642
1.0189223546025115
0.9940788416963682
0.9940788416963682
0.9903531071431725
0.9864758424549475
0.9763849811575361
0.9922170447620232
0.976555058580712
1.0018126421467093
0.9972386251926402
0.9967479708119494
0.9943231100874188
1.001772613920356
0.9937966455719693
0.9910580008794082
1.0005632288661828
1.0137043151356748
1.0137314483723978
1.0005793788693946
1.0071045436851125
1.009808379227853
0.9858900634039742
0.9884491016601579
0.9761030908995135
0.9763124688074526
0.9650871372077168
0.9672646853832764
0.9731061529921226
0.9813603261058815
0.9791745811016938
0.9764921713409965
0.9792521174755519
0.9810468155250223
0.9806038758831125
0.9842779382865654
0.9828461470642622
1.00121575007862
0.96877675977959
0.9690475607839598
0.9755790791743064
0.9749284409554632
0.9749284409554632
0.9751008497334755
0.9751008497334755
0.9881577301307897
0.9850595687224286
0.9933986356037586
0.9933986356037586
1.00546801808035
1.0137647690334264
1.0216615663346043
1.0199225407654664
1.0200744761971614
1.0259921042548266
1.026215825837626
1.0278533651969959
1.0266309047742064
1.0180224207801856
1.0191594387759937
1.0180604332807077
1.0227580373660239
1.0239087089021375
1.0215549099460195
1.0283385073087616
1.05025808683164
1.0440089463704418
1.0313606384609162
1.0313606384609162
1.0367293952468997
1.0608078401143066
1.0489881326490376
1.0489881326490376
1.0470548363169936
1.0499225137477703
1.0530778827768918
1.0611639374991608
1.0611639374991608
1.0224900438895883
1.0052674072242216
1.0052674072242216
1.0088558802038639
1.0199466990777335
1.0042929328713885
1.0086035383393557
1.0121033487815927
1.0061155888301416
1.0080413177468974
1.009158406241691
1.009158406241691
0.9982346031152062
0.9805592971652416
0.9805592971652416
0.9992873173088744
1.0001142911259162
1.008184528786115
1.0077114933413815
1.009775948603509
0.9993799210734371
0.9993799210734371
1.0137079377001212
1.0083017623250161
1.014576536212429
1.0179522739221492
1.0073669679069024
1.0082415099541282
0.9964158254890535
0.9910171154184939
0.9942670694196423
0.9917512417100894
0.9917512417100894
0.9914994137451014
0.9914994137451014
0.9694217949112403
0.9686839874009713
0.9542413545166426
0.95260626929648
0.9490446919995386
0.9888880897724591
0.9824334541808105
0.9857734797677907
0.9861853047497839
0.9879879683996076
0.9933328072354273
0.9933328072354273
0.9907163475864542
0.9901826482834492
0.9902369055034967
0.9779012846215434
0.9848435617499547
0.9797906670244733
0.9717497207117606
0.9737468383481819
0.9747381991145382
0.9728427287805035
0.968525878115219
0.983849655236538
0.9724719688368908
0.9742767675983817
0.9612927677050663
0.9527664326909672
0.9525393586404532
0.9516999753942709
0.9449667802980295
0.9452079678255109
0.9404533603859158
0.9361799645330987
0.9360273190856918
0.9449564615113463
0.9505934215451534
0.950736947672255
0.9310136235450341
0.9343113134524732
0.9452127082782411
0.946231761927359
0.9475414601319293
0.9444118097040946
0.9488421372641097
0.9387502239078763
0.9549268453635569
0.9519178090161018
0.9585839862745924
0.9609768365875174
0.9724256881447638
0.972927980912485
0.972927980912485
0.9734463538971847
0.966327987074622
0.964505033895645
0.9754360089683467
0.9774286107102543
0.979910172220732
0.9811589330767031
0.981527055885416
0.9778706703787422
0.9776786325916328
0.9851422729367633
0.9844941856391657
0.9832504575169737
0.9768358010568289
0.972842425894183
0.9739537341286162
0.9747174572730636
0.9747174572730636
0.936288264327792
0.9190273605308932
0.9167246758422761
0.9149722064113769
0.9266469903357912
0.9551445828205728
0.9487942733772772
0.9562586050600905
0.9562586050600905
0.9451452648495953
0.9463219210541013
0.9296533365977615
0.9244490774428707
0.9211274723186642
0.9385128910517708
0.9132082495460088
0.9203708597788142
0.9085139742451607
0.9069047826043733
0.9112001875340997
0.9089345913803256
0.9006089129374304
0.915984006467093
0.9150545414174664
0.9138932716792498
0.9137384978572997
0.9137384978572997
0.9127882119571015
0.9254723054879209
0.9188583332737491
0.925094291494468
0.9250528547574863
0.9222546420510228
0.9139564118911615
0.9132183703311736
0.9123200256619751
0.9110279409933845
0.9110279409933845
0.9127924733725787
0.9127020788859022
0.9166569460421112
0.9146865200368968
0.9170956103306797
0.9177621224510432
0.8867830993600384
0.8882430918574399
0.8669355292340104
0.8731664373798408
0.8745647155168912
0.8686038141614899
0.8672648888320325
0.8595968345059477
0.8655337154227247
0.8820058030266559
0.8816694806167046
0.8804145914229853
0.8818147343111923
0.8604184534603426
0.8638872971651639
0.863845843988005
0.8650452296632275
0.856437138181807
0.8568546249885861
0.8785034472238212
0.8746243827806803
0.8747814152782212
0.8485006470917984
0.8435373795494678
0.8212712970052636
0.8202107498000945
0.8332714541540844
0.8371846952366657
0.8380157106264403
0.8261463766570847
0.8286665170945812
0.8286665170945812
0.8286665170945812
0.8116833777626261
0.8078586175728375
0.8083397349313697
0.8066370000591693
0.7980155731605021
0.7996244857905266
0.8001138257959566
0.7989668720385528
0.8034671890376253
0.7968284851187505
0.7910563729985353
0.7888105962711078
0.7918948553407834
0.7950142265324972
0.7950142265324972
0.8017307171084985
0.7935868180361578
0.7927227966897927
0.7803010798335208
0.7692598024864629
0.7541033232662271
0.7584039074168819
0.7575956876344172
0.7571044719908802
0.7369465749674705
0.711847113581264
0.7096632346895723
0.7097115102349824
0.7044460524076299
0.7077239132699557
0.6948509470512672
0.6927490635785878
0.6928628943442564
0.6928628943442564
0.6875412359934797
0.6720587921206429
0.6614320292689313
0.6754227234754857
0.694328723032145
0.6872478572661617
0.684644704444759
0.68987810108755
0.6927816461614543
0.692500284449342
0.6947568101929052
0.6935165727109796
0.6966439934788912
0.6986200787649807
0.6942867359502213
0.7044581650741808
0.7036369819573844
0.711238005493797
0.7090604114829093
0.7140439724898606
0.7156981466827923
0.7143357144111605
0.7134663408389971
0.7064689241495246
0.714828732089803
0.7134675280931212
0.6921894923451927
0.7160789958075598
0.7167793249177832
0.7145329491823759
0.7107312427461343
0.7091427340784681
0.7276904853699719
0.7217929736364177
0.7206307248860996
0.725231830739134
0.7244674674697835
0.722877611568337
0.7244084899065365
0.7248824311844416
0.7221821812666692
0.721278794877608
0.7092980624500497
0.7128537055773435
0.7126226266127211
0.6993811106577348
0.7172213620990495
0.7125271391634764
0.7118727518307532
0.7166092973231811
0.7160922716791726
0.7112787207455495
0.6997519537410608
0.6997121717277954
0.7071022298339964
0.7071022298339964
0.7041022569918776
0.7029095936963867
0.7007433731240722
0.6994959773123121
0.705719757971089
0.7089358157605824
0.7089358157605824
0.7076211141776864
0.7113534239948762
0.712093498275702
0.718296639341449
0.718855480649258
0.7162594367098573
0.7257609240082566
0.7251101047104879
0.7216757899209664
0.6980648460885372
0.6974400629630796
0.6988196700084535
0.7111750083552999
0.7115127332867764
0.7115127332867764
0.7276415531418643
0.7177269727066263
0.7183048651690965
0.7227133342669593
0.7256234230112667
0.7130725701018812
0.7118141842122456
0.7118297812127952
0.7131810396309332
0.7120373182403067
0.7168151437247968
0.7135328335911552
0.7163640877722914
0.7216675876399969
0.7216675876399969
0.7207671847221437
0.7288840449222929
0.7274278834337716
0.726347691674475
0.7312117619025774
0.7291803742704218
0.7255726387650825
0.7271445275943846
0.7333924397948315
0.7385384659681361
0.740160634994532
0.7323121977855982
0.7461450736653452
0.7459953263354853
0.747372191840581
0.7425000570324206
0.737333211382345
0.737333211382345
0.737691531336579
0.7559067037051272
0.7467660706124288
0.7495689456397888
0.7536790340026065
0.7423149437972033
0.7390570796772705
0.7622338319253493
0.7619421033643382
0.7591728543285212
0.7877732361191232
0.7874533623647034
0.7904312519336243
0.7958519882740607
0.7946317311583532
0.796726904285454
0.7921337908174334
0.7921337908174334
0.7921337908174334
0.7871075793604467
0.7827793243402198
0.776947071503668
0.7989821282759023
0.7996546698174422
0.8002109306283652
0.8007350591214409
0.7852648128082632
0.785612456657543
0.7739080056099137
0.7710610004617328
0.7710094195195754
0.7685471057569551
0.7585321597501969
0.7618628097243708
0.7568036998137405
0.7461998987628117
0.7461998987628117
0.7490240209087218
0.7534631464888482
0.7543903982575788
0.7561508564773035
0.7420439253843185
0.7429510872097937
0.7386055334826575
0.7405136205874215
0.7348629333986381
0.735015728248688
0.7460182896070131
0.7541931775038577
0.7588381305864129
0.7417418054856262
0.7417669692024551
0.7433329079453969
0.7488820635154222
0.728505214757956
0.728080851283182
0.7323813709605
0.7268150706548582
0.7313933344071457
0.7283223210246377
0.7298378725499357
0.7403878076871648
0.7397059378235388
0.7404910992220347
0.7398772395037846
0.7475118436206503
0.7563386241622443
0.7633555364315062
0.7633542422771018
0.7653116189696748
0.783060555214083
0.7976690161532869
0.8096359238315503
0.8096753962951144
0.8096753962951144
0.841579849095715
0.8399699202631563
0.8275924113634232
0.8466328933455849
0.837961045588065
0.8343390212131526
0.8391606028007297
0.84289740160719
0.8414194573548104
0.8314996370139782
0.8295430598978105
0.8313082935120736
0.8377668898188844
0.8404617146172257
0.8098268268251304
0.8080979132917783
0.7930936832246094
0.7933065732977086
0.7892505797318441
0.8050764927045251
0.8032927051194799
0.7984326159848778
0.799323417800604
0.7983808098431193
0.8074473579744548
0.8116278994300358
0.807587969307327
0.806545287586908
0.8015079985002589
0.8019531426202178
0.7904382981292317
0.7906871566929375
0.7756632797887162
0.7675548573367289
0.7675548573367289
0.7676011652829346
0.7676011652829346
0.7704350261895104
0.7682499366214967
0.7613909461367511
0.7607706154628536
0.7589983166229303
0.7595770074794608
0.7444212267148387
0.7355251440184531
0.7374354814752231
0.7296361251921842
0.7366679650619884
0.7364229990539234
0.7298446045775727
0.7222347171548983
0.7170996005819115
0.7022838345362052
0.7022536102248791
0.6943487456494483
0.697686090675041
0.6987580724807342
0.6973893441307106
0.6976733177043538
0.6895820848191473
0.6900822033411139
0.6864288391747049
0.6838303618755344
0.6831205739021134
0.6781043920258096
0.678508700690213
0.6802960536010093
0.678619698027501
0.696256655729817
0.6920672836720441
0.6918171850861237
0.6976043324034747
0.7010052113317797
0.6914656376380188
0.69189334759395
0.6971387687437629
0.6971387687437629
0.7005689360480011
0.6920826479117943
0.6955553311004561
0.695186779387888
0.695186779387888
0.695186779387888
0.6987953312435198
0.6987953312435198
0.7132501113402132
0.7153655098711006
0.7166355555732202
0.7166355555732202
0.7084089576065645
0.7018921361766022
0.7018921361766022
0.6978325797166652
0.6965510396937368
0.7010734261322357
0.6940466500662965
0.6943452262998748
0.6942267343371233
0.6914507216769921
0.6847485291583357
0.6778052216870916
0.689175054617368
0.7004244092125098
0.7050595560432154
0.7005052564644567
0.7041192185558528
0.7073492729714943
0.7072633099324083
0.7038884497367218
0.7082773853258608
0.7032164727651965
0.7041770777919533
0.7095365192801082
0.705556089598281
0.7046850403116183
0.6714901961302291
0.6714901961302291
0.6725034768847201
0.6732111453993515
0.6886795277222847
0.6892540476603175
0.6882257140752995
0.6872017691445663
0.6873254382917792
0.6728909719789743
0.6652259760615948
0.6705891805065726
0.6625587212938269
0.6657830609906822
0.6639994473982714
0.6567746720997998
0.660089377638678
0.6565443031402433
0.656567661827168
0.6685739762144299
0.6685739762144299
0.6684927107283363
0.6681652800556042
0.6830848226328952
0.6836454891969429
0.6780242120842391
0.6800918140021543
0.6730403823972689
0.670091944173285
0.6676882592668557
0.6690792106824845
0.6695163569927218
0.6717625880193111
0.6695793248477031
0.6699981039515066
0.644660836740323
0.6654672665913985
0.6672210988840894
0.6699398526709948
0.6693956140471043
0.6694824556675782
0.6710722548386338
0.6686362305612259
0.6626069222312843
0.663507346379816
0.660092927447887
0.6595718479755118
0.6595718479755118
0.6754010494752574
0.6829945502020814
0.6829945502020814
0.6829945502020814
0.6951105421135912
0.6859748263338072
0.6784342608318832
0.675987294402321
0.675987294402321
0.6720248165114536
0.6718298025786366
0.6721874259859313
0.6847954929124326
0.6869077076006745
0.6854729264208824
0.6855796675477478
0.693443081331542
0.6902182707506386
0.6903553727608107
0.69419917513417
0.7030768047043521
0.7058918673782673
0.7115361625582167
0.7086431917669394
0.7035061376909832
0.7029570735243178
0.7102758510355794
0.6977701090702247
0.6903992619471844
0.7085400815998028
0.7085400815998028
0.7110292649774019
0.7000243587966887
0.7001455836041869
0.7037490176489845
0.7073322967695064
0.710804782516117
0.7109886163648454
0.7071694639500227
0.6969562116514921
0.698329860952775
0.7136065401066176
0.6948390728312357
0.696661138790398
0.6967848525695152
0.6988468677923882
0.6988553660571493
0.6988553660571493
0.7079818875801132
0.7087937112006796
0.7087937112006796
0.7057013365344574
0.7146722622885893
0.7144189517001585
0.7144189517001585
0.7235953713450968
0.728006127777458
0.7176430864619195
0.7176430864619195
0.7226954143143539
0.7226954143143539
0.7150914695818457
0.7157957227471756
0.7144462319193033
0.7203108408000038
0.7234659512750762
0.7224910327936499
0.7260469751118255
0.6897066718228383
0.6879891075343066
0.684346839612456
0.6821216279721393
0.6833075901697191
0.6827927861993965
0.7032030078004848
0.6917400538023987
0.6812555618489295
0.6771659866256041
0.6815032590566465
0.6779875141203622
0.6621646806515523
0.6621646806515523
0.6621646806515523
0.6567508209987686
0.6542534053194383
0.6498183802149299
0.660118087784891
0.6562619723326587
0.6614299985863767
0.6631997825937133
0.6642544424075013
0.6752592452981344
0.6575867281339568
0.6590449914789306
0.6590924828476954
0.6537185765864197
0.6561814579367222
0.6554014887963135
0.6553506856337806
0.6540151248444719
0.6549898136870489
0.6549898136870489
0.6549246967732903
0.6550722606599929
0.6537977816757409
0.6537977816757409
0.6433143702614058
0.6411384632623398
0.6465033304486008
0.6468815357155883
0.652311549038935
0.652311549038935
0.652311549038935
0.6512886373232241
0.6512886373232241
0.6488946281376553
0.6488946281376553
0.6504600641812281
0.6517676097118099
0.6450715358905968
0.6567065774882513
0.6567928311305568
0.6439305033608568
0.6439393364195749
0.6439054756127425
0.6372559375145694
0.6371955716242687
0.6360713693943943
0.6357301501971235
0.643280533499118
0.6431179255390427
0.6411209040596418
0.6472968700186241
0.6558940397749927
0.6653473687943133
0.6701063650493407
0.6701063650493407
0.6708825228749336
0.6718970577263477
0.6746689161606253
0.6745351169225867
0.6784440134136522
0.6802499473767241
0.6802017076514209
0.6833335704860483
0.6833335704860483
0.6833335704860483
0.6924933137268199
0.6924933137268199
0.6725942947054889
0.6678764419723863
0.6531051042239708
0.6532804547707476
0.6683614399174905
0.6712669928322681
0.6664362617773208
0.6649939719126858
0.6691400295366305
0.6691400295366305
0.6691400295366305
0.6661569586147469
0.6881608081230803
0.6855861840070926
0.6901787343891214
0.6906183073180858
0.6827072002035757
0.6851716190222188
0.6846464076949864
0.6855433993048887
0.6855433993048887
0.6840585393337142
0.6935728915028242
0.6969522893057137
0.6971410289095065
0.700567690572908
0.6972366290130231
0.6950816991559187
0.7008133963181756
0.7008133963181756
0.7089423235913188
0.7053919047515281
0.7061034290334345
0.6995862779452668
0.6985772696328633
0.6871548313734754
0.681559114328724
0.691247738671442
0.6870858788490402
0.6861399070542649
0.6861399070542649
0.6861399070542649
0.6862046088770433
0.679988805858679
0.6718408023415269
0.673031511969649
0.6817584275425885
0.6843364719929376
0.6888793394477608
0.7095522531648456
0.7062662625800233
0.7035039092459543
0.7041662335543711
0.714988566875469
0.7167795683429259
0.7162217364469842
0.7196470085173521
0.7061601869957125
0.7266718231153587
0.7242288448117119
0.7251653239252365
0.7271854835754511
0.726585732044252
0.711721360052775
0.711721360052775
0.7158336366407689
0.7504332016906259
0.7494828866091509
0.749680769988049
0.7550726028230337
0.7708163446789552
0.7708163446789552
0.7710784710225917
0.764235447825646
0.7641514225394175
0.760355361944533
0.7543122336368767
0.7543122336368767
0.7656685081382278
0.7656685081382278
0.7652323821786553
0.7604868989800702
0.7460148820974283
0.7431052851308103
0.7431052851308103
0.779329485888597
0.779329485888597
0.7789667255807801
0.7857527419278377
0.7890456046201679
0.7953654952181224
0.7942274273995481
0.7948728391187448
0.7924770222321671
0.7924770222321671
0.7957354240173675
0.8017102002802545
0.8017102002802545
0.8059761006034175
0.8039768406518987
0.8007199859858549
0.7931887426739774
0.7954051107462767
0.7925027461333684
0.7924477704098981
0.7902771753222018
0.7797669783949135
0.7849587954572329
0.7842822970671264
0.7866328938920617
0.7864394933188897
0.7998137843738167
0.7905810895919566
0.7957790402128474
0.7964158799516559
0.7964158799516559
0.7964158799516559
0.7964158799516559
0.7979942618009571
0.7979942618009571
0.7979942618009571
0.802798697463533
0.802798697463533
0.802798697463533
0.7997414122433476
0.800247026975773
0.800247026975773
0.8005023964167939
0.7647346920178526
0.7647346920178526
0.7647346920178526
0.7588234929795367
0.7588234929795367
0.7446975354060648
0.7446975354060648
0.7465600112809903
0.7457727662788594
0.7466429639466596
0.7466429639466596
0.7465463277982632
0.7358384320645877
0.7297690916511327
0.7329912879905844
0.7296087734639015
0.7422603510159413
0.7353333570893476
0.7349453451269664
0.743699532987437
0.7438976865866793
0.7478459906514752
0.7428621989418839
0.7421270499886706
0.7473279395136198
0.7463381740521948
0.7463381740521948
0.7501030029846628
0.7501030029846628
0.7501030029846628
0.7484982980471651
0.7501432731672233
0.7501432731672233
0.7462389344985373
0.7462389344985373
0.7462389344985373
0.7432552577726639
0.7362947866414817
0.7374810702266615
0.7374810702266615
0.7432406442661462
0.7490346931054868
0.7401771852375331
0.751199250325956
0.7520494474971318
0.7519720536662654
0.7393005273663584
0.7408490700712462
0.757619007649919
0.7564995471604282
0.7562508897843723
0.7562508897843723
0.737003851105036
0.737003851105036
0.7461882444698749
0.7461882444698749
0.7447040631298202
0.748381768665732
0.748381768665732
0.750608134147756
0.7546449772809319
0.7456620101242372
0.7384894938586901
0.7375007646375163
0.7445500580168954
0.7528579006213004
0.7563540007124807
0.7535060388149126
0.7653126079661503
0.7639002646808192
0.7626643531784022
0.7618831515718879
0.7634319454604667
0.7650463764365061
0.7647150719407845
0.7808646348605042
0.7721876039365815
0.7666341788933185
0.7894504337923377
0.7984508219619859
0.8049290406373837
0.8008601053147163
0.7882547855077234
0.7879243646333555
0.7855061617968224
0.7788829407829494
0.7788829407829494
0.7716367543895974
0.7755112398566358
0.7788229967428705
0.7787680977248005
0.7685464032689898
0.7517863911313222
0.7554196713430816
0.7565563196056256
0.7565563196056256
0.7484821550242164
0.7446221074173704
0.7446221074173704
0.7338636146840842
0.7449580111134109
0.7442702929290532
0.7463357268087504
0.7463357268087504
0.741875057269268
0.7390114591376306
0.7434091234496888
0.7344591984388842
0.7421146905187372
0.7421146905187372
0.7433538568510153
0.7451869708129262
0.7512565156140126
0.7445249728852693
0.7447233461058769
0.7447233461058769
0.7296546993247612
0.7254227814090044
0.7254227814090044
0.739876850527609
0.724490755105727
0.7264534671676948
0.7228154444252515
0.7172995110664006
0.7172995110664006
0.7247646001034355
0.7263660850782249
0.7288030757212847
0.7285183383995111
0.725478110700888
0.725478110700888
0.7298606516952625
0.7250048433481208
0.7240686192771343
0.7240686192771343
0.7289979160471844
0.7495775652542828
0.7505470786810714
0.7410718790401155
0.7377952886626066
0.7377952886626066
0.7377952886626066
0.7379019608741062
0.7379019608741062
0.7379019608741062
0.7437376810684313
0.7437376810684313
0.7419754014375529
0.7419754014375529
0.7350696782245403
0.7406616191739227
0.7406616191739227
0.7408567130531981
0.741355703738374
0.7462162565758892
0.7414837729126041
0.7414837729126041
0.7389461202305524
0.7446825512973473
0.7486315398091589
0.7486315398091589
0.7486315398091589
0.744761256376692
0.7310147495290756
0.7310147495290756
0.7310147495290756
0.726407739661495
0.7242279282573743
0.7337883802483878
0.7277464338469443
0.7273865861012141
0.7211063983904569
0.7202535305762985
0.7219102671856708
0.7270901814359775
0.7270901814359775
0.7203280842541692
0.7205643717604404
0.715100543600789
0.715100543600789
0.715100543600789
0.7128960074636378
0.7136897318581515
0.7057363986296723
0.6979957951882515
0.6981489609242827
0.6938447961027889
0.6983192303714539
0.6998993651193188
0.6891075055205301
0.6891075055205301
0.6877275971194301
0.6783765347860318
0.6780924024723424
0.6753960219977999
0.6747771454216153
0.6582426813929677
0.6483580732461244
0.6515378968092007
0.6515378968092007
0.6515378968092007
0.6515378968092007
0.6498709721699721
0.6498709721699721
0.6498709721699721
0.6575570661747172
0.6572030544299488
0.6572030544299488
0.6568550893470145
0.6589195204905844
0.6589195204905844
0.6854273774461282
0.6854273774461282
0.6876850053145941
0.68937206191693
0.7059425833169282
0.7088718957671115
0.7054666226951601
0.7151247983727494
0.7137588020951152
0.7199258499709016
0.7199258499709016
0.7160792517219773
0.7266668846011664
0.7263471517578326
0.7174165927032479
0.7144548737913318
0.7144077034857403
0.7144077034857403
0.7143125578834812
0.7121789144714354
0.7063254033732413
0.6978975799598232
0.698685418665998
0.698685418665998
0.7060524751157763
0.7173062999479208
0.7173062999479208
0.7173062999479208
0.719434982833627
0.719434982833627
0.7168571225663571
0.716111123053504
0.7239872019205513
0.7221531609035526
0.7237481520694842
0.7167674542384023
0.7169801214784961
0.7169801214784961
0.7193093902222419
0.7174010302853766
0.7155340878741852
0.7157803410776397
0.715047262779081
0.7151719349567349
0.714601722068404
0.7227568663631894
0.7177071206024316
0.7186076051014769
0.7185389733613046
0.7185389733613046
0.7284808938650768
0.7295205576114362
0.7303041584159623
0.7185858328455492
0.7293205272080067
0.729122141955261
0.7288234527945875
0.7288234527945875
0.72818984454625
0.728132746187174
0.7189576926481933
0.7179791341164056
0.7023428282836571
0.7010535506253348
0.7095848981963627
0.7095848981963627
0.7087401030603724
0.6848178196065726
0.6767281157724018
0.6854313774571378
0.6853978426304299
0.6853978426304299
0.6848679671014034
0.7032245327675837
0.7069930587500415
0.7109063606265779
0.7097841564474165
0.6975244369443916
0.6996208004275358
0.6984426760465496
0.7002264766325718
0.70790741397819
0.70942265178277
0.70942265178277
0.7096267489526806
0.7090747065221805
0.7111207919158646
0.7106984060617852
0.7175444545581818
0.7182456417733896
0.7167479534360073
0.710747131949668
0.7191611827961113
0.7205153248486326
0.7205153248486326
0.7207483975469499
0.7207483975469499
0.7103857266314642
0.6983823312712873
0.6952764800454303
0.6888883090624514
0.681035452516861
0.6807117631128079
0.684865238416063
0.6876147809577834
0.7019353832071478
0.698460723599108
0.698460723599108
0.66370871609541
0.6631802668766839
0.6648244658571903
0.6694745150476468
0.6694745150476468
0.6636782298737887
0.6701461499019946
0.6681235546987311
0.6684235970342357
0.6653302408197775
0.6706314616887488
0.6714313399271068
0.6794951115820479
0.677322894028125
0.677322894028125
0.6775497465021574
0.6965827720038734
0.7128298865417606
0.7210127410079017
0.7364112998042548
0.7380733043179065
0.7380733043179065
0.7409726795623176
0.7382964372544248
0.7285802484987552
0.7136915130255699
0.7134921487260618
0.6943804726670231
0.688936474086318
0.6867907976886972
0.6867243217225807
0.6867243217225807
0.6867243217225807
0.6855898001069989
0.6845760309042852
0.6834570057752349
0.6834570057752349
0.6834570057752349
0.6798859532510526
0.6796819887810546
0.6826663344423934
0.6902086898230325
0.6902086898230325
0.6988766601881328
0.6931843883604825
0.6856628080691912
0.686386525052375
0.686386525052375
0.6828291731765291
0.6673454281116546
0.6673454281116546
0.6683209860650147
0.6656925376192269
0.6671341004207592
0.662336202284358
0.6554947698193578
0.6531102863248083
0.6585763571397163
0.6585763571397163
0.6585763571397163
0.6585763571397163
0.6747083197384754
0.6747083197384754
0.6718639404883016
0.6806698258702998
0.6870613683452919
0.669110617689338
0.6678372912296056
0.6739428622160487
0.6739428622160487
0.6737148575680705
0.6739774438524184
0.6738556604500654
0.6805471151733259
0.6786224456647703
0.6786224456647703
0.6795421233353522
0.6733271055981602
0.6797548863225507
0.6797548863225507
0.6797548863225507
0.6799862572043596
0.6799862572043596
0.6800541734349835
0.6837020023982477
0.6807377995673942
0.6810089079500667
0.6714693182065754
0.6714693182065754
0.6645403320715442
0.6610494766279463
0.6609295103195468
0.664780081973357
0.667008671594496
0.667471336267949
0.6317272251673202
0.6394168369219722
0.6394168369219722
0.6420153547228752
0.6420153547228752
0.6378357310899789
0.6378357310899789
0.6396512540218988
0.6379277782518769
0.6389730002137236
0.6315867032963467
0.6377313281615914
0.6377313281615914
0.6425265397533715
0.6384985150126389
0.648082664590227
0.6502960123603908
0.6560604801241534
0.6500011693271747
0.670138292133353
0.6748680420866675
0.6748396036426992
0.675599667121481
0.675599667121481
0.6740925951927859
0.6781830947273356
0.6788389546753778
0.6763497710914482
0.6763497710914482
0.6763497710914482
0.6788004265385761
0.6745801266851398
0.6745801266851398
0.6780864071439296
0.6835276884328385
0.6687235062325486
0.6563903160222481
0.6525656866841132
0.6526226381007789
0.6526226381007789
0.6661333876634764
0.6661333876634764
0.6661333876634764
0.667764458519753
0.6579251048301549
0.6502870413247783
0.6502870413247783
0.6502870413247783
0.6392705986222031
0.6231700323109804
0.6299414063241576
0.630120108391813
0.6327603956145239
0.6213196310927523
0.6375445341004767
0.6356774514596188
0.6324786311221845
0.6431952000094917
0.6498257850411832
0.6374414455324753
0.6373998682105836
0.6436729636117842
0.6371241692424999
0.6374065851555772
0.6415230900807575
0.6413293051534532
0.646761192608421
0.6469187597566874
0.6414126955289705
0.6414126955289705
0.6414126955289705
0.6420983605688063
0.658068117497071
0.6579987612165776
0.6579987612165776
0.6579987612165776
0.657661742941741
0.6555234506726565
0.6545516966294058
0.6417435779438443
0.6429257857774442
0.6429257857774442
0.6330527820904289
0.6438746231093809
0.6591544171446699
0.6552661077369007
0.6572168238640345
0.6517776164013555
0.6518186607504493
0.6431986030566671
0.6482344162751037
0.6509281616521961
0.6520805607578403
0.645534992486014
0.6377547024723759
0.6431610610137826
0.6431610610137826
0.645256391933198
0.6384874434338181
0.6384874434338181
0.654399577484684
0.646917442471934
0.646917442471934
0.6486592597086495
0.6552510184493854
0.6377056199174881
0.6315464989977444
0.6104292581118826
0.6149368554643064
0.6037073025333579
0.6088559288160738
0.6088559288160738
0.6031018463384463
0.6031865849602936
0.6031865849602936
0.6011535708577652
0.6011535708577652
0.6019109487867181
0.6019109487867181
0.6019109487867181
0.6019109487867181
0.5988875211797672
0.5988875211797672
0.6050780831678223
0.6041142067009965
0.604103082550857
0.602827635625304
0.6093917573394028
0.6161855585590931
0.6112248460386106
0.6122190848285635
0.6191278122495668
0.6163023120434132
0.6163023120434132
0.6096403740671058
0.6096403740671058
0.6258865415753528
0.622205285590578
0.6279468967852013
0.6219071832700815
0.6219071832700815
0.6236974691967796
0.6297199464360141
0.636537956852569
0.6272543517775157
0.6230188538784729
0.6371901795733221
0.6422983668309996
0.6329670674664164
0.6329670674664164
0.6345319007141439
0.6426424372361308
0.6420540644491991
0.6421944677668382
0.6421975872218398
0.6421975872218398
0.6500504571457829
0.6493207875158341
0.6491679594812699
0.6534973034306268
0.6543878300289888
0.6582765623175499
0.6582765623175499
0.6590893230667588
0.6590893230667588
0.6586219088251571
0.6586219088251571
0.6480943026873588
0.6520598986997018
0.6541829571609457
0.6524080464882454
0.652051068490655
0.6584937107021278
0.6584937107021278
0.6601983086571203
0.6593174505734539
0.6554360537189168
0.6554360537189168
0.6325407365853486
0.6377898182293182
0.6377898182293182
0.6422482985286272
0.6360851874969502
0.6360851874969502
0.6360851874969502
0.6360851874969502
0.6381357315853569
0.6379086038919365
0.6334624119471042
0.6123846492808261
0.6123846492808261
0.6123846492808261
0.6022710894161964
0.6117412698244221
0.6006909963846547
0.5939583388183918
0.5939583388183918
0.5910367911863579
0.5890914823817471
0.58869517769281
0.587821957947551
0.5927058903889915
0.5927058903889915
0.5927058903889915
0.5927058903889915
0.5910721704202453
0.5910721704202453
0.598209209483813
0.5933271117225003
0.5954945841333393
0.5976939381178312
0.5976939381178312
0.5978002927746474
0.5793103614496785
0.5806890755509506
0.5884643609290069
0.5836923720652564
0.5899219335190455
0.5899219335190455
0.5859882055686544
0.5806157731494818
0.5789975655512716
0.5797151192871388
0.5797151192871388
0.5803572101908718
0.5723390892977666
0.5726448205259568
0.5726448205259568
0.5735305468439841
0.588600474820175
0.5878134635547846
0.5871166289966857
0.5824164506193293
0.5726536585678346
0.563761362009716
0.563761362009716
0.5725551329564367
0.5723055395002727
0.5765353694261734
0.5898182863874235
0.5898182863874235
0.5710079876395127
0.5623233335794939
0.5613899648763857
0.5595877466811128
0.5595877466811128
0.5595877466811128
0.5564155687489212
0.5564155687489212
0.5447097108515851
0.5430521831537715
0.5465990952588896
0.5479905005232856
0.5479905005232856
0.5579978566652104
0.5579978566652104
0.5701719113167469
0.5731360018251611
0.5731360018251611
0.5784006450740901
0.5784006450740901
0.5764366885264439
0.5754677251854659
0.5754677251854659
0.5792508707185066
0.5964434523530766
0.5964434523530766
0.6032052787604008
0.6134080095733001
0.6107819815443464
0.6107819815443464
0.6107819815443464
0.5961968252243104
0.5964182236101058
0.5964182236101058
0.6018144943156297
0.601617376473697
0.601617376473697
0.601617376473697
0.6067828507405634
0.6067828507405634
0.6058347951836687
0.6049623496649565
0.5856151195714911
0.5781292502597224
0.5877719336586303
0.5896718792187311
0.5896718792187311
0.5881515279231615
0.589786530963445
0.5875191502180358
0.5872970094173482
0.5872970094173482
0.5872970094173482
0.5872970094173482
0.5872970094173482
0.5872970094173482
0.5865094891501362
0.5861172091067812
0.6088937110302685
0.6088937110302685
0.6088937110302685
0.6094604839900541
0.6255441357329894
0.6199436783933842
0.6199436783933842
0.6199436783933842
0.6199436783933842
0.6275535503254702
0.6306124818132381
0.6324365912644718
0.6324365912644718
0.6393745327645975
0.6462042849807794
0.6480112343233086
0.6756369000639305
0.6707950992706793
0.6713981107113933
0.683046884553871
0.6930030113868686
0.6968041327174777
0.6843697620486074
0.6843697620486074
0.6843697620486074
0.6843697620486074
0.6812391275936702
0.6952950377015089
0.6952950377015089
0.6952950377015089
0.6741935132234725
0.6741820836584701
0.6741820836584701
0.6741820836584701
0.6469670129848936
0.6469670129848936
0.6469670129848936
0.6490983457953966
0.64890065851464
0.6375396518581435
0.6372388033158847
0.6299471746241866
0.6299471746241866
0.6299471746241866
0.6299242169920177
0.6393006333475618
0.6357883531037324
0.633318489986681
0.633318489986681
0.6299567709501255
0.6239985329366747
0.6254169801382868
0.6286011785164612
0.6217773059550183
0.6217773059550183
0.6217773059550183
0.6121726400737326
0.6131884669304591
0.6146665609960237
0.6146665609960237
0.6242885641982078
0.6346667054644379
0.6309063952012257
0.6309063952012257
0.6397850154531175
0.640272122276051
0.640272122276051
0.6458502412068902
0.6458502412068902
0.629349163775988
0.6294494769629418
0.6294494769629418
0.6294494769629418
0.6268577713177622
0.6268577713177622
0.6268577713177622
0.6206634507392715
0.6119887436567693
0.6119887436567693
0.6119887436567693
0.6119887436567693
0.6119887436567693
0.6104247854065975
0.6104247854065975
0.6104247854065975
0.6259757531149626
0.6235039727976794
0.6235039727976794
0.6292408659985327
0.6292408659985327
0.634130420622038
0.657081390977629
0.657081390977629
0.6544645359057701
0.6537721410713229
0.6487564416427017
0.6333390801617352
0.62863011161506
0.6450078714657562
0.6450078714657562
0.645103158346893
0.6440574629796915
0.6440110128434072
0.6480425559691151
0.6480425559691151
0.6440314863104531
0.6424919794208908
0.6480803328056599
0.6552335751687914
0.6586335724335264
0.6559738082566097
0.6559738082566097
0.6521409734723926
0.6495369742426732
0.6474054099816906
0.649593973019995
0.649593973019995
0.6536317876159776
0.6521465070893376
0.6521465070893376
0.6558688027924635
0.6558688027924635
0.676195677797271
0.668492917890557
0.6707280511690171
0.6726900219713583
0.6726900219713583
0.6781726556591346
0.6781726556591346
0.6781726556591346
0.6759512611337507
0.6759512611337507
0.6755170239724765
0.6612631018292027
0.6612631018292027
0.660384226699117
0.6491124771429401
0.6523994872639131
0.6523994872639131
0.6523994872639131
0.6474887449373974
0.648479477664923
0.6470925404134809
0.6465792749315773
0.6452552801721586
0.6423879874212555
0.6335683239725156
0.6322571784669841
0.6289092216470603
0.6300340441446639
0.631646791102256
0.6319340350141956
0.6332200604180835
0.6332200604180835
0.6332200604180835
0.6332200604180835
0.6390813799717786
0.6390813799717786
0.6296043781251909
0.6285512147121827
0.6287106861040892
0.6287106861040892
0.6339705272856518
0.6339705272856518
0.6374433860378819
0.6414696110143736
0.6210318733209461
0.6210318733209461
0.6209844064614244
0.6326221739251114
0.6330912013917062
0.6330912013917062
0.6276494287502583
0.6272126501263416
0.6256148708000389
0.6028695777863732
0.6101274509192954
0.618125156679359
0.6245875595911615
0.6245875595911615
0.6246209187550174
0.6235278075327482
0.6232249910713916
0.6250852199441039
0.6250852199441039
0.6449583319129453
0.6449583319129453
0.6387091461176305
0.638921976719022
0.6417029253104405
0.6403350593188842
0.6411997896409423
0.6466395582218474
0.6498367011056125
0.6498367011056125
0.6496588926912934
0.6496588926912934
0.6494220900967441
0.6495438190219478
0.6390770812387534
0.6421207969678191
0.6442345232519674
0.6442345232519674
0.6442345232519674
0.6486041116464337
0.6486041116464337
0.6486041116464337
0.6485111247364266
0.6515227540473493
0.6324123326737886
0.6346049617477967
0.6411340084535929
0.6398079573026351
0.6398079573026351
0.6398079573026351
0.6398079573026351
0.6460234397752028
0.6383743901511433
0.6381194158779403
0.6465091470299915
0.6460253824633615
0.6460253824633615
0.6462616419994708
0.6383268025501847
0.6383268025501847
0.629374556881915
0.629374556881915
0.629374556881915
0.6288205933303805
0.623528438434958
0.6226106267098142
0.6282078078413288
0.6282078078413288
0.6282078078413288
0.6242413004277956
0.6478566958637445
0.6478566958637445
0.648169362644878
0.6493161830832602
0.6376977680358709
0.6472029182872876
0.6472029182872876
0.649272005631641
0.6460410473912508
0.6460410473912508
0.6444657563824021
0.6449633075183538
0.6447162632706755
0.644972700322399
0.6554513342704789
0.6554513342704789
0.6472525762997772
0.6383771351985377
0.6411627220480278
0.6418225970782326
0.6457503966067556
0.6452307722107711
0.642342094618608
0.6552799013678143
0.6551098714314704
0.6551098714314704
0.6500483324317736
0.6500483324317736
0.6240351578188795
0.6116131557616385
0.6117263843196818
0.6117263843196818
0.6117263843196818
0.6117263843196818
0.6473654686234068
0.639882444843691
0.6362895879885178
0.636265402153921
0.6559821425271212
0.6559821425271212
0.6561807428650234
0.6561807428650234
0.6638275049805619
0.6627268217911685
0.6696002392283141
0.6693065537505738
0.6693065537505738
0.6793410933885244
0.650632903002767
0.650632903002767
0.652665989683077
0.6533265051744174
0.648930707775981
0.6490590110249258
0.6510891570464931
0.6510891570464931
0.6283394287543638
0.6283394287543638
0.6271781760487011
0.6271781760487011
0.6283101641743071
0.6196986532742987
0.6206304273361489
0.6262828674031017
0.6292859318813467
0.6292859318813467
0.6299537251950924
0.6176475184660821
0.6084231858200467
0.6084231858200467
0.6084231858200467
0.6068292512511759
0.6068292512511759
0.6066457851077475
0.6066457851077475
0.6055242714404088
0.6057626516895668
0.6122450942278467
0.6122450942278467
0.6056788361384873
0.611127493961359
0.616602725195713
0.616602725195713
0.616602725195713
0.6179356609564604
0.6179356609564604
0.6179356609564604
0.6179356609564604
0.6163206275580821
0.6174799023825126
0.6174799023825126
0.6175297059851003
0.6175297059851003
0.5929041080981454
0.5929041080981454
0.5929041080981454
0.5929041080981454
0.5954604175837612
0.5885765199248131
0.5885765199248131
0.5885765199248131
0.5885765199248131
0.5905850261493987
0.5633252217053393
0.5633252217053393
0.5643734082902285
0.5647057953385942
0.5592253951696663
0.5592253951696663
0.5599456494312518
0.5587122628352914
0.5591881095513226
0.5591852831811652
0.5591852831811652
0.5592359628177703
0.5601113888283122
0.5601113888283122
0.5659578007349486
0.5646935915644974
0.5646935915644974
0.5646935915644974
0.555340186212875
0.555340186212875
0.555340186212875
0.5555689464748501
0.5499619017063795
0.539465673886899
0.5263156407495049
0.5098207317316715
0.5082809680475672
0.5036168924870371
0.5036168924870371
0.502937510589678
0.5063228558458505
0.4985919817247157
0.4985919817247157
0.5003445773458233
0.4878594852177886
0.48992245309773935
0.49948582603424835
0.5006238991995263
0.5019277735707731
0.49208786796674403
0.4920483906953113
0.4916690091762213
0.4939369757500794
0.4939369757500794
0.48080500007695615
0.47634709478258175
0.47634709478258175
0.4799079965117236
0.4799079965117236
0.4827466434145407
0.48263791079710044
0.48263791079710044
0.48263791079710044
0.46285712275324536
0.46465848520358866
0.45714386657639816
0.45812515718667346
0.4552961509522564
0.4552961509522564
0.4573717231241271
0.4573717231241271
0.4613216011595311
0.4620475149472889
0.4755204948560301
0.4755204948560301
0.46861433470427843
0.47066544191926957
0.47066544191926957
0.47066544191926957
0.47756466000160347
0.4988441840873191
0.4998815892513726
0.4998815892513726
0.49706786342558873
0.48527402418762566
0.48527402418762566
0.4834291463174204
0.48663137330542056
0.484918548136397
0.4850734924633335
0.4809416374094446
0.4809416374094446
0.4809416374094446
0.4713562637589862
0.4699887479746499
0.4668030564879264
0.46830990354790053
0.46834009743738975
0.46834009743738975
0.47832724253077447
0.49446635776578357
0.5013912933446814
0.5008491534747467
0.5008491534747467
0.5008491534747467
0.5056556219277828
0.5143184030466903
0.5166927203566095
0.5166927203566095
0.5197928988834487
0.5189649444070343
0.5189649444070343
0.5288456249722828
0.5288866905920414
0.5223770739056957
0.5223770739056957
0.5239579061513724
0.5277903968643297
0.5277903968643297
0.5277903968643297
0.5328445136281983
0.5299722057994294
0.5251811137282869
0.5223721545202221
0.5311115821697314
0.5282786085027154
0.5457327930803682
0.5636697185404754
0.5588892247918648
0.5666023767070817
0.5666023767070817
0.5573136803947242
0.5563970316072281
0.5563970316072281
0.5610032560577853
0.563165236546897
0.5693942434754525
0.5917548780821976
0.5917548780821976
0.596137655242382
0.596137655242382
0.596137655242382
0.5900031421025062
0.5893708195576765
0.5902611523611768
0.5976768128255214
0.596719375110831
0.596719375110831
0.6100392014580781
0.6100392014580781
0.577083861043634
0.5760788189894249
0.5796337484633749
0.5850644694498547
0.5956518712028983
0.5807657862563592
0.5790871789190387
0.5840730516657093
0.5806856597888006
0.5806480054814227
0.5690213045466948
0.5681467562131894
0.5681467562131894
0.5681467562131894
0.5681467562131894
0.5684536395023316
0.5684536395023316
0.5693028895399213
0.5693028895399213
0.5693028895399213
0.5678753662224253
0.5678753662224253
0.56749289295219
0.5685572685706884
0.5728714443121059
0.5690379209796506
0.5690379209796506
0.5690379209796506
0.5690379209796506
0.5690379209796506
0.5699873646716546
0.5699873646716546
0.5699873646716546
0.5607928139959456
0.5617835998757845
0.5617835998757845
0.5617835998757845
0.5617835998757845
0.5618151247481876
0.5570174468983324
0.5570174468983324
0.5570174468983324
0.5570174468983324
0.5570174468983324
0.5570174468983324
0.5574011743309268
0.5574011743309268
0.5574011743309268
0.5574011743309268
0.5522129827264676
0.5581909029892416
0.549545124440374
0.5389600299918563
0.538451963916394
0.5336696951928749
0.5336696951928749
0.5336696951928749
0.529414428635037
0.5285510410221695
0.5285510410221695
0.5307198003256723
0.5336843279940582
0.5336843279940582
0.5288910852549926
0.5288910852549926
0.5274817546901732
0.5263784211095209
0.5263784211095209
0.5263784211095209
0.5263784211095209
0.5263784211095209
0.5232225780930904
0.5232225780930904
0.5237129081735021
0.5253839514815227
0.5313135244845666
0.5316717965452785
0.5357152552616345
0.5365596940483955
0.5365596940483955
0.5365596940483955
0.5365596940483955
0.5379616797081762
0.5379616797081762
0.5369224679392955
0.5369224679392955
0.5398088074470214
0.543702530927881
0.5432972520205513
0.5476825547795512
0.5476825547795512
0.5516527510818424
0.5526961201886598
0.550178753895918
0.535038090558039
0.5392088996055717
0.5392088996055717
0.5385957144010595
0.5389065123923228
0.5391776679775561
0.5391776679775561
0.5428289085834711
0.5428289085834711
0.5428289085834711
0.5428289085834711
0.5356539719022869
0.5411084927992388
0.53606155470262
0.5355640087030029
0.5355640087030029
0.5355640087030029
0.5355640087030029
0.5355640087030029
0.5349793652997183
0.5349793652997183
0.5349793652997183
0.5349793652997183
0.5349081822887077
0.534850533175922
0.534850533175922
0.5339820886352407
0.5339820886352407
0.5339820886352407
0.5346762058038798
0.5352193132688129
0.5352193132688129
0.5506186927286889
0.5519329804512519
0.5556069186182874
0.5556069186182874
0.5556069186182874
0.5556069186182874
0.5637138462838454
0.5571235959460982
0.555009186355434
0.5561164774097378
0.5561164774097378
0.5561164774097378
0.5561164774097378
0.5718122282392757
0.5718122282392757
0.5715343407075669
0.5715343407075669
0.5715343407075669
0.5741230522179998
0.5755289750586879
0.5751774510278205
0.5751774510278205
0.5753351252187873
0.5753351252187873
0.5753351252187873
0.5753351252187873
0.5603808071027209
0.5632027444420228
0.5630919935215133
0.559646247444777
0.5610944155917353
0.5790236403553357
0.5790257846506545
0.5685120831331207
0.560846011482213
0.5619955948211224
0.5619955948211224
0.5677874372869398
0.5551813687189066
0.5551813687189066
0.5573026868614576
0.5546558940056694
0.5546558940056694
0.5640699906884619
0.5648735565468228
0.5489027406740695
0.5447264451070223
0.547716427322772
0.5494554969735906
0.5457859549013736
0.5449682497337397
0.5428951617439977
0.5428951617439977
0.5292093502565459
0.5292093502565459
0.5287597090247774
0.5287597090247774
0.5288059877969353
0.5288059877969353
0.5069404248357471
0.5043718847007232
0.5043718847007232
0.505510994010666
0.505510994010666
0.505510994010666
0.4784297055496532
0.47268247090814375
0.4654973740335759
0.46596492311003995
0.46828281368608826
0.46828281368608826
0.46231685883403517
0.4600078004420318
0.4600078004420318
0.45988738796221784
0.4574412233207501
0.4601370138049448
0.4601370138049448
0.45985115576422536
0.45985115576422536
0.45985115576422536
0.45985115576422536
0.45985115576422536
0.4641896019548259
0.4641896019548259
0.4641896019548259
0.4641896019548259
0.46284164075842954
0.46284164075842954
0.46284164075842954
0.46284164075842954
0.46284164075842954
0.4610922312534262
0.4610922312534262
0.4610922312534262
0.4610922312534262
0.4610922312534262
0.4610922312534262
0.4610922312534262
0.4610922312534262
0.4610922312534262
0.4610922312534262
0.4609140974074905
0.4609140974074905
0.45982745537417247
0.45982745537417247
0.45982745537417247
0.44303607054886046
0.44303607054886046
0.44303607054886046
0.44303607054886046
0.43524110059511445
0.43524110059511445
0.43524110059511445
0.43524110059511445
0.43524110059511445
0.4469688402354859
0.4469688402354859
0.4469688402354859
0.4469688402354859
0.4469688402354859
0.4469688402354859
0.4469688402354859
0.4469688402354859
0.44697496251409496
0.44697496251409496
0.44697496251409496
0.44697496251409496
0.44697496251409496
0.44697496251409496
0.44554743931929114
0.44554743931929114
0.44554743931929114
0.44554743931929114
0.44559619363505587
0.44559619363505587
0.44559619363505587
0.44559619363505587
0.44559619363505587
0.44559619363505587
0.44559619363505587
0.44559619363505587
0.44559619363505587
0.44559619363505587
0.44559619363505587
0.44559619363505587
0.4448896569557032
0.4448896569557032
0.4448896569557032
0.43456086870578686
0.43456086870578686
0.43456086870578686
0.43449294280699047
0.43449294280699047
0.43449294280699047
0.43449294280699047
0.4330516706818302
0.4330516706818302
0.4330516706818302
0.42638298403314034
0.42638298403314034
0.4264897728445474
0.4236622624602611
0.4236622624602611
0.4236872563285327
0.4236872563285327
0.4236872563285327
0.4236872563285327
0.4236872563285327
0.4236872563285327
0.4236872563285327
0.4236872563285327
0.4236872563285327
0.4236872563285327
0.4236872563285327
0.4236872563285327
0.4236872563285327
0.4236872563285327
0.4131359218024314
0.4124028200608489
0.4124028200608489
0.4124028200608489
0.4124028200608489
0.4124028200608489
0.4124028200608489
0.3977564943976816
0.3977564943976816
0.3977564943976816
0.3977564943976816
0.3952175952021757
0.3952175952021757
0.3952175952021757
0.3952175952021757
0.3952175952021757
0.3952175952021757
0.3952175952021757
0.3952175952021757
0.3952175952021757
0.3949555111072861
0.3949555111072861
0.3949555111072861
0.3949555111072861
0.3949555111072861
0.3949555111072861
0.3948281052721196
0.3948281052721196
0.3948281052721196
0.3948281052721196
0.3948281052721196
0.3948281052721196
0.3948281052721196
0.3948281052721196
0.39422602745323887
0.39422602745323887
0.39422602745323887
0.39422602745323887
0.39422602745323887
0.3949838521112312
0.3949838521112312
0.3949838521112312
0.3949838521112312
0.3949838521112312
0.3949838521112312
0.3949838521112312
0.398972438924458
0.398972438924458
0.398972438924458
0.398972438924458
0.398972438924458
0.39586394814730885
0.39586394814730885
0.39586394814730885
0.39586394814730885
0.39586394814730885
0.39586394814730885
0.3926191060103079
0.3926191060103079
0.3926191060103079
0.3926191060103079
0.3926191060103079
0.3926191060103079
0.3926191060103079
0.3926191060103079
0.3926191060103079
0.3926191060103079
0.3926191060103079
0.3926191060103079
0.3852460188886157
0.3852460188886157
0.3852460188886157
0.3852460188886157
0.3852460188886157
0.3852460188886157
0.3852460188886157
0.3852460188886157
0.3852460188886157
0.3852460188886157
0.3852460188886157
0.3852460188886157
0.3852460188886157
0.3852460188886157
0.3852460188886157
0.3852460188886157
0.3852460188886157
0.3852460188886157
0.3852460188886157
0.3852460188886157
0.3852460188886157
0.3852460188886157
0.3852460188886157
0.3852460188886157
0.3852460188886157
0.3852460188886157
0.3852460188886157
0.3852460188886157
0.3852460188886157
0.3852460188886157
0.3852460188886157
0.3852460188886157
0.3852460188886157
0.3852460188886157
0.3852460188886157
0.3852460188886157
0.38511395127953413
0.38511395127953413
0.38511395127953413
0.38511395127953413
0.38511395127953413
0.38511395127953413
0.38511395127953413
0.38511395127953413
0.38511395127953413
0.38511395127953413
0.38511395127953413
0.38511395127953413
0.38511395127953413
0.38539594873990063
0.38539594873990063
0.38539594873990063
0.38539594873990063
0.38539594873990063
0.38539594873990063
0.3778173882876105
0.3778173882876105
0.3760603186791431
0.37065502074785156
0.37065502074785156
0.37065502074785156
0.37065502074785156
0.3274015441921932
0.3274015441921932
0.32550487070582035
0.32550487070582035
0.3236874616492053
0.3236874616492053
0.3236874616492053
0.31964451375388425
0.31964451375388425
0.31676426582028283
0.31676426582028283
0.31676426582028283
0.31676426582028283
0.31676426582028283
0.31676426582028283
0.31676426582028283
0.31676426582028283
0.31676426582028283
0.31676426582028283
0.31676426582028283
0.31676426582028283
0.31676426582028283
0.31676426582028283
0.31676426582028283
0.31676426582028283
0.31676426582028283
0.31676426582028283
0.31676426582028283
0.31676426582028283
0.31676426582028283
0.3167644953146744
0.31542508518920714
0.31542508518920714
0.31542508518920714
0.31542508518920714
0.31475275095618543
0.31475275095618543
0.3022090788080293
0.3022090788080293
0.3028054310344657
0.3028096583409821
0.3028096583409821
0.3028096583409821
0.3028096583409821
0.3028096583409821
0.3028096583409821
0.3028096583409821
0.3028096583409821
0.3028096583409821
0.303054422596495
0.303054422596495
0.303054422596495
0.303054422596495
0.303054422596495
0.303054422596495
0.303054422596495
0.303054422596495
0.303054422596495
0.303054422596495
0.303054422596495
0.303054422596495
0.303054422596495
0.303054422596495
0.303054422596495
0.303054422596495
0.30198940187686474
0.30198940187686474
0.30198940187686474
0.30198940187686474
0.30198940187686474
0.30198940187686474
0.30198940187686474
0.30198940187686474
0.30198940187686474
0.30198940187686474
0.30198940187686474
0.30198940187686474
0.30198940187686474
0.30198940187686474
0.30198940187686474
0.30198940187686474
0.30198940187686474
0.30198940187686474
0.30198940187686474
0.30198940187686474
0.30198940187686474
0.30198940187686474
0.30198940187686474
0.2989066756878454
0.2989066756878454
