0.0466667 -0.29276931645133797
-0.0866667 0.05434574509329754
-0.3733333 -0.41691414486527933
-0.1533333 -0.054509890830471475
0.0366667 -0.07314905466064375
0.0066667 -0.061963764504156804
0.7633334 0.8288068442143979
0.61 0.6008000694454768
0.3833334 0.37722536731543305
-0.28 -0.29842554697846924
0.56 0.5922345583355637
0.1633333 0.057753465322207265
0.1266667 0.13149019492898867
-0.71 -0.6269765490416973
0.9666667 0.939531385253378
-0.86 -0.9044294696023648
-0.59 -0.533192076887385
-0.2366667 -0.3225899615234649
-0.4033333 -0.4651583822423779
-0.7566667 -0.7056593207020194
0.7133334 0.7319421532754735
0.4233333 0.2639697576659898
-0.2933334 -0.3047355855655862
0.72 0.8047390246667294
-0.9666667 -0.9031722949840273
-0.9966667 -0.9206160543781833
0.9833333 0.9848225701808004
-0.6666667 -0.25327549282609485
-0.17 0.036477831954295506
0.9 0.9350654093048456
0.03 0.1400791609872594
0.27 0.30837117559167043
