1.520020143463789
1.3476715809926663
1.3474295055567542
1.3477599417329664
1.335538829648232
1.332458225965733
1.3173135021193036
1.3184398158037982
1.3332281122917178
1.3297757675481516
1.325720461687971
1.3119298449159424
1.3188201380102946
1.324876789188966
1.3247456508527093
1.320045121497191
1.320045121497191
1.3064473371893057
1.3023288189811628
1.3092750244658247
1.3092750244658247
1.3092750244658247
1.3093964205509663
1.3073731094257774
1.2866495280579617
1.2704916393949524
1.2708059358317876
1.2699850406584887
1.280790944659943
1.280790944659943
1.2813335110364366
1.2823659061638133
1.285560988403834
1.291412530556166
1.291412530556166
1.291412530556166
1.291412530556166
1.2908437593176605
1.2908599404057113
1.3033251798118208
1.2863901037829286
1.2863901037829286
1.2864383361909155
1.2740308272897471
1.2740308272897471
1.2795848036408963
1.2769175321412574
1.26702693982611
1.2701546346922552
1.2741488876041536
1.285372879910318
1.294325646970961
1.2988190783583
1.2906758153978273
1.287592791222416
1.2880465591900652
1.2828009324856084
1.2812183147108331
1.2812183147108331
1.2835326686889972
1.2940009664679435
1.2907930290989862
1.2906985760019691
1.2906985760019691
1.2835708303650804
1.2843427612203502
1.2843427612203502
1.2838968414856715
1.289690497522246
1.289690497522246
1.2821041224506835
1.295102320825849
1.30025899018708
1.2830879855720954
1.2841371688557695
1.2853709587821673
1.285954647050102
1.2919400101324638
1.2926887372680231
1.295223716009898
1.2933171379093384
1.290991696870055
1.290991696870055
1.290991696870055
1.2959781981030125
1.292462178145788
1.308094106872764
1.308094106872764
1.3080190460734622
1.30534224583646
1.305074498862822
1.3208417785120126
1.3242099626676447
1.29871077288924
1.3110624771364514
1.313227965365804
1.3224503831200582
1.3298614988247242
1.32929016051389
1.3268250358578615
1.326032750669389
1.326032750669389
1.3332617900251336
1.3318164813955278
1.338488763723356
1.343901298173799
1.3424331543132328
1.350706379968181
1.3524701564747221
1.3554545946705783
1.3604918130188142
1.3604918130188142
1.3605085199507316
1.3611854130759204
1.374584618023795
1.3663613910525356
1.362419973023332
1.3598994560321804
1.367320149784394
1.3654297614769138
1.3654297614769138
1.3653090645408004
1.3659793754956884
1.3652484339625206
1.364579338483664
1.3590379401356076
1.360147418341061
1.3573374764268646
1.3573374764268646
1.3569517224008507
1.356942354290911
1.3638295977482533
1.3638295977482533
1.3712267383758396
1.3711496468143767
1.3708354301202008
1.3602157233952552
1.3602157233952552
1.3473000155077133
1.364620799324155
1.365024290065511
1.3598514034965499
1.3564090505216981
1.3564090505216981
1.3557493473803481
1.355859141503318
1.3560787499269418
1.3515726761262927
1.3522511056962556
1.3635044384566972
1.3587215198143165
1.3472096679216559
1.3472246190749844
1.3500156443427842
1.3643720933220969
1.3645653643162816
1.3645653643162816
1.351892959518367
1.338605793125124
1.3359362580896663
1.3481616077458465
1.3417653931534768
1.3413469406327683
1.3557587381460978
1.3602275584495298
1.3607836626573875
1.3545252788745936
1.3440874927039834
1.3439192604168655
1.346647227588139
1.338538583070278
1.338538583070278
1.3306447785728768
1.3308554541170914
1.3308554541170914
1.3285287975783928
1.3026692856092128
1.2989543717141836
1.298496336536485
1.295756276002082
1.2886766776358274
1.2757242618300995
1.2688034077509287
1.2687258142923226
1.2718558490693936
1.2679450792844424
1.2668277323772508
1.2682525185746076
1.2620862201907772
1.2705432201347517
1.2706362132093418
1.2660978279419246
1.265928307691601
1.2744080858142863
1.2552386299365743
1.2552386299365743
1.2511069548872051
1.2404567390208012
1.241933470115773
1.247640877602508
1.2366493736076118
1.2302996728623874
1.2327088448166565
1.248639003016892
1.2656648443726022
1.2726381042529396
1.2742618613790146
1.268349111308828
1.2846521349858087
1.2846377895340277
1.3095809766634054
1.310502118258492
1.3114504794715232
1.3007954954460117
1.2840601833911118
1.2839402039290364
1.2753265347748854
1.2753265347748854
1.2751658465701028
1.2835950011499133
1.2963461621849361
1.2963461621849361
1.2940625259396652
1.2837342616894116
1.2841473695220873
1.284880323315182
1.286388000622921
1.286388000622921
1.286388000622921
1.2946068258758316
1.2977050066112528
1.284193724514912
1.284193724514912
1.280051634923988
1.280051634923988
1.2785128144953137
1.2785128144953137
1.2671673611662075
1.2697196481421476
1.264123046240203
1.256697317876668
1.2703128958146552
1.2687994663962372
1.2688661908096164
1.28109370251201
1.282357139029256
1.282357139029256
1.2789454683185173
1.2789454683185173
1.2789598744089905
1.2795791334102973
1.2727108288742524
1.2627727818344612
1.2716869355738931
1.2728119041751753
1.2718369247775951
1.2613472345410404
1.2580175282894612
1.25488503019436
1.2579040000332766
1.2544872677324224
1.2406404143474346
1.2161642078897918
1.2124974916522953
1.210721660993643
1.1913409329524243
1.1913409329524243
1.1817745932119041
1.1815075303126705
1.185082959895232
1.185082959895232
1.180657932077811
1.1782214615287019
1.179070924301635
1.1793181838568119
1.180542945829311
1.180542945829311
1.1914010455287816
1.1809765534617906
1.1936224575710737
1.187712460122151
1.1878256571531953
1.1852364141576055
1.1773598445164126
1.1808522426021184
1.1653258146805079
1.1615797091638607
1.1798433246176339
1.1796178076740818
1.1741642771989953
1.1642717822905047
1.1632357603099974
1.158224045972038
1.1463715036254005
1.1516746034576308
1.1580205614460064
1.1581972749092815
1.156654222228702
1.1558451866694461
1.149107420416299
1.1488890787690498
1.1488890787690498
1.1618871139108313
1.1666228109873742
1.1653855288718422
1.1640801607197744
1.171510085943488
1.1727712515337674
1.1783559162061508
1.1783428366765005
1.1752136868546446
1.174640954351721
1.1728013436262865
1.174469045187965
1.186016458467898
1.1747302013701229
1.1648075253054437
1.1616964938033374
1.1528375103634891
1.1502131848492374
1.1502131848492374
1.1590047611406586
1.1776982026157412
1.1651254070549883
1.1655504700774875
1.1633723512667529
1.1774284940630675
1.1812145272348191
1.1821765996808982
1.180816143507129
1.1859269695448007
1.1845176191972562
1.1857600558112384
1.1871165965620918
1.1758654748744835
1.1758654748744835
1.1758654748744835
1.1728960480799613
1.1712218458610368
1.1656381138198753
1.1666009569759892
1.1822540275047868
1.1937414955060475
1.1857571951623227
1.1859126555368518
1.1859126555368518
1.1535746117244028
1.1508211045162384
1.1509316879028273
1.1320399163984616
1.1328339784532522
1.1530542132142028
1.1576116254507218
1.1576116254507218
1.1550178229463166
1.1577820497277982
1.1563171746493046
1.1567536803846137
1.1567536803846137
1.1502873120458565
1.1506761910579566
1.1319107739909988
1.1205333044427588
1.135475069491933
1.133819422457128
1.1343641787087195
1.1343641787087195
1.1135332143325278
1.1109698652928968
1.1121185084464105
1.105719005620461
1.105719005620461
1.110866241646039
1.1151689310846522
1.112579018658431
1.112579018658431
1.115476253845155
1.115476253845155
1.115563518405948
1.1278527247287222
1.1314271946299197
1.1314271946299197
1.1322561674849487
1.1314072276523923
1.1284735146862597
1.1265395026232576
1.1267499687936477
1.1267823232009015
1.1211448728233608
1.1089963363269608
1.115623689632377
1.1015267169165266
1.102201929334681
1.1023661193399827
1.1024904876965178
1.1024904876965178
1.1019613652071139
1.09891613615917
1.0989421255083192
1.0989421255083192
1.098947930855236
1.096865675258695
1.1074230365347937
1.1117540872232508
1.1105636523499316
1.110177199193137
1.10851915243404
1.10851915243404
1.1004180217752852
1.090775117173669
1.0938683242609806
1.0879468358712203
1.0769015945203544
1.0795964906659903
1.0850990866199706
1.0694873124734634
1.0644715392625597
1.0649071569354973
1.064679944366306
1.0688035012195152
1.068714736757973
1.0716774713171726
1.0696339180960472
1.0689379905190606
1.0689379905190606
1.0792389404134395
1.0794380984617569
1.0810240328438525
1.080723590717683
1.0714082137123482
1.0714082137123482
1.0740708247196575
1.071495486767955
1.0687836120239873
1.0665149281704642
1.0437369615863545
1.033311538738592
1.0341476852168037
1.0379312921228638
1.038354184155962
1.0398638780585991
1.0336960074575647
1.0381391393110195
1.0229689212273556
1.0191077869709566
1.0061850680125435
1.0006129068856315
1.0084269495365854
1.0020531344531736
0.9943133828504938
0.9943133828504938
0.991458329734776
0.9749035038809802
0.9672798869940876
0.9736602985211728
0.9788960370917396
0.9788960370917396
0.9788368452485233
0.9814996239214802
0.9860212049110405
0.9846242499173519
1.0001688753540503
0.9980079413137889
0.9820103771980789
0.980620799018036
0.9978064608758643
0.9822205298792419
0.9911714132046906
0.9909560421148607
0.9781375861523058
0.9803496131908912
0.987120472118668
0.986107709589333
0.9999903209354428
1.0000926725883361
0.9893346769447531
0.9906284318461951
0.9807099535404875
0.9767909142878817
0.978558426591457
0.9812029757899629
0.982686003466353
0.9777729865634028
0.9807362333808634
0.9687679389240629
0.9665582761072622
0.9556058954848214
0.9666338109831496
0.9532543230465268
0.961319624469126
0.964371944667295
0.9671506983603568
0.9672973174647406
0.9722056164346908
0.9623909594133819
0.9639165736472163
0.9555466351889972
0.9572428283933713
0.9572428283933713
0.963391287299009
0.9618138177785397
0.9590635633156869
0.9590635633156869
0.9604369258772257
0.9542039851826791
0.9558167998163423
0.9596292582658353
0.9596292582658353
0.9596292582658353
0.9610443252755695
0.9567941624600553
0.9615851109471859
0.9652779453645128
0.970568026440772
0.9636607101006824
0.9660107271640184
0.9637826119131573
0.9462063314972693
0.9273379434416849
0.9308039476287326
0.940478380294363
0.9576017324252328
0.9576017324252328
0.9438905831346158
0.9430733704125698
0.9398148770808102
0.9347509917764001
0.9381569491340784
0.9279706814952192
0.9278897666762712
0.9268681804101542
0.9206634151022811
0.928602566468333
0.9365627896202593
0.9350929172705013
0.9350929172705013
0.9345761638375123
0.9404123367983271
0.952114058048132
0.952114058048132
0.9508977561679861
0.9653358738134821
0.9620985454247629
0.9757945515053082
0.9702607478092731
0.9731426586995972
0.9750180337431393
0.9762702700046214
0.9712965449099652
0.9712965449099652
0.9712965449099652
0.9639217959007108
0.9476114271373088
0.9540261215533952
0.9688902129290581
0.9800802856580376
0.9800802856580376
0.9584425877987093
0.9568158374208836
0.9530179936578381
0.9458033862897454
0.9604321760335904
0.9613824339026067
0.9613824339026067
0.9543789287952937
0.9514429766476631
0.9555618941827577
0.9555618941827577
0.9548639572391927
0.957475903760342
0.957475903760342
0.957475903760342
0.9570966761017324
0.9568987446460814
0.9597982254591981
0.9601450001589664
0.9546724936868495
0.9489004103837546
0.9357449351806498
0.935989569216855
0.927012794644621
0.9280183649833837
0.9226904995344876
0.9367346252241557
0.9462895051083708
0.946182832325113
0.9480966123769573
0.9441808774596807
0.9441808774596807
0.9441808774596807
0.9475414800190561
0.9441612610943352
0.9451506051630167
0.9451500815259708
0.9347752234170491
0.9347752234170491
0.9538500011241314
0.9536052513973567
0.9536052513973567
0.9536052513973567
0.9485797979880324
0.9485797979880324
0.9472309491252857
0.9559588224215186
0.9552313887210063
0.9521477621520743
0.9521477621520743
0.9615621878504809
0.9674686529777626
0.962988906971935
0.962988906971935
0.962988906971935
0.9604272294421607
0.9593103630644851
0.9672675987365558
0.9700411365893655
0.9700411365893655
0.9659443196571504
0.9659443196571504
0.9662284288900321
0.9660582242832303
0.9668799036075478
0.9527533353359116
0.9539871454897292
0.9591317988365586
0.9563724651293387
0.9563724651293387
0.9591646532932804
0.9563514547541214
0.9699731641419769
0.9689177130220002
0.9689177130220002
0.9654601225954722
0.9785792534361949
0.9565340227493911
0.9462998026569488
0.9565134986890529
0.9770854531187795
0.9726095623862023
0.9758631709586513
0.9828878155140801
0.981256281907007
0.9807381094535258
0.9802851054247068
0.989618515553212
0.9894205141554245
0.9924786729501655
0.9783623768339584
0.964984967651598
0.9852460916060303
0.9944273517206671
1.0027277541232307
1.0031466584187658
1.0022695928582837
1.0099862385515939
1.0074822623862814
1.0137825306558106
0.9975364567125172
0.9974510952809316
1.0062836377448139
1.0003395811067368
0.9927935064643796
0.9927935064643796
0.9995158238211469
1.0078892722982686
1.0068575116016771
1.0106664942532066
1.0081988727650415
1.0063357401369788
1.007261629246039
0.9997543662613498
0.9982348241864935
0.9997167530342208
0.9993607126617333
0.9993607126617333
0.9965099138923661
1.0078315877975208
1.0061172753448908
1.0016655951533553
0.993794325077503
0.9841177952225488
0.9841177952225488
0.9682197233523273
0.9667205588381841
0.9697493591310193
0.9736264770537245
0.9681151934959018
0.966019952593042
0.9666393065866163
0.9666393065866163
0.9661855067002476
0.9661855067002476
0.9706211425117943
0.9667284163470246
0.9540957326237928
0.9587434672730251
0.9398327542626803
0.9426802296441567
0.9536723591882894
0.9551527676453809
0.9540481768529383
0.9588764003053114
0.95849706950277
0.9681891815382401
0.9614005107793467
0.9620785991001719
0.9485462949017109
0.948640449361922
0.9546780414815454
0.9546780414815454
0.9806868782209957
0.9782035291553285
0.9737150079422219
0.9633549118053035
0.9632515029178261
0.9632515029178261
0.961411434225506
0.9659341552469759
0.9620686492828433
0.9490430208687086
0.9490430208687086
0.9494528561110815
0.964700088360827
0.9684561432058475
0.9784674197931568
0.9753313970710609
0.9718509367999681
0.9718509367999681
0.968541947000014
0.9690011078223133
0.9690686419774498
0.9675712619888119
0.9663563242793194
0.9387938525287405
0.9387938525287405
0.9342642857396559
0.9279048765288729
0.9170952445270992
0.9205122795173879
0.9202830826897725
0.9317065379626928
0.9277237442264189
0.920115477119357
0.920115477119357
0.9178997458374584
0.9178997458374584
0.9186425617683772
0.9156459133816962
0.9156459133816962
0.9223562541190458
0.9224282274790607
0.9023746663036974
0.9023746663036974
0.893271678479932
0.8926698816593359
0.8926698816593359
0.8940651606734512
0.8835764840596931
0.8763466204812086
0.8763147436861617
0.8753873870927584
0.8753873870927584
0.8775713990537596
0.8766338105767056
0.8637164144725403
0.8634599327610047
0.8641941780972556
0.8476505726775775
0.8404417918882493
0.8408803175510295
0.8413504182506361
0.8413504182506361
0.8481372823850746
0.8474881072470002
0.8418347970572495
0.8434423015934561
0.8360315282389069
0.8552080308376184
0.8485517616364157
0.8488518804210441
0.8547401857072265
0.8640543300842838
0.8595527652640896
0.8556982255001427
0.8556982255001427
0.8543757134071923
0.8543757134071923
0.8543757134071923
0.8499969780577923
0.8524655713420243
0.847159326213857
0.8475514919806424
0.8494627500898374
0.8308312234300185
0.8339460461615714
0.8339460461615714
0.8344613381005073
0.8501582145517859
0.8534847949187959
0.8549484152406363
0.8549149230215003
0.8598135491725506
0.8598135491725506
0.8598135491725506
0.8501808914954028
0.8521410560226738
0.8503487303548055
0.8503487303548055
0.8449766287250878
0.8735238152804776
0.8735238152804776
0.8806718024195267
0.8796740925621185
0.8780664815252617
0.8777103465153855
0.8584111210463438
0.8547500027245168
0.8594060663582822
0.8615421699022592
0.8660649262465885
0.8547399236779716
0.8547399236779716
0.8503904561043124
0.8546879524335359
0.8523881963677629
0.8431754286802139
0.8459238872510596
0.8459238872510596
0.8438380547152131
0.8507230203911321
0.845476032921325
0.8454394970005348
0.8377477411247432
0.850933527710412
0.8620106016270601
0.8676171126521097
0.8735823508295906
0.8735823508295906
0.8920524633797909
0.8891970087254722
0.8891970087254722
0.8898088808510843
0.8875645896084222
0.8888166908844921
0.8876454376670957
0.8876454376670957
0.8773040188044001
0.8819870119671819
0.8817452355859614
0.8838902047070916
0.8837335995031319
0.8923983877424665
0.901790039519891
0.8977186328304381
0.8977186328304381
0.8976357585707926
0.8976357585707926
0.8946327139547683
0.894306650182673
0.8919266079253074
0.8865832879825822
0.876538920719291
0.8823768587593358
0.8825024571086787
0.883208783612299
0.883208783612299
0.8681308113590834
0.8552351668954798
0.85540020416448
0.8488472277911154
0.848736193355731
0.8510822022338638
0.8246953581633698
0.8246953581633698
0.8283079605566822
0.8284221326163085
0.8284221326163085
0.8291705995842865
0.8260904781124266
0.8260904781124266
0.8317075237617836
0.8348521093225739
0.8348521093225739
0.8297733019855725
0.8306833368798234
0.8306833368798234
0.8357151780856663
0.824895701248257
0.824895701248257
0.8203230849540889
0.8202925344009736
0.8346997823450771
0.8401237377567519
0.8204709286039984
0.8142275046580802
0.8142275046580802
0.80831951312396
0.8099986344139725
0.8099986344139725
0.8316778555213898
0.8316778555213898
0.8383557825196587
0.8413331348260038
0.8413331348260038
0.8413331348260038
0.8413331348260038
0.8422363385648176
0.8227178477905759
0.8227178477905759
0.8227514924447533
0.8311980990397437
0.8292376910136597
0.8292376910136597
0.8292376910136597
0.824039048083787
0.8302805919547731
0.8312402517830438
0.8192890463170693
0.8192305659139516
0.8249445676881504
0.8249445676881504
0.8249445676881504
0.826383256424078
0.8271108206640063
0.8287275185194507
0.8287275185194507
0.8271380117185018
0.8378779831773805
0.8389766077474584
0.8389336375800092
0.8393364464810198
0.8391089969010043
0.8401799640999738
0.8351915909992853
0.814790745790386
0.814790745790386
0.8040138148666109
0.8040138148666109
0.8064063867515286
0.8015614042215818
0.8010178058712346
0.8057266708203039
0.804981839068749
0.8107612761192641
0.8107612761192641
0.8213137277648072
0.819956022821512
0.8074375194416658
0.8000005156828992
0.8000005156828992
0.786015256440299
0.7849839892337265
0.7925938686090626
0.7954196954916171
0.7879547475442166
0.7961577591456093
0.8040834195695638
0.8142821910253777
0.8058788379806607
0.8028625069924012
0.8046432684621435
0.8046432684621435
0.8046432684621435
0.811927896685262
0.811927896685262
0.814828001323632
0.8284487161105193
0.8284487161105193
0.8261485727572643
0.8466529602201273
0.8472814164742867
0.8472814164742867
0.8499281768340167
0.8527255512461486
0.8523886181538218
0.847639136648874
0.847639136648874
0.845642726692151
0.8378554485409143
0.8294965618361304
0.8313694755010221
0.8265152060689483
0.8258881767428637
0.8268647465694307
0.8327629558511287
0.8316183327699894
0.8316183327699894
0.8316183327699894
0.8314183947285881
0.8465341908517301
0.8234279947050642
0.8234279947050642
0.8268419297498886
0.8256987712815602
0.8331920939606701
0.8331920939606701
0.8332008483479177
0.8323489171535294
0.8374633623108105
0.8361580929876448
0.8367741954795288
0.8400198492424275
0.8297581855687296
0.8227930754169768
0.8233061637010657
0.8226982863894913
0.8226982863894913
0.8223918541872518
0.8208391407381893
0.8271214559321365
0.8271214559321365
0.8271214559321365
0.8350821806430664
0.8408605723616559
0.8408605723616559
0.8408605723616559
0.8408605723616559
0.8387188041420569
0.8526665028066824
0.8392848467749221
0.8394932778874039
0.8433992493190331
0.8389045930307719
0.855412666860847
0.860887071840396
0.8703241651326904
0.8514985163811871
0.8569728222390537
0.8571890190263263
0.8494171250916348
0.8467796842118913
0.8402040664521558
0.8274255867914928
0.8275032606306901
0.8208427893756866
0.8357453101313306
0.836398006999031
0.836398006999031
0.8228004209724391
0.8228004209724391
0.8233775413561983
0.8150861474892915
0.8150861474892915
0.8150861474892915
0.8150861474892915
0.8149357408004932
0.8093730247631735
0.8093730247631735
0.8093730247631735
0.8097063434185489
0.8097063434185489
0.8101654207098198
0.8101808716873034
0.8006645739813514
0.8027924105931238
0.806765847772537
0.8058023818652079
0.8051136659268144
0.8108232712779601
0.8050964159937803
0.7979166001851256
0.7949116003987857
0.7957955749278633
0.7987868404957023
0.7987868404957023
0.7987868404957023
0.8103994767149987
0.8103994767149987
0.8076782578586917
0.8084489759957314
0.8084489759957314
0.8086600537722074
0.8176804845343778
0.82715210378903
0.826960461631686
0.8315706613129005
0.8299584252359191
0.8297443921621213
0.8373394251551346
0.8225635949406457
0.8325480334095228
0.8325480334095228
0.8257123100391135
0.8253677235841479
0.8254463775668924
0.8241210435935725
0.8153180445234868
0.8151812158383048
0.81177852089161
0.8017446152946056
0.8017446152946056
0.8017446152946056
0.8017446152946056
0.8017446152946056
0.8017446152946056
0.8018194510306151
0.7979688862324397
0.7879902763452452
0.7892859486144245
0.7892859486144245
0.7892859486144245
0.7844564115314124
0.7822084255000339
0.781821543966624
0.7816536517353272
0.7808879183170238
0.7808879183170238
0.7808879183170238
0.7877995713658804
0.7877995713658804
0.8074258213509415
0.8131981386416167
0.8156620472106563
0.8093429486102819
0.8093429486102819
0.8123082396195511
0.8123082396195511
0.8123082396195511
0.8123082396195511
0.792633704169786
0.775128976345454
0.7698852920654321
0.7685199320980423
0.7700765817742773
0.7791868416536581
0.7791868416536581
0.7791868416536581
0.7819609101882442
0.7826672584837817
0.7837813288242524
0.7790561812811817
0.7790561812811817
0.779313345340434
0.7742851726534545
0.774798572565414
0.774798572565414
0.7837577342618687
0.7777409897146732
0.7777409897146732
0.7784725909101791
0.7784725909101791
0.7676621927973519
0.7652888787040018
0.765041297084529
0.7689290506405498
0.7689290506405498
0.7594364704586914
0.7691344940424334
0.7664417520674924
0.7663215946143739
0.7591613015099754
0.758529325310618
0.758529325310618
0.758529325310618
0.7521815864152925
0.7577290060171015
0.7585910998969214
0.7585910998969214
0.7590134205855092
0.7664464259559263
0.7667457861763205
0.7667457861763205
0.7746275295712108
0.7669017823406882
0.7758781727126238
0.7758781727126238
0.7784653485087382
0.7781514064390965
0.7799367999339508
0.7799367999339508
0.7799367999339508
0.7799367999339508
0.775316366419106
0.775316366419106
0.7685150562370967
0.7648614973320758
0.7652010625785518
0.7652010625785518
0.7652010625785518
0.7572580883990234
0.7512316533288038
0.759251519070186
0.7615953273893842
0.7698807336077299
0.7707806534024254
0.7707806534024254
0.7707806534024254
0.7733136190651018
0.7740867469121777
0.7730592024202538
0.7825487074104691
0.7825487074104691
0.7885018706437786
0.7885018706437786
0.7830099860104767
0.7842321012585358
0.7786594138955315
0.7787718630515068
0.7787718630515068
0.7940268638432924
0.7809616367062265
0.7809616367062265
0.7722754523119598
0.7722754523119598
0.7702903172839768
0.7702903172839768
0.7702903172839768
0.7757997514463385
0.7757797151847938
0.7757797151847938
0.784050149427716
0.7808389719663233
0.7876691141849856
0.7876691141849856
0.7815862726151086
0.7786131518100281
0.780984150048322
0.780984150048322
0.7801118583251909
0.7801118583251909
0.7798410214171682
0.7653177654676516
0.7592347688544668
0.7772883298023266
0.7778094051688534
0.765978412532803
0.7659808269105394
0.7659808269105394
0.7583714414421074
0.7273671129108528
0.72029316226433
0.7082317234287313
0.6998559730196061
0.6969055413128296
0.7010936263077795
0.6809578781035044
0.664316017961535
0.6670995972190696
0.6562409027342716
0.6562409027342716
0.6562409027342716
0.6417824041347095
0.6241951961333061
0.6241951961333061
0.6235723952075003
0.6096107238040301
0.6000338032662963
0.6065548818108837
0.6101921549015954
0.6102639961357956
0.595357912067955
0.5951563902954383
0.5951563902954383
0.5974925047039661
0.5689512335295649
0.5627871639914032
0.554532240130133
0.5568332884129712
0.5568332884129712
0.5493902559383493
0.5524817315109756
0.5516301279846807
0.5516301279846807
0.5516301279846807
0.54370896424704
0.5430975367712929
0.5417519497005012
0.5449889281432702
0.5315913334959622
0.5315913334959622
0.5608170710613221
0.5608170710613221
0.5506898363636883
0.545077051279635
0.5194107809681807
0.5174149376347549
0.49765496834385303
0.49616238529932066
0.49616238529932066
0.49888794858175706
0.494260243811095
0.49375718344706676
0.49489348622664014
0.49668670431182504
0.495219737193131
0.49378137970913943
0.501065225754833
0.4995538322404512
0.49980648870128747
0.5006146957490648
0.5017588037748824
0.49991877385519157
0.49164903696627504
0.49164903696627504
0.48487461276509153
0.47479437656819695
0.47490978010537366
0.4624019511430812
0.4626510368264737
0.4629795941879229
0.462530871009431
0.462530871009431
0.46186774717882634
0.46186774717882634
0.46186774717882634
0.46541189421055007
0.46541189421055007
0.46154744734977077
0.47133503307688923
0.47055288087781943
0.4723532037573795
0.4667436307722799
0.46045362636051396
0.4600082053253913
0.46000872844620894
0.46000872844620894
0.46139750285836245
0.45994920434057257
0.4599687391242516
0.4686855059278668
0.45711096787713335
0.46996440318103255
0.47028104786973557
0.47028104786973557
0.4830700546269009
0.48433007695894653
0.4841846152678679
0.4841846152678679
0.4841846152678679
0.4841846152678679
0.4841846152678679
0.4864346245442219
0.4885656719304324
0.48878059238743005
0.48878059238743005
0.4881866939712529
0.4882499424383477
0.4904119584503725
0.4904119584503725
0.4904119584503725
0.4904119584503725
0.4928161818047568
0.4928161818047568
0.4928161818047568
0.501164511766335
0.5011931836470666
0.4979848217558337
0.4979848217558337
0.5054635728210576
0.5055473476831696
0.5055473476831696
0.5055473476831696
0.4959088029741859
0.495459543005031
0.495459543005031
0.495459543005031
0.4845202379461118
0.4842866853120736
0.4903550366131152
0.4973093974132826
0.4977933552249055
0.4999658310303164
0.4999658310303164
0.5022904524885544
0.49768089406591337
0.49768089406591337
0.49768089406591337
0.49768089406591337
0.49768089406591337
0.49540834533861433
0.49540834533861433
0.5034048563998131
0.5056341257749135
0.5056341257749135
0.5056341257749135
0.5179075597877609
0.5182079129813183
0.5182079129813183
0.5182079129813183
0.5182079129813183
0.5096343978812373
0.5117736741333087
0.5103998533487544
0.5103998533487544
0.5103998533487544
0.5101908156382643
0.5117188219617423
0.5119345490250364
0.5119345490250364
0.5119345490250364
0.5119345490250364
0.5099865845128303
0.5099865845128303
0.5207578844254033
0.5202873757207929
0.5206070684132736
0.5074891540446839
0.5091190665888681
0.509060586534919
0.509060586534919
0.509060586534919
0.509060586534919
0.509060586534919
0.5031728327579936
0.5031728327579936
0.5059342578263419
0.48313903925196083
0.4836091265323496
0.4836091265323496
0.4815950591560762
0.48341072656883527
0.48341072656883527
0.48341072656883527
0.48341072656883527
0.48578732470357655
0.48578732470357655
0.49026687336410696
0.4866416048267909
0.4866416048267909
0.4866416048267909
0.486091585738099
0.48746470222603616
0.48624165253865054
0.47625272383849265
0.46869060457603856
0.46869060457603856
0.46869060457603856
0.4620319151822829
0.4657242598614146
0.4657242598614146
0.4657242598614146
0.4657242598614146
0.4639953428260892
0.46350448515910886
0.46350448515910886
0.46350448515910886
0.46132953151179945
0.46132953151179945
0.4619537913758482
0.4619537913758482
0.4624019511430812
0.4624019511430812
0.4624019511430812
0.4537608798157035
0.4589226923921662
0.4655132430502344
0.45961255228149184
0.45961255228149184
0.45961255228149184
0.45590761765468035
0.44755406406342063
0.4474208881702316
0.4416453389318704
0.4416453389318704
0.4416453389318704
0.440763191930103
0.440763191930103
0.4383864915945792
0.43330279004059286
0.43330279004059286
0.43330279004059286
0.4335863606061163
0.42828843788022175
0.42828843788022175
0.42828843788022175
0.42828843788022175
0.42828843788022175
0.42828843788022175
0.42828843788022175
0.42828843788022175
0.42828843788022175
0.42828843788022175
0.42828843788022175
0.42828843788022175
0.41802869630257156
0.41799751347736314
0.41799751347736314
0.41799751347736314
0.41799751347736314
0.41799751347736314
0.4215179787318936
0.41817096118091096
0.41817096118091096
0.4150505649711623
0.41030253820735824
0.41030253820735824
0.41030253820735824
0.41030253820735824
0.41030253820735824
0.41030253820735824
0.41030253820735824
0.41030253820735824
0.41030253820735824
0.41020769170938215
0.41020769170938215
0.41020769170938215
0.41020769170938215
0.41020769170938215
0.41020769170938215
0.4099260556789581
0.4099260556789581
0.4099260556789581
0.4099260556789581
0.4099260556789581
0.40929143811341695
0.40929143811341695
0.40929143811341695
0.40929143811341695
0.41329249325796324
0.41329249325796324
0.41329249325796324
0.4132556659878126
0.4132556659878126
0.4132556659878126
0.4132556659878126
0.39683882701456036
0.39683882701456036
0.39683882701456036
0.39683882701456036
0.39683882701456036
0.3970098389063063
0.39388278186022724
0.39388278186022724
0.39388278186022724
0.3930120826363368
0.3930120826363368
0.39464293477217444
0.39464293477217444
0.39464293477217444
0.39464293477217444
0.39464293477217444
0.39464293477217444
0.39464293477217444
0.39464293477217444
0.39464293477217444
0.39464293477217444
0.39464293477217444
0.39464293477217444
0.39464293477217444
0.39464293477217444
0.39464293477217444
0.39464293477217444
0.39464293477217444
0.39464293477217444
0.39165011321316245
0.39165011321316245
0.39165011321316245
0.39165011321316245
0.39165011321316245
0.39165011321316245
0.39165011321316245
0.39165011321316245
0.39165011321316245
0.39165011321316245
0.39165011321316245
0.39165011321316245
0.39165011321316245
0.39165011321316245
0.39165011321316245
0.39165011321316245
0.39165011321316245
0.39165011321316245
0.39165011321316245
0.39165011321316245
0.39165011321316245
0.39165011321316245
0.39165011321316245
0.39472356149063914
0.39472356149063914
0.3772929211958908
0.3772929211958908
0.3772929211958908
0.3772929211958908
0.3772929211958908
0.3772929211958908
0.3772929211958908
0.3772929211958908
0.3772929211958908
0.3772929211958908
0.3772929211958908
0.3772929211958908
0.3772929211958908
0.3772929211958908
0.3772929211958908
0.3772929211958908
0.3772929211958908
0.3772929211958908
0.3772929211958908
0.3772929211958908
0.3772929211958908
0.3772929211958908
0.3772929211958908
0.3772929211958908
0.3772929211958908
0.3772929211958908
0.3772929211958908
0.3772929211958908
0.37729429017893895
0.37729429017893895
0.37729429017893895
