0.0466667 -0.008528569238646255
-0.0866667 -0.003305790726946478
-0.3733333 -0.40411121464332833
-0.1533333 -0.21186521060901126
0.0366667 0.15918298691354735
0.0066667 0.04905251371300917
0.7633334 0.6144914729482907
0.61 0.5934630598502286
0.3833334 0.3905079010374179
-0.28 -0.28656471896260965
0.56 0.574201972786768
0.1633333 0.2298657726431385
0.1266667 0.12036556210281057
-0.71 -0.7390071806782204
0.9666667 0.9495979201966922
-0.86 -0.8323091522817628
-0.59 -0.6123653711766158
-0.2366667 -0.21582760838073461
-0.4033333 -0.3561039682324687
-0.7566667 -0.7770840401709364
0.7133334 0.7138847699984425
0.4233333 0.4696602674343375
-0.2933334 -0.3010219449963924
0.72 0.7125175329667257
-0.9666667 -0.9046216823945922
-0.9966667 -0.9021927651676964
0.9833333 0.9245407768217155
-0.6666667 -0.6276484856024671
-0.17 -0.18273314858374318
0.9 0.9155134266373848
0.03 0.0027937424306328507
0.27 0.2636674770457929
