0.0466667 0.06954082222413657
-0.0866667 -0.29176036542043626
-0.3733333 -0.28458801139250295
-0.1533333 -0.2724832126468122
0.0366667 0.23741513774101985
0.0066667 -0.06938313586555933
0.7633334 0.7118077019544746
0.61 0.8089085065023592
0.3833334 0.39344026889568634
-0.28 0.09873312947894952
0.56 0.6698561350801696
0.1633333 0.19554623953372163
0.1266667 0.176805810507599
-0.71 -0.6508676353626492
0.9666667 0.9930935535308296
-0.86 -0.8221165757421359
-0.59 -0.5120682336789784
-0.2366667 -0.30858748827932453
-0.4033333 -0.555858913005405
-0.7566667 -0.8911485764218736
0.7133334 0.5552986375582702
0.4233333 0.07865896039615528
-0.2933334 0.11801415475215768
0.72 0.7051953620028393
-0.9666667 -0.9624898779097384
-0.9966667 -0.7751383945941492
0.9833333 0.9589138675105386
-0.6666667 -0.862303046384084
-0.17 0.31801933579183894
0.9 0.9240467108537341
0.03 0.4398585656141044
0.27 0.27118306636431594
