1.4903274231808
1.3490939045446326
1.3283651529760536
1.3395659357753875
1.3392223968696129
1.3398576437217975
1.314428181308169
1.2924379829874768
1.2922079804916813
1.2880606605896996
1.275344317318789
1.2720152397850715
1.2734469871263914
1.2753928231190956
1.2749992972072575
1.2722986948788517
1.2612709168239387
1.255632770295948
1.254549711313352
1.254549711313352
1.2560528605632204
1.2562895777223155
1.2582030535387076
1.2593351207342651
1.2700486914157754
1.2581565573345468
1.2609994638125164
1.2667455295068462
1.2543512283418812
1.269934752116732
1.2679675413789246
1.2692984321681022
1.2671628600184623
1.2634124278279686
1.2630953383002004
1.2630953383002004
1.258481319872947
1.25804043085723
1.2694103608531375
1.2611193590811014
1.2660020991967957
1.2730767724456569
1.2673134400915953
1.2729760193426412
1.2730502256213674
1.2757712758799873
1.2647265475965286
1.2697429359657197
1.2705166998318675
1.2686495267866098
1.2707382626921857
1.268695575615379
1.2975819027356599
1.2885812775055816
1.289472113232677
1.2955912716365119
1.2985840919913532
1.3012193201113886
1.2968016528203674
1.2946363781975982
1.2946363781975982
1.2856852676183341
1.302059535366215
1.3008745899682372
1.2992591397967381
1.2992591397967381
1.297959964192802
1.297959964192802
1.295062181312824
1.2855927374844887
1.310475180140554
1.3040341549378676
1.3084248571444819
1.3100320786232926
1.3058992003019474
1.289752837205634
1.2960949315798205
1.2940195951054412
1.2888484373369387
1.2827195825719477
1.2815723947491626
1.2730513141359683
1.2828311122202594
1.2938226249286502
1.2923193852161272
1.274266433599989
1.281384397948587
1.2873225333802765
1.28362926710965
1.2612160874731084
1.2633940974837665
1.264945147018316
1.2615796279858433
1.261529700137219
1.2614020533512544
1.2657792506322108
1.252946245530697
1.2402800610058928
1.240232075511523
1.2417753920211871
1.2348611339003206
1.2090407564425043
1.2060186484856834
1.213951110134257
1.2143207056642045
1.1872393662703595
1.1873171150251365
1.1983317840167933
1.2173685246172634
1.216538200642302
1.2133087160012497
1.2097122397178475
1.2133777320310892
1.2086038992805772
1.2086038992805772
1.2012311775606561
1.2044193745100389
1.2007662717688534
1.206883640077204
1.2052537874224143
1.198268685686101
1.1989491421615035
1.201533636069845
1.2061420296634502
1.205859833606595
1.205617319255447
1.2162400555327442
1.2119360120354608
1.2163993591212334
1.2229787650784623
1.2229787650784623
1.2227125461807582
1.2225006869835335
1.2246700168665798
1.210165524757339
1.2027609564444055
1.1954978966596865
1.1946447982273252
1.185003598452932
1.1759264587199025
1.1751397742402856
1.1751397742402856
1.1714008159934466
1.1698405985002256
1.149738628403509
1.1515541170593453
1.149468274833892
1.15035390743464
1.1508824340736536
1.149595095971253
1.1504288766099309
1.1504288766099309
1.1546372206093498
1.1582712944133706
1.1591281054413802
1.1632265578306231
1.1590916212345976
1.1634917938560563
1.1748298029399735
1.1690751606703909
1.174742035366117
1.1547173353348454
1.1609463049699353
1.1642247966265795
1.1644831285466084
1.1614045341252752
1.146183497845632
1.1519335984446177
1.1510185675919906
1.153531822711694
1.1541133242999977
1.1541788090469711
1.1592580173501588
1.1592580173501588
1.156682940579541
1.139499714939228
1.139499714939228
1.142682017337667
1.1412910215335386
1.1470729882023476
1.1464540007609818
1.1508770287844188
1.15576721655773
1.151146047718109
1.1603449132438806
1.1488554044459327
1.1646413703803822
1.1646413703803822
1.1793309704018091
1.1749401626469875
1.1588837040917426
1.1518406092723152
1.1583623746145535
1.1592286862441619
1.1587313224449607
1.1551077449642273
1.1551194732603978
1.1551194732603978
1.1608295131788058
1.1565471055821597
1.1643151015819866
1.1643151015819866
1.1669334359463086
1.1821624785475013
1.1924894138818007
1.2120894177065968
1.2120894177065968
1.2127560281747298
1.213739741290232
1.2366189891080965
1.2366189891080965
1.2162810141556777
1.2123212704376605
1.2123212704376605
1.201402976919281
1.201402976919281
1.1937985851981219
1.1874985541192036
1.1790652135032773
1.179272710343817
1.1591295196640732
1.1643338017206977
1.1643338017206977
1.163815123758185
1.163815123758185
1.1633014496320333
1.15751728168918
1.1612678445562035
1.1602488762771825
1.1602488762771825
1.1602375558094713
1.1781910390523278
1.1808002930915302
1.1808002930915302
1.1811528246323535
1.1983296304419182
1.1903950153789193
1.1807831175915384
1.1891795882099236
1.1928480504538927
1.209190203218776
1.2163236454525008
1.2148802972317885
1.2008344879068198
1.209726281733768
1.190029138065955
1.1773985675702405
1.1753655858640502
1.1836444473971353
1.204982765500778
1.211739109623672
1.2200837062825975
1.2194250006443044
1.2194250006443044
1.2197299454359791
1.2197299454359791
1.2233941345443726
1.2202821139696494
1.2234225853024645
1.2324147502747882
1.2307404104409356
1.2364581839446986
1.2300903031418342
1.223596830148101
1.2110254444959834
1.212037589257262
1.2114488504639658
1.2114488504639658
1.2171092292583385
1.2166075022766922
1.2037261238017605
1.2030193113639647
1.1968802693528158
1.1951958708328456
1.1971653675663885
1.2044990767676733
1.1991759182088757
1.1955249245381496
1.1928098051166414
1.1943000378238415
1.1916294832509489
1.1963525819273038
1.1862067172735962
1.1862067172735962
1.1772509787619445
1.1819593379892837
1.1846476689174816
1.1877275568969383
1.1941604323299035
1.1907455908772406
1.2101267765469281
1.2160811166297165
1.2160811166297165
1.2160811166297165
1.2197265577902108
1.2197265577902108
1.2154069211502696
1.2154069211502696
1.2151866101424977
1.2151866101424977
1.2272395442407842
1.2272395442407842
1.2291385435319975
1.2337540937187086
1.2394073588711843
1.2531554227914168
1.2529607064939294
1.2510075873309787
1.2485277850734202
1.2430819112146885
1.2394783345559166
1.2299495590693348
1.223025537183093
1.223025537183093
1.2101817775792132
1.2033423632861058
1.2052146606650325
1.207259720486279
1.2025670612074177
1.2006034830425483
1.2003395722380434
1.2123847857709136
1.2139372402907584
1.2168831474373363
1.204703002782641
1.2078374470157305
1.2004024820968429
1.2007997269716624
1.2012791923413406
1.1985615567059684
1.2040317509170682
1.2040317509170682
1.1908063482609468
1.191662905223326
1.1903215642414966
1.1865028518876095
1.1865028518876095
1.1865028518876095
1.1764527864275156
1.1683212081552041
1.1657855562263642
1.1668249233387702
1.1715557962836827
1.1807291335932733
1.1807291335932733
1.1720246696721734
1.1720246696721734
1.1797773908857003
1.1954702316972141
1.2019301843021333
1.224336244236798
1.224336244236798
1.2252925399305712
1.2231894723660497
1.2220250728328756
1.2296577134789801
1.2296577134789801
1.2128453918055249
1.200174572743702
1.2111527047076336
1.2002288732136337
1.2004837292274506
1.197092118837528
1.197092118837528
1.1937199385734136
1.1768541842171942
1.1696267940889857
1.1744259650883246
1.1756539220027136
1.181430972991482
1.1817999222756843
1.191304961760569
1.1864167461755577
1.1864167461755577
1.1796067010338533
1.1774725764982403
1.172223892748399
1.172147388552133
1.172147388552133
1.179306925609052
1.1666030045705265
1.1583578992391739
1.1601148503619048
1.1601148503619048
1.1625966853743723
1.1625966853743723
1.1625966853743723
1.1555557055787729
1.1413099128165793
1.1441919792845219
1.1423432031812402
1.1423432031812402
1.1265506076428689
1.129068617774111
1.1297465592395413
1.1267407005019183
1.1267407005019183
1.1295419471388486
1.1270698458756616
1.128467126725488
1.1293809190932076
1.1286763008285303
1.125181633589999
1.126337934327626
1.1247223806926652
1.1247223806926652
1.1247223806926652
1.1237437837932172
1.1237437837932172
1.1317174388107356
1.128462798443632
1.1282390886693032
1.1344675463815206
1.1405451621916667
1.132050448789576
1.132050448789576
1.1301647675338031
1.1318591319266385
1.1318591319266385
1.1220399990833456
1.1249414484461553
1.1296901799042576
1.1311684666380746
1.1317604488134612
1.1345835759860485
1.1345835759860485
1.1344668047659296
1.1410949614505905
1.1531946136035738
1.153928669143824
1.153928669143824
1.153928669143824
1.1447625119885094
1.1447625119885094
1.1447625119885094
1.1447625119885094
1.1449023164504262
1.1536093524355733
1.15901798387474
1.1552158526600036
1.1493264344653198
1.1493264344653198
1.1487472902383082
1.161897202434857
1.1660414919274658
1.1678000904141486
1.1678000904141486
1.1705103654279072
1.1705103654279072
1.1534736123074234
1.1534736123074234
1.140713288207467
1.137419905945049
1.129309685764808
1.1238213354350035
1.1124516912974647
1.114361205172613
1.0964924814020536
1.0920608584405556
1.085880035056526
1.0826985893319514
1.0820350629103885
1.0826542911135493
1.070222263203406
1.0746414986924846
1.0746414986924846
1.0676027785142241
1.063453185595194
1.063453185595194
1.0647458771042997
1.0646399381287273
1.0665010777528012
1.0644348765874962
1.0622572107986588
1.0653337068249307
1.0520609681051958
1.0693249921141066
1.0715349364229936
1.0557141570148978
1.0557141570148978
1.0507960765636026
1.052843551319322
1.0396314426053594
1.039418439917113
1.039418439917113
1.039418439917113
1.039418439917113
1.0294058229532095
1.0294058229532095
1.0294058229532095
1.0294058229532095
0.9941887571702088
0.9915388104265916
0.9817986029135408
0.9817986029135408
0.9839464161764935
0.9839464161764935
0.9839464161764935
0.9856336160612904
1.0098590688918985
1.0076158507126238
1.0076158507126238
0.9880134879417509
0.9883219026900764
0.9885029605208627
0.9885029605208627
0.9958499277362074
0.9859068500462652
0.9859068500462652
0.9859068500462652
0.9852885045912781
0.9777905594384725
0.9777905594384725
0.9777905594384725
0.971002490563409
0.9765501653635716
0.9784821787608926
0.9819256644918886
0.9819256644918886
0.9821555232209759
0.9861114498425338
0.9888085021097834
0.9888085021097834
0.9900929158261244
1.0033281284098392
1.0059101813383822
1.0069104876185317
1.0101148012394956
1.0097349588924627
1.0097560389205993
1.0108802870854183
1.0060297894752837
1.0158540445366393
1.0164123702325798
1.0498738831514771
1.0407955218557559
1.0407955218557559
1.0329212479855046
1.0148560620260332
1.0148560620260332
1.0282118646582858
1.0274131342687296
1.0347142915005287
1.0353083911309333
1.0407804132039442
1.0415330356213746
1.0331019521718794
1.0293997761185225
1.0221088817675323
1.0238605624019326
1.0157591735595601
1.0118389090524058
1.0235874359092538
1.0235874359092538
0.9901532832996063
0.9703252133935718
0.964417565707353
0.9654376904271226
0.9622514981557372
0.9622514981557372
0.9647784355525929
0.9669874129822901
0.9653620825888423
0.9671845430320453
0.9936932729044713
0.9935196591411517
0.995057169574645
1.0015524038358041
1.0034156184435945
1.0055593503148503
1.0094411958213314
1.0048375370294507
1.0145451534323287
1.0130650254442632
1.0176671691882877
1.0176671691882877
1.010924571681566
1.0118777689364182
1.0208501368624712
1.0208501368624712
1.0040901888256246
1.0098366165379007
1.0155210509132766
1.0115394586845579
1.0002529912049072
1.0072106411192703
1.00186781160657
1.00186781160657
0.998401251043914
0.998401251043914
0.9897754726837945
0.9897754726837945
0.9888142803325064
0.9917430462788743
0.9917430462788743
0.9890587992002037
0.9785803117484352
0.9966389571450683
0.9966389571450683
0.9982451710140733
0.9690274187372996
0.9828539771933699
0.9759099612525052
0.9633267109498334
0.9633267109498334
0.9628818985324105
0.9673241542842238
0.9625073280106606
0.9815998902022476
0.9815998902022476
0.9757329604225629
0.9723374462505467
0.9685893519523407
0.9682596348412493
0.9682596348412493
0.9594244474532462
0.9437436493074339
0.9443957514293027
0.9538419972106372
0.9538419972106372
0.9452485043114012
0.9465113061238686
0.945199610963007
0.9427364975804963
0.9359835486443904
0.9301353466234575
0.9368548254263063
0.9368548254263063
0.9362102758741074
0.9362102758741074
0.9363269809517051
0.9354573687816399
0.9326076617811024
0.9332157080316635
0.9332157080316635
0.9432989223287022
0.9326977049959242
0.9332606825207861
0.9332606825207861
0.9426828335715194
0.9638234064644728
0.9639503688288251
0.9638750474294945
0.9640104152803396
0.9608390463906517
0.9502111922356282
0.9584354931203208
0.9584354931203208
0.9584354931203208
0.9581796026409889
0.9426932874634198
0.9471680567410561
0.9406378431092433
0.9397747072301277
0.9397747072301277
0.934260641294313
0.928425232838971
0.9167568861139953
0.9187235367942871
0.9187235367942871
0.9152194466944713
0.9135563016431127
0.9063225042974709
0.9063225042974709
0.9038576214944486
0.9165610144199345
0.917517594661915
0.9026737883615689
0.8985692760730634
0.9023420197666094
0.8954601499190513
0.9021631392978284
0.9021631392978284
0.9018806654245551
0.8940516017219743
0.8957909814127705
0.8958786652057147
0.9061070081603968
0.9056566457888239
0.8940442286458733
0.8940442286458733
0.8940442286458733
0.8940442286458733
0.88918264539863
0.8832463618709064
0.88727106181287
0.8891628996278866
0.8891628996278866
0.8931078079854765
0.8946973110267151
0.8935812465954848
0.8898277135570823
0.8898277135570823
0.88813524206355
0.883691456484076
0.8876963981254774
0.8876963981254774
0.8919489026239916
0.8919489026239916
0.9033207466435156
0.902959237964985
0.902959237964985
0.9034114111860162
0.9152157860682449
0.9035244244940662
0.8893942895058876
0.9062853639001981
0.9062853639001981
0.9062853639001981
0.9062853639001981
0.9141834953196495
0.9155815376477944
0.9179933976804389
0.9168600475090947
0.9160918789783679
0.9244923305798577
0.9161939355795843
0.915398297819539
0.915398297819539
0.8995439006988709
0.8852980533877389
0.878445474154095
0.8679819790623536
0.8698281012003359
0.8612854100714916
0.8612854100714916
0.8613812374414651
0.8613238084623387
0.8642495658275846
0.8831311057919261
0.8930894599844614
0.8831009870127411
0.8883874909575221
0.8871456233420412
0.884264243875108
0.883125004523105
0.877441212770196
0.877441212770196
0.8640250090062123
0.8642729446248301
0.8785566076107802
0.8773133426491989
0.8773133426491989
0.8773133426491989
0.8741352271403382
0.8728804740798466
0.8728804740798466
0.8631207412241865
0.8486990480608049
0.8564479477621791
0.8564479477621791
0.854528845585909
0.8593064654074831
0.867970311612181
0.867970311612181
0.8810533412607674
0.8810533412607674
0.8813471907808045
0.8810353852185544
0.876598656815537
0.8734972315550034
0.8734972315550034
0.8794263918836739
0.8886530533919426
0.893817115970378
0.8944304602903639
0.8964021439324971
0.8948086365935892
0.899381729454871
0.8957466996378273
0.8957466996378273
0.8957466996378273
0.90839048587543
0.9098771377989203
0.9043271084963005
0.8941672463286918
0.8941672463286918
0.8891648443903033
0.8857154739914337
0.8845191408282698
0.8625270738350047
0.8817987925963677
0.8820340219372189
0.8820340219372189
0.8820340219372189
0.8862505938119661
0.8862505938119661
0.8867815838505506
0.8857450219990222
0.8885701354810349
0.887001979467995
0.887001979467995
0.8713350203844381
0.8708788244910072
0.870858473092652
0.8679095569590697
0.8655281981078103
0.8774895781417865
0.8752035664525742
0.8664947902995906
0.8664947902995906
0.8548429192394489
0.8589051288504856
0.8589051288504856
0.8478041390569654
0.8478041390569654
0.8332699120951372
0.8221411811810441
0.8169839156225996
0.8299733854555711
0.8298960662985826
0.8233863827033541
0.8239395504609622
0.8202234281772551
0.8031380322194939
0.8003015252091928
0.8003015252091928
0.8005691093748172
0.796193750888008
0.796193750888008
0.7740915291803848
0.7755647002750937
0.7755647002750937
0.7698147442463964
0.7623306335939947
0.76301688304468
0.7645595357722221
0.77052393196336
0.77052393196336
0.7691675553905007
0.7697483519552255
0.75939185937425
0.7762872457040453
0.7742823653010632
0.7750292776357999
0.7956943298866056
0.7735248116275578
0.7735248116275578
0.7740963675380513
0.7704003327757144
0.7704003327757144
0.7704003327757144
0.7835437938259114
0.7930463481240252
0.7940294214957966
0.7940294214957966
0.7940956983497761
0.8065700003899798
0.8114260665917198
0.8106691127492125
0.8106691127492125
0.8104266168970089
0.8138481214429764
0.8109222100004427
0.8112581323993189
0.8298564534800699
0.826259751250315
0.8331415277112082
0.8263182805283424
0.8292698059208308
0.8323441177200381
0.8323045626680542
0.8323045626680542
0.8323045626680542
0.8323045626680542
0.8422985407549546
0.841823887421569
0.8316268881200084
0.8316268881200084
0.8251080496204839
0.8256701368222099
0.8289947703157069
0.817187423281731
0.8171551036231567
0.8453253566981868
0.8453253566981868
0.8375052878779853
0.8394690013389645
0.838561755662212
0.8266768652736618
0.8565875884225577
0.8581363269313873
0.862121498895198
0.8592848701145411
0.8652778762291057
0.8620018185814214
0.8578761777782586
0.8610580530584571
0.8610580530584571
0.8610580530584571
0.8473050482052109
0.8428836915708575
0.8428836915708575
0.8486854157695976
0.8490267639368103
0.8558643445005577
0.8558643445005577
0.856874556000087
0.860133610506038
0.8476091842314036
0.8479255301105253
0.8622528891074145
0.8653771654739719
0.8653771654739719
0.8645839960400402
0.8645839960400402
0.8631992042629043
0.8630425745236251
0.856059679801745
0.8578124176391988
0.8658085379561755
0.8647172074804939
0.866400289634434
0.8561824546357867
0.8561824546357867
0.8563687623538249
0.8563687623538249
0.8531154435800951
0.8585021194298429
0.8624948163034514
0.8584255602242389
0.859553962843542
0.859553962843542
0.8595295349659617
0.8516848026431025
0.8556422016831224
0.8556422016831224
0.8419311414305918
0.8406461492087975
0.8195054235588242
0.8197760653307103
0.8197760653307103
0.8232527852757118
0.8207804644280675
0.8207804644280675
0.8048398503693132
0.8048398503693132
0.8109784652267107
0.8109784652267107
0.8091393672181129
0.8091393672181129
0.8091393672181129
0.8145785076234194
0.8172139335763421
0.8150740387904933
0.812492831433687
0.8124288775720345
0.8055077526304539
0.8114346089506937
0.8090233031066941
0.8086422587888406
0.8083891706935263
0.8051443543214548
0.8051443543214548
0.816021270864339
0.8161617373318482
0.8208004164141579
0.8168361607551813
0.8195217301658899
0.8156651281192391
0.8121681313122813
0.8121681313122813
0.8065982655732568
0.820107213040089
0.8203430174427878
0.816781908718701
0.8142065128660453
0.831258482795094
0.831258482795094
0.8350114899031509
0.8350114899031509
0.835696066582925
0.8366202071347053
0.8166947397017864
0.8066218567052803
0.8065899943034682
0.8039373583845041
0.8039373583845041
0.8071934435203062
0.8082276331710346
0.8032732733854392
0.800474616892198
0.800474616892198
0.7995632916341882
0.7971354319993404
0.7985078917134196
0.798560660738527
0.798560660738527
0.7986715705376003
0.793069779603839
0.793069779603839
0.793069779603839
0.793069779603839
0.793069779603839
0.7850486110027038
0.7747213181040404
0.7749572984335135
0.7749572984335135
0.7749572984335135
0.7799216016279743
0.7792018779287584
0.7693006841235427
0.7729496609820911
0.7729496609820911
0.7734659317751427
0.7775437283735372
0.7775437283735372
0.7762877754672859
0.7762877754672859
0.7761695693525327
0.7758779147044614
0.7789803965141199
0.7668747887392436
0.7652632772223688
0.7699495798819148
0.7712168637742984
0.7707258796106833
0.7747018110851858
0.7798289431238744
0.7849553034318345
0.7825566729637268
0.7818740888965083
0.7805769413623005
0.7805769413623005
0.7802221861863611
0.7893783741369921
0.7859099558471182
0.7859099558471182
0.7791375473285129
0.7954236273666047
0.7954236273666047
0.7942634924686727
0.7942634924686727
0.7942136352369007
0.7896496655058975
0.7894799509197905
0.7875256797196616
0.7939294946602682
0.7939294946602682
0.7939294946602682
0.7939294946602682
0.7939874125387694
0.7939874125387694
0.7835223292592844
0.7680870930088044
0.7690778174516509
0.7533887340370767
0.7533887340370767
0.7533887340370767
0.7491635080637101
0.7555360990988166
0.765291917452754
0.765291917452754
0.7594560043203845
0.7594560043203845
0.7555638816443476
0.7563959328819438
0.7535593896310829
0.7440743754068538
0.7448859247172852
0.7677728335660978
0.7700729389953693
0.751937873148226
0.751937873148226
0.751129317458379
0.753557226411924
0.7587003658185029
0.7582301205504656
0.758516110446361
0.758038039632347
0.758038039632347
0.7596149607966409
0.763432417078017
0.763432417078017
0.7623247321822829
0.7564586555912791
0.7557053687160632
0.7557053687160632
0.7557053687160632
0.774132105445723
0.774132105445723
0.7765376712306314
0.7749531133157821
0.7631651191506272
0.7604330162351532
0.7604330162351532
0.7603700682789576
0.7688768054696634
0.760898070147187
0.7666132072534643
0.7666132072534643
0.7656273745944254
0.7657070645200393
0.7659894418046825
0.7660369636832499
0.7674627468804323
0.7638272951378873
0.758042538614227
0.7574498242125294
0.7594897714778671
0.7593336073994552
0.7543817583609537
0.7378648387430712
0.7302520284085997
0.7302520284085997
0.7000520384373168
0.7000520384373168
0.7000520384373168
0.7020258092886632
0.7020258092886632
0.7020258092886632
0.7019980849140379
0.7082243373480347
0.7082243373480347
0.7082243373480347
0.7086821461330917
0.7063528439574915
0.7014440611950994
0.7025455065535579
0.6890526001349382
0.6890526001349382
0.687271617903589
0.687271617903589
0.6851824164156314
0.6684921417308004
0.6624155498079234
0.6570515859892218
0.6570559699323232
0.6570559699323232
0.6570559699323232
0.6578261994374938
0.6578261994374938
0.6578261994374938
0.6577135453083303
0.6456128921068914
0.6462023600365568
0.6411476044455148
0.6410560844291507
0.6410560844291507
0.6429616781081275
0.6430200471725964
0.6088933389521805
0.6034411601237518
0.6002948376449048
0.6033970562868982
0.6033970562868982
0.6015747982599557
0.6015747982599557
0.6058766315074995
0.6113638358290101
0.6113638358290101
0.6131784779214636
0.612573999137122
0.612439853051685
0.6116582281828644
0.5896003540211466
0.5795894486530319
0.5775041219608036
0.5775041219608036
0.5809617439614745
0.5809617439614745
0.5792541299859424
0.5792541299859424
0.5792541299859424
0.5787761680165617
0.5821569945161761
0.5887325412741077
0.5898311320414173
0.5711230361586236
0.5635255057820301
0.5635255057820301
0.5635255057820301
0.5629419828167809
0.567466582694531
0.56558176863672
0.5650002178810337
0.5589949646913352
0.5589949646913352
0.5589870793770303
0.5786434884498822
0.582293062715571
0.5793018188768746
0.5791690261254178
0.5788494577409132
0.5788494577409132
0.5829492906137502
0.5794932728432413
0.5794932728432413
0.5828071157844027
0.5858882680824102
0.5824317334931571
0.5828881831156685
0.5828881831156685
0.5833888370524823
0.5833888370524823
0.5833888370524823
0.5833888370524823
0.5835582747128556
0.5791712183226958
0.5872992102400514
0.5866788007483631
0.5869559050715595
0.5965517795751283
0.6010249685529845
0.6010249685529845
0.6045502498914511
0.6056989644787919
0.6056989644787919
0.6056989644787919
0.6052064857612505
0.6038478581244745
0.6038478581244745
0.6038478581244745
0.6013744343268552
0.6022655840757606
0.6019166415529542
0.5995545300209221
0.5995545300209221
0.5995545300209221
0.5995545300209221
0.5966222287685613
0.5929451809006835
0.5941000842984726
0.5941000842984726
0.5929551512551807
0.5708666410845791
0.5722914686554211
0.5722914686554211
0.5692514341360717
0.5692514341360717
0.5692514341360717
0.5705932306318496
0.5598377041475547
0.5598377041475547
0.5599315964498751
0.5599315964498751
0.5614147117089974
0.5605043496852232
0.5608470366911538
0.5601403943384573
0.5610891063586162
0.5610891063586162
0.5584007503904013
0.5584007503904013
0.5584007503904013
0.5618823434012599
0.5626355127299356
0.5626355127299356
0.5698238934793604
0.5746669112625685
0.5792471016721599
0.5758714250746985
0.5852061720270191
0.5864459255769258
0.5772110584740674
0.5449449718083252
0.5439108192702353
0.5453694162079639
0.5453694162079639
0.5453694162079639
0.5457068961839333
0.5388093397086883
0.5388093397086883
0.5388093397086883
0.5363177701319582
0.5265198246066827
0.5265198246066827
0.5265198246066827
0.5265198246066827
0.524906764716523
0.5271503229131995
0.5262276094593847
0.5262276094593847
0.5244216396689139
0.5247567505172933
0.5247744672344073
0.5243817082104348
0.5243817082104348
0.5247813931403416
0.5243780245635736
0.5007045603562614
0.5150731896174967
0.5147594665940289
0.5147594665940289
0.5147594665940289
0.5182694475825914
0.4998168993076629
0.49208611175574685
0.4919123597673559
0.4851817049760935
0.4851817049760935
0.4851817049760935
0.4760378261471022
0.4763044126886331
0.4763044126886331
0.4763044126886331
0.4763044126886331
0.4763044126886331
0.4787543572212375
0.47299450815730804
0.469230069302216
0.469230069302216
0.469230069302216
0.4747407306152377
0.4696502565239965
0.4737740894707828
0.4727239500770777
0.4727239500770777
0.4729890251047186
0.4729890251047186
0.4729890251047186
0.47774751907265717
0.4799954406697943
0.48681927914701256
0.4885035664555893
0.47770615668053457
0.47683207729747024
0.47683207729747024
0.4748832661692149
0.4748832661692149
0.4748832661692149
0.4748832661692149
0.476456336855615
0.476456336855615
0.476456336855615
0.4751453344322679
0.46802053387781284
0.47106091425133917
0.4811806085149151
0.47917897896824
0.4750519799491232
0.4750519799491232
0.42471394140297714
0.41647407423551247
0.41182266723947075
0.40429505029575163
0.4023004626420039
0.40301812598592796
0.4029587884611911
0.40732760128587653
0.40556386910000813
0.4206470568342675
0.4206470568342675
0.4180153023540483
0.41375219326042667
0.41240090502739646
0.41240090502739646
0.41292270516869234
0.41292270516869234
0.39989024045363647
0.39989024045363647
0.4135562206058686
0.4133773198960975
0.4133773198960975
0.4133773198960975
0.4133773198960975
0.4133773198960975
0.4102921357318077
0.41082112887783606
0.4114660419690698
0.4091221971261284
0.4082889125342674
0.40790541895001164
0.4023941650127382
0.3940996328194534
0.3940996328194534
0.3940996328194534
0.3977129578349092
0.37888955917423717
0.3804903754316343
0.3804903754316343
0.38392471444559634
0.39766429045881563
0.39646696169153395
0.39634632437782874
0.39634632437782874
0.40009946758598364
0.4012455356360169
0.39025692922306354
0.39025692922306354
0.39025692922306354
0.40671033508000354
0.4096156142432363
0.40416828840631497
0.39901219607122557
0.3962541076577916
0.3925941956224858
0.3925941956224858
0.40000602509936345
0.3996116800815706
0.3996116800815706
0.3996116800815706
0.3996116800815706
0.39792572209787325
0.39792572209787325
0.403151304751955
0.403151304751955
0.4093793119283101
0.4093793119283101
0.41190652640870706
0.41190652640870706
0.411803925556129
0.41198197672277403
0.4059603904759057
0.4074978677061602
0.4054037139623149
0.40434739063268155
0.40434739063268155
0.4048606814483411
0.4001818972477979
0.40146893363819297
0.39403406714587014
0.39633838609307576
0.3838916060314245
0.3838916060314245
0.3833817532586216
0.37870093954659095
0.3785941556150432
0.3785941556150432
0.3785941556150432
0.3785941556150432
0.38101548384231304
0.38520218253784116
0.38520218253784116
0.3854921129321183
0.383903073374316
0.383903073374316
0.38801028056571374
0.38801028056571374
0.38706064677315544
0.387082070132015
0.387082070132015
0.387082070132015
0.387082070132015
0.3887728465662294
0.3887728465662294
0.3887728465662294
0.3505863901437664
0.3505863901437664
0.3430022251616056
0.37888955917423717
0.37824269426824536
0.37824269426824536
0.33938088388063326
0.33938088388063326
0.33938088388063326
0.33938088388063326
0.33938088388063326
0.33938088388063326
0.33938088388063326
0.33938088388063326
0.33938088388063326
0.33938088388063326
0.33938088388063326
0.33938088388063326
0.33938088388063326
0.33938088388063326
0.33938088388063326
0.33938088388063326
0.33938088388063326
0.33938088388063326
0.33938088388063326
0.34339007600306026
0.3338482529925996
0.3338482529925996
0.3338482529925996
0.3344957797014378
0.32360897032551245
0.29646897699813596
0.29646897699813596
0.29646897699813596
0.29646897699813596
0.29646897699813596
0.29646897699813596
0.29646897699813596
0.29646897699813596
0.29646897699813596
0.29646897699813596
0.29646897699813596
0.29646897699813596
0.29646897699813596
0.29646897699813596
0.29646897699813596
0.29646897699813596
0.29646897699813596
0.2960962114136399
0.2960962114136399
0.2960962114136399
0.2960962114136399
0.2960962114136399
0.2868155598285153
0.2868155598285153
0.2868155598285153
0.2868155598285153
0.2868155598285153
0.2823647215725958
0.2824565179905294
0.2824565179905294
0.2824565179905294
0.2824565179905294
0.2824565179905294
0.28453081268934455
0.28453081268934455
0.28453081268934455
0.28453081268934455
0.28453081268934455
0.28453081268934455
0.28453081268934455
0.281621124432366
0.281621124432366
0.281621124432366
0.281621124432366
0.281621124432366
0.2787483898327528
0.2787483898327528
0.2787483898327528
0.2787483898327528
0.2787483898327528
0.26495816961238877
0.26495816961238877
0.25935346765214257
0.25935346765214257
0.25453941906466176
0.25453941906466176
0.25453941906466176
0.25453941906466176
0.25453941906466176
0.25598901577888544
0.25598901577888544
0.25598901577888544
0.25598901577888544
0.2582323688701395
0.2582323688701395
0.26084125737033487
0.26084125737033487
0.26054881961617277
0.26054881961617277
0.26054881961617277
0.26054881961617277
0.26054881961617277
0.26054881961617277
0.26054881961617277
0.26054881961617277
0.26054881961617277
0.26054881961617277
0.26054881961617277
0.26054881961617277
0.2594250963778444
0.2661859543413325
0.2661859543413325
0.2661859543413325
0.2299826757977666
0.2299826757977666
0.22917853783836187
0.22917853783836187
0.22917853783836187
0.22917853783836187
0.22917853783836187
0.22917853783836187
0.22917853783836187
0.22917853783836187
0.22917853783836187
0.22917853783836187
0.22917853783836187
0.22917853783836187
0.22917853783836187
0.21889648146681615
0.21889648146681615
0.21889648146681615
0.21889648146681615
0.21889648146681615
0.21889648146681615
0.21889648146681615
0.21889648146681615
0.21889648146681615
0.2173792618192859
0.2173792618192859
0.22004408236119855
0.22004408236119855
0.22004408236119855
0.22004408236119855
0.22004408236119855
0.22004408236119855
0.22004408236119855
0.22004408236119855
0.22004408236119855
0.22004408236119855
0.22004408236119855
0.22004408236119855
0.22004408236119855
0.22004408236119855
0.22004408236119855
0.22004408236119855
0.22004408236119855
0.22004408236119855
0.22004408236119855
0.2201822589282967
0.2201822589282967
0.2201822589282967
0.2201822589282967
