1.7803669903601638
1.6045807094861728
1.602729330988913
1.6039653556050457
1.6016600231293339
1.6118478601431454
1.628027819362514
1.6247282690670655
1.6301165264769022
1.6268755983543717
1.6341978223431386
1.6520709099389248
1.6444235492555177
1.6486152507415641
1.6588603117387621
1.66097360134252
1.6733624452642162
1.6733624452642162
1.6700316451114199
1.6618446212552427
1.6620224092005016
1.6641704545874845
1.6557973899851282
1.6557183989323525
1.654299887933976
1.6518191393760435
1.6558750859756917
1.6558750859756917
1.6558750859756917
1.6642693803078135
1.6684049634423268
1.6615508007331148
1.6601228156294259
1.6693636483467087
1.6779060262185161
1.6692113862648001
1.6910781156657513
1.6880292277690985
1.6880292277690985
1.6880292277690985
1.688858427723113
1.6901178153718484
1.6889187337508087
1.689485602531597
1.6911852918487909
1.6978576627991413
1.698990509352718
1.7124022561544125
1.7124022561544125
1.710145114642587
1.7100558146149345
1.7044336654275987
1.6950024873328136
1.6905607305341368
1.682532444336976
1.6909497483548745
1.688425597896726
1.6974731961634353
1.7047677011843978
1.6872304827273068
1.6872304827273068
1.67769865420619
1.6651374226238602
1.6651374226238602
1.6648114821028055
1.6779097231627242
1.685195738434371
1.6866268724684073
1.676202682462454
1.676202682462454
1.6667147901475579
1.6683713753912353
1.6554128680637423
1.6554128680637423
1.6554128680637423
1.6488746101891618
1.649847654435262
1.6464413510248885
1.6395865341425588
1.6375298490298194
1.632474746738156
1.6349551891503245
1.6488321996750979
1.6442659719685677
1.6398272511652396
1.6325562567045457
1.628496019405627
1.6285557453589838
1.6285557453589838
1.6303479892111967
1.6227853325183423
1.6220064856799612
1.6228470344045778
1.6190120169847027
1.6088176124043132
1.6059011372527812
1.6073942633626552
1.5970836269868436
1.5881697088829834
1.5905549887297261
1.5957832476682698
1.6034562056752426
1.6034562056752426
1.6048443181004344
1.6052461593682
1.602020419095728
1.6016523511007947
1.608732295656209
1.605144799732088
1.5803074025755885
1.5852614932027669
1.5782166803484432
1.5782166803484432
1.5754160242949216
1.5822627352211909
1.5839644467518832
1.579341920049419
1.5739063260896464
1.5770410300466462
1.5735446137857918
1.5650055905428175
1.572896298990896
1.563962581208821
1.574319585021704
1.574319585021704
1.5815428641847997
1.5827121206611532
1.5827121206611532
1.5826655287271023
1.5787448452292367
1.5651266796165058
1.5702602116093891
1.5803738836877432
1.5803738836877432
1.5869212798912766
1.586169044176851
1.582420713676911
1.582420713676911
1.582188009779632
1.586189949734879
1.5602555025676659
1.5587167069184167
1.5522123094098876
1.5490587786332253
1.5488232224798175
1.5486746443409327
1.561405612107636
1.555742143604552
1.555742143604552
1.5601776185554435
1.5601776185554435
1.5598978371664616
1.5632259531369912
1.5821912169849792
1.5847440049148087
1.5741033102225717
1.573459342960303
1.5741813946381933
1.5873694221798909
1.599013942115268
1.601557454277593
1.6056772311142795
1.6041355292744037
1.627409571414619
1.628143973213642
1.6297073878415913
1.629458285921101
1.6316186097536711
1.6287123750087207
1.6170015412185068
1.6157086734378272
1.6141697569532532
1.6141697569532532
1.624001107718584
1.6207332735916686
1.6213200536736574
1.6213200536736574
1.6213200536736574
1.6143136953578368
1.6143136953578368
1.6149782799364705
1.6104276655791183
1.583316020271548
1.583316020271548
1.572749335755712
1.5760116510817157
1.5663381593339119
1.5661504108501578
1.5697728769990016
1.574113337212357
1.5597039530209846
1.562165052353125
1.5587970183107123
1.5616908519314792
1.5633879337187717
1.5649546531657583
1.5628922154356049
1.5671074369149447
1.5681096444919769
1.5688754993371623
1.5675071563513139
1.562979406801735
1.5547887339087547
1.5320255849198798
1.5330609945577618
1.5330609945577618
1.536370637765648
1.5347293899703798
1.5266571145421513
1.5277978443968638
1.5250094732006028
1.5278329350241089
1.527700010824153
1.523921641012653
1.5350556609641464
1.5350556609641464
1.5383762686354365
1.5383762686354365
1.5446472237403612
1.5218857269567507
1.5218857269567507
1.516201973687934
1.5199340882040637
1.5182721493553721
1.5159070759354294
1.503747776239708
1.489109451956545
1.490533066483147
1.4860351995079528
1.4841199352363252
1.4888357193181136
1.486032275889139
1.4797872141902235
1.4815396133665448
1.4838676593252387
1.4843270414836582
1.4843270414836582
1.4725430538609903
1.4684556554157961
1.477118610544016
1.49116025277538
1.49116025277538
1.4875819461755535
1.4894841639142193
1.4853714146757828
1.4853714146757828
1.4819643747360964
1.4819643747360964
1.4716944632265585
1.4680624672976026
1.469081588132287
1.4622977983003682
1.4610503585407038
1.4610503585407038
1.4437896595971098
1.4423477485720457
1.4423477485720457
1.4457130920890895
1.4447781378212494
1.4438100000491807
1.4153299953203191
1.4107827918601301
1.4107827918601301
1.402979212371597
1.412494428520535
1.412734674683606
1.412734674683606
1.4093092002607328
1.3899497274435675
1.3890892650356088
1.3890892650356088
1.398561284701112
1.4046410243628706
1.4046410243628706
1.406925071684012
1.401695222670319
1.4000985312502532
1.4048594884175385
1.381451298159995
1.3833512689759357
1.3781494973207553
1.3759926654003931
1.3808906343257095
1.3816465561183642
1.3829617044594444
1.380203087717013
1.3587468330197676
1.3587468330197676
1.3569508700213269
1.3515938027527885
1.351844487982139
1.3586713328011188
1.3548676140739473
1.3458084108853094
1.3294640067332744
1.3278780419050942
1.3278413326189413
1.3110620292179405
1.3241659572622422
1.3160309012882332
1.3156088390707938
1.3258655483251571
1.3213686628404646
1.3209531019734573
1.3209531019734573
1.3209531019734573
1.3209126702864606
1.3302234932459547
1.329516447704669
1.329516447704669
1.3230186594822995
1.3223131045961982
1.3271850894441937
1.3230835300232449
1.3308054337186874
1.3314194694692525
1.3166888207181318
1.3199439445675452
1.319329675976527
1.323982994709575
1.3217555429380212
1.3175328595584197
1.3016973320718048
1.2873814674240656
1.2913618323283593
1.2809057273602735
1.2794181363243027
1.277917063464849
1.268823913776263
1.2664693896357635
1.259029692724376
1.2551258467639725
1.2429467217431804
1.2401385691580125
1.2422354817317491
1.2422354817317491
1.254397426042418
1.256093447988636
1.2574477402850028
1.252183936570697
1.2515837747378287
1.251455866634396
1.2504000104214104
1.250564858041015
1.2595778525449872
1.2611683889177472
1.2620437488334264
1.2539492353268162
1.2492884383521086
1.2543176211356315
1.2527248809722842
1.2494176627121965
1.2439137584594888
1.2392057052810719
1.2427437656034832
1.2426482755588686
1.2409838617998923
1.2440638815331861
1.2385853139127008
1.2384006234547045
1.221816714317816
1.220524284058658
1.2157595623816406
1.215184480147392
1.2160322659162677
1.2160322659162677
1.2143151372018612
1.2127141362416773
1.2149659157528134
1.2111068199237456
1.2146856312462253
1.218903243766386
1.2260449704437753
1.2224933442316752
1.200694062825117
1.1899841976681433
1.1899841976681433
1.1901675700094032
1.188917977606696
1.189426379480921
1.1884666204043202
1.1889756080098561
1.194584084528038
1.1963199297171048
1.1960719996185165
1.1960719996185165
1.195007248793939
1.195007248793939
1.19682288058149
1.2049015584333542
1.2278820395946919
1.2278820395946919
1.226125611397974
1.2260031820962565
1.2260031820962565
1.2241854424004963
1.2254936496381634
1.215491435221228
1.2072905547325303
1.2072905547325303
1.208615320131032
1.2059921095049875
1.2169170992520737
1.2096743935093022
1.2069445088986528
1.1834609100886848
1.173511158086815
1.1739081072947153
1.1739081072947153
1.1734671341103386
1.1821955907898545
1.1821955907898545
1.1567741676105179
1.143765392610974
1.1382702435132992
1.1382998875164563
1.1381907888034917
1.1121217508686783
1.109872546207682
1.109872546207682
1.1013653959402658
1.098295078493041
1.098295078493041
1.0970555231368417
1.1017589339179992
1.0923457923201263
1.0794087597177346
1.0794087597177346
1.0794087597177346
1.0776250724761771
1.0778763122246466
1.0775307938435383
1.0789235213707027
1.0818840738692426
1.0794198916032636
1.0744330562962168
1.073478696907027
1.0858376129795673
1.0863436908624675
1.085540876441589
1.0785355791968805
1.0792412906766762
1.065408555625665
1.0587707958146315
1.0587707958146315
1.0528544469176637
1.0555932206997491
1.0461030117644285
1.0409647196661846
1.0349645638016804
1.0456099378928485
1.0441719014206985
1.0468057618286282
1.05355725100187
1.0525585913072828
1.0586472397228623
1.0669989869691738
1.0652460017730734
1.0652460017730734
1.0548198144741967
1.053447501734323
1.053447501734323
1.0516453157451446
1.0524648775977188
1.0524648775977188
1.053303897908062
1.048037419412345
1.04875192556081
1.0488805291927004
1.0603102228360508
1.0601452312443658
1.0637020989209058
1.0637020989209058
1.068309993658181
1.0406316285117552
1.0589842123654427
1.0583219604678749
1.0582851748984614
1.0582851748984614
1.0626941868073831
1.062850325760555
1.0635363561833011
1.0635363561833011
1.0630777682958674
1.0654949007844987
1.0622320598423254
1.0637465463628888
1.0640131590916992
1.0640131590916992
1.0626046698006855
1.0626046698006855
1.06561937717302
1.0665826410515034
1.0621934526141432
1.0382660064108844
1.040474330206223
1.0286113661537915
1.0361914164312467
1.0284685871436576
1.031068343343524
1.0313248998451776
1.043701489147735
1.0412913815623073
1.0428689034387812
1.057987537827137
1.06665139468233
1.065629217265715
1.065431828293039
1.0678788878482453
1.0817176548282514
1.0923006712419203
1.0936962101945098
1.1053840719917971
1.0962101355489149
1.0992746119137764
1.10229088187925
1.1098981948555333
1.1146228719462954
1.1057113606279627
1.0997540890622723
1.0984605940189114
1.0970981238016548
1.0871423334424806
1.0770888261060676
1.0800042779879866
1.0788240863710168
1.0771818395024593
1.0681252708708155
1.0665121697819506
1.058638682095773
1.058638682095773
1.060892609683041
1.0648852060482181
1.050433405913594
1.0392672843964275
1.0250347759725043
1.0214104617290296
1.0238010395216843
1.0240875442398523
1.0254851694442548
1.0170411199934533
1.0121792207453217
1.0161328090535595
1.0158130024090986
1.0153671079860782
1.0074962390224955
1.0149388225606426
1.0157993905084823
0.9975582472559766
1.0044144256294718
1.009028551863255
1.009028551863255
1.0191297421380574
1.012735888041008
1.012735888041008
1.0075623765431794
1.0075623765431794
1.0046956028853962
1.0002932815334569
1.013179052131159
1.0031551941215824
1.0028913413579437
1.0028725777780294
1.0028725777780294
1.0028725777780294
1.0052087094499011
1.005586264882568
1.0148285265276027
1.0148285265276027
1.0072379332585848
1.0019378738962719
0.9966456858854409
0.9876252459234464
0.9859784272455624
0.9918502540775419
0.9945454728982551
0.9945454728982551
0.994288836602862
0.9910045920855349
0.9910045920855349
0.9862956399193523
0.9856370924635565
0.9881914874995663
0.9951486210827842
0.993910597462757
0.9913347633551431
0.9890829234534557
0.9860111856410798
0.9860111856410798
0.9879701373067582
0.993306327524001
0.9810782419812548
0.9792427730459115
0.9792427730459115
0.9776586485292288
0.9627487735454153
0.9732250693118062
0.9788745624174
0.9797652608295191
0.9685144408896008
0.9643976931428127
0.9681265645170726
0.9689090451017757
0.971115741761226
0.9679964280613081
0.9654467115478697
0.9668974780081576
0.9688160346404009
0.9775459613843783
0.9654240576473754
0.9676050026165974
0.9599920714278094
0.9654999966601739
0.9820012805090783
0.98272140262446
0.9663961378133832
0.9692538782339118
0.9692538782339118
0.9692538782339118
0.9797000812168771
0.9893598200079956
0.9943148366492737
0.9979828304743031
0.9939558783486133
1.0018347739410949
1.0014546679943086
1.0014546679943086
1.0051830715867276
1.0051830715867276
1.0103604948917433
1.005827718155199
1.005827718155199
1.0067149538255225
1.0045015103345396
1.0091991194136614
1.0076981955191147
0.998903512479415
1.0253370185583677
1.0248969035174476
1.0325640926292716
1.0325640926292716
1.0377245772666115
1.0381784279958846
1.0399841863775785
1.0399073905200995
1.057327002242353
1.057327002242353
1.056391300918147
1.0546096695329945
1.0546096695329945
1.0546096695329945
1.0603737945997727
1.0823959833468193
1.082524329878084
1.078037570944286
1.0819984489685657
1.0813499584905666
1.0820179162558925
1.0820179162558925
1.0813579235479205
1.0745777358417765
1.075100914167078
1.0742951998834733
1.0777026046637623
1.0668989680945955
1.0659304444750688
1.0637763410067602
1.0674744842645372
1.0456519349579827
1.0438689472134528
1.0449934438123925
1.0449934438123925
1.0421206118734543
1.0524561363467884
1.037934537903395
1.0293183596505104
1.0226737169385711
1.0187821063487332
1.0128501800960552
1.0147378029005862
1.014117410038148
1.0164451175648128
1.0164451175648128
0.9963115091872509
0.9984375039088715
1.0113696358169562
1.0187004300820286
1.0162732508887788
1.0327634413672415
1.0356609058906683
1.0332834130618278
1.033051891214301
1.034215484905251
1.033023360178849
1.0249838384053505
1.0369615777206198
1.0369615777206198
1.0369615777206198
1.0309830786948073
1.0279020343071144
1.0188783203861576
1.0264062827513
1.0264062827513
1.0266571380187126
1.0242948419759788
1.0297650711307615
1.029848207807035
1.029848207807035
1.01214808073744
1.0013302906102284
1.005484412293278
1.0096970439050998
1.005878262106814
1.0073380674389998
1.0137176255506866
1.011367642235213
0.9968458710695508
0.9966176423043096
0.9906419689124527
0.9798252669876533
0.9810925054426186
0.9810925054426186
0.9888054257442261
0.9888054257442261
0.9848105244480297
0.9836568380965719
0.9836568380965719
0.9853357182002628
0.9949702790612774
0.9949702790612774
0.9895147739147645
0.9943102672957519
0.977897342236153
0.9803872275873806
0.977983142579555
0.977983142579555
0.9816982726055085
0.9816982726055085
0.976982082942201
0.9758973708109102
0.9781080347758283
0.9767454536229021
0.9676334480788865
0.9573514354276457
0.9573514354276457
0.9617330632551662
0.9599394856991245
0.9599394856991245
0.9599394856991245
0.969962222912189
0.9748910856747697
0.9752444801059916
0.9724364929538343
0.9685898183421661
0.9724154063775485
0.9602320655247474
0.9502628258286706
0.9532333918407319
0.9459039313159792
0.9429215844485471
0.9268280082320791
0.9278620299449473
0.929068675944228
0.9352694571701914
0.9381199063910169
0.933605797001139
0.9234163309861034
0.9234163309861034
0.9449593248379041
0.9359724629026684
0.9370034621313365
0.9370034621313365
0.9333668403116757
0.9343829049729844
0.9393315790366767
0.9298773537645677
0.9288403608780038
0.9308993590261415
0.9325708263440061
0.9360222232647218
0.9360222232647218
0.9377558651512585
0.9376316584612653
0.9554035482400849
0.9521521542278981
0.9545990639651774
0.9545990639651774
0.9534696497317132
0.9453073533811432
0.9452925197015555
0.9452925197015555
0.9376658763583471
0.9306676925509528
0.9345397931436839
0.9219422239123878
0.9247881752784727
0.9243717208660587
0.9254958780985058
0.9208005407357508
0.920823060495277
0.9170823805990291
0.9170823805990291
0.9174592441457192
0.9200458579299963
0.921442341782874
0.921442341782874
0.9202407969476454
0.9202407969476454
0.9179713447963553
0.9179713447963553
0.9139950034398757
0.9139950034398757
0.9124908551401117
0.9118199034727504
0.9119854879326389
0.9096135685789402
0.9096135685789402
0.9110115898587449
0.9094576401428709
0.911344256436565
0.9107320089672619
0.9074540665240515
0.9085595322455898
0.9102376028037864
0.9115415557552412
0.9096345818023277
0.9065762989060241
0.9065762989060241
0.9125217956917634
0.9112178102383532
0.9120540326726977
0.9120540326726977
0.9089577895122057
0.9089577895122057
0.9125677369524939
0.9132635542753975
0.9048162928948876
0.9048162928948876
0.8913646033209994
0.8910545366954171
0.9017572954845713
0.8976495679755214
0.8969980148126849
0.8969980148126849
0.8969980148126849
0.8994131597751435
0.8951868196508949
0.8898939459584693
0.8891789342017453
0.8927616296891466
0.8955588153863822
0.8955588153863822
0.8797190239757449
0.8797190239757449
0.8857887680169193
0.8857887680169193
0.8837981970250489
0.8843232137691184
0.8843232137691184
0.8833912154140676
0.8807566002142485
0.8762790929773316
0.8762790929773316
0.8745698521700214
0.8745698521700214
0.8776309529512435
0.8776309529512435
0.8825063861465701
0.8749033767873979
0.8728182962026021
0.8757076619839511
0.8728138087681897
0.8728138087681897
0.8749944355747918
0.8749944355747918
0.8749944355747918
0.8749944355747918
0.874077256797567
0.8681347357802575
0.8741023257867271
0.8866243482731623
0.8868566797026061
0.8868566797026061
0.8931192203317984
0.8931192203317984
0.8837461256609329
0.8842904759489335
0.883129403835838
0.880362895984241
0.876166665967399
0.8644972072228575
0.8803385678707488
0.8871439364636683
0.8862851912860145
0.8872858371911131
0.8872858371911131
0.8873198890214324
0.8869741678342158
0.8882252844038847
0.8824947931776099
0.8883015699116636
0.8883015699116636
0.8971525235499189
0.8968539115429582
0.8968539115429582
0.8888608015777731
0.8838565369150342
0.8827519555640537
0.8827641638459388
0.8827641638459388
0.8783962322331987
0.8445537797650875
0.8445074642460949
0.8445074642460949
0.8411960588150436
0.8505029265796422
0.8525426341716328
0.852558740984263
0.8562303674287282
0.8453680672941537
0.846426950169215
0.8491845786275475
0.8495381638179483
0.8421126007090081
0.8421126007090081
0.8421126007090081
0.8342511092737973
0.8342511092737973
0.8342511092737973
0.8398296548835431
0.8398296548835431
0.8398296548835431
0.8318031105224234
0.8324672250263642
0.8496744269112592
0.8496744269112592
0.8512642266851852
0.8475049051690055
0.8480365175361827
0.853304969770671
0.85267563608785
0.8496329965054101
0.8496329965054101
0.8496329965054101
0.8524075341852927
0.8524075341852927
0.8524075341852927
0.8524075341852927
0.8524075341852927
0.8304011636104994
0.817303780279633
0.815140724868067
0.8259601962187163
0.8253280828177477
0.8338341519537278
0.8337730950811078
0.8324783890299163
0.8324783890299163
0.8335869959127741
0.8335869959127741
0.8223153651259305
0.8259335123743197
0.8286337618820826
0.8286337618820826
0.8286337618820826
0.8504734333341837
0.8466353823272077
0.8466353823272077
0.8510656390174436
0.838906084005689
0.8385837255416208
0.8385837255416208
0.8386603472123639
0.8406430859662039
0.8437155897976448
0.8437155897976448
0.8437155897976448
0.8437155897976448
0.8568789313997687
0.8568789313997687
0.8520519325830624
0.8517323544347803
0.8517323544347803
0.8522492603529406
0.8485695895966661
0.8404695588339001
0.8251641466560701
0.8142525457428613
0.8385094026580829
0.8385094026580829
0.8290816978989992
0.8336079354810148
0.8375954830490125
0.8344839105529487
0.8247570162015532
0.8140029729933342
0.8140066758249775
0.8110204466596909
0.8110204466596909
0.8093295428403768
0.8093295428403768
0.8145543115669817
0.8145543115669817
0.8176025771346457
0.7969187447572765
0.7949377352461124
0.7949377352461124
0.7852254499091759
0.7852254499091759
0.7874334835472052
0.7870206776523153
0.7861224406632502
0.7836472624500226
0.784277832441074
0.7841496712721472
0.7841496712721472
0.7848698299005998
0.7848698299005998
0.7701467315362202
0.7759297483076851
0.7765878795039466
0.7765878795039466
0.7793137240972015
0.7802067124474312
0.7431663245121717
0.7431663245121717
0.7401365065270739
0.7419519386424273
0.7428794704045869
0.7449527261309967
0.7449527261309967
0.7559982251536587
0.7559982251536587
0.7559982251536587
0.7560847591890869
0.7435112698255668
0.7427831830381358
0.7413644147446761
0.7399912734804404
0.7390602281339388
0.7466881096013065
0.7466881096013065
0.7448640705361985
0.7393216702283886
0.7349291546257338
0.7350853649734295
0.7321660464462867
0.731863895366159
0.7346920687581757
0.7255472374415866
0.7255472374415866
0.7219420554778347
0.722183177715483
0.7361577217064533
0.7400690062863352
0.7400680666119193
0.7393997117408612
0.727661713457897
0.7275200676489424
0.7173117855374245
0.7182619627493055
0.7220151249716104
0.7272479913458685
0.726501215197438
0.7111606098938869
0.725647814191764
0.725647814191764
0.729759705487779
0.7303777654472468
0.7305311893888494
0.7292568121355049
0.7292568121355049
0.7292568121355049
0.7256852715944372
0.7256852715944372
0.7256852715944372
0.7242200314736174
0.7255850868819677
0.7261794566312337
0.7261483255939614
0.7270918917329946
0.7207905715157342
0.7207905715157342
0.7207905715157342
0.7060221759340132
0.7060221759340132
0.7060221759340132
0.7069566116566948
0.7069566116566948
0.7069566116566948
0.7058292609481249
0.7058292609481249
0.7058292609481249
0.7153553750697593
0.7116280207147371
0.6935039824046294
0.6860305922200453
0.6860305922200453
0.6860305922200453
0.6807129842586677
0.6746173593699688
0.6746173593699688
0.6621212709241039
0.6615208143861092
0.6627570573786216
0.6530758189648952
0.6511322590416877
0.6497043291631911
0.6507513770705312
0.6516025497455087
0.652896597552379
0.652896597552379
0.6501617039109573
0.6486396066964729
0.6509479275593526
0.6560628772560407
0.6583495774261796
0.6583495774261796
0.655077262781639
0.6567489811946828
0.6434236996699977
0.6434236996699977
0.6463631191653204
0.6504192007382108
0.6492858743222837
0.6501851981931319
0.6372319928497606
0.6354730440390678
0.6349855620680207
0.6459219961529858
0.6459219961529858
0.6430733972388875
0.6430733972388875
0.6430733972388875
0.6436606206232474
0.6417412320259867
0.6417412320259867
0.6417412320259867
0.64235659665379
0.6470940276676443
0.648307210557231
0.6486367807267311
0.6398092136835022
0.6382822789045118
0.6420890525179984
0.6458553134631244
0.6458553134631244
0.6418876951063123
0.6420729616899548
0.6400537542450185
0.6485113878950735
0.6475712709871363
0.6439569337654983
0.6432851269402414
0.6432851269402414
0.6495013066450759
0.6486851366573371
0.6479403420070862
0.6499048471058929
0.6536783683736238
0.6536783683736238
0.6589346248294795
0.6589346248294795
0.6616416388181393
0.6614628077290448
0.6632032501835026
0.6639069518466894
0.6639069518466894
0.6603584567791194
0.6673568164281454
0.6660969670774654
0.665180216925668
0.662683110105044
0.6630220647378212
0.6651991078371688
0.6651991078371688
0.6444513308967604
0.6472162617007304
0.6478286882553702
0.6478286882553702
0.6478286882553702
0.6474651678075855
0.6474651678075855
0.6504854393337149
0.6519543824521142
0.6511172158143326
0.6416312247685506
0.6416312247685506
0.6154875651110568
0.6032311193137225
0.605724665153711
0.603237447247227
0.603237447247227
0.5775199715851417
0.5762434938273526
0.5890346968119355
0.5860085532990388
0.5749497756628332
0.576104574903188
0.5603839306858228
0.5603839306858228
0.5603839306858228
0.5591188049396784
0.5779938351642209
0.5688551427307508
0.5748963318374092
0.5610971250525828
0.5603230327723097
0.5534348409205638
0.5534348409205638
0.5514897301268227
0.5511230569334593
0.5502199542124766
0.5502199542124766
0.5502199542124766
0.5425398176334455
0.5631067044705892
0.5631067044705892
0.5631067044705892
0.563348839434686
0.5616808028067372
0.5638670299074353
0.5638670299074353
0.5680475736573769
0.5712456982020051
0.5621165915042104
0.5485639699090836
0.5485639699090836
0.5451176027630161
0.5451176027630161
0.5484577816061856
0.5484577816061856
0.5424798106389562
0.5453608207592328
0.53875664020697
0.5389165324782421
0.5348236497745422
0.542676393520113
0.5411300378521762
0.5264568142511582
0.5395326228940333
0.5478493994000054
0.5406876968402049
0.5406876968402049
0.5406876968402049
0.545765977351536
0.545765977351536
0.545765977351536
0.545765977351536
0.5481787620797898
0.561973370678336
0.561973370678336
0.561973370678336
0.5513325403544665
0.5539775226073769
0.5539775226073769
0.5551370340211829
0.5551370340211829
0.5552118594005055
0.5545046974475817
0.5545046974475817
0.5545046974475817
0.5545046974475817
0.5553267224528438
0.5518216451718819
0.5572894443929319
0.5569300346118884
0.5565600377186521
0.556435226970479
0.5583186943910684
0.549070660594838
0.5505622441722027
0.5483714675474489
0.54893927883977
0.5338559443173082
0.5367115610746058
0.5381693591993122
0.5222336414441158
0.5300843941179849
0.5300843941179849
0.5362337545091692
0.5625751196904575
0.5625751196904575
0.5625751196904575
0.5625927998430411
0.5551982490463236
0.5555760146974176
0.5640760813866603
0.5640760813866603
0.5640760813866603
0.5640760813866603
0.5640760813866603
0.5640760813866603
0.5682028586845158
0.5682028586845158
0.564937697573387
0.564937697573387
0.5657558270048745
0.5630388466624817
0.5862130730105437
0.5890240385072304
0.5850866997534797
0.5850866997534797
0.5850866997534797
0.5850866997534797
0.5850866997534797
0.5850866997534797
0.5850866997534797
0.58245825248043
0.58245825248043
0.58245825248043
0.5823984881465345
0.5806860722044721
0.5806860722044721
0.5866256280371532
0.5828335415759435
0.5828335415759435
0.5806253991436302
0.5806253991436302
0.577254039434976
0.5795229038529272
0.5837583497807195
0.5874946147021854
0.5903347634834011
0.5906822551684812
0.5900096158852152
0.5930674026622254
0.5956490851193258
0.58915095154498
0.5884935417418132
0.586519404711381
0.5859456425490979
0.5856248358654204
0.5770069886671347
0.5692996756436045
0.5640013144973269
0.5640013144973269
0.5610030584493836
0.5556387479869377
0.5579663238993599
0.5618683393848738
0.5511673281686225
0.5518016562396216
0.5365849375491759
0.5346710769312613
0.5510241813433391
0.5456441433043796
0.5486680546671037
0.5573079728928063
0.5550876628468276
0.5550876628468276
0.5550876628468276
0.5550876628468276
0.5545251758748786
0.5545251758748786
0.5548898465673887
0.5542135450448031
0.5536309376755305
0.5536260425466699
0.5564035080016438
0.5571234923125975
0.5571234923125975
0.5545442875194655
0.5545442875194655
0.557034224095579
0.5528658783210165
0.5528658783210165
0.5528658783210165
0.5528658783210165
0.5528658783210165
0.5527198765140094
0.5533204754044772
0.533622334328896
0.533622334328896
0.5325420912515978
0.5325420912515978
0.5304329354103294
0.5304329354103294
0.5395399925304454
0.5395399925304454
0.5395399925304454
0.5395399925304454
0.539612418477782
0.5517168631884232
0.5456596360352622
0.5467138321496883
0.5467138321496883
0.5467138321496883
0.5472328769873124
0.5468813813819633
0.5468813813819633
0.5464322115317107
0.5464322115317107
0.5464321288372073
0.5250425291608127
0.5250425291608127
0.5248067232182823
0.5248195758044365
0.527799217429312
0.5275376125176808
0.5101739734297002
0.5089529685333594
0.5089529685333594
0.5089529685333594
0.5043849660333222
0.5043849660333222
0.5043849660333222
0.5118263128571131
0.5125174848668842
0.5124869910973785
0.5124869910973785
0.5189640334108055
0.5252365745254342
0.5252365745254342
0.5254979665350188
0.5254979665350188
0.5254979665350188
0.5254979665350188
0.5254979665350188
0.5219623007566587
0.5219623007566587
0.5219623007566587
0.5300658713860315
0.5329461327137444
0.5329461327137444
0.5329461327137444
0.5329461327137444
0.5329461327137444
0.5346668131614284
0.5151575223555765
0.5151804342987316
0.5151804342987316
0.5147365367358268
0.502004245128009
0.501403568620081
0.5013408600605557
0.4823934737211142
0.4823934737211142
0.47206001265494507
0.47206001265494507
0.4712685958221681
0.4703844098421516
0.45755353695303574
0.4532239418848659
0.4490618335720826
0.44821279658833096
0.4499383717855459
0.4553281514354577
0.4553281514354577
0.4537081765116573
0.4537081765116573
0.4537081765116573
0.4540660695063241
0.4540660695063241
0.4540660695063241
0.4540660695063241
0.45347355304879716
0.4533934356320881
0.44634815453410515
0.44634815453410515
0.44634815453410515
0.44659401181287584
0.44659401181287584
0.44659401181287584
0.44659401181287584
0.44665474425898655
0.44665474425898655
0.44665474425898655
0.44665474425898655
0.44665474425898655
0.44665474425898655
0.44665474425898655
0.4460856607987742
0.4460856607987742
0.4460856607987742
0.4460856607987742
0.4460856607987742
0.4460856607987742
0.4460856607987742
0.425673697479484
0.425673697479484
0.42542941199736634
0.4182673846112498
0.4182673846112498
0.40362995845114413
0.40362995845114413
0.40362995845114413
0.40362995845114413
0.40362995845114413
0.40362995845114413
0.40213179760219164
0.40283395633504643
0.40283395633504643
0.40283395633504643
0.40283395633504643
0.3951024059460098
0.3951024059460098
0.3951024059460098
0.3951024059460098
0.3951024059460098
0.3951024059460098
0.3951024059460098
0.39607266160252674
0.39607266160252674
0.39607266160252674
0.39607266160252674
0.39225303292097896
0.39225303292097896
0.39225303292097896
0.39225303292097896
0.39225303292097896
0.39225303292097896
0.39225303292097896
0.39225303292097896
0.39225303292097896
0.39225303292097896
0.38596770559734767
0.38596770559734767
0.38596770559734767
0.38596770559734767
0.38596770559734767
0.38596770559734767
0.3869591361523589
0.3886907126983671
0.3886907126983671
0.3886907126983671
0.3886907126983671
0.38829414163828924
0.38829414163828924
0.38829414163828924
0.38829414163828924
0.38829414163828924
0.38829414163828924
0.38829414163828924
0.3844265242834344
0.3844265242834344
0.3864993526781267
0.37550938038307
0.37412477566143043
0.3701310524725475
0.36412521958006455
0.36429168013632224
0.36429168013632224
0.36429168013632224
0.36429168013632224
0.36429168013632224
0.36429168013632224
0.36429168013632224
0.36429168013632224
0.34684286305742884
0.34684286305742884
0.34684286305742884
0.34684286305742884
0.34684286305742884
0.34684286305742884
0.34684286305742884
0.34684286305742884
0.34684286305742884
0.34883721494752673
0.34883721494752673
0.34883721494752673
0.3477377723006305
0.3477377723006305
0.3477377723006305
0.3477377723006305
0.3477377723006305
0.3477377723006305
0.3477377723006305
0.3477377723006305
0.3495762462071573
0.34896194640265393
0.34896194640265393
0.34896194640265393
0.34896194640265393
0.34896194640265393
0.34896194640265393
0.34896194640265393
0.34896194640265393
0.34317401706919204
0.3431627030746816
0.3431627030746816
0.3431627030746816
0.3431627030746816
0.3431627030746816
0.3431627030746816
0.3431627030746816
0.3431627030746816
0.3431627030746816
0.3413011416673047
0.34041974322877383
0.34041974322877383
0.34041974322877383
0.34041974322877383
0.34041974322877383
0.34041974322877383
0.34021042567863435
0.34021042567863435
0.34021042567863435
0.34021042567863435
0.34021042567863435
