0.0466667 -0.14945978043959535
-0.0866667 -0.1244275967863509
-0.3733333 -0.3508088468649332
-0.1533333 -0.06749125397045552
0.0366667 -0.05884131730254866
0.0066667 0.07067601385675648
0.7633334 0.9152206784092809
0.61 0.6325725195058858
0.3833334 0.3338856263479035
-0.28 -0.2825622697911696
0.56 0.5674633585452298
0.1633333 0.06318925682442644
0.1266667 0.17501955273670503
-0.71 -0.6983361062418458
0.9666667 0.9909152059260236
-0.86 -0.8317919542252221
-0.59 -0.6566182899961972
-0.2366667 -0.2310209972555886
-0.4033333 -0.6158709017373223
-0.7566667 -0.8306003930780108
0.7133334 0.7250806145466613
0.4233333 0.2605095805456483
-0.2933334 -0.3593769060931093
0.72 0.6746588288017537
-0.9666667 -0.9040602095161405
-0.9966667 -0.9002804305196124
0.9833333 0.9594984807350349
-0.6666667 -0.4198606209094905
-0.17 -0.050096894010710824
0.9 0.9510931038297621
0.03 0.11219437138289112
0.27 0.2621203547514583
