0.0466667 -0.05016164854337457
-0.0866667 -0.09565095968960513
-0.3733333 -0.40142016039289236
-0.1533333 -0.083837961396102
0.0366667 -0.03680575697573801
0.0066667 0.062058498902392234
0.7633334 0.6754277162224034
0.61 0.4113290047534149
0.3833334 0.39009614518174485
-0.28 -0.29761120361640586
0.56 0.666212103050392
0.1633333 -0.02480401037417046
0.1266667 0.0442036114700885
-0.71 -0.8031164987878364
0.9666667 0.9389281472492832
-0.86 -0.8184099792718644
-0.59 -0.5434473330055414
-0.2366667 -0.27326740328336085
-0.4033333 -0.5528909530525994
-0.7566667 -0.7099017100542512
0.7133334 0.7471891053105453
0.4233333 0.35554348589919343
-0.2933334 -0.2974372954455241
0.72 0.6059315148171431
-0.9666667 -0.7515940163647428
-0.9966667 -0.7990647135454418
0.9833333 0.9243526073946061
-0.6666667 -0.4791013934342273
-0.17 -0.05494471577274418
0.9 0.9568963059624126
0.03 0.05982774360461551
0.27 0.22012388359928597
