1.4822345012999207
1.259030806652411
1.2603340857025451
1.265454575241695
1.2636466247668394
1.26399053277915
1.2628925126139514
1.2628925126139514
1.262428696648294
1.2624088090350931
1.2609823087126895
1.271512878012916
1.271512878012916
1.271512878012916
1.2712528387179507
1.2861411054232113
1.2861755193313242
1.2829866491155244
1.2804943535861466
1.2763749758465033
1.2864487205355681
1.2843360380466269
1.283884726801525
1.276070248924822
1.2749228809344466
1.2692809416196187
1.2699027769324114
1.264691347081295
1.2494219477516775
1.249163030681878
1.2490101139250394
1.2488952093495418
1.2488952093495418
1.2488952093495418
1.2241145093160983
1.2248703223305892
1.2006566003694126
1.2107634134386522
1.2148453699173705
1.214209217394719
1.2114544689791653
1.2025120416737263
1.2025120416737263
1.2002910302590626
1.203768863529406
1.2008837201781293
1.1997356536369976
1.2195195883958057
1.2363374376446368
1.2405866423619334
1.243129566282715
1.2404005760678292
1.228692747232617
1.2287154877542013
1.2219706024887762
1.2221367840286146
1.2141809411509583
1.2196139492403262
1.21860215832748
1.1976374421156977
1.190150511459656
1.186786983660645
1.186575301397152
1.1924344819917834
1.2021746466098224
1.1812732629825098
1.1812732629825098
1.190116379074563
1.1879205054720767
1.1835044941425212
1.1897077275934584
1.189621516844794
1.1891614866704718
1.1953096071986429
1.1899068077658606
1.189330432673649
1.189330432673649
1.2028746960044305
1.2010981241822205
1.2007341206203428
1.2024322187824759
1.2094546022598303
1.2129040592912037
1.2166336028944666
1.2158238288073064
1.2264678138372347
1.2227330162476069
1.2226760673671926
1.2378751362103322
1.237780361689981
1.237780361689981
1.217537862724245
1.223060666670002
1.2264757451669792
1.2357259625491563
1.2420390682902833
1.2416685915093737
1.2396410699332872
1.2142884589051968
1.2095415638602653
1.2056756358843401
1.1851675247516613
1.1851675247516613
1.1827102810284944
1.1695882192348812
1.164164356530345
1.1563276513752363
1.156956617409992
1.1484047391663688
1.1405156304585549
1.1369789261150984
1.1323676458596494
1.1323828301858336
1.1342100875500873
1.1454533353919447
1.1544683152463948
1.1544683152463948
1.1657810366021637
1.1657810366021637
1.1657810366021637
1.1668307267796856
1.1590151112664207
1.1593005447565254
1.1568439800071217
1.1460458235670217
1.1455102247940654
1.136046445942601
1.136046445942601
1.1404373579102527
1.1510861976063378
1.1547440879193775
1.1612306308777507
1.1555730659788712
1.1535464895855037
1.1516282968563194
1.153749572149372
1.1709675681647513
1.1709675681647513
1.1726427149162475
1.148271508836435
1.1485153395128438
1.1489894773519829
1.1464198807674286
1.1485178548057438
1.1485178548057438
1.150111234903629
1.160939579832196
1.1612070869083517
1.1510543396345623
1.159438557473298
1.1570863343812718
1.1451662478765068
1.1281658912220787
1.1069311310599175
1.1069311310599175
1.1121206380196034
1.1152418336621543
1.1085216266516087
1.111641185665775
1.1002608847767985
1.1055498405180515
1.1042286913418338
1.1042286913418338
1.1042286913418338
1.1042286913418338
1.1040178701281373
1.1001166611477882
1.1057339400444621
1.111320928488945
1.0963657860068745
1.0951790718884378
1.0941108327471576
1.093347814363708
1.089830137621291
1.0876276461461192
1.0842219392167274
1.085306298752708
1.085306298752708
1.0852905310964343
1.085055772952716
1.082415986895562
1.0660842616418995
1.0688564498409572
1.0688564498409572
1.0591796515649397
1.0385834025534637
1.0385166536149277
1.0231789893055871
1.0251186346021224
1.030742605643985
1.0295048105330165
1.0295048105330165
1.039737366498274
1.0402310189213968
1.0359762675635589
1.0372712747127593
1.0389655373426416
1.0310132673284456
1.0271698634477584
1.0396549524529524
1.0368843971623125
1.0371720056013969
1.0371720056013969
1.0371720056013969
1.0223458173678683
1.0164040322115748
1.0233637001324478
1.0236414553656197
1.0197849681134532
1.0136560012492979
1.0120551051594004
1.0110555128804473
1.0107551053165926
1.0105772223289546
1.0132185346715163
1.0051331336111857
1.0114229121401805
1.0009032652565992
1.0036928065120498
1.003835977452201
1.003835977452201
0.9941159846043586
1.0003479728566789
0.9981489923654453
1.0043441494441687
1.0062542836793344
1.0047684893069204
1.0089780585680264
1.0228372570807307
1.020215038984404
1.0197906980277789
1.0197906980277789
1.0161300435691134
1.0048672044621374
0.9913379946138565
0.9913379946138565
0.9913379946138565
0.989621998058946
0.9830743688489356
0.9915022115738908
0.9829721025419635
0.9850042889219799
0.9848588663364051
0.9841592013623587
0.9861364993859386
0.9918949026166444
0.9814683708364267
0.9845748513598831
0.9918848176505964
0.996841209699404
0.9899219873156025
1.000055836183846
0.9955175678888549
0.998517803186934
0.9987635859128938
0.9852386038387759
0.9755203053102561
0.985077306490867
0.985077306490867
0.9965652352084343
0.9967581380031103
1.000500869718597
1.0218297132536565
1.0219178940527838
1.0180181963905377
1.0004968712448714
1.001575017128618
0.9876691758760151
0.9782749261014758
0.9696475388673305
0.9690814887965539
0.9673908234495203
0.9561027404378002
0.9558073066216133
0.9591141877650587
0.9694643456222187
0.9694643456222187
0.9752510534056368
0.9831661148647731
0.9831661148647731
0.9755795031336388
0.9768653095605573
0.9768653095605573
0.9745339229715847
0.9735970813230111
0.9762071675559432
0.9606768023146602
0.9589315237131888
0.9542257826237676
0.9542257826237676
0.9579144949936765
0.9575201318253592
0.9556160485247612
0.9600117770502198
0.9600117770502198
0.9511842746778373
0.9510983792248945
0.9602053015028738
0.9602814968403063
0.9546617253596364
0.9546617253596364
0.9341336901047862
0.9339849785011207
0.9390123663288105
0.9577515563247405
0.9657913048867313
0.9657913048867313
0.988615023762886
0.987786915026394
0.9888552940322811
0.9923395505375548
0.9935534640481264
0.9924516752178519
1.0000201659355725
1.0012036584057755
1.0046988469284075
1.0038127967498802
1.0011710395717568
1.001743662926603
1.0087151414536106
0.9980313659647028
0.9972779640104542
0.991858323167129
0.9907985130793574
0.9952295677939048
0.9959774681529475
0.9863088208053261
0.9811196004526614
0.9811196004526614
1.0229837711342362
1.0247603256418187
1.00965958332005
1.009252001358984
1.0052496949541256
0.9806980260868898
1.0090723355392808
1.0092584375928364
1.0100724699687946
1.0085119495252597
1.0078642996425975
0.9901836860383684
0.9941821543021304
0.9955616141452994
1.0034477581391275
1.0034477581391275
1.0025109952177922
0.993526132366569
0.9818765728585327
0.9813035668300852
0.9768688455447356
0.97523493113984
0.9750868169614881
0.9717733993926909
0.9674549446568043
0.9787983455383868
0.9786203440396181
0.9984645611779397
0.9490197043313304
0.952024828640564
0.9450909881423935
0.9464093825741947
0.9592456958686735
0.9631455411323439
0.9629016140242469
0.9629016140242469
0.9599931061250779
0.9585630899973684
0.9587152968171724
0.9535101072205475
0.9513723662141735
0.9451945055329031
0.9451733850499474
0.9323599602321481
0.9322888818279661
0.9290335826939417
0.9275174939041538
0.9255765462467529
0.928843103726642
0.8999400360192129
0.8984417927632623
0.9158500654791057
0.9127979655619215
0.9127979655619215
0.9125956443728098
0.9221362018308261
0.9206051732459043
0.918522454721175
0.9159062997803754
0.9078336203335994
0.907485431344223
0.8980071281556037
0.8899381686665293
0.8899381686665293
0.8899381686665293
0.8900017378010716
0.890539438075428
0.8907955759907934
0.89117778841328
0.8911547009571045
0.8913075365216727
0.8921966116190906
0.9021519750817569
0.9023228277300366
0.9107383401705151
0.9101806744451468
0.9101806744451468
0.9082243697048072
0.8869557347982506
0.8877457744122612
0.8913657960445645
0.8907051185495993
0.889960549954609
0.8902412265108576
0.8880824189763687
0.8903426429638723
0.8907762628451912
0.890997806331067
0.8945457066302652
0.894368138393513
0.8992638497716018
0.895581376826226
0.895581376826226
0.8767464262110835
0.8772472450278171
0.8786276861297548
0.8768893929508195
0.8767053767612399
0.876729155672892
0.878962617245528
0.8792309282251732
0.880787869167478
0.8807317929707935
0.8775811710086301
0.876081636014334
0.8778925344553601
0.8647317687745975
0.8647317687745975
0.8647317687745975
0.8641426215961349
0.8654852484561317
0.8635899576369476
0.8657786365323021
0.8644493884504691
0.875407778578565
0.8757989277370413
0.8757989277370413
0.8817058850957784
0.8899266817061675
0.8921892707517691
0.876085384376351
0.8790199244201106
0.8859591041148455
0.8882468621918793
0.8881092471628792
0.8997012970041725
0.9036242999039148
0.8980905404187167
0.8995373020219251
0.8973992589503862
0.8910166055250303
0.8847678094752662
0.8759668255574655
0.8770364493593316
0.8774714448441381
0.8817003383637282
0.8812469581878124
0.8821808522320023
0.8799270169820362
0.8799270169820362
0.8799270169820362
0.878582531597937
0.8793754445311281
0.8804745137096017
0.8829242262159287
0.8808639142585251
0.8733798577826194
0.8773471499474884
0.8771007413483385
0.8935656065051907
0.8936562062208635
0.8771945744144045
0.8782127930153261
0.8831197996747278
0.8774439726755578
0.8682365487950621
0.8645005314371256
0.8743886145008708
0.8761188242760731
0.8857704992900499
0.8970084047573731
0.8970084047573731
0.8972304032514962
0.8968902203034677
0.8938148582719716
0.873692675599202
0.8728133061143044
0.8679531429501073
0.8697886912141445
0.8714718865852217
0.8736153780150417
0.8736153780150417
0.8751044927175743
0.8831276103482215
0.8831253257142161
0.8773554930150671
0.8703057393085625
0.8537828382714562
0.8537828382714562
0.858929174821378
0.8739676779040966
0.873553428025539
0.8749647430945058
0.8709353146517448
0.8759122273510921
0.8720209365973624
0.8690280696639546
0.8728090588583389
0.8728090588583389
0.8690318850855582
0.8810374051189896
0.8844386875427067
0.8844386875427067
0.8836275505829455
0.8820264787198545
0.8666202989392432
0.8673984331551569
0.863998683093492
0.8722321155107616
0.8782558496761086
0.8748319372202935
0.8750512143674171
0.8831143685182148
0.8949567815137817
0.8981939815402854
0.8981939815402854
0.8999095884917622
0.8999095884917622
0.8912160549399272
0.8912160549399272
0.8915065880124284
0.9050788769571775
0.8921315928318997
0.8898329094008097
0.9019976917445321
0.8996309027787642
0.8996309027787642
0.9135878407313797
0.9026273723125635
0.9140997708503454
0.9140997708503454
0.9222397205879818
0.9222397205879818
0.9240655181563074
0.922900425263831
0.9272687213957396
0.9461309502987257
0.949655972313851
0.9321347955813092
0.9350914944241228
0.9350914944241228
0.9438874130698524
0.9449144889405229
0.9502792403359752
0.9377065329360255
0.938549779129381
0.9273334030754532
0.9284471881192462
0.929603597710309
0.929603597710309
0.929603597710309
0.9316605202230975
0.9316232294121629
0.926915455771027
0.937532690071566
0.9252554752724744
0.9243867529232073
0.9405930766128782
0.9516821566528088
0.9527826360724613
0.9532039708634656
0.9532039708634656
0.9532039708634656
0.9535782608049119
0.9514416909636101
0.9510404152529527
0.9298196410345169
0.9229823177531827
0.9281482964939836
0.9229131467548277
0.9166648590080445
0.9181667171987419
0.9174364180934159
0.9215797804119624
0.9215797804119624
0.9215797804119624
0.9234421489446264
0.9270036901881497
0.9192627032597903
0.9255806922983457
0.9343260962241362
0.9343046423027992
0.9327213244368913
0.9457660058129408
0.9479935670041548
0.9474561686380302
0.9478469985280618
0.9427383659136579
0.9427383659136579
0.9427383659136579
0.9422815526674266
0.9447522568521249
0.9509171447818002
0.9481371421919779
0.9473654189121895
0.9473654189121895
0.9473654189121895
0.9485381624389181
0.9451570932660697
0.9451570932660697
0.955692432407692
0.9562904845030652
0.9354052897086232
0.935665262140262
0.935665262140262
0.9216765775961991
0.919983845574751
0.9161215127232736
0.9144029737860394
0.918082154774767
0.9167171065433573
0.9139728456840696
0.9139778937766838
0.9144523848216646
0.912942006795077
0.9177141654228416
0.917627596124698
0.917627596124698
0.9156441973780397
0.91731228523085
0.91731228523085
0.9229534638102318
0.9223291776484328
0.9176236268618074
0.9176236268618074
0.9130484762435589
0.9130484762435589
0.9130350555633135
0.9130350555633135
0.9130350555633135
0.9151382367173762
0.9118088229394404
0.9049592647163175
0.9012965151993838
0.8775294258026508
0.8773379502010381
0.8760937220533753
0.8793910926290366
0.8585629383091408
0.8523403261204973
0.8601562116994956
0.8590669379148288
0.8559830370420259
0.8573024088926773
0.8624631746195145
0.8624631746195145
0.8624144262068782
0.8624133750340377
0.8619575453877124
0.8587114058069887
0.8578420848347134
0.851338618047643
0.851338618047643
0.851338618047643
0.8458373782244025
0.8458882714083933
0.8576506515362015
0.8491470901503091
0.8492110901823816
0.8442176462120363
0.8437655236666223
0.8437655236666223
0.8414721336044155
0.8443060333599682
0.8392198853065769
0.8392198853065769
0.8493366289862383
0.8454442596700686
0.8389534824278654
0.840003095819275
0.8400045342223402
0.8400045342223402
0.8211300000075515
0.8214552158401094
0.8237904386942788
0.8326748417058573
0.8329115839982971
0.8285070623494548
0.8244589746064902
0.8269067567740576
0.8269067567740576
0.8362006808748974
0.8227470982993516
0.8151439715432984
0.8151439715432984
0.833334543137524
0.8375346038885535
0.840161059082584
0.8455625845589656
0.8455982751373363
0.8455964388726498
0.8393720621706534
0.8355377617142302
0.834098655362538
0.834098655362538
0.8300740829778516
0.8300740829778516
0.824767419892286
0.8371351632379447
0.8371351632379447
0.8369246280416822
0.8369246280416822
0.8370603281220893
0.8372221745208808
0.8332404963812428
0.8295136837973733
0.825836935935898
0.8248681833614473
0.8220836960686813
0.8220836960686813
0.8231325704561712
0.8234508701483474
0.8254540501826345
0.8254540501826345
0.8269723733472648
0.830156765940247
0.8414826616247223
0.8415713048039344
0.8549905313728638
0.8563125184606524
0.8556450634213121
0.8552774633000507
0.8515710588071044
0.8517838639644958
0.8580845833972267
0.8584413728353391
0.8584413728353391
0.8583986181176663
0.8583986181176663
0.8587702325616482
0.85240162506501
0.85240162506501
0.8582814197279166
0.8749044153338558
0.8682275835628976
0.8684856593514925
0.8778059371073791
0.8770697901970618
0.8740766841714385
0.867940150785162
0.867940150785162
0.8674852278115815
0.8703744812449776
0.8851517499366505
0.8829598085524172
0.8810705527822508
0.8811406532843671
0.8811406532843671
0.8811406532843671
0.8823755996653337
0.8823755996653337
0.8823755996653337
0.8838319920640778
0.8842641870596446
0.8843048756471017
0.8843048756471017
0.8843329539623553
0.8843329539623553
0.8843329539623553
0.8806006762964583
0.8806006762964583
0.876472065040588
0.877475256969688
0.877475256969688
0.8664576620202884
0.8616680283240491
0.8557680420662285
0.8546429336008249
0.8544623132431649
0.847486440721921
0.8472919951364689
0.8598761570186467
0.8598761570186467
0.8598761570186467
0.857289383306569
0.8551136739116907
0.8551136739116907
0.8537032929283328
0.8537032929283328
0.8537032929283328
0.8537379564651524
0.8544252204209531
0.8595479817846482
0.8711707992428831
0.8696135001089007
0.8730406341820474
0.8723598509844377
0.8628248573464485
0.8618506044503736
0.8634121626096931
0.8639354967116354
0.8606118054356018
0.8603867521679703
0.8621094074433133
0.8612674089216487
0.8503025782821324
0.8471819482975302
0.8409369534840689
0.8409369534840689
0.8409369534840689
0.841904744791167
0.8426972575671271
0.8464760880712052
0.8501082875629475
0.8542421929371834
0.8509864358349007
0.8504220444885109
0.8504220444885109
0.8500428038766763
0.8582676683666508
0.8448759727033097
0.8455681787879474
0.8474875287220868
0.8457090980185686
0.8497800744326693
0.853097739045252
0.853097739045252
0.8484670410971474
0.8494656738194603
0.8469645624516112
0.8469645624516112
0.8442733457548546
0.8403850791208615
0.8365616600105859
0.813761000923944
0.8137686867895472
0.8215607450853376
0.8433479073408873
0.8562842778645725
0.852130101677802
0.8529680785489601
0.8522428094341423
0.8487954410690052
0.8490379351757593
0.8568812695751178
0.8574668204291261
0.8499777348880819
0.8578495725648284
0.8577859453430473
0.8565089755380471
0.8587944990589651
0.8585240092706699
0.8418859356746001
0.8411735337219646
0.8338462010679516
0.8329969816847317
0.8332653869203526
0.8371092990899639
0.83847030468976
0.8398938502957864
0.8633640210480487
0.8441472388367314
0.8461129304485967
0.8497281872004825
0.8436171284773116
0.8434822742124854
0.8318698280430834
0.8282052855955797
0.830271369024236
0.8244045351473951
0.8177444402313614
0.8177444402313614
0.8177444402313614
0.8132174364692017
0.7903275318657589
0.7898919417998792
0.7783009758102015
0.7783009758102015
0.7647585246044257
0.7786976262369476
0.7788495063890626
0.7788495063890626
0.7788495063890626
0.7786105848796786
0.7784464022381213
0.7784464022381213
0.7723685071078248
0.7666306222333756
0.7817750877730283
0.7737010803514615
0.7716550907677668
0.748857253184189
0.7482576346464436
0.7586549368188573
0.754328371143932
0.7494951835988258
0.7494951835988258
0.7510682145765883
0.7510682145765883
0.7593091760761329
0.7614264388826145
0.7544397733403768
0.7544397733403768
0.759613909415823
0.7607881551516019
0.7567571169856896
0.7646381608562707
0.7654066443054091
0.7297746821991676
0.7273030082338809
0.7320645800349234
0.7320645800349234
0.7320645800349234
0.7381521817737899
0.7274189312091778
0.7279326624909481
0.7256363392249223
0.7256363392249223
0.7256363392249223
0.7327714687874226
0.7327714687874226
0.7342564615602496
0.7362401178074135
0.7361504263737358
0.7312312456818747
0.7291221354013683
0.7273387842343739
0.7296050140213037
0.717230610221255
0.7280816639737038
0.7018567640675077
0.7028619765282916
0.7029689200142129
0.7002532384426141
0.7002532384426141
0.7097232404789555
0.707054785006625
0.7342469542831983
0.7414929576460882
0.7425661625735751
0.7214666855276385
0.722937655747813
0.7239319252205628
0.7239335537736699
0.7239335537736699
0.7239335537736699
0.7286150647783779
0.7087139498743685
0.7036381537733981
0.7036381537733981
0.6769044016075281
0.6719560245466069
0.6687710146020729
0.6765762490560584
0.6990432139745039
0.6971357413604476
0.6983719309985086
0.6959961219782048
0.6935566323640656
0.6935566323640656
0.7062020174244652
0.7062020174244652
0.7062020174244652
0.6951187924967446
0.6951187924967446
0.725117918785006
0.725117918785006
0.7250747028291179
0.7264757923427921
0.7270772702488649
0.7270772702488649
0.7272281918285207
0.730630462000584
0.730630462000584
0.7277660175343774
0.7363268247819028
0.7302961742829581
0.7302961742829581
0.7387963233072468
0.7311299622679058
0.7301348377752575
0.7301495741601645
0.7440425555278026
0.7389929620788227
0.7354264871711903
0.7311631219195048
0.7296146999734515
0.7123692887540338
0.7227994348307196
0.7275892458653344
0.7275892458653344
0.7275892458653344
0.7275892458653344
0.7254932633780072
0.7275922984902524
0.7275922984902524
0.7275922984902524
0.7275922984902524
0.7275922984902524
0.7275922984902524
0.7209556252357984
0.7209556252357984
0.7209398418025769
0.7209398418025769
0.7053018647578398
0.7058361823907324
0.7058361823907324
0.7000688184281687
0.7000688184281687
0.6948180694970713
0.6827302603615331
0.67865713614908
0.671818351516611
0.6622160727939115
0.6616403923873192
0.6641686107069245
0.6641686107069245
0.6674147385716267
0.6674147385716267
0.6566878102105237
0.658120020435921
0.658120020435921
0.6525481726792544
0.639351609269564
0.6397029426826126
0.6397029426826126
0.6382712536289172
0.6404526189586335
0.6519645503020166
0.6519645503020166
0.6523468018817995
0.6523468018817995
0.6462354697003198
0.6462354697003198
0.6309391875665153
0.6131840427942578
0.6153396576877546
0.6153396576877546
0.6137878307524396
0.6127073575282748
0.6055640335830639
0.6090026626509928
0.6041750695706628
0.603634113651645
0.6039413658441087
0.6071660643201733
0.6071660643201733
0.6071660643201733
0.6065034070288321
0.6150000717777875
0.6134743842425777
0.6148866016131876
0.6148866016131876
0.6163939333752673
0.6152241015680685
0.6160655756007821
0.6159703392164874
0.6183282698676726
0.6183282698676726
0.6183282698676726
0.6130604134766874
0.6027301623469441
0.6034122150806819
0.604935450166104
0.604935450166104
0.6010479164792528
0.6010479164792528
0.6043832409736722
0.6058885117284661
0.6060408189232441
0.607232538135916
0.5978695883098049
0.5908716799320447
0.590535204594217
0.5928576572819159
0.5980937552910897
0.5980937552910897
0.598440733360916
0.6077847784080318
0.6066893658040001
0.6064864443173378
0.6042964838923396
0.600052433904974
0.5986016256722247
0.5920282252132495
0.5936392397263941
0.6077191188475203
0.6077191188475203
0.6072485991822459
0.6072485991822459
0.6057889366174296
0.6057889366174296
0.6057889366174296
0.6031865980355473
0.5874207593964056
0.5846254088789576
0.5846254088789576
0.5846254088789576
0.5899586745625587
0.6112827054833295
0.6017909396207383
0.6017909396207383
0.6017909396207383
0.5750399867848979
0.5813998233635924
0.5827946388144842
0.5826843837850806
0.5877319307074325
0.5812492276641933
0.5830075089440564
0.5769522572750045
0.5848852057701877
0.5760342522119611
0.5758619016674428
0.5758619016674428
0.5757064071230998
0.5772149360900027
0.5668979484940798
0.5592016855853778
0.5592016855853778
0.5592016855853778
0.5760431259876249
0.58650101451845
0.5851863139132096
0.5857713766509267
0.5857713766509267
0.5862756234257566
0.5832840535587465
0.5832840535587465
0.5833484716463031
0.5833484716463031
0.5563330607278916
0.578475228826882
0.578475228826882
0.578190830950724
0.5778140456694936
0.5778140456694936
0.5778140456694936
0.5742027431688405
0.5744546139499592
0.5844756156200536
0.599788215960833
0.599788215960833
0.6041416991951746
0.6041416991951746
0.6041416991951746
0.6041416991951746
0.6059714365030331
0.6059714365030331
0.6059714365030331
0.5867249192968729
0.5867249192968729
0.5867249192968729
0.5873145231898008
0.5879500650188885
0.5879500650188885
0.5871715946175302
0.5817163408305609
0.5681496189004744
0.5678923390260167
0.5539754071202837
0.5539754071202837
0.5483780069908104
0.5409820598163363
0.5410428021482339
0.5410428021482339
0.5410428021482339
0.5410428021482339
0.5210150759319268
0.5210150759319268
0.5260292910413207
0.540558190523844
0.5417473354662766
0.5401754078486848
0.5408085411876893
0.5411863548572876
0.5414556714211046
0.5414556714211046
0.5414556714211046
0.5544290707622125
0.5418553705415361
0.5418553705415361
0.5433862591081725
0.550396612279279
0.550396612279279
0.5515503207425891
0.5515253728600906
0.5515253728600906
0.5515253728600906
0.5606524957414889
0.5606524957414889
0.5606524957414889
0.5606088296370881
0.5601169333007346
0.5668214110864604
0.5668214110864604
0.5672763483921889
0.5672763483921889
0.5693285296930128
0.5698444069862115
0.5698444069862115
0.5770692263715713
0.574497079297023
0.5697181219799011
0.5697181219799011
0.5701622626938775
0.5701622626938775
0.570841784423682
0.5710862313886259
0.5696024705774818
0.5524058058516346
0.5324436890526615
0.5324436890526615
0.5298435714140933
0.534758859198318
0.5324563622172034
0.538964144039872
0.5403540009168543
0.5385691414708089
0.5385691414708089
0.5369613293798312
0.5394145226421339
0.5394145226421339
0.5390949977104961
0.5390949977104961
0.5352148163591942
0.5354906855785387
0.5354906855785387
0.5265496803556393
0.5267201860026041
0.5267201860026041
0.5267201860026041
0.5310157697399722
0.5333009354595173
0.5402211790570374
0.540273381921761
0.540273381921761
0.5485469296189107
0.5486632371017026
0.5483270381544711
0.5459270969272393
0.5459270969272393
0.5507293149977794
0.5507293149977794
0.5507293149977794
0.5507293149977794
0.5548530268514899
0.5508483384393411
0.5489809040814873
0.5489809040814873
0.5489809040814873
0.5489809040814873
0.5525919553388008
0.5517571985676553
0.5517571985676553
0.5529509030395052
0.557328400276319
0.5468897598171505
0.5468897598171505
0.5448410693137148
0.5487111682106072
0.5487111682106072
0.5487111682106072
0.5424808087007216
0.5424808087007216
0.5424808087007216
0.5424808087007216
0.5379197728810643
0.5379197728810643
0.5329795583290645
0.5329795583290645
0.5285420088635792
0.5285630877282388
0.5300117699190413
0.5303708122102588
0.5216479593079902
0.5242437272656759
0.5299904770971505
0.5299904770971505
0.5287282036318383
0.553226610314658
0.5498507604589127
0.5480187904012175
0.5469570206691146
0.5528547737656178
0.5528547737656178
0.5612223719868334
0.5620620031798887
0.5620620031798887
0.5628548976601945
0.5563905916513876
0.5563905916513876
0.5507130106603683
0.5507130106603683
0.5507130106603683
0.5507130106603683
0.5509828138373922
0.5509828138373922
0.5509828138373922
0.5509828138373922
0.5509828138373922
0.5612593275305471
0.5612593275305471
0.560507588903452
0.5509306850835646
0.5558090411515979
0.5559526041245803
0.5559526041245803
0.5559526041245803
0.5357095133094188
0.5327605018656557
0.5123104116648481
0.5123104116648481
0.5036756754029744
0.5036756754029744
0.5066910490286174
0.5057149553073516
0.5057149553073516
0.5057149553073516
0.5057149553073516
0.5057149553073516
0.5057149553073516
0.4949047509381976
0.49595961159877733
0.48797565256204983
0.48797565256204983
0.4819341229361261
0.4819341229361261
0.4819341229361261
0.48669352207122585
0.4833241059150365
0.4840773026742481
0.4840773026742481
0.48231571500226345
0.4825327329906817
0.48230350446290804
0.4857272802603954
0.4695550701295302
0.4695550701295302
0.4695550701295302
0.4667485205638902
0.4582624662073728
0.4582624662073728
0.45789646662025235
0.4616807457324548
0.4616807457324548
0.46821544906962576
0.45279474269392544
0.45279474269392544
0.45279474269392544
0.4453714651773803
0.44422358845354953
0.43655079683378817
0.4338984685172751
0.4437329478696543
0.44418610573960693
0.44766485277336926
0.441332996410955
0.44220944080857877
0.4342929150599345
0.4342929150599345
0.4339755063664138
0.43308572716306537
0.4351671340327356
0.4378630601307831
0.4378630601307831
0.4465222274675539
0.4475222772323222
0.45253421597567356
0.45253421597567356
0.4532014078113065
0.4531808279262094
0.4531808279262094
0.4534876701232556
0.4456097772105474
0.4456097772105474
0.4456097772105474
0.4424431548181662
0.4424431548181662
0.44194040957223585
0.4256245073352849
0.4256245073352849
0.42466242807923343
0.42466242807923343
0.42466242807923343
0.42466242807923343
0.4229232534833671
0.4229232534833671
0.4166440087169512
0.404260635495765
0.4090278469343527
0.40890815502913364
0.40782325644376793
0.40782325644376793
0.40422473138847825
0.412192184526124
0.4068090983213229
0.40671901617122663
0.40671901617122663
0.40671901617122663
0.40705004555759405
0.40705004555759405
0.40705004555759405
0.41710429638439106
0.4164048118300311
0.4164048118300311
0.4248271293887433
0.434378586104636
0.434378586104636
0.43413307695545394
0.4399244597702977
0.4399244597702977
0.43758013377860705
0.43758013377860705
0.43805513131810764
0.43927227233922783
0.43927227233922783
0.43927227233922783
0.43107642815197444
0.4350938462027748
0.4341901103597812
0.433633493345043
0.433633493345043
0.4403731355527987
0.4398131857123332
0.43298646526528933
0.43298646526528933
0.43298646526528933
0.4327055201994242
0.4327055201994242
0.43403826116954375
0.40705004555759405
0.40705004555759405
0.4054494109905108
0.40878712909099607
0.40878712909099607
0.40785352620500365
0.40785352620500365
0.40785352620500365
0.40785352620500365
0.40785352620500365
0.40785352620500365
0.40785352620500365
0.40785352620500365
0.4076219906475664
0.4076219906475664
0.4076219906475664
0.4076219906475664
0.4075199191897075
0.396168580391745
0.38804503005182717
0.38804503005182717
0.39052967894427
0.39052967894427
0.3852439481564607
0.3852439481564607
0.3827163292927563
0.3827163292927563
0.3826103376011678
0.3826103376011678
0.37045028324442886
0.37045028324442886
0.37045028324442886
0.37045028324442886
0.37045028324442886
0.37045028324442886
0.37045028324442886
0.37045028324442886
0.36831849768341823
0.36820710204383644
0.36820710204383644
0.355368217575924
0.355368217575924
0.355368217575924
0.355368217575924
0.355368217575924
0.355368217575924
0.355368217575924
0.35137245080422724
0.35137245080422724
0.35137245080422724
0.35137245080422724
0.35137245080422724
0.35137245080422724
0.35137245080422724
0.3329022915187595
0.3329022915187595
0.3329022915187595
0.3329022915187595
0.3329022915187595
0.3324591051990271
0.3324591051990271
0.3324591051990271
0.31106542703699647
0.31106542703699647
0.3091592697019415
0.3091592697019415
0.3091592697019415
0.3091592697019415
0.3091592697019415
0.3091592697019415
0.3091592697019415
0.3091592697019415
0.31389870936569536
0.31389870936569536
0.31389870936569536
0.3131105473514365
0.313100520246355
0.30105707108081975
0.30105707108081975
0.30105707108081975
0.3008750812660629
0.29951454015439005
0.29951454015439005
0.29951454015439005
0.29951454015439005
0.29951454015439005
0.29951454015439005
0.29951454015439005
0.29951454015439005
0.29971297284241655
0.29971297284241655
0.29971297284241655
0.29971297284241655
0.29971297284241655
0.29971297284241655
0.29971297284241655
0.29971297284241655
0.29971297284241655
0.29971297284241655
0.29971297284241655
0.29971297284241655
0.2721877951136549
0.273119120009575
0.273119120009575
0.273119120009575
0.273119120009575
0.273119120009575
0.273119120009575
0.273119120009575
0.273119120009575
0.273119120009575
0.273119120009575
0.26845312489046064
0.26845312489046064
0.26430383434108956
0.26430383434108956
0.26430383434108956
0.26430383434108956
0.26430383434108956
0.26430383434108956
0.2447956489796411
0.2447956489796411
0.2447956489796411
0.2447956489796411
0.2447956489796411
0.2447956489796411
0.2447956489796411
0.2447956489796411
0.2447956489796411
0.2447956489796411
0.2447956489796411
0.23723505859872326
0.23723505859872326
0.23723505859872326
0.23723505859872326
0.23723505859872326
0.23723505859872326
0.23723505859872326
0.23723505859872326
0.23723505859872326
0.23714951155235806
0.23714951155235806
0.2173174252683697
0.2173174252683697
0.2173174252683697
0.2173174252683697
0.2173174252683697
0.2173174252683697
0.21686192077750488
0.21686192077750488
0.21686192077750488
0.21686192077750488
0.21621791767541199
0.21621791767541199
0.21621791767541199
0.21621791767541199
0.21621791767541199
0.21621791767541199
0.21621791767541199
0.21621791767541199
