0.0466667 -0.05685635795051802
-0.0866667 -0.15679884339700717
-0.3733333 -0.39518726980833346
-0.1533333 -0.1678827619044881
0.0366667 0.06936416943123255
0.0066667 -0.00036888947719959653
0.7633334 0.8532668050258443
0.61 0.7126683851404573
0.3833334 0.36865571262843366
-0.28 -0.21561783632599718
0.56 0.6104325606056633
0.1633333 0.16679843114583753
0.1266667 0.11680687535313794
-0.71 -0.6385179453517285
0.9666667 0.9798012893926766
-0.86 -0.8342780275063281
-0.59 -0.542885978947051
-0.2366667 -0.23671873136294314
-0.4033333 -0.3949573874469407
-0.7566667 -0.7405279133161011
0.7133334 0.6426342808191228
0.4233333 0.2904603975681207
-0.2933334 -0.18655370986568243
0.72 0.6863927578935892
-0.9666667 -0.8504606873274753
-0.9966667 -0.9157197477529505
0.9833333 0.9876657573497201
-0.6666667 -0.5617351060127059
-0.17 -0.20649531281445704
0.9 0.9058950433457063
0.03 -0.05098162172089071
0.27 0.24252749463220322
