0.0466667 -0.050912265608320406
-0.0866667 -0.049192980577041745
-0.3733333 -0.3617587789660512
-0.1533333 -0.12284972622698859
0.0366667 0.1100469150132628
0.0066667 -0.01385354906796954
0.7633334 0.698229903101113
0.61 0.6298844418288672
0.3833334 0.3844087063146239
-0.28 -0.255565011784109
0.56 0.5682979298794189
0.1633333 0.1367317378141689
0.1266667 0.14945104341891977
-0.71 -0.6757521990560964
0.9666667 0.9399631444881967
-0.86 -0.848711245536174
-0.59 -0.6086343489922632
-0.2366667 -0.21929021185280823
-0.4033333 -0.42801638185879376
-0.7566667 -0.719289043994734
0.7133334 0.7047496920569212
0.4233333 0.35670100166676355
-0.2933334 -0.2730675550082017
0.72 0.7075957776672602
-0.9666667 -0.8425210628867768
-0.9966667 -0.8719108370038922
0.9833333 0.9702862824271549
-0.6666667 -0.5119856021708935
-0.17 -0.18523915364202592
0.9 0.8796064092434537
0.03 0.012214927870781378
0.27 0.2716855292930907
