1.6820764078388881
1.4859712256524715
1.4831342714743099
1.4831342714743099
1.482644195238924
1.4819458518981203
1.4817523575825153
1.463598130311063
1.4596077732337427
1.4551477370149677
1.458647567056701
1.4747861642496594
1.4736215588644113
1.4775115846687454
1.473259693409484
1.4739742897601338
1.4729695254477941
1.4766085012712993
1.4770979256474406
1.4604685991631274
1.4604685991631274
1.4677329271115476
1.4710632123107628
1.4646706999071848
1.4646508042165072
1.4651273825464886
1.4758693334188409
1.4531972553439647
1.4526875845267824
1.451444970380216
1.4483994076773823
1.4326996214570278
1.432769110650696
1.4232846209563712
1.4125669903861031
1.4125669903861031
1.4164009514912312
1.4203370626849574
1.4203370626849574
1.4203370626849574
1.4274553855641088
1.4442664186292673
1.4545639390554388
1.4330653084192513
1.4197208888570727
1.4271923367216754
1.4295027279402563
1.4208205172716748
1.4208205172716748
1.4149967984436076
1.4109015488654415
1.395637689111908
1.3955986913736094
1.3856751061414012
1.3847889916846605
1.3847889916846605
1.3847889916846605
1.3903105746344482
1.3754521580376944
1.3613249720202683
1.3468631581889061
1.3281430144730757
1.3388746237595384
1.3418286027600093
1.3423081967450763
1.334881913367005
1.334881913367005
1.337274052583723
1.3370517605039403
1.3435540488564985
1.3427607064776972
1.3521113941873233
1.3495810054572548
1.3637722875852587
1.3498188841920002
1.3258283540630635
1.3258283540630635
1.3267682803985918
1.3245720633974558
1.3025117139654117
1.30136333526666
1.3010148396391177
1.302855314941787
1.3031027892993279
1.3031027892993279
1.3044037100710772
1.3296255822947343
1.3296255822947343
1.323898791333538
1.3251069977695036
1.2984927111171656
1.2897475443314366
1.2898389427083927
1.2895582143864437
1.2966094019160834
1.2974237989914015
1.2942285249629935
1.2942285249629935
1.2994569825019515
1.3065964152111
1.3123708031599213
1.314388338901204
1.303638078905231
1.3024227217342232
1.3024227217342232
1.2990215366142217
1.3047372994469684
1.28791583255105
1.2798373455249332
1.2745037574889129
1.2521733154956107
1.254135004018582
1.2649241711953514
1.2724335230706452
1.2790552665287105
1.2790552665287105
1.2685099923102936
1.277496320280912
1.2725532604759244
1.2673729059539038
1.2677151407991532
1.265678407173887
1.2517717567075566
1.2413620117662747
1.23179296925503
1.2495023883449552
1.247404824879314
1.247404824879314
1.2473171071158378
1.2473171071158378
1.2414686091660143
1.2309584020459226
1.2252059488389049
1.2184543769542442
1.2229697232579635
1.2297024803336476
1.2295747961192436
1.229165268753761
1.2398172685812097
1.240571435924247
1.2364700906850465
1.2655236121561497
1.2748276621769028
1.2916343872195473
1.2916343872195473
1.282343469324493
1.2839397050816144
1.2825568016560678
1.2556519327672304
1.2580109365511063
1.2600500830638415
1.2600500830638415
1.2595959871376536
1.2594006056015243
1.2769891563737217
1.2678332181462213
1.256121373492851
1.2502000960935689
1.2472429643846479
1.2464823499649964
1.2572924166266501
1.2439579423807676
1.2402805501677414
1.2402805501677414
1.2542171090470269
1.2476651980102222
1.2720133694254723
1.270371852932052
1.270812247822023
1.2705249477904317
1.2715203853162378
1.2713997211434602
1.283490419210557
1.2837225368628142
1.2811662956264436
1.2835288047768074
1.2769250588129548
1.2725366188503222
1.2542060671121962
1.2409380298060122
1.2478987546117637
1.245728453907618
1.25335708819577
1.256596105612905
1.2643526053755598
1.2643526053755598
1.2691821757229258
1.2590813455561694
1.2674731205939584
1.2713965347480265
1.2751437223653443
1.2586280079203465
1.2599542072352414
1.2599542072352414
1.2552560151611907
1.2574341638726296
1.2545753984876262
1.2605886710918188
1.254693694317027
1.257202748048895
1.2521250910494188
1.246569322490737
1.2465597231658572
1.226173469707328
1.2235699399629878
1.2207020708783405
1.2257537106725482
1.2386122898555185
1.2232057981402724
1.2232057981402724
1.228579712281522
1.2313630556620654
1.2359804204953775
1.2359804204953775
1.223619095401672
1.219735217413991
1.2416404925929105
1.2255181876381627
1.219001410802272
1.219001410802272
1.2165740165156427
1.2162901584041224
1.2135461828688843
1.2183645386210997
1.2191450788040636
1.2075361871002706
1.2075361871002706
1.2055187003036638
1.2063832699432648
1.2053879447963627
1.204408618756184
1.1868777526483962
1.1868777526483962
1.1755846427678154
1.1755240919877208
1.1776656369204488
1.183571681354069
1.1981660295429881
1.1981660295429881
1.1975215209996766
1.203676583688767
1.2038895140567636
1.2033186835639051
1.1992583188163344
1.2037361699232252
1.2045851227933755
1.2036692683669645
1.2089930289646063
1.2051640557007732
1.2051640557007732
1.1827381510106112
1.197558868710377
1.1892311382453116
1.1922670540644398
1.1909897388387125
1.183891061906788
1.1838782031629393
1.1811015858011584
1.1811724249250555
1.1781306408963708
1.1703348150709214
1.1653743576448325
1.1734743549023163
1.1945607935560982
1.1945607935560982
1.1888157374957502
1.1885749133201915
1.1862609816425347
1.1838440750128076
1.183777490274291
1.1709784187063348
1.1877701486247287
1.1857027034197283
1.1838205269907673
1.1865894749631916
1.1865717167428953
1.189609381040799
1.1902905270854387
1.1970433758132681
1.1970879185174825
1.1944267604970131
1.1760851526745955
1.1677340526619282
1.1632386951833862
1.1524342552500668
1.1524342552500668
1.142170646461239
1.1449773992364078
1.1446345677225236
1.1485925657427924
1.1545126758366206
1.168621775709523
1.1667952134223962
1.1583881812099968
1.1663021154867577
1.1663021154867577
1.1760942453438197
1.175326698281261
1.175326698281261
1.1741794481919936
1.1741794481919936
1.1691332389294162
1.2032131802972743
1.2032131802972743
1.197480216983436
1.1967610146825343
1.1804906314350514
1.1773372488976401
1.1773469522195255
1.1743568902313675
1.177069239131549
1.178889134469842
1.1800724245934848
1.174546229481079
1.1702925996313815
1.161923709271928
1.1832948046874556
1.1808123077475718
1.1805994260993615
1.1850191076467944
1.1810140854087714
1.1787981183402396
1.178821588346981
1.1808580673822056
1.180299260018644
1.181168599675067
1.181168599675067
1.18071312438275
1.1816119973112935
1.1453890570987153
1.143118314644218
1.1368938647739169
1.136230910828268
1.1310322658045993
1.1284406548387214
1.1289476098614712
1.1211759691642218
1.1227755604938268
1.1244847649408727
1.1244847649408727
1.1232468399039943
1.1242339227385931
1.1340307441935868
1.1347580188663464
1.1511596096123236
1.1511596096123236
1.1538218731210543
1.1517123129488425
1.1499863859232475
1.1499863859232475
1.1522763266176417
1.1526381353883137
1.1522116027718807
1.156823131651808
1.1485768363689697
1.1476327439621237
1.1476327439621237
1.152104761097066
1.1549341653139147
1.1549426200925617
1.1552095688507944
1.1538295681164616
1.1560123723538902
1.1524014294100802
1.1524014294100802
1.1614719728613894
1.1614719728613894
1.164925742677614
1.1550443787112112
1.1550443787112112
1.1550443787112112
1.1661246331108974
1.1661246331108974
1.1659697782501293
1.1731814694053224
1.1740863643160981
1.1598734752347089
1.1604508276725085
1.163051803903907
1.166437823212261
1.1641539192400283
1.1620230432666498
1.1641661748161947
1.1343030012479702
1.1384207020540358
1.1418741829369532
1.1423568500709613
1.1180582869230997
1.1180582869230997
1.128047442855994
1.123250619965364
1.1263322475839506
1.125807308362276
1.1259392085079858
1.1286117378348612
1.132757574626046
1.1183601233953682
1.1270565005823199
1.1270565005823199
1.1160878363089708
1.1119255918753599
1.1019133608706213
1.0938272300108225
1.0942470897250915
1.0951286845929145
1.083301953716414
1.0815371849718607
1.0879723471417362
1.086432230641633
1.0662351932365393
1.0690803996613947
1.0801216627594639
1.0797610030304763
1.0794442391106491
1.0822960313679542
1.0822960313679542
1.0808747508619345
1.0740436161638443
1.0802558312858637
1.08131907815828
1.0652949160291036
1.0575525276577404
1.0765785391486076
1.0683327873179085
1.0736066923896928
1.0736066923896928
1.0714303069879774
1.0679508775522149
1.069088653495398
1.071366583343711
1.0730633761546158
1.0696451730457057
1.0772890038045477
1.067816367175599
1.067816367175599
1.066725518504869
1.0643053056223601
1.068776508389007
1.068776508389007
1.0688045761616958
1.0688045761616958
1.059989707724772
1.0699146848890977
1.0630285560711412
1.0630285560711412
1.076640238060096
1.0908142347297294
1.0883542341623265
1.0883542341623265
1.0848640348973293
1.0869157412106123
1.0854228272099213
1.074793050125475
1.0630212387012883
1.063889520853769
1.0717302179972754
1.0730106510905315
1.0693770384720558
1.0741303312492352
1.0693273150227038
1.0661232668532241
1.0741741162439415
1.0878848694878749
1.0878848694878749
1.0769891497734394
1.0675801089597143
1.0810669465578335
1.0821744848127048
1.0834962855129138
1.0725578868892685
1.077107639679624
1.0811283350089513
1.0687513241405389
1.064520718373777
1.064520718373777
1.07189331446778
1.0852742788849208
1.0852742788849208
1.084600908450849
1.0843652428749153
1.0901032352393312
1.0901032352393312
1.0917445793043061
1.0917445793043061
1.0917445793043061
1.0947336086168136
1.0954579237634459
1.0954449704513631
1.09559473315462
1.0917429027201633
1.0991945285119389
1.091303832845606
1.09132741360204
1.1012453999898517
1.1012453999898517
1.0981742979714233
1.0903916089044228
1.0902479449619187
1.0940782702633662
1.0898719041295097
1.0905079894475116
1.1008502847552195
1.10263256088933
1.10263256088933
1.0956089630923684
1.0903214722517152
1.0970623729576525
1.094934727272165
1.094934727272165
1.0882615193339435
1.0878994876290005
1.0916204998159909
1.079560262628413
1.079560262628413
1.0803574603015693
1.0820763190652274
1.070292577924145
1.0693709820572075
1.0454359740950492
1.0343898508067888
1.0301290060136465
1.03982490099947
1.0487500723086745
1.0484400724243872
1.0321012379469794
1.027500104010421
1.027500104010421
1.027500104010421
1.0273081811230684
1.0276815174714962
1.0523841089763688
1.049621334345523
1.0510227953678755
1.0510209525658376
1.0458914305529594
1.0411472186549455
1.0426444047429317
1.0376868147007117
1.024976700317786
1.0169958012398197
1.0169958012398197
1.002078723189004
1.0034611485551337
1.002625282253375
0.9984113846149867
0.99606141001317
0.9896715917681753
0.9896715917681753
0.9896715917681753
0.9891590189550585
0.9790309609284902
0.9789343702287086
0.978438803376532
0.978438803376532
0.985071397680123
0.9979628812303143
0.9972886306679832
0.9972886306679832
0.9972886306679832
0.9996235603596836
0.9821355160924221
0.9821355160924221
0.9771118430313064
0.9803034125198906
0.9832167437983674
0.9832167437983674
0.9762098835316435
0.9700042095798697
0.9700042095798697
0.9700042095798697
0.9700042095798697
0.9694103738342824
0.9821393972990581
0.9821393972990581
0.9821393972990581
0.982308875553853
0.9722031764741678
0.9804307926108071
0.9804307926108071
0.9804307926108071
0.963344971358085
0.963344971358085
0.9633554017355307
0.9634019030444626
0.9665964142630047
0.9659408042633645
0.9658286012879758
0.9650317513212132
0.9611733140842705
0.9611733140842705
0.951903884013644
0.958607599818124
0.9670842729213665
0.967142209727278
0.971063789151665
0.9684936907648853
0.9684936907648853
0.9684936907648853
0.9616368251656003
0.9611228646116825
0.9669674832482267
0.9717900298079823
0.9456949417151082
0.9205911958828483
0.9222779891731582
0.9303525109078982
0.9225620618035835
0.9221792234311834
0.9221792234311834
0.9352091800675179
0.9352091800675179
0.9383724474614972
0.934038602891108
0.9395497711333382
0.9395497711333382
0.9395497711333382
0.9404111206630874
0.9363508902755842
0.9363508902755842
0.9342717618716808
0.9342717618716808
0.9323237500729751
0.9323237500729751
0.9288317712811753
0.9288317712811753
0.9292131320253256
0.9292131320253256
0.9267501165380594
0.9267501165380594
0.9327147947865797
0.9325725904793547
0.9323065959677711
0.9181738453956558
0.9242877430782204
0.9250790989112748
0.9250790989112748
0.9204827867810608
0.9131328710177177
0.9109353513600853
0.9121064981011199
0.9236026349080096
0.9302831564372481
0.9307988179940762
0.9365844532726864
0.9365844532726864
0.9282499347424084
0.9282499347424084
0.9288125731653546
0.9288125731653546
0.923367387440739
0.9044459010034143
0.9081575598567584
0.9240472783519993
0.9212345344977004
0.9314553309796418
0.9239014381814565
0.9522345005498762
0.9466569511073708
0.9607252604182334
0.9552604501985525
0.9552604501985525
0.9549086365318727
0.9549086365318727
0.9548174985927188
0.9494380640964751
0.9302101121154523
0.9302101121154523
0.9302101121154523
0.9304454676939169
0.9408829191517991
0.9482302159107892
0.9489773611518995
0.9527981749763804
0.9500054470221343
0.9617344223908378
0.9637193548889524
0.953386657460991
0.9610771147030581
0.9642444759407214
0.9607728695474222
0.9605658242089363
0.96198409861479
0.96271520635107
0.9754968081740454
0.9754968081740454
0.9731562932408697
0.9645966529187698
0.9655203986053075
0.9590259101330882
0.9590259101330882
0.950073062913176
0.950073062913176
0.943273322619249
0.9444539477109205
0.9493849803366017
0.9516168292918086
0.947242832194295
0.9458084090988367
0.9722023917502585
0.9758611205517437
0.9758611205517437
0.9758611205517437
0.984707190089208
0.9869601746187747
0.9827098880154064
0.9827098880154064
0.9810528782217949
0.9877730405021284
0.9847735291851624
0.987080662281293
0.987079435151442
0.9953001219333691
0.9933644906951703
0.9888795348422351
0.9826940328479221
0.9812516740434204
0.9790550610573638
0.9821925374585467
0.988519093237922
0.9888611347577733
0.9888611347577733
0.9883635806967723
0.9883635806967723
0.9811937085768979
0.9696148808348231
0.9747032307547612
0.9688756424274771
0.9688756424274771
0.9737118833013064
0.9601793802183008
0.9443802756808006
0.9443802756808006
0.9443802756808006
0.9254120771806529
0.938093743462604
0.9438432695763063
0.9453463421002596
0.9453463421002596
0.9542121347382975
0.9639942884260566
0.9625259237113669
0.9626114616351545
0.9619061107669522
0.9667488674717938
0.9765187409442181
0.9810048495345715
0.9812049720701244
0.9812049720701244
0.9938888682680599
0.9865944579899846
0.9899518627176939
0.9767480063483993
0.9872587109157239
0.9872587109157239
0.9872587109157239
0.9888632812331848
0.9961163911093662
1.0028100762203886
1.0028100762203886
1.0028100762203886
1.0028100762203886
1.0010120655483878
1.0010120655483878
1.0010120655483878
1.0010120655483878
1.0162571716095468
1.0180827845708895
1.0180827845708895
1.0180827845708895
1.0381174317565744
1.0419319327092171
1.0419319327092171
1.0419319327092171
1.0419319327092171
1.0215306173075651
1.0336619565908136
1.0411316972493898
1.0429938589458336
1.031478022807361
1.031478022807361
1.0453253252006312
1.0499411986912195
1.0487729161807042
1.0491033465721031
1.0520157930466751
1.0520157930466751
1.047267834567414
1.0505948890646515
1.0444605705818908
1.0452703473753515
1.0493778413125128
1.062494415694023
1.0574382060869258
1.0574382060869258
1.0537223762708308
1.0537223762708308
1.0607353507233934
1.0575168112875195
1.0570095901332295
1.0445407120692305
1.045628459095692
1.045628459095692
1.0469741164800614
1.0454152921304778
1.0435930247704481
1.0264788430728415
1.0264788430728415
1.0307434256641557
1.024199567740701
1.024199567740701
1.0238871070470446
1.0179861030278108
1.0180341443096548
1.0229625901585493
1.031588092667515
1.0298230390463243
1.0151581403153938
1.0151581403153938
1.0151581403153938
1.0133386049078152
1.0158850810720275
1.0086990827814064
1.0086990827814064
1.0086990827814064
1.008179267224011
1.0089513945643638
0.9988180049340176
1.000346695805416
1.0015904093700747
1.0103662458079379
1.0111142571821574
1.02815896099244
1.033845215660098
1.033845215660098
1.033845215660098
1.0291583068340522
1.0368805946601651
1.0321900524927459
1.0312059912153215
1.0217285196641037
1.0203140748914055
1.0007345459883057
1.001084322261072
1.0085409264813106
0.9923673969877596
0.9952224835913014
0.9898410487692875
0.990227736888043
0.994578446908943
0.993852927284982
0.9932013043790491
0.9932013043790491
0.9932013043790491
0.9932013043790491
0.9737457006227548
0.9870217737092545
0.9832556885087285
0.9832556885087285
0.9885049430175723
0.9728919393123832
0.9809088731359474
0.9790832352729176
0.9797255203174369
0.9797255203174369
0.9837463724642558
0.9865492194333718
0.9685877983657778
0.9783083941665166
0.9783360369354852
0.9783360369354852
0.9753858766881048
0.9804937153723331
0.9811255444612967
0.9811255444612967
0.9816515593938806
0.9816515593938806
0.9857059687243861
0.9792836069328421
0.9786399503854492
0.9786399503854492
0.9791163516538862
0.9664237719968682
0.9606510629046925
0.953362532050307
0.9532586486433867
0.9532586486433867
0.9563529953050196
0.9546481448928756
0.9543519534356136
0.9513646416856122
0.9496739425185396
0.9512126561345794
0.9383782272809621
0.9383782272809621
0.9306924162006017
0.9312567174842761
0.9275988695154557
0.9275988695154557
0.9307518196324917
0.9239748309947046
0.9223589061798676
0.9194321910208434
0.9191958676965132
0.9409357248697492
0.9405683624271622
0.9425389854665847
0.939279534139806
0.9347846871174066
0.9347846871174066
0.923118333899249
0.923118333899249
0.9183859118782968
0.908615614353934
0.9272904655662575
0.9272904655662575
0.9263788156771594
0.9263788156771594
0.9258737141963465
0.9431963952897289
0.9359654597956861
0.9266897767950418
0.9273167991344723
0.9273167991344723
0.9273167991344723
0.9273167991344723
0.9241578757743583
0.9302446445848979
0.9212994300559847
0.9216574398901112
0.9206867283518565
0.9206867283518565
0.9273680424681304
0.9197064336423413
0.929666937243003
0.9291638017489408
0.9291638017489408
0.9282051319142677
0.9282051319142677
0.9282603885160534
0.9378747915616538
0.9330059246938641
0.9330059246938641
0.932744899880967
0.932744899880967
0.932744899880967
0.932744899880967
0.9269041230179778
0.9015895814463941
0.9082746588205507
0.9082746588205507
0.9082746588205507
0.9174503945316813
0.9161666859936294
0.9308272796797166
0.9233425816634191
0.9233425816634191
0.9175370427368872
0.9175370427368872
0.9236380415687633
0.9112999302597656
0.9171494386276514
0.9171494386276514
0.9171494386276514
0.9171494386276514
0.9186920398556273
0.918407368184263
0.9194017506567649
0.919901385673559
0.9090636007784588
0.9095492777694014
0.9104734879783217
0.8920843794480334
0.896451562472876
0.893423349394327
0.8938315773758085
0.9074706079559081
0.9064865139474756
0.9064865139474756
0.9058647980703469
0.9062543945212778
0.8951671741546297
0.8878559762590281
0.8653728537056952
0.8574236320572105
0.8560037667212594
0.8556337887845156
0.8495958869883503
0.8501454531615414
0.8501454531615414
0.8501242580983495
0.8433191106074732
0.8457130994856503
0.848403627807577
0.8490048731279815
0.8462490396094877
0.8462490396094877
0.8459895061669627
0.849942445999501
0.8487823444692586
0.8507095645315803
0.8506475547284472
0.8506475547284472
0.8518061116239894
0.8666054101497006
0.8671651284701831
0.8695885777115219
0.8695885777115219
0.871274275390708
0.8742164129537392
0.8730268317671377
0.8793055273734603
0.8871430732333176
0.9038616696848092
0.8976025599770316
0.8849199416371415
0.8849199416371415
0.8849199416371415
0.8746587751683921
0.8736960120449389
0.8675837162085874
0.871879521852111
0.8483017800335334
0.8612262929060893
0.8612262929060893
0.8490900687933135
0.8490900687933135
0.8467028621723789
0.8467028621723789
0.8467028621723789
0.8467139762863106
0.8495321120407374
0.8356005482560914
0.8334872547122701
0.8224732282695265
0.82485676717992
0.8010838008400021
0.807075694205757
0.8024640860063501
0.795297540881907
0.795297540881907
0.8012215366262606
0.8012215366262606
0.8012215366262606
0.7971247025191777
0.7971247025191777
0.8016306694988442
0.7988990309773454
0.809292586337539
0.809292586337539
0.8094846306048572
0.7920224440048381
0.7920224440048381
0.789380994398089
0.789380994398089
0.7894009540837827
0.7950461507886668
0.7899219241600958
0.7832552224669914
0.7855021153543453
0.7790210633664527
0.7790210633664527
0.762843017148227
0.7544442344660339
0.7590230586457067
0.7590230586457067
0.7763671833754819
0.7780282951520952
0.7775498994886989
0.7775498994886989
0.7858818250612756
0.7737453326883355
0.7816206265711825
0.795898109936091
0.795898109936091
0.7938325999353951
0.7848748335216972
0.7882014688887578
0.788331477832469
0.7868877887080785
0.7868877887080785
0.7868877887080785
0.7972902774395904
0.7972795268996103
0.7972795268996103
0.7968090717630412
0.7973201572987592
0.7973201572987592
0.7913879358086413
0.7913879358086413
0.7900519103786747
0.8008682955624141
0.7980512679621725
0.7980512679621725
0.8003762298585011
0.8009664365073704
0.7986809994087604
0.7901092307941197
0.7754252946050658
0.7763388459451049
0.7794573025764642
0.7785123453394934
0.7785123453394934
0.7886420351649354
0.7889959374425682
0.7889959374425682
0.8079555860138362
0.8058360693397036
0.8058360693397036
0.7945301320372403
0.7945301320372403
0.8052285365676222
0.8052285365676222
0.8053434615188302
0.8040024685735377
0.7890356794901023
0.7891359405230807
0.7677153319635855
0.7673717440638037
0.7673717440638037
0.7651140747557735
0.7651140747557735
0.7653754630859819
0.7603394979714923
0.7603394979714923
0.7505370642882249
0.7581722607429299
0.7581722607429299
0.7575044645861031
0.7590791713394649
0.760463454657934
0.773593084947125
0.7776199943289753
0.7776199943289753
0.769202149598856
0.7695864918713266
0.7695864918713266
0.7622846154846955
0.7778756004535275
0.7778756004535275
0.7747945631963442
0.7764329491510596
0.7764329491510596
0.7773338690608141
0.7773338690608141
0.7773338690608141
0.7773338690608141
0.7773338690608141
0.7801565956095675
0.7782718381427659
0.7770170928537481
0.7777586199926718
0.7777586199926718
0.7730052312481954
0.7730052312481954
0.7848966382669921
0.7848966382669921
0.7848966382669921
0.7848966382669921
0.7833318272956918
0.8047649139734727
0.8082641443039206
0.8082641443039206
0.8084456485725067
0.7995527098478629
0.7995527098478629
0.8037236300677904
0.8034630389565802
0.799278964305189
0.799278964305189
0.7993692332611849
0.7872055685345575
0.7872055685345575
0.7872055685345575
0.772863424686705
0.772863424686705
0.772863424686705
0.7678326525518034
0.752197895802415
0.7459109906038245
0.7733155842341005
0.7733155842341005
0.7596746172084803
0.7528898368596204
0.7534311390900559
0.7534311390900559
0.7560394245718316
0.7436992393588071
0.748994607845331
0.748994607845331
0.7317532684992134
0.7349756166322137
0.7302871667044221
0.7313952784564535
0.7313952784564535
0.7273346442125147
0.732215283096969
0.732215283096969
0.7266971384621725
0.7266971384621725
0.7233158530998401
0.7236277385854196
0.7114172421372252
0.7114172421372252
0.7114172421372252
0.7120407536035102
0.7120407536035102
0.702302455048691
0.6968225324284613
0.6970267104115268
0.6970267104115268
0.6970267104115268
0.697851273272338
0.6996893641539553
0.6762279633960535
0.676045314289778
0.6756538899497235
0.673280159558306
0.6828968371457599
0.6728600444199799
0.6728600444199799
0.6604995829718173
0.6662505676621393
0.6657265338566536
0.6657265338566536
0.6655968683745274
0.6593684380167545
0.6593684380167545
0.6666618957808881
0.6675846066541179
0.6675846066541179
0.6651107427873394
0.6644648763448455
0.6447315196935418
0.6439912333189772
0.6330360918126904
0.6330360918126904
0.6368694042052003
0.6325248797661804
0.6263284425989162
0.6293553483807413
0.6247760513058521
0.6247760513058521
0.6250699081861829
0.6179010012171287
0.6179010012171287
0.6198255357590318
0.6183678006872377
0.6260419107908429
0.6260001952999807
0.6237909765791241
0.6237909765791241
0.6352720612259148
0.6479130861353021
0.6520330426737514
0.6387226145665229
0.6387226145665229
0.6387226145665229
0.6277135150733111
0.6281217007466474
0.609590348306644
0.6128067657258476
0.6188708026784626
0.6188708026784626
0.6188708026784626
0.6188708026784626
0.6188708026784626
0.6186771315647521
0.6186771315647521
0.612521885981351
0.5959766591959172
0.5959766591959172
0.5959766591959172
0.5961090380954682
0.5963581075741982
0.5976641885312058
0.5971051412633408
0.5955514610014415
0.601175349259703
0.601175349259703
0.601175349259703
0.601175349259703
0.6080592576916554
0.5795730362865573
0.5795730362865573
0.5680424190242432
0.5758774712604499
0.569170207310903
0.569170207310903
0.558175179769436
0.558175179769436
0.5595061815730601
0.5593526797337254
0.5593526797337254
0.556873371169108
0.556873371169108
0.556873371169108
0.556873371169108
0.5571092196553992
0.5593384286563532
0.5593384286563532
0.5593384286563532
0.5627943857650558
0.5627943857650558
0.5627943857650558
0.5627943857650558
0.5627943857650558
0.5630924839376034
0.5606585931943542
0.5584701959523392
0.5628202941203252
0.5723263305486277
0.574433563356789
0.5801468538133321
0.5626730833045104
0.5630603121728097
0.5630603121728097
0.5616934548258289
0.5607835117182538
0.5646721212450019
0.5655621055569171
0.5655621055569171
0.5655621055569171
0.5644529936610074
0.564363022616094
0.5656949054218846
0.5656949054218846
0.5706669823859001
0.5802789718717081
0.5737327683021385
0.5729068324555076
0.5729068324555076
0.5729068324555076
0.5729068324555076
0.5748125047915719
0.5712551026102469
0.5776115122076886
0.5776115122076886
0.5776115122076886
0.5714777022008174
0.5582187481689964
0.5482926656024207
0.5576068208992608
0.557067093028331
0.5468642847977662
0.5468642847977662
0.5446034543156009
0.544419098916364
0.5459403479379394
0.5443606649859153
0.5443606649859153
0.5406132009203916
0.5406132009203916
0.537897795117794
0.537897795117794
0.5391856597795587
0.5391856597795587
0.5379089672147759
0.5379089672147759
0.5379089672147759
0.5379089672147759
0.5256680184817224
0.5216679063031993
0.5216679063031993
0.524641836509273
0.529706874694055
0.5271832855083838
0.5271832855083838
0.5200102715167735
0.5144617683023514
0.5144617683023514
0.5072064734815493
0.5049678932529191
0.5049678932529191
0.5049678932529191
0.5042543846833564
0.5032421241040325
0.5070010224097663
0.5098946993367426
0.5079211061050047
0.5079211061050047
0.5243006882705837
0.5232221149003413
0.5282709009377252
0.5282709009377252
0.5402592329762687
0.5399773966352016
0.538691600712012
0.538691600712012
0.5470155831915158
0.5455346665206976
0.5455346665206976
0.5455222388537182
0.5526906329066354
0.5511849452629837
0.5559285100242184
0.5506520528080907
0.5463024809076069
0.5420890509808239
0.5397442385005604
0.5403031543167072
0.544004717506947
0.5380146277502089
0.5380146277502089
0.5283903999726012
0.5283903999726012
0.5284068241754606
0.5319387444334511
0.5319387444334511
0.5342700771430292
0.5342700771430292
0.5226164503553257
0.5226164503553257
0.5152188668810528
0.5152188668810528
0.5179614478111157
0.5179614478111157
0.5102941987272699
0.5170880202328927
0.5132610303464162
0.5122417850728754
0.5117966111108683
0.49559466949375813
0.49400159362387747
0.49400159362387747
0.4965972617297817
0.4965972617297817
0.4965972617297817
0.4965972617297817
0.4965972617297817
0.489085885576838
0.4977671347556507
0.4977671347556507
0.48464112005533744
0.48464112005533744
0.4798710987589267
0.4687356086150326
0.4687356086150326
0.4687356086150326
0.4687356086150326
0.46978057487444796
0.4687356086150326
0.46977260232386936
0.46977260232386936
0.46977260232386936
0.4631593249493312
0.46222971081783837
0.46222971081783837
0.46222971081783837
0.46222971081783837
0.45809693801109397
0.45809693801109397
0.45809693801109397
0.4593476922811553
0.45731720636296735
0.45731720636296735
0.45731720636296735
0.45731720636296735
0.45731720636296735
0.45731720636296735
0.45755438849013164
0.45755438849013164
0.45709249354556764
0.45709249354556764
0.45709249354556764
0.45709249354556764
0.45709249354556764
0.45709249354556764
0.45709249354556764
0.45709249354556764
0.4590431152433035
0.4590431152433035
0.4590431152433035
0.4590431152433035
0.4590431152433035
0.4590431152433035
0.4590431152433035
0.4590431152433035
0.4590431152433035
0.4590431152433035
0.4590431152433035
0.4590431152433035
0.4590431152433035
0.4590431152433035
0.4581174100364185
0.4581174100364185
0.4581174100364185
0.4581174100364185
0.4574598385436893
0.4574598385436893
0.4574598385436893
0.4574598385436893
0.4574598385436893
0.442719346392478
0.442719346392478
0.442719346392478
0.442719346392478
0.442719346392478
0.4406417633348149
0.4406417633348149
0.4406417633348149
0.4406417633348149
0.4406417633348149
0.4406417633348149
0.4406417633348149
0.4406417633348149
0.4406417633348149
0.4406417633348149
0.4406417633348149
0.4406417633348149
0.4406417633348149
0.4406417633348149
0.4372513626523989
0.43346900674710703
0.43346900674710703
0.43346900674710703
0.43346900674710703
0.43346900674710703
0.43346900674710703
0.4281126934770213
0.4281126934770213
0.4281126934770213
0.4281126934770213
0.4281126934770213
0.4281126934770213
0.43280181286393454
0.43825633684666987
0.43825633684666987
0.4409215193331591
0.4409215193331591
0.4409215193331591
0.4409215193331591
0.4409215193331591
0.4409215193331591
0.44088606643630607
0.44088606643630607
0.44088606643630607
0.452359154041494
0.452359154041494
0.452359154041494
0.452359154041494
0.452359154041494
0.4517678742523838
0.4517678742523838
0.4517678742523838
0.4517678742523838
0.4513901026538377
0.4513901026538377
0.4513901026538377
0.4513901026538377
0.4513901026538377
0.4521107571738303
0.44361599191870943
0.44361599191870943
0.43044541706988815
0.43044541706988815
0.43044541706988815
0.43044541706988815
0.43044541706988815
0.43044541706988815
0.43044541706988815
0.43044541706988815
0.43044541706988815
0.43044541706988815
0.43044541706988815
0.43044541706988815
0.43044541706988815
0.43044541706988815
0.43044541706988815
0.43044541706988815
0.43044541706988815
0.4254220857752143
0.4254220857752143
0.4254220857752143
0.4245857223615931
0.4184011298363093
0.4184011298363093
0.4184011298363093
0.4184011298363093
0.4184011298363093
0.4184011298363093
0.4184011298363093
0.4184011298363093
0.4184011298363093
0.41912198784095467
0.41912198784095467
0.41912198784095467
0.41912198784095467
0.41912198784095467
0.41912198784095467
0.41912198784095467
0.41912198784095467
0.41912198784095467
0.41912198784095467
0.41912198784095467
0.41837076596412603
0.41837076596412603
0.41837076596412603
0.41949618773726155
0.41852125738157486
0.41852125738157486
