0.0466667 -0.03876423656356598
-0.0866667 -0.04541675650558219
-0.3733333 -0.3860604836431932
-0.1533333 -0.10544694522474302
0.0366667 0.08117322146552869
0.0066667 0.004605604786111661
0.7633334 0.6632024163993209
0.61 0.5418766734221545
0.3833334 0.36796658507287877
-0.28 -0.28796364530920004
0.56 0.5864158130073133
0.1633333 0.09627230686527893
0.1266667 0.11579578826606218
-0.71 -0.6840872808535707
0.9666667 0.9271049802677416
-0.86 -0.8461182657263205
-0.59 -0.6236395288456733
-0.2366667 -0.20624368773621737
-0.4033333 -0.4513068627165317
-0.7566667 -0.717484646743836
0.7133334 0.7644975837399103
0.4233333 0.40880241289222663
-0.2933334 -0.3378113674573216
0.72 0.7159973021596507
-0.9666667 -0.8754144550378196
-0.9966667 -0.8742774198936354
0.9833333 0.9606773943768762
-0.6666667 -0.5265212177048706
-0.17 -0.21372195378574876
0.9 0.8866274158873667
0.03 -0.01939868444748205
0.27 0.255211433747602
