0.0466667 -0.07602422098874906
-0.0866667 -0.11286999991821106
-0.3733333 -0.36678379182516013
-0.1533333 -0.3678713405766244
0.0366667 0.1691601454348688
0.0066667 -0.010091516696251135
0.7633334 0.5954052919222705
0.61 0.6070199583336628
0.3833334 0.3798637482776399
-0.28 -0.20301079006448636
0.56 0.5596394243884038
0.1633333 0.3894385497544816
0.1266667 0.13933742284177386
-0.71 -0.6169403291339844
0.9666667 0.9334948634190079
-0.86 -0.8273308184725283
-0.59 -0.5669958276373562
-0.2366667 -0.14702484091665352
-0.4033333 -0.14575205442721023
-0.7566667 -0.7296972713913061
0.7133334 0.5692372759550994
0.4233333 0.4828931236411302
-0.2933334 -0.10616118409595887
0.72 0.6997784075528009
-0.9666667 -0.7766597645150255
-0.9966667 -0.6457880481066801
0.9833333 0.8402416784540654
-0.6666667 -0.7383082262322482
-0.17 -0.15987043549883026
0.9 0.8314869431071309
0.03 0.02925660812157771
0.27 0.2787483173648162
