0.0466667 -0.03982520497326497
-0.0866667 0.25904815911278634
-0.3733333 -0.300078100395078
-0.1533333 -0.1737689127800262
0.0366667 0.24175417001141294
0.0066667 0.09900595021498965
0.7633334 0.5322356894989791
0.61 0.65673641281596
0.3833334 0.4376181335060001
-0.28 -0.44555842001364726
0.56 0.5673173736356584
0.1633333 0.1508322510984036
0.1266667 0.13183680105443166
-0.71 -0.709650832339032
0.9666667 0.9343043330015854
-0.86 -0.8521365047404019
-0.59 -0.5059401101806351
-0.2366667 -0.3771957792891582
-0.4033333 -0.43243639793109606
-0.7566667 -0.8253895997657018
0.7133334 0.6836735504958525
0.4233333 0.23668021080334076
-0.2933334 -0.30983475141059996
0.72 0.612610144743579
-0.9666667 -0.959506433249627
-0.9966667 -0.8899686694733964
0.9833333 0.8892144452474295
-0.6666667 -0.6124241959555217
-0.17 0.12703545505282032
0.9 0.8131567173192703
0.03 0.18146657583008952
0.27 0.3116324164869449
