1.559834747282425
1.355284037891848
1.3509781241811967
1.3509781241811967
1.3384333153605983
1.3414134236072093
1.3383682439287996
1.3404728158088188
1.3422017190313862
1.3336780162036113
1.3336780162036113
1.3370625826881246
1.3389267548580495
1.3363796255239213
1.3273340171012356
1.3231954840273292
1.322491241077335
1.3046582667165367
1.304189326755891
1.304189326755891
1.2958413330058853
1.279746217187257
1.2767668476550582
1.2814546455016842
1.2816181513003166
1.2852947985709626
1.2858041092334132
1.2858041092334132
1.2860985906561517
1.2863891866539974
1.289255543343422
1.2769904765120283
1.2744100639377907
1.2737119193203796
1.273700876416754
1.2634861548337606
1.2634861548337606
1.2507445705391385
1.2507445705391385
1.2478735910130767
1.248893402498807
1.242842474524283
1.2469276493146424
1.2481495071721809
1.2504030635243173
1.2395126188502625
1.2395126188502625
1.2352961806810425
1.2195132032875133
1.2179729032299955
1.2175457669209415
1.2188738533306938
1.220449718025709
1.2199330302997784
1.2305343456139435
1.232129363348682
1.2325680319136962
1.2264433575130622
1.216533695555649
1.217203598880393
1.2141758466353372
1.210063852499024
1.208298397580836
1.211854990996822
1.2144038225624696
1.2144038225624696
1.215742909562652
1.2362852779576505
1.2362852779576505
1.2323506604283745
1.1989061421685718
1.1969784798686847
1.2236463658643957
1.2360602832594485
1.225571106678185
1.2293466950171354
1.2237914376419932
1.2299281189821165
1.2283695827879826
1.224761902663688
1.2187863047087966
1.21832500613332
1.2188076758869306
1.215575466930706
1.225271182388548
1.245109531478716
1.2436262932609734
1.2427612575174496
1.2427612575174496
1.2553095320179295
1.2601890394601944
1.2583541983000275
1.2486053470447263
1.234561773232001
1.2276781719352414
1.235077773851815
1.2323884961041265
1.241173069244049
1.241173069244049
1.233699517360334
1.218669558886702
1.2186633363924868
1.2104250049781364
1.22023480319656
1.22023480319656
1.22023480319656
1.216505501661527
1.2081282903427515
1.2080146155413978
1.210007080115041
1.204468000564921
1.2007336601600747
1.1997454547515254
1.1920235561333843
1.1753654118459478
1.1614822913469116
1.157313033950297
1.157313033950297
1.1573238367689174
1.1578478030594497
1.1546766369306178
1.1348779626433505
1.1350591941203465
1.129120929838225
1.1291291886897146
1.1302655588202162
1.1305410631597181
1.1319923777373715
1.1352820774552934
1.1345508581868042
1.1403404499190504
1.1421161277448575
1.1338724584775415
1.1338724584775415
1.103066668283621
1.098431379654448
1.098431379654448
1.0979231579752098
1.09710194673564
1.0855409940788756
1.086796033658801
1.085672888950822
1.101875617748919
1.101547703973019
1.1137586671682977
1.1102327754805736
1.1207427003349497
1.1095433561581445
1.09342065170649
1.1069329690059084
1.1053398516317436
1.1053398516317436
1.1053398516317436
1.1038722473145293
1.1045531958089403
1.1074274760814833
1.0894340509424756
1.091588901504201
1.1136703128777607
1.1086881804357338
1.1099364227254913
1.1099364227254913
1.1105267240538335
1.096875203844268
1.098294105955612
1.0942962922958361
1.0949605003698157
1.0942105231477282
1.0939522914019233
1.0939974054153163
1.0969294825042237
1.0963920078229303
1.1049770275532682
1.1016664546513961
1.1107070036811328
1.1114117551033023
1.111567277787192
1.1114119361151586
1.109723048616258
1.109723048616258
1.1108660720988073
1.112125179485624
1.1087835070841618
1.11028370090957
1.110651335360779
1.1051309690861402
1.1051309690861402
1.106599735877871
1.1091516040020557
1.1091516040020557
1.1005255422025118
1.0927715001879303
1.092708767082274
1.0953656288575455
1.0833233346463955
1.0834707315083152
1.0837768225523001
1.0815380961802863
1.0865657030352887
1.088052973455451
1.093389186319024
1.0880344748523816
1.0873630096930533
1.0922901364297866
1.0964418796180624
1.0958772945715705
1.1083512754623317
1.113575149010667
1.113575149010667
1.0956426622294229
1.0661044438239051
1.06228531267123
1.0617092010688618
1.066811694304358
1.0637088181730305
1.067624511070448
1.085809785187473
1.0914783864883562
1.0877065894804636
1.091667748380518
1.097500491152421
1.0951113153409833
1.0951113153409833
1.0938387465388553
1.0938387465388553
1.0963268798086623
1.098501509761236
1.0937547500990983
1.090311779571412
1.0980657128406643
1.0980064461371621
1.101270355293077
1.101270355293077
1.0984786934493391
1.1135556491196341
1.1162080232541487
1.1137992274367465
1.1049059812688098
1.104769060945172
1.104769060945172
1.1027655517672192
1.1133989740059016
1.1075160093492538
1.1107458609197114
1.118993785311232
1.1245997900447193
1.1259108574002734
1.1387133748045213
1.1104743795913026
1.1116496149600428
1.1169521496539314
1.119286603185024
1.1120578982985518
1.13432764842815
1.13432764842815
1.13432764842815
1.1321218428601643
1.1327207585261678
1.1463349842247508
1.146325679144511
1.1409194299070988
1.140224086649644
1.1211779534174169
1.1211779534174169
1.1228003533226916
1.1171495542713612
1.1160859055413093
1.1358956496745942
1.1372142191656671
1.122283460577091
1.1309250582448678
1.1541170633070275
1.1592630206963417
1.1592630206963417
1.1593503521285686
1.1588631198311934
1.151409681635848
1.1493040249628033
1.145478273934031
1.15599450200818
1.1537967837148044
1.1669225363147009
1.17102372698953
1.1647756932636388
1.1650544216334298
1.1747818556073397
1.1833585049806377
1.1833250964028588
1.1853449565602503
1.1697109410328712
1.1727615415906587
1.1571003675129057
1.1571003675129057
1.152823790537507
1.1504579853835846
1.1632259430643286
1.1632259430643286
1.163092070655103
1.1716463142816333
1.1722529428269062
1.1514845364045707
1.1515622735650777
1.1491132009488452
1.1486421805420457
1.1486421805420457
1.1512856044635875
1.1512856044635875
1.140922734770234
1.1358926561450216
1.1327445177777111
1.1270807448307931
1.1331056849447314
1.129897686183285
1.1303240390870162
1.1302734308652953
1.1374005227283892
1.1374005227283892
1.1342957645317102
1.1379163124292018
1.1199256481138782
1.1205316073038076
1.1205316073038076
1.1204624777283896
1.1205060192369645
1.1128174780989808
1.1131253298146608
1.1133132989785537
1.117538239185404
1.117538239185404
1.1175981230256786
1.1186123497117406
1.1186123497117406
1.1195779805184363
1.1243715604846867
1.1147239623267162
1.110343309201711
1.106922466047074
1.103987492542068
1.105066490836355
1.111852701894465
1.1147848575894845
1.114807735712964
1.1148967207856897
1.1157390619065217
1.1191068734102176
1.102424132919187
1.102424132919187
1.102424132919187
1.093330014919352
1.093724239994182
1.093724239994182
1.093724239994182
1.0945680509992641
1.0945680509992641
1.082340093607299
1.090087158146874
1.0879755642976008
1.0893676978204943
1.062507067516133
1.0570237874115573
1.0565033347205248
1.0568613098892092
1.0510826886112898
1.0514567545494051
1.0526222449164386
1.0511089680272787
1.0493046342955479
1.049492845851801
1.0410360055304368
1.04100847845879
1.0407737668929438
1.0373973632669617
1.024954614917583
1.0147126019570691
1.0111371124958215
1.006821053832558
1.026282615643519
1.0254688975028206
1.0296431418221181
1.0256016744994199
0.9891158911767776
0.9875607543668483
0.9807087744994644
0.9792150185023178
1.0075350697185705
1.0073459735521346
1.008235008306088
1.0195622893552738
1.020135407489101
1.010336396104043
1.0183961719484627
1.0152456581756175
1.0152456581756175
1.017081674628046
1.016081254544372
1.0164238661281266
1.0176792751705281
1.015734847838785
1.0054261525843577
1.0013808201260392
0.9995952899753303
1.0066338158936865
1.0066338158936865
0.9794298587729554
0.9695534716173474
0.9681869773768854
0.9621107574746471
0.9774257272583415
0.9788816416656578
0.9742336295608642
0.9697954120518644
0.9727028656701777
0.9651710448330292
0.9657522286983262
0.9678915409768294
0.9652988449564827
0.965191554993994
0.9678263562097245
0.9681776141887731
0.9716761691637951
0.9739435427046662
0.9744207276155267
0.9744207276155267
0.9668483877985105
0.9651018017321179
0.9859320010728635
0.9840727879696718
0.981679781880928
0.9740953304185185
0.9662975107866899
0.9662975107866899
0.9672058235189762
0.9665514982140745
0.9558867859250956
0.954161505499824
0.9533854727633261
0.9548193871665692
0.9548193871665692
0.953661047508641
0.9527476250825647
0.9527476250825647
0.9527476250825647
0.9581192247531729
0.9522705149428632
0.951421694577325
0.9536156688209528
0.9512325893719978
0.9512325893719978
0.9512325893719978
0.9512325893719978
0.9489000478718408
0.9493970157037249
0.9519646025607597
0.9519905316432226
0.9662358048883868
0.9778420433261593
0.9791070581115355
0.9841271864069002
0.9890757057250361
0.9913621949846689
0.9801159555812146
0.9813629607059413
0.9798490051887233
0.9638687563736302
0.95796178898846
0.95796178898846
0.95796178898846
0.9572434304754377
0.9570532034409294
0.9592074351624781
0.978579787551484
0.9759721848254344
0.9722970117591415
0.9709987985648082
0.9711281185110511
0.9759615077572977
0.9749890044867484
0.9805644393501555
0.9789613579909283
0.9863700873088268
0.9968960777464335
0.9968960777464335
0.9692361970882231
0.9609367702097287
0.9609367702097287
0.9628058932729338
0.9628058932729338
0.9622752195724656
0.97326560462647
0.9878624710083872
0.9877107014552713
0.9876908611499684
0.9921063183604371
0.9957132326269378
0.9957132326269378
0.9957132326269378
0.998000829071008
1.00186670216019
1.00186670216019
0.9968514315165253
0.9968514315165253
1.0036841790234687
1.0000016654499362
0.9954822923862228
1.0015939708185564
1.0015561332343303
1.0136814492667527
1.0060778280431868
1.0004434124337875
1.0004434124337875
0.9924499580119912
0.9924499580119912
0.9996061516513417
0.9994620299933564
0.9901072974250174
0.990814717351711
0.996623019049643
0.9944712167885589
0.9916660569954596
0.9916660569954596
0.9806333004681932
0.9819672095534157
0.9825920431196568
0.9860746055988553
0.981492865277899
0.9808226910252617
0.981029104788898
0.9803371424917773
0.98020918807927
0.9846811318744807
0.9841652959472265
0.9895792057870296
0.979791801136427
0.9757040096596844
0.9762452500263151
0.9783602756401109
0.9783602756401109
0.9776456877538716
0.9819259456029475
0.9819259456029475
0.9811893005857922
0.9831795896105517
0.9831795896105517
0.9663943847112769
0.967081319313672
0.9689296674609682
0.9674851145149747
0.9671568765724852
0.975820646179148
0.9760452931794671
0.96765582936983
0.9641898632605878
0.9641898632605878
0.968883511429839
0.968883511429839
0.968883511429839
0.9326967278396265
0.9256533048096403
0.9256533048096403
0.9230671204856209
0.9257271298084777
0.932129753629545
0.9226363274408126
0.9223678019827024
0.9322605310246779
0.9302397614631632
0.9457695489072794
0.9412198811867876
0.9386928198287927
0.9443590877854936
0.9429966044723687
0.9429966044723687
0.9383944999931517
0.9389430941180515
0.9389432954231023
0.9345056576300445
0.9340660190335818
0.9343999990744172
0.9289781632498177
0.927929400832174
0.927929400832174
0.9304057058308877
0.927665190815553
0.927665190815553
0.9319552735220389
0.9259860215865867
0.9330374163904225
0.9205126771198842
0.9205126771198842
0.9225860403223544
0.9185211972614881
0.913517240352206
0.9169534844648636
0.9138219624706952
0.946305751334405
0.9573169164563385
0.9579128758505777
0.9578540647565164
0.9577793204783859
0.9569394667046632
0.9569394667046632
0.9549349009794114
0.9664907039474593
0.9664907039474593
0.9630191765377633
0.967883623374372
0.9689356273751801
0.9689356273751801
0.9689356273751801
0.9666409598619646
0.9666409598619646
0.9565624525993627
0.9540317915403488
0.9508023819091594
0.9596398108802784
0.9608907930455721
0.9567851412564735
0.9560861365366721
0.9545972678207354
0.9545972678207354
0.9572120881564302
0.9573058842433378
0.9646635279356498
0.9646635279356498
0.953138200204309
0.950329107776215
0.9391466184795002
0.9356644133881469
0.9483750404169464
0.9242468138239905
0.9172069619779263
0.9246828737613207
0.9348948129109421
0.9358978372827178
0.9370781042201553
0.9320735917885354
0.9233440253386416
0.9149332995813931
0.9186121556977883
0.920033191584557
0.919998907436978
0.9194594013938974
0.9147046376747584
0.9147046376747584
0.9244836983910714
0.9244836983910714
0.9219106419049445
0.9214681395873824
0.9221276224885875
0.9139535918512836
0.9141246371493348
0.9209381959672206
0.9299560669807663
0.9135018081915024
0.9147986291143793
0.9198909194786281
0.9235916115905156
0.9235916115905156
0.9228066089831054
0.9243983018570587
0.9243983018570587
0.9244926709301727
0.9169375348610681
0.8969536066382622
0.9017181092027959
0.891715887971451
0.8873492927878095
0.8788419911560444
0.8771798531871158
0.8771798531871158
0.8772293409573807
0.8720890376691909
0.869821789395855
0.8684928606820612
0.8684928606820612
0.8676387693735201
0.8668801927296735
0.8390024897674407
0.8546216066752036
0.8546216066752036
0.8591121391288701
0.8582007968985539
0.8582007968985539
0.8621989870090542
0.8486240721103083
0.8482899637717323
0.8507444783367877
0.8507444783367877
0.8557140791593965
0.8514319515042397
0.8517772244456293
0.8533597557317294
0.8533597557317294
0.8482299396769171
0.8479197412051641
0.8590348985636512
0.8590348985636512
0.8791036022375092
0.8594518999362815
0.8590623691187661
0.8530056457932663
0.8340120282915987
0.8426185163424289
0.8454867772387669
0.8454867772387669
0.8374902255445712
0.8294580297155604
0.8313014407297786
0.8313014407297786
0.8305032817115043
0.833748042589978
0.833748042589978
0.833748042589978
0.84405519864028
0.8441802808571081
0.8391562775309584
0.833864817653507
0.8417396967175217
0.8417396967175217
0.8607024791720204
0.8600733674242349
0.8597350412239548
0.8525795962226485
0.8525795962226485
0.8499400301546013
0.8623297093684432
0.8783566579074193
0.8783566579074193
0.8787139034128347
0.8783768302903077
0.878131847210632
0.9105546244603968
0.9129685084912904
0.9120322037486136
0.9140478430148605
0.9047022162078543
0.9047022162078543
0.8941473858714318
0.8943009546496477
0.886135058363919
0.8869876747802111
0.8815732812831248
0.8892747811500828
0.8842319626612262
0.8923962430860581
0.889341834641526
0.889341834641526
0.8904754156432584
0.8934783300772342
0.8934783300772342
0.8890937897783817
0.8911652427341078
0.8960157031111359
0.902402383937962
0.8998297950862668
0.8951730518139795
0.8951730518139795
0.8790242398084213
0.876016137492016
0.8690451301952856
0.8679897717467688
0.873557938726211
0.8640749785897034
0.8385388040925315
0.8384023093449017
0.8313480598199412
0.8487109702038662
0.8552014346638066
0.8543591342528339
0.854804397063423
0.8531340171702482
0.8547306564118771
0.855754514209775
0.8567224176176471
0.8567224176176471
0.860728847574217
0.8609129682152303
0.8609129682152303
0.8664026744058778
0.8664026744058778
0.8635494901395866
0.8821937219873541
0.8821937219873541
0.8821937219873541
0.8973405469893094
0.8973405469893094
0.8973405469893094
0.8958936287282627
0.8916601253283427
0.8924823969029186
0.895522118369288
0.8961897477423271
0.8960362665952252
0.8735753812269957
0.8792471123561385
0.8792471123561385
0.8797037860028334
0.8794293957936694
0.8794293957936694
0.880741248705109
0.8539921987175273
0.866106253106324
0.8437168459578669
0.8424589228384938
0.8424589228384938
0.8502264224496217
0.8580619068654382
0.8571206502676305
0.8597378198573127
0.8526984758330665
0.8526984758330665
0.8584474116284712
0.8595771794600631
0.8595771794600631
0.8595771794600631
0.8339697860296785
0.8320307824358546
0.8277201407374651
0.8275732425744095
0.8330448881007746
0.8340289836252701
0.8189371093740467
0.8122066718360743
0.8242426357436073
0.8236689808075343
0.8235340407764516
0.8235340407764516
0.8225797560428213
0.8225797560428213
0.8256476999811059
0.8321979014342993
0.8361582497523374
0.838803040678074
0.838803040678074
0.8370123059259444
0.8314954732928649
0.8327852281001132
0.8051151501338548
0.8061075685411268
0.8020614339983908
0.7892018220794048
0.7976039225143159
0.7793497511547172
0.7793497511547172
0.7840831457234066
0.7660680023054863
0.7660680023054863
0.7696811355246561
0.7786909014685135
0.7736266104583681
0.7736266104583681
0.773296705381334
0.7824320992499205
0.7838361688139851
0.8036863045659932
0.8036863045659932
0.8036863045659932
0.8002920891199526
0.7916622100202989
0.7916622100202989
0.7914966447765042
0.7777492623471899
0.8006180717274454
0.7999814085168587
0.8106907364775248
0.8106907364775248
0.8165748278903822
0.8165748278903822
0.8001797160076547
0.7997833145637885
0.7928970356744861
0.7928970356744861
0.7933636232047613
0.7751861022279243
0.7751861022279243
0.7740470259990891
0.7708213494047291
0.7708213494047291
0.7627270035761264
0.7756926442619411
0.7702151875243115
0.7676082426794342
0.7583074464818568
0.7622130529499748
0.7599854299639135
0.7599854299639135
0.7656341834008986
0.7609378438082384
0.7610791069559706
0.7589680419559804
0.760183100011134
0.7525935530719837
0.7525935530719837
0.7515580615128686
0.7518300806995056
0.7606207200375874
0.748862888835648
0.748862888835648
0.7710746226155077
0.7561091100526158
0.7516075009030873
0.7356744176589731
0.7356744176589731
0.7499000932491889
0.7497025467788101
0.7351106493565596
0.733229242194003
0.72033394317786
0.7302066463358464
0.7255856172433675
0.7238085062114172
0.7274358520475017
0.7388702885980852
0.7363415708089553
0.7376855207392395
0.7485261352458297
0.7485090405431657
0.7485090405431657
0.7485090405431657
0.7485090405431657
0.7577960339766707
0.7541514230059163
0.7588086341472435
0.7598382842399285
0.7634547170671553
0.7641423942541673
0.7615676994411876
0.756486239155415
0.7486018704901856
0.7502295448191176
0.745546715530097
0.745546715530097
0.745546715530097
0.7401316768966518
0.7376895874496622
0.7376895874496622
0.722394632734086
0.7219465703255444
0.7326060788685669
0.7314765280708466
0.7293107550904748
0.7293107550904748
0.7209068157485659
0.7202496844624413
0.7202496844624413
0.7191322600803937
0.7181500386045169
0.7214439695537911
0.7214439695537911
0.7242057095192679
0.7242057095192679
0.7300258435271513
0.7325308487683614
0.7325308487683614
0.7323781953658812
0.7323781953658812
0.730650809475382
0.730650809475382
0.730650809475382
0.7415953767458913
0.749356705260876
0.749356705260876
0.7515921562449476
0.7515921562449476
0.7480764294401977
0.7426543037088581
0.7463898446310312
0.7555515001481479
0.7635248474525335
0.7635248474525335
0.7770985283658841
0.7709036911754481
0.7709036911754481
0.7723918776889457
0.7873650238739028
0.7873650238739028
0.7872275975039701
0.7871484625871604
0.7862456099735474
0.7841042901413162
0.7841042901413162
0.7878455173460428
0.7881056825839712
0.7881056825839712
0.7846040784198707
0.7870264560672529
0.790179893980538
0.7705304171435033
0.774751728247987
0.77384365926381
0.7710920890187446
0.769825135248858
0.7511274993641178
0.7539370374973897
0.768542275322799
0.7702130882652153
0.7709573186453506
0.7673795036168147
0.7875208491394903
0.7875208491394903
0.7715518550134343
0.7715518550134343
0.7715518550134343
0.7743644780729568
0.7795801878068396
0.7704625600187757
0.7785147922138015
0.7782549375584825
0.7765295293288914
0.7765295293288914
0.7765295293288914
0.781352589548497
0.781352589548497
0.7727541250877226
0.7727541250877226
0.7676346095355425
0.7676346095355425
0.7713768511515876
0.7704486813923346
0.7686513726631486
0.772148718711687
0.7695872527092704
0.7692957091823347
0.7695700212428853
0.770973601971197
0.7713853897705948
0.7713853897705948
0.7751901239050109
0.7751901239050109
0.7747973205924567
0.7747818613968388
0.7747818613968388
0.7648082686287738
0.7604799272085645
0.7747319954756294
0.8007053447066536
0.7796896628908931
0.7796896628908931
0.7741880227654376
0.7741880227654376
0.7566323288262059
0.7408638402215388
0.7386937883691377
0.7214795709045566
0.7084901200327298
0.7120657875174222
0.7280498076752057
0.7280498076752057
0.7280555904326229
0.7280555904326229
0.7280555904326229
0.7358556271399453
0.7321288430481886
0.7321288430481886
0.7321288430481886
0.7354543938616812
0.736730210355337
0.735256356331124
0.7215759685319124
0.7176917248181137
0.7123055526138624
0.7117738102620746
0.7100853878705106
0.7105449138698146
0.7105449138698146
0.7167700531771456
0.7167700531771456
0.7205205818276186
0.7210613599100044
0.7225111428279425
0.7028152292227272
0.7084136969788564
0.7089744790143652
0.7089744790143652
0.7015378241552934
0.691373750431203
0.6852925304148416
0.6852925304148416
0.6713351524757765
0.6737754165838079
0.6690128296852794
0.6676522627115639
0.6676510411645044
0.6676510411645044
0.6675761275711717
0.6680184449644476
0.6584750434690512
0.6691965093498584
0.6691965093498584
0.6828904755089272
0.681865268965679
0.6776644833275105
0.674081493873248
0.674081493873248
0.6711420583831667
0.6772890527804847
0.6772890527804847
0.6772890527804847
0.6736144693112017
0.6736144693112017
0.67437246573558
0.6708793382498028
0.6708793382498028
0.6732317081060127
0.6694905980894088
0.6693967926912819
0.6693967926912819
0.6693967926912819
0.6693967926912819
0.6693967926912819
0.6635641339772558
0.6635641339772558
0.6640828048361064
0.6640828048361064
0.6640828048361064
0.6640828048361064
0.663535317272857
0.663535317272857
0.6588038358335564
0.651388356464303
0.651388356464303
0.6439768166035147
0.6441265863706793
0.6441265863706793
0.646216550620137
0.646216550620137
0.6450813362230321
0.6442341738035258
0.6442341738035258
0.6449277925321226
0.644176192023123
0.6520561485862346
0.6516371101309214
0.6505609629047021
0.6505609629047021
0.6505609629047021
0.6505609629047021
0.6481996160413952
0.6481996160413952
0.6480949479351705
0.6480949479351705
0.6480949479351705
0.6468555233076861
0.6424657772312924
0.6402069814741055
0.6402069814741055
0.6413172198141867
0.6490041903552857
0.6530487335599481
0.6530487335599481
0.6531152727782167
0.6531152727782167
0.6593013342054641
0.6593013342054641
0.665920308571363
0.6670359950772072
0.6654294184926691
0.6654294184926691
0.6654294184926691
0.6339918679490826
0.6339918679490826
0.6339918679490826
0.6142318495212298
0.6366140372181834
0.6366140372181834
0.6366140372181834
0.6364081517192345
0.6364081517192345
0.6364081517192345
0.6372248771373579
0.6211899795633327
0.6211899795633327
0.624810286744245
0.6234195480205287
0.632431262371747
0.6360458083661261
0.6466712593131105
0.6466712593131105
0.621936318736751
0.6219264012053266
0.6273993463125835
0.6243521797734245
0.6243521797734245
0.6243521797734245
0.6243521797734245
0.6243521797734245
0.6243521797734245
0.6153337720027423
0.6153337720027423
0.6155187123068395
0.6155187123068395
0.6056738494886885
0.6058949512423987
0.6061196786790345
0.6085305703594353
0.6085305703594353
0.6087906572462253
0.6062335437552124
0.6062335437552124
0.5902730046127407
0.5963838330896929
0.5963838330896929
0.5957369470869975
0.5957369470869975
0.5957369470869975
0.5999645031719033
0.5987347554185479
0.5987347554185479
0.5855018412054048
0.5855018412054048
0.5773555324196042
0.5760212922974849
0.5760212922974849
0.5760212922974849
0.5760212922974849
0.5760212922974849
0.5760212922974849
0.5718064233195581
0.5718064233195581
0.5722892556391815
0.5722892556391815
0.5711852736162688
0.5666403772529683
0.5666403772529683
0.5667828786467491
0.570474995349813
0.5703787157886505
0.570590163764395
0.5743281062144248
0.5743281062144248
0.549415717308444
0.5500961355692822
0.5335234822681361
0.5335234822681361
0.5421053944946936
0.5421053944946936
0.5456973821395398
0.5471870361224721
0.5492439216263053
0.5492439216263053
0.5326969918986821
0.5575375788456117
0.5575375788456117
0.5571054364339834
0.5571054364339834
0.5571054364339834
0.5535060076657302
0.5493603100931883
0.5515959406680786
0.5363010543510914
0.5454878087075278
0.5204067445304101
0.5189704613117511
0.5163240653203633
0.5164465571802989
0.5101599693909087
0.5068205530273904
0.5068205530273904
0.5068205530273904
0.5083245030477253
0.5079613162107125
0.5079112422488216
0.5200614416494661
0.5439352794553672
0.5439352794553672
0.5404029680897356
0.5404029680897356
0.5387709590751807
0.5377558759004893
0.5239828470712374
0.5239828470712374
0.5176695229185235
0.5176695229185235
0.5176695229185235
0.5162799254935188
0.5162886327506667
0.5162886327506667
0.5265730409301252
0.5264137020518045
0.5253634176523916
0.5327033937706029
0.5342330980452161
0.49161596058602813
0.4905059096527532
0.4905059096527532
0.48847915883521953
0.48893904226397555
0.4779885686940147
0.4779885686940147
0.4946443467119258
0.5165240514854176
0.5165240514854176
0.5167440579654838
0.5179092033973721
0.5234931701327046
0.5110338711837454
0.5110338711837454
0.5167024038867957
0.5035534835339531
0.5067251995245565
0.5067251995245565
0.5037224419830668
0.5043095986000142
0.49817914982258626
0.49817914982258626
0.49817914982258626
0.49817914982258626
0.4981652969119595
0.4981652969119595
0.4981652969119595
0.4981652969119595
0.500486791773572
0.5000587420200459
0.5000587420200459
0.49215468180747657
0.49215468180747657
0.4914688132531037
0.49048421419962196
0.49343418504231296
0.4848857401639671
0.49181992243817607
0.4887104459844305
0.49125711434007047
0.49148178092448663
0.49148178092448663
0.4915950787771759
0.4915950787771759
0.48977529943797377
0.48977529943797377
0.48793657797405926
0.48793657797405926
0.4856373907892724
0.4860258795663434
0.4860258795663434
0.4860258795663434
0.48565065065027085
0.48574593985673853
0.48574593985673853
0.48640127524140286
0.48640127524140286
0.4851126642302754
0.4851126642302754
0.48634912381251394
0.4856122448307331
0.4856122448307331
0.4847675433752162
0.48311428014373214
0.48311428014373214
0.48311428014373214
0.48698016278820305
0.48698016278820305
0.48779371079830347
0.49299435838108024
0.5223349128208733
0.5223349128208733
0.5133665070682967
0.5132669755876939
0.5132669755876939
0.5132669755876939
0.5132669755876939
0.5050305788280731
0.5060215840630481
0.5060065295292027
0.5060065295292027
0.5049781122003867
0.5017790686388423
0.5074161610965311
0.4979773825137377
0.5054087268923261
0.5066415484935335
0.5066415484935335
0.5100561259092302
0.5071068824501449
0.5194052017924801
0.5213829536699514
0.5218039955843404
0.5125757350541006
0.5125757350541006
0.5157789389305106
0.5154095735282254
0.515377916650735
0.5161950402514647
0.515568735760854
0.5120606720178775
0.5110641665774288
0.5110641665774288
0.5110641665774288
0.5110641665774288
0.5076282898489733
0.5078632272273554
0.487628638113806
0.4872934561889311
0.4872934561889311
0.4891527793755657
0.4721900871921983
0.4716168722615083
0.49038403789517454
0.49047370044878386
0.49178916691423835
0.49178916691423835
0.49178916691423835
0.49145404139614185
0.49145404139614185
0.48585371826189544
0.48585371826189544
0.4858902130494655
0.4904830469409834
0.4830683928976532
0.4847018684178334
0.4902345451289684
0.4902345451289684
0.4902345451289684
0.4911037733436307
0.4787795030683986
0.47821406696142893
0.47821406696142893
0.47821406696142893
0.47821406696142893
0.4705208179490536
0.4704847902627461
0.46496228511758575
0.46496228511758575
0.46309118991490417
0.46309118991490417
0.46309118991490417
0.46244266860896016
0.46244266860896016
0.4623904068695083
0.46227948734405266
0.46227948734405266
0.46227948734405266
0.46014383098137446
0.46014383098137446
0.46014383098137446
0.4596487558339388
0.4596487558339388
0.44935527649237067
0.44869005069778034
0.4484697294610784
0.4484697294610784
0.43872670129666946
0.43872670129666946
0.43872670129666946
0.43940512477644667
0.43940512477644667
0.43940512477644667
0.3928286830547072
0.3928286830547072
0.3928286830547072
0.3928286830547072
0.3928286830547072
0.3928286830547072
0.3928286830547072
0.3881130767726033
0.3881130767726033
0.3881130767726033
0.38901674637312483
0.38901674637312483
0.38749540396607135
0.3903600902406225
0.3897055371349127
0.3897055371349127
0.39322277690458207
0.39322277690458207
0.39322277690458207
0.39322277690458207
0.39322277690458207
0.39322277690458207
0.3909280781026536
0.3909280781026536
0.3895989074972911
0.3851684582857381
0.3851684582857381
0.3681276196801075
0.3681276196801075
0.36812097559950535
0.36812097559950535
0.36812097559950535
0.36812097559950535
0.36812097559950535
0.36812097559950535
0.36812097559950535
0.36812097559950535
0.36812097559950535
0.36812097559950535
0.3679988021246485
0.36589026670345876
0.36589026670345876
0.36589026670345876
0.36589026670345876
0.36589026670345876
0.36525812386853374
0.36525812386853374
0.36525812386853374
0.36525812386853374
0.36525812386853374
0.36525812386853374
0.3610676898879582
0.3610676898879582
0.3610676898879582
0.3610676898879582
0.3610676898879582
0.3610676898879582
0.3496150381505906
0.3496150381505906
0.34387993519451643
0.34387993519451643
0.34335712637905974
0.34335712637905974
0.34335712637905974
0.34335712637905974
0.33354878249280434
0.33354878249280434
0.33354878249280434
0.33354878249280434
0.3321173195417903
0.3338063944541266
0.3338063944541266
0.3338063944541266
0.3310569115807479
0.3310569115807479
0.3316591750808505
0.3316591750808505
0.33140229317488995
0.33140229317488995
0.30861330417372673
0.30861330417372673
0.30861330417372673
0.30861330417372673
0.2996913069164396
0.2996913069164396
0.2996913069164396
0.2996913069164396
0.29794306385409924
0.29794306385409924
0.29794306385409924
0.2968342665437162
0.2968342665437162
0.2968342665437162
0.2968342665437162
0.2968342665437162
0.2968342665437162
0.2968342665437162
0.2968342665437162
0.2968342665437162
0.2968342665437162
0.2965167024865478
0.2965167024865478
0.2965167024865478
0.287338799684772
0.287338799684772
0.287338799684772
0.27209948329385736
0.27209948329385736
0.27209948329385736
0.27209948329385736
0.27209948329385736
0.27209948329385736
0.27209948329385736
0.27209948329385736
0.27209948329385736
0.26136438222933267
0.26136438222933267
0.2562891717101446
0.2562891717101446
0.2562891717101446
0.2562891717101446
0.2562891717101446
0.2562891717101446
0.2562891717101446
0.2562891717101446
0.25481114279282907
0.25481114279282907
0.25481114279282907
0.25481114279282907
0.25481114279282907
0.2522989651331558
0.2522989651331558
0.2522989651331558
0.2510819116156321
0.2510819116156321
0.2509214733474642
0.2509214733474642
0.2509214733474642
0.2487927552451391
0.23477764679363933
0.23477764679363933
0.23400037890491132
0.23400037890491132
0.23400037890491132
0.23400037890491132
0.23400037890491132
0.23400037890491132
0.23288903186156407
0.23288903186156407
0.23288903186156407
0.23288903186156407
0.23288903186156407
0.23288903186156407
0.23288903186156407
