0.1388278480746301
0.13300396376115958
0.13327819130010016
0.13141609741979632
0.13042075425126598
0.13314937044951358
0.13815887695431103
0.13840830770793797
0.13759638863235674
0.1388849668854519
0.14189374122520262
0.1469164489938375
0.14474540311480644
0.1456341758616377
0.1466298460169371
0.14577069456520292
0.1514637430102387
0.15589602794591653
0.15855704851572683
0.15573743294901707
0.15273508275705552
0.15509166123891702
0.15352990571419323
0.1526500427693258
0.15066922508018155
0.15092444653681908
0.14963365148276858
0.14921013201392044
0.15129704983115566
0.1521226841702413
0.15120696992420443
0.14941580641164978
0.14866071148271703
0.14863766308598436
0.15184718049949042
0.15108693969416467
0.15870547385540468
0.15936181865559093
0.15787573822159073
0.15739313688149567
0.15534448217622784
0.15752594166466302
0.15831182855984752
0.15730596763338733
0.15784252770868618
0.16192883395980182
0.163784829787874
0.1659697330791067
0.16524697046866046
0.16207764364820404
0.15968968988145013
0.1589506932377726
0.15511002737263982
0.15617307523271967
0.15251411589633632
0.1547442647980408
0.15807860610961502
0.15753403034872807
0.1612981906860858
0.16042671192915411
0.1613827363756725
0.16118821749365372
0.15714804399291699
0.15852127754880063
0.15859790277639343
0.16436095326623068
0.16664773171021974
0.16225938303197157
0.15896297291910289
0.16069651027167672
0.16109186226853095
0.16067410408983637
0.15612391202276343
0.15364155837369534
0.15586025817510588
0.1581186447395327
0.1608879372078067
0.15710869806670216
0.15764033942164365
0.1599056095125948
0.15807760134022197
0.1577235432096359
0.1581219122888561
0.1526418146926123
0.14945833221132568
0.14570845515281808
0.14099143802365985
0.13703800362622673
0.13798927565575453
0.1374946545458604
0.1371916938512588
0.14047320481983958
0.13692452690788476
0.135654924457905
0.1327568669519681
0.12974845321806835
0.13097419467600296
0.1291455761403591
0.1304699557811857
0.13167226327677717
0.1351939766045469
0.14280312117782673
0.1438335956214897
0.1429217932457631
0.14342215639544853
0.14619430362135133
0.14903243278330275
0.15154994809995562
0.1487551450967937
0.14448458668009195
0.14792917655154347
0.14712910725798703
0.14253786821892533
0.1433334819679785
0.14464511746715525
0.14597263759645737
0.14337102201390306
0.1407768720376852
0.14146473839529825
0.14093860494871768
0.13916538103888776
0.14421478344599659
0.1416784699170444
0.14527236509935762
0.14591769393788923
0.1450578857718114
0.14657588176963599
0.1463565906923946
0.14413215508126356
0.14136135017864188
0.1354676623964759
0.13773062852611748
0.14262511021211538
0.14586453865359764
0.1515413743060814
0.15211046565407796
0.15061429040290172
0.15175615519224375
0.1517018264830399
0.1576326175775639
0.15430181699337658
0.15337088280547978
0.14967498185891828
0.14500404908701886
0.14417216970567098
0.14100844324328593
0.14039475622844733
0.13946689136690912
0.14304028966367274
0.14093211315419568
0.14059793539644835
0.13984692087260572
0.14242068641435107
0.1482714305790769
0.15043500205220567
0.14631010499658248
0.1478670374966337
0.14802397028146055
0.1463901657908326
0.15200087929551942
0.1512114217891291
0.155359865424512
0.15484974142411612
0.16220676110240773
0.1613829374404098
0.16302648604838527
0.16411343176754772
0.1634130258169043
0.16229139986264118
0.1597890661586068
0.1594330976747327
0.15879728543701058
0.15709470303480003
0.1591737409271223
0.15813626122596344
0.1597710911058334
0.15944103435211612
0.15834753544602564
0.15737086083487184
0.15690362828273474
0.15622185621788082
0.15636175567776803
0.1477386863420116
0.14791251505478756
0.14608744988636443
0.15185019579953699
0.14810314462747004
0.14955923323267584
0.1488766325212652
0.14977038529005857
0.14930955354480618
0.15120425227647039
0.14860821851571843
0.14892172715225618
0.14973996372909637
0.150696849497347
0.15027126978243432
0.15114867899993684
0.1506234474390276
0.14936605252608492
0.14769779031484942
0.14717875523516724
0.1438243108554209
0.1365608573422478
0.13906715597509486
0.13946284791806743
0.13896258049263574
0.1383080806597288
0.1376175329348027
0.1406759775600892
0.1449911523382641
0.14606596043571438
0.14627419346904857
0.14607523900003713
0.14846946453165497
0.15077570543487587
0.14789330423221064
0.14972353609731992
0.1517365038312041
0.1465906018005868
0.1475855843758058
0.14773391874786926
0.14644417332989287
0.14598464051743476
0.14445417059522755
0.14149544784468962
0.14099989436437116
0.14062841842877163
0.13881604178414292
0.13897839652768465
0.1391218060640604
0.1376108850796247
0.13830769206734636
0.14012744395100007
0.14241852370178615
0.14182341905838847
0.14158093945315367
0.14078958355772464
0.14222368256895274
0.14201055807352023
0.14610002274125955
0.14504703120793055
0.1454669786388496
0.14548801172650488
0.14247824776300702
0.14150740680243232
0.1437031241363864
0.13908045721795376
0.13785934869949376
0.13459366473809348
0.13826662063809758
0.13471721240383633
0.1363846584423702
0.13451576887608238
0.13216482229923612
0.13240969183899812
0.13298550434485512
0.13096941905880566
0.13006448542844942
0.13119118207220248
0.12149813738974667
0.11891426886999691
0.11355934368639613
0.1100197080150206
0.11450089945012118
0.11641087087430943
0.11684967535059376
0.11764613000302154
0.11646276246024645
0.11803773853073014
0.11747802099538768
0.11887185477754172
0.12172670476143158
0.12170567178659748
0.12249692870658518
0.11932544232523058
0.11992217945344076
0.11808548923397955
0.11158430784415663
0.11196930689823614
0.11199844770392854
0.10994632197739566
0.10974111248659406
0.11122354981739321
0.11281370878011981
0.11096713343350231
0.1103252821559646
0.11093428389042875
0.11088329304672641
0.10923426777250722
0.10698243226567353
0.10825646222703161
0.10758596633391994
0.10429007250841849
0.10101459831763096
0.10346963553563161
0.10319356682803171
0.0982578123451136
0.10072731237931118
0.09906782335903389
0.09963127180208534
0.10563051229652168
0.107074368838827
0.10468232951969522
0.09969383070600014
0.09957758774712998
0.09993847732764609
0.09680417095583752
0.09437731919581106
0.09884064381919691
0.09719954178431665
0.09286830964732332
0.09452881561012898
0.09633142645066309
0.09725263717033315
0.0944031206570464
0.09200287697714714
0.09538237785417272
0.0927356299276649
0.093103837285174
0.09642449509124862
0.09674011668095522
0.09493742851006828
0.09355436167108978
0.09305754140893968
0.08843656237611085
0.0903032615957273
0.09180903547454837
0.09103243525373092
0.08021047420763275
0.07905026598776779
0.07792905986668666
0.070807327808189
0.0711939098270912
0.0763358906820845
0.06839304727433668
0.0708621012277935
0.07103109281355661
0.07130758313500998
0.07069502342472918
0.0747273016936725
0.07382807517690847
0.07392994282377793
0.07209945974454741
0.07137247952771703
0.07117151951233412
0.07216446414144083
0.07476352030257255
0.07589801061907701
0.07847064734320515
0.07842552040665843
0.07778064790384828
0.07798580525945092
0.07825787541422184
0.07607758226038742
0.07521876313694753
0.06969242538504831
0.08089281363050065
0.08007573745758288
0.08322078458024743
0.07933576447258914
0.07549220827336237
0.07583021730620351
0.07601695424478655
0.07561912123239865
0.07565985975213986
0.0724706335716518
0.07119340790990644
0.0737548531412753
0.07590571903477192
0.07801050297590048
0.0807675388793264
0.08626847623464344
0.08685502863970795
0.0852389688031527
0.08484412847896809
0.08162894965642441
0.08186651801131008
0.0884712452611346
0.09070786425886848
0.08971625975262106
0.09133366290670243
0.09316940737869636
0.09255617899711546
0.08867456261048486
0.08915700665043473
0.0896051535806251
0.0917464615659222
0.09419860838173831
0.09617817172201144
0.09901599145753459
0.09907786308966947
0.09741248525912351
0.09725368209542556
0.09886402939166387
0.09702206503831232
0.09677326510851147
0.09604162431004717
0.09358950988666963
0.09396861598659369
0.09388976595408581
0.09007327868511461
0.09129531796883296
0.09199368931915243
0.09467447483321365
0.09118145850533718
0.09641056695225467
0.09951472540395513
0.09846067691882261
0.09677290366373167
0.09863349210254023
0.09585102010138083
0.0934631812601541
0.09330044786381976
0.09037124767785194
0.09296580847168677
0.09272553511324018
0.08925492026759745
0.08857375461639265
0.08750927426236721
0.08993157386517146
0.08640203748826183
0.09011414400991853
0.0902350220399333
0.09396518709111565
0.0907835404059148
0.08999195404299365
0.09210425214349247
0.09400868544212759
0.09525136868018383
0.09355291635029485
0.09371757593966612
0.09306246567874522
0.09349516761130962
0.09314842747626169
0.0960904118701861
0.09621678974226765
0.09567537498065128
0.09663021952582752
0.09400862342680143
0.09181811437204118
0.09172676434403323
0.0937924884909232
0.09301032863715324
0.0922663234564323
0.09188898742350658
0.09150081690474299
0.08913208763374234
0.08973167207636554
0.09122629011902308
0.0945161133751045
0.08773674389248813
0.08778150453220791
0.08893587421907728
0.08399314572402988
0.08043061637483795
0.08332310696334773
0.0808506759300565
0.08047696917678228
0.0782381248334383
0.0790554636923335
0.08062171893632966
0.0807962129210124
0.08161573432295226
0.0808950952699522
0.07981180601279966
0.08194696642823034
0.08185553729977178
0.08130803995663259
0.08129155046506867
0.08082465462792532
0.08008092514885254
0.07895870188734427
0.08029244801742796
0.08151544061379673
0.08343609671303123
0.08481265570308666
0.08450732706201211
0.08057051263525541
0.08038940920583566
0.08231384179084777
0.08191777581479873
0.07950664265225084
0.0825702617953828
0.08504007772659902
0.08580292130129329
0.08147765211116963
0.08038085567573115
0.07737185314623572
0.07304951554808013
0.07278339688795671
0.07145001459130391
0.0718449625106377
0.07471811633937767
0.07891595037406576
0.08227330348235226
0.08203507497158022
0.08388201783922035
0.08429673631600532
0.08060653086129112
0.08463888585166365
0.08584109485229502
0.08431614107938439
0.0840335492335666
0.08721285810403955
0.08844715063346681
0.09121660855523678
0.09412561526327969
0.09336422499251185
0.09070499339377125
0.09226929630571075
0.09434862175846384
0.09946786347557422
0.09741708503003825
0.09894507735329652
0.09617327742921032
0.1005051773241249
0.10254538716343974
0.10262228126040618
0.09875311847676768
0.0979715979082745
0.0975060567641177
0.09669716148507164
0.09794912738697388
0.1015253048325403
0.10120285301481183
0.10141040317661203
0.09970578005507429
0.10000108583010989
0.10116724917594418
0.10304153704767151
0.10280324085502866
0.1017128267056742
0.09970381651484803
0.10594826418914523
0.10327689531160733
0.10115710581758336
0.10492072728674948
0.10293816660366929
0.10304250015243806
0.10134285900263988
0.10135821221362043
0.10231281879786251
0.10290512419099143
0.10336955477205798
0.09888207140123981
0.09666682883235436
0.10068603335708107
0.09845235965058595
0.10337447643163401
0.10218209936476498
0.1000640336395645
0.10481308269965688
0.09900060047454069
0.09718939497610127
0.09535802684140246
0.09985438140266611
0.09866063470913429
0.09853566379609416
0.10004484139656614
0.09824415332032567
0.09137940250640748
0.0917271381139868
0.08838348524783737
0.0882544998266712
0.08838031605718784
0.08442684419088164
0.08510999868569802
0.07968308347992029
0.08046446758986185
0.07789945246856368
0.0773477215314418
0.08011064056852193
0.07702351297854354
0.07712843279596072
0.07637651664825143
0.0756337206640267
0.077848308141792
0.07743249101697369
0.07927131153971666
0.07728613390828078
0.07591393565320324
0.07582625897014693
0.07729878162263912
0.07471863069459518
0.07495752198281029
0.07586690403276153
0.07598200628104754
0.07552432733797057
0.07336674971806954
0.07511941714096085
0.07045330243827977
0.07136557586214426
0.07037261931673695
0.06361512977267257
0.06134992989339682
0.06655362208515012
0.06667468336235567
0.06881291390204701
0.06625687976985874
0.06499349222711177
0.066041195148647
0.06668180564999374
0.06930221546333841
0.07095824877732416
0.06774859888947073
0.06924366152929161
0.0688099209799771
0.06755755374244499
0.06494088176535427
0.06401189409317344
0.06510968998906819
0.06892690443480778
0.0687615509102656
0.06667544363778244
0.0658361069681753
0.06554953894492693
0.06916839841792391
0.07061219841342184
0.07156491388150533
0.07085026962900064
0.0699440147894333
0.06667198069771219
0.06673323759485439
0.06831623632199983
0.06492143139245794
0.06521012596989602
0.06566432133069496
0.06567861740504816
0.06603547515116473
0.06653547892217845
0.0684320025930463
0.0657942646245132
0.06395662121967373
0.06278003094622644
0.0617911680580359
0.06033171906698017
0.06289877133755731
0.06268140979753
0.05960031708330992
0.06037421247174723
0.06100862318370431
0.059948037186099944
0.06615674095300418
0.06591938278609323
0.06969709449024102
0.06587742991338448
0.0652769041744823
0.06319639915441518
0.06282866441850538
0.06584374220524376
0.0678236404877946
0.07146305975980842
0.07592662950191248
0.07539607472216499
0.07946170278619658
0.07873849031680236
0.07885422704664762
0.07838968844403386
0.07804857079857348
0.07556957040403033
0.07340985189221402
0.07000091839257415
0.07291972678974787
0.07204937273871093
0.07217516401935269
0.07581596234906615
0.07809538234218087
0.07494457630931271
0.0739078644635864
0.0749038678709153
0.07541273548853702
0.07479603405242462
0.07828294279340774
0.07786968921112758
0.07421804354032908
0.07569742489965982
0.07825284691726139
0.07779175802312731
0.0777283236737079
0.07736295656232216
0.0779240041157977
0.07658252305001897
0.07510935913104752
0.07683192393360551
0.08274993708867528
0.08417359337622617
0.08716530697125537
0.08722846092338482
0.08794617829138804
0.09108197841408149
0.09353499597623448
0.09531258172099444
0.09446671814978537
0.09245565127685423
0.09278742733313315
0.09271758127360653
0.09380975057673341
0.0963814201094785
0.09677993432206736
0.09737807785365797
0.10138660345804512
0.10189760468312901
0.10064158701023829
0.09820721308690929
0.100687445120709
0.10075949103241431
0.10319840703876879
0.10110814156656
0.09891078577950427
0.09829433539701757
0.10184101653573184
0.10193419134535574
0.10242256747659056
0.10423606994626937
0.10326993223781808
0.10323479831349242
0.10184840552770962
0.10161750135743448
0.10065648877155754
0.10019713379094404
0.10467279878741638
0.1047003814553241
0.10613268951164864
0.10638594598793952
0.1062469848363886
0.10029028579457294
0.09985942550670657
0.09714053465380984
0.09294195618608489
0.09099942410455128
0.08997177365125966
0.09451946543006093
0.09154284583114675
0.08875831363028187
0.08747087569594857
0.09208693601495208
0.0954274235679779
0.09612325064215015
0.09644784961775701
0.0942262017968755
0.0925450791335616
0.08968959876183524
0.08853253431365485
0.08986556506502458
0.09242915675430471
0.08998794410404036
0.09316570276933248
0.09575605973377642
0.09272374836671904
0.08852500440654049
0.08777771651855255
0.08766593379499883
0.08385964170697498
0.08836496017940641
0.08443580619878564
0.08584676306313033
0.08924529990752325
0.08866058718999789
0.09178786928947405
0.09637363412677842
0.09875923812943439
0.09939772559429226
0.09787448614448237
0.09758820254570205
0.10039966472953991
0.09865108252315231
0.09896177793304295
0.09891337252274426
0.09960721484272049
0.10028523670444534
0.10014902585805077
0.09489810857058766
0.0934391815157075
0.09099236360413353
0.09325992104814017
0.09371386723694654
0.0906179597694287
0.0897008772101034
0.09018368979480926
0.09132669229999998
0.0922175981525058
0.09121680188617741
0.09273553809140858
0.09292122482802183
0.08832155598021577
0.08772625906783242
0.08742818676224591
0.08637755259196077
0.08772908895336996
0.09019762149589902
0.09335812452504534
0.0899061802970296
0.09098952260330011
0.09032936783325601
0.08926781675629453
0.09025769933121386
0.09144956839264005
0.0920005277372759
0.08666827496431473
0.08927657155047898
0.08559861963950172
0.08547830193803324
0.08609270555468505
0.0849174932623765
0.08296617717091564
0.08500971010743236
0.09107259798592393
0.0905776330864443
0.08788497983515779
0.0864895804643818
0.08511935353563063
0.0868251232469355
0.08862622579426463
0.09253919046790511
0.0942253638785881
0.09201647802784182
0.09375555158002734
0.0972288794496098
0.09649008482079491
0.1001406600616123
0.10424397834746607
0.10514776882462087
0.10155648058571091
0.10339073732856793
0.10263800787378415
0.10534859145799218
0.1084856844139183
0.10839230690567722
0.10976081004950035
0.11142208183253327
0.1157140224144464
0.11435931119477073
0.11466081177861365
0.11583666365757694
0.11422666225535703
0.11492589244444695
0.1165739933635111
0.11586000881248908
0.11158958417163471
0.11354306080398104
0.11043311224408359
0.11085189509694827
0.109748136340004
0.10936456041536184
0.11093179168303594
0.10843048354307677
0.10301398702535064
0.10013302847273085
0.10043319945214088
0.10019128533143337
0.10126472867181313
0.10066474026161851
0.10251830647950799
0.09848022970315538
0.09915738546522183
0.1024694443441951
0.10226376857690887
0.10379101235519894
0.10218662508193244
0.10604258673707972
0.1068791909878779
0.10620722773449526
0.10947448329959675
0.10996484618330887
0.1087721282897497
0.10708798449969971
0.10806805684936276
0.1074601211081488
0.10754808277517994
0.10722192284376898
0.10667043414087908
0.10919467932706259
0.10801360198807694
0.104822833109003
0.10480394966722738
0.10470494576964132
0.10165410521137601
0.10093373373003955
0.10115843167285829
0.09928202993914953
0.09666296912655017
0.09574005663540687
0.0944711181489574
0.09479809609446228
0.09358888050542576
0.0914770307338481
0.09288987331926846
0.09062462007603828
0.08980907956144517
0.08737384586911276
0.0897239462958549
0.08888168206414827
0.0885030471911821
0.08963581208105767
0.08672516017047505
0.09104349754875397
0.09317499724036404
0.09496208108749253
0.09404352905597822
0.09581296286184406
0.09689585095875432
0.09657514236544805
0.09537975633425337
0.09730298824244141
0.09744642948437514
0.09363698040397178
0.09663773886349429
0.09468546371411606
0.0920228809599262
0.0918707445459845
0.0893419467098993
0.08473783889115435
0.08715240617647327
0.08478421502818413
0.08399717517002299
0.08285842678485028
0.0831131759905414
0.08825744249009568
0.08325335904496867
0.0770822099726332
0.07881601668301992
0.07912006864847672
0.07952977676859257
0.07994754202042154
0.07998076361719689
0.08068285002747579
0.07910937586587032
0.07971694025111055
0.08066519775627581
0.08328414962504901
0.08401109463416286
0.0787106427198949
0.08252144138311762
0.08093655720223839
0.0799149871312852
0.08165496010901896
0.082527717495072
0.08150916763019438
0.09042085414307863
0.09047733320849792
0.09089505389162028
0.09152944223492003
0.09295582157654403
0.09215091421488324
0.09289033530838302
0.09233206760069357
0.08556911780334925
0.08659045852157167
0.08444966973666597
0.08345406824199876
0.08508222948333108
0.08764597003711982
0.09078802080536244
0.09301062683561724
0.09710851068573952
0.09550943575136912
0.09659668226295685
0.0974057413356947
0.09777661617810564
0.09677276073770041
0.09692984300179218
0.09786262545394245
0.09693493566077235
0.09848510123603359
0.09659557756656639
0.09977917277246413
0.10018442230651212
0.09784824501484121
0.09797953411219663
0.09680736400530066
0.09427985737384044
0.09809906950250381
0.09510105767482785
0.0933988015676102
0.0957190683057032
0.0959999602682627
0.08715341583592924
0.08719290528060748
0.0856841634414362
0.08178205828687965
0.07950044311830017
0.0748641394519332
0.0725802402690242
0.07340569699843412
0.0753139176839746
0.07256982571380544
0.07259441088605038
0.075112194468161
0.07614568404858574
0.07234506705899126
0.07231804083841482
0.07417344845679473
0.07358075716832084
0.06845231573540332
0.0673729293030273
0.06883727163018588
0.06748065616199904
0.06824990258883969
0.06826968473099765
0.06789950728668949
0.07173819196964225
0.0705911636091206
0.07243501412728313
0.07022964319868431
0.07053597529294671
0.07132500071786345
0.07242491393297443
0.07560904260982777
0.07620209590151507
0.07611068294005376
0.07419808060926598
0.077670026447785
0.07844703163227744
0.07678269506601379
0.0767936439722272
0.07635960833206379
0.07348773551707975
0.07442409910658855
0.07312650177522144
0.07314987062525136
0.0702979059296123
0.07310264621714718
0.07664601174208498
0.07485669138821213
0.07774000390000702
0.07253524465999533
0.07370958581809119
0.0764478267488906
0.07544710116390771
0.07499388671547363
0.07107449213559643
0.07072473984383486
0.06988187000660942
0.06949881357496357
0.07158135808855368
0.06948153819151173
0.06820824261658182
0.06640573005153205
0.06633072872908088
0.06558449454708969
0.06576160726969749
0.06453702505365048
0.06374896287995611
0.0656811297579038
0.06606834244238827
0.0676826527850203
0.07049430523577123
0.0703640113136792
0.07199831793949849
0.07101311618254227
0.07279300265102934
0.07255804469940211
0.07092185882584491
0.06971568351799497
0.07094217419416621
0.07263244498294189
0.07178417698188308
0.07123383479352059
0.0702606119279483
0.07137232537175578
0.07042080403882936
0.07201285440854653
0.07757013803388453
0.0775546158227253
0.07866822803579555
0.079347573377002
0.07959832831346551
0.07974207070897484
0.081109969313843
0.08195315666223882
0.0815796237536699
0.08623360715924056
0.0860893966624931
0.08719804970433673
0.08646835015001128
0.08626730286819526
0.08623663996436615
0.08574719379521932
0.08533096373691992
0.08874199883476146
0.09063935660828423
0.09009858961720862
0.09224762491184928
0.09130724918462907
0.09231925258310412
0.08940245659682534
0.08751234964333861
0.08658194705225596
0.08583994888892481
0.08636058058056935
0.08790913302517607
0.08890863304580617
0.09011669198459796
0.08778716837904417
0.0842113792578928
0.08304742448060598
0.08104562410220985
0.083436345420639
0.08428484433620957
0.0824273292298937
0.08458582105640085
0.08359780905878941
0.08439228002810158
0.08565511671445793
0.08699694585823524
0.08720702254903802
0.08709014046937295
0.08325285328500247
0.08364497638317098
0.08735879807995203
0.08665475938274761
0.09102581791667
0.08652363329050763
0.08275389032635913
0.08784610072688606
0.08529868416265288
0.08635217994588193
0.08629181903467019
0.08615170928838252
0.0831932820165956
0.08370768386907121
0.08182344161431254
0.08035310082818761
0.0805157427973573
0.08268011430055404
0.08611386440021292
0.089394596872443
0.08911692092590548
0.08879411056240658
0.08980043172955288
0.08858162960942102
0.0868145965678471
0.08525328761061328
0.08670296276949711
0.08671020200045218
0.08759996538991732
0.0895305446632901
0.08913680268411579
0.08931856670808491
0.09294768185798451
0.09092561421482324
0.09092748390776499
0.09097682271307989
0.08999953605548489
0.08849741501372396
0.08820823263899441
0.09082080142248614
0.09048689447881492
0.08803668011822753
0.08447697840180332
0.08366886498515869
0.08316661227703608
0.08813280997671841
0.08914140040868708
0.09208939672631254
0.09326890544449373
0.09364311354846011
0.09318972107300194
0.09916998874145218
0.0983181126425497
0.09859627787414353
0.10018056429496952
0.09660754603543109
0.09928046654910294
0.09826110062045154
0.09705358014956796
0.09753140857045949
0.09987792568379793
0.10170169015857962
0.09978567958344225
0.10150359476925963
0.10122721232423726
0.09931629404611879
0.09730364664814521
0.09555571550840404
0.09534157491733036
0.09695834193368298
0.099271923181113
0.09903652970531236
0.09614984241051303
0.09609828504654945
0.10036897969464609
0.10137897485024863
0.100102589292184
0.10042660734832899
0.09913591165983231
0.09940576822352104
0.09833711039515772
0.09901265026745253
0.101144768208295
0.10093158044619815
0.10087343514853998
0.10209242812676447
0.10372791993085646
0.10420605964946954
0.10179163394430568
0.1032990165384168
0.10278172824512276
0.10583465747138576
0.10153883320023434
0.10054448395110349
0.09816375801752891
0.09668277247223468
0.09679604714845436
0.09570245438725221
0.09391883308725928
0.0925278035085822
0.09343123756632844
0.09598447925688172
0.09910177639733526
0.09889637805425557
0.10059202928364513
0.09771385392647206
0.0971237783365669
0.09551082073171963
0.09374121490963282
0.09186956117030746
0.09093086071769914
0.09086440298731469
0.09297830109133466
0.09082492379946046
0.0910432423775921
0.09424054630913557
0.09403376244491998
0.09159478217586542
0.09513037339742372
0.0943822176616687
0.09281626741583163
0.08781758578163802
0.08809709717386846
0.08615998988672717
0.08461222072760462
0.08241946480120378
0.08496606812115633
0.08536198301185174
0.080580828064969
0.07768702626546677
0.07641910180343786
0.07970754014369923
0.07614074379079239
0.06967432536261985
0.06856550032481976
0.06676435811162383
0.0655869624368887
0.06450606947735327
0.06435185932663862
0.06545394622657635
0.0692460422370936
0.06931091922580666
0.0678639156837747
0.07331356423764837
0.07403663983797958
0.07552462973207548
0.07220348381432828
0.06691106035257716
0.06917124672685859
0.0649478560830596
0.06510851044249175
0.06395583955993481
0.06377365808563121
0.06481892495554106
0.06442303410386233
0.06326691253906017
0.06360845844777004
0.06517033575691768
0.06887251198382369
0.06879949855024804
0.06893736554952856
0.07052210018572015
0.07037875327405611
0.07481305790670635
0.0749163044744532
0.0749397014250953
0.07475903544735366
0.07481615947028802
0.07467275687723349
0.07536758694499723
0.07361440249408391
0.0725738447300958
0.07253215170043638
0.07249584211651379
0.07375633132527078
0.07332767137760816
0.07325662636751122
0.07457300750420258
0.07688477994998812
0.07846365012128043
0.07429203427457605
0.07361951160676729
0.07215214410700466
0.07449362146587088
0.07063969605724223
0.06837397460336216
0.0737970219670672
0.07330451407521409
0.07222065034749409
0.07301278209472993
0.07487048604364621
0.07688848853485743
0.07766958419105638
0.07637203555139926
0.07956723352792495
0.07888054385169156
0.07936128192397396
0.0754749006301563
0.07561761022102108
0.07595285128531877
0.0750210524535186
0.07433402304651131
0.07474768819292009
0.07497125808483025
0.07602290162323189
0.07849115534513555
0.08132847469407517
0.08061331204698213
0.08100936731405758
0.08039419552757004
0.07935813564935514
0.07746787722620642
0.07870277009132652
0.0800822894948001
0.078315680879142
0.07865559700391012
0.07573701761370458
0.07457654084300991
0.07532879674114301
0.07820467894277873
0.07169406945515426
0.07072878852145713
0.07173074511513287
0.07222285923318987
0.07914183617060455
0.08137297304944101
0.07890196757789719
0.07947432763684535
0.07918134640851453
0.07634437944642544
0.0787800207964998
0.07676378676182419
0.07813907775610356
0.07564404455438155
0.07718433393984507
0.07256554268869747
0.07313480440713661
0.07374961447054523
0.07442698887997957
0.07490884816855978
0.07127113343313737
0.07450582328648953
0.0732854369720311
0.07124259666800532
0.06862361829013935
0.0697065611221155
0.07068258091571664
0.07243707443000542
0.07375678597381007
0.0741954528613312
0.0740813841007216
0.07408647023689022
0.07357560687338785
0.07428043880504959
0.07516331463905321
0.07370650644646588
0.0741488789114215
0.07096048338227552
0.06961353905624157
0.06818245600030035
0.07628704038734893
0.07588171556382746
0.07488341576686991
0.07442341372935338
0.069684107457997
0.07006969171689718
0.07017671626505272
0.06942189790126947
0.06851744042375854
0.06796160027445683
0.07088887737666927
0.06891963752055506
0.06950639192028088
0.06240348853740624
0.06204870984041555
0.06455652401355916
0.06430036107994502
0.0649559262240721
0.06641633039511628
0.06667692208798048
0.0661408929585503
0.06877445958747137
0.06886980254638017
0.06890180889556868
0.06835132230119084
0.0685606661160381
0.06795776558716816
0.06732406504838666
0.06606777117305032
0.06457000112870404
0.06584388678543424
0.0646711307440926
0.06446606258701461
0.06035015633055307
0.06083046041739693
0.06096498003091954
0.058547313939034555
0.06000243658269292
0.06191230048459909
0.06374006185910834
0.06130438931556002
0.0619573642653881
0.06076226291112532
0.06253938034888225
0.060800620500007216
0.06237867007016214
0.06216966854679399
0.06364626319936384
0.06448286838999824
0.06397816044782961
0.06198442995976986
0.05854803321579807
0.05746646356915233
0.056805245756491915
0.0572088752007508
0.06003622745199745
0.06145231331799967
0.06192892708203397
0.060071031571184624
0.05971224468630516
0.05870193238636217
0.056739552158857225
0.057404350923144574
0.05744628178771852
0.056871427503682875
0.05573129473792322
0.056762628452603166
0.05621324475096257
0.054653477361422655
0.06182701807197171
0.060752083577022616
0.06312128231451684
0.06107079497136281
0.06098593011317866
0.05993480726588607
0.06456463370432833
0.06376895161052258
0.0640106120877193
0.0657044773498288
0.06593195753320337
0.06617935112190966
0.06593483154513297
0.06629464378256643
0.06624149525669902
0.06621788103899753
0.06927325340147347
0.07064441072957049
0.06938056055588329
0.06669878560539305
0.06665748167353373
0.06716791991651469
0.0674557984912633
0.06751153677543593
0.06777713264176083
0.06841954171634498
0.07045126342561306
0.07214399489832733
0.07229390294069275
0.0722065980239446
0.07374166980502538
0.07816829032695967
0.08097188583625486
0.08101739352010968
0.07997163230444293
0.08110401284954767
0.08258769710740932
0.08238712582314842
0.08238726169070387
0.08239247947057608
0.08246367215112335
0.08250473362100942
0.08180816317111415
0.08215734337811302
0.08169941236065888
0.0810524790734349
0.07631387849594062
0.07620349024293419
0.07628442954916426
0.07638608159617812
0.0765996855121803
0.0765996855121803
0.0765996855121803
0.07846875753884505
0.07880121121865753
0.07705357397230526
0.0765466711559243
0.0779755047525814
0.0786201891184703
0.07812369466653742
0.07784272348217244
0.07886715201077953
0.0788964675153691
0.0790878483551789
0.07877443461137351
0.08070419888600582
0.08122355438272164
0.0824022994082279
0.08271012051134032
0.08267435897660047
0.08270481910358846
0.0824231950511085
0.0824231950511085
0.0808444977999861
0.08087270546058845
0.07997747731083771
0.08046922129402033
0.08083328828598985
0.07854628552357693
0.07664231787886143
0.07895159538543912
0.07890388442733302
0.07904640217516312
0.08120853672735655
0.08121153368923731
0.08237487192266219
0.08240575883740472
0.08274937645872346
0.08476243883553426
0.0848063377076826
0.08522280786046903
0.08522280786046903
0.08597284937608604
0.08487404500797092
0.08464802644616208
0.08464802644616208
0.08395195027694355
0.08386244730163431
0.08437949988023982
0.08574019464939299
0.08553998239534595
0.08338365807798147
0.08313529387299098
0.08311255230159188
0.08416028450583224
0.0840346320824792
0.08404435078686208
0.08390414489043692
0.08385792484712618
0.08388422042802929
0.08391411769321326
0.083044096391507
0.08476138997277405
0.0848514139974778
0.08842302564677759
0.09023473878057513
0.0889175223593699
0.08885347325863344
0.08888491722602568
0.08886633683271541
0.0889615310045779
0.08567304354487935
0.08563505891726926
0.08787022167241353
0.08884571795101134
0.08875180258604314
0.08870730360561753
0.08817503044290657
0.08819686560890004
0.08514889602176323
0.08582971072481338
0.08582971072481338
0.08493811783514058
0.08427750134465346
0.08528120479969419
0.08519278176705622
0.0850817830790372
0.08434467932488522
0.08190696197025515
0.0821613330304068
0.08159379082142425
0.08145162434952907
0.08157747395140223
0.08375341419954362
0.0833867836848035
0.08588092179130549
0.08597046464515112
0.08526903441463585
0.08516972041933053
0.08291083311936219
0.08299688380531953
0.08287669757545868
0.08284721351370312
0.08284721351370312
0.08284721351370312
0.08293293339639285
0.08305539106181996
0.08295172308569686
0.08298256810093534
0.08325488721481643
0.0834110817276883
0.08327580120940019
0.08327580120940019
