1.5986243268666251
1.4507380830013301
1.448836515331026
1.4488506155974301
1.4488506155974301
1.4337472142910548
1.420772782093141
1.4233138578036733
1.4089198521320432
1.3995170481312758
1.3813429328637057
1.4034775570611315
1.4148177945095342
1.413584693490542
1.4151899166149657
1.4151899166149657
1.4203300182445524
1.4229172657014766
1.4208208776348912
1.421211558694621
1.421211558694621
1.4225018520631865
1.4122418626036062
1.4122418626036062
1.4313000014799733
1.431377251460912
1.4194516141307427
1.4223178197031265
1.438427566573329
1.4307336090630198
1.4457880421137064
1.4461909712539005
1.4463331388009117
1.4463331388009117
1.4443013793590314
1.4386287565813038
1.4342897032733304
1.462680701547271
1.4569078567915226
1.4562669903294783
1.453814690998093
1.4408637622174458
1.4397518462180487
1.4298060635425136
1.4115745456488278
1.410167770203787
1.414603888743493
1.414603888743493
1.4112506218831158
1.4112506218831158
1.40975779076831
1.4281867420085648
1.4281867420085648
1.4256262668965372
1.4301994386318662
1.4273773135854164
1.4273773135854164
1.4291203249394815
1.4107027491688948
1.428079043132531
1.4256171614868727
1.4256171614868727
1.4322482712420785
1.4319391008462548
1.4407035663902075
1.4370081824816
1.4490535350032399
1.4422579324013418
1.4439640459490535
1.4394222121142364
1.4420424806507883
1.4367760439565977
1.4445071417171929
1.445978423810371
1.4740113438759768
1.494159256409928
1.494159256409928
1.494856317898946
1.4950341501335633
1.4950341501335633
1.4978673432420975
1.4994619796098596
1.4936271592241983
1.5046082268614809
1.5046082268614809
1.5026004079472979
1.511664745544691
1.5150232567151525
1.5146543006035305
1.5146543006035305
1.515149839094905
1.520123461740765
1.5152881600476298
1.5078849067063615
1.4961243407973046
1.4929007078126766
1.4959656661660459
1.4843278467073333
1.49797530368328
1.4978851148156547
1.5016950408242375
1.501608532053349
1.4895817807563663
1.4895817807563663
1.4726712330195622
1.4754470620416769
1.4814671344652233
1.4708366511775988
1.4705831407297165
1.4708467639228058
1.4678596831459365
1.4663641629644288
1.4384727606816843
1.4590277048175393
1.458330318910423
1.459758635931766
1.4609760402736498
1.4655194890528713
1.4784448991304686
1.470901058872552
1.4513722421480637
1.4303637973920598
1.4381508910449643
1.4381508910449643
1.4189185708096492
1.4029206233421452
1.4087568912231492
1.4076999148001983
1.4294312939831286
1.4307145642083823
1.4257477337802704
1.4192965815497243
1.420600894647173
1.4231932570791204
1.422842245156637
1.4029386676589815
1.3903741190842758
1.393694521308006
1.393694521308006
1.394152386134891
1.3783434177706648
1.3786903760635585
1.381157144619913
1.3796458869115014
1.372416082210053
1.3711704942664749
1.3821197278588988
1.3821197278588988
1.3827991632853078
1.3766920329651766
1.3814420471854403
1.3865334374652594
1.3867682791289733
1.3869950425588098
1.3906868769538134
1.3907086785043483
1.384930617332995
1.3983086781898553
1.3887878812359122
1.3875593678326203
1.3718469868654282
1.3780550642562492
1.3778150552693085
1.3779223239492582
1.3852996673930418
1.3845786445788133
1.3857632260393262
1.3822672125318785
1.382515419587698
1.382515419587698
1.382515419587698
1.3857021573847914
1.3854584212112169
1.3826877417766397
1.3803487190546804
1.3803487190546804
1.3809818400047136
1.3813591973666561
1.3838798356676476
1.383630535009477
1.3631385321011007
1.363155291364603
1.3620795046787544
1.366216549977916
1.3574603652655508
1.3461699230975641
1.346151319279906
1.3461706962556719
1.340390627404362
1.3389161643889025
1.3260603673462252
1.3176824763340542
1.3376615061932589
1.3224239836319616
1.322881802850415
1.3234164465271476
1.3019415746959853
1.2954400178066523
1.2954400178066523
1.2983563541944105
1.2943561788185496
1.2932828793812994
1.293763252015475
1.2933560444089023
1.2933560444089023
1.292864796836421
1.2910899711116308
1.2914873918522063
1.2916881682160815
1.2915863366803038
1.2915863366803038
1.2949069122830426
1.30481406324332
1.3126550832355568
1.2889434391446308
1.2885278175569113
1.2735819436661084
1.2521315975697915
1.2522438352189793
1.2522438352189793
1.2405219566173082
1.239800236854612
1.2409018306008124
1.2426043567321081
1.2426043567321081
1.2442485157789653
1.2596275943070738
1.2636955251377928
1.2705075427587467
1.2758850948091973
1.2710482013679079
1.2534002688223609
1.2384800513051015
1.229413836506474
1.2378870370763693
1.239168572970952
1.2386829329228228
1.2570625570785072
1.2776639851076113
1.2783534998406598
1.2783899621067785
1.2778652406057793
1.2690360174127049
1.2682169989950138
1.276994458799531
1.2769094651038235
1.2693972747156634
1.2704882745224393
1.2678275567629105
1.2689232454519916
1.2731347919428324
1.2732710402630436
1.2470033961814386
1.2562904506746377
1.253314121739037
1.2604926822331568
1.2600729201578358
1.2620594497302704
1.2610853493716012
1.255402272157542
1.253861895051237
1.2538452462209542
1.2544040182912317
1.252480818959124
1.249945375425919
1.25233535811706
1.2435512795236343
1.2367196354117636
1.236642104130895
1.2277074532942982
1.2280067122047407
1.2290112962528157
1.230143470569971
1.2259274594861036
1.2299553158544205
1.2396504101914758
1.2389494755975439
1.2378457608942766
1.238083738653827
1.2409841604625769
1.246034447303041
1.234107736120001
1.238063309717887
1.2373805972755925
1.2095955221778447
1.2243869069092534
1.2243806506205641
1.2243806506205641
1.2491142191757478
1.2515492422612378
1.25153485549251
1.2754923563409784
1.2773459325421614
1.2691768948437308
1.2757632645360084
1.276036635502876
1.2758376167010443
1.2761898654483392
1.2761898654483392
1.2785002464053299
1.296296162812885
1.2770591153518849
1.2790721291785856
1.2790721291785856
1.2818330987049449
1.2753859303001556
1.2732394519394945
1.2726107017977561
1.2726107017977561
1.2887763765397515
1.2791436982885445
1.2791436982885445
1.2878821812198185
1.2878821812198185
1.2657407605185045
1.2647768479426624
1.2568504971446661
1.2488788137804359
1.2378611184015318
1.2378611184015318
1.2199748185295767
1.2216065537864158
1.2260130503596105
1.2260130503596105
1.2315025140476867
1.2315025140476867
1.230743479761887
1.2162117330697209
1.2081386392027071
1.2147371585288085
1.2244099127401518
1.2152520837581304
1.2152520837581304
1.2152520837581304
1.2152520837581304
1.214290279361671
1.2226286015749932
1.2187863387231141
1.2096858908220167
1.2232766672558917
1.2119256661596212
1.2075855392341495
1.202874617522191
1.2117692731775673
1.211689695463027
1.2126497312724833
1.2132460895481778
1.212701226580931
1.2170341933005913
1.2173414194755021
1.2145935005493667
1.2145935005493667
1.2153019888826044
1.2262282394897073
1.2273424098245187
1.218776381820433
1.218776381820433
1.2202862919632536
1.2165171632060598
1.2193293648246337
1.2192394376779094
1.2195979705723075
1.2194150424158634
1.2149426237358463
1.222394541490703
1.2204653883407868
1.2201417809190118
1.2201056379806317
1.2292568635232175
1.2334935583775084
1.2334935583775084
1.241094216396886
1.2149380705648072
1.2135090441287608
1.2168256845064622
1.2173351282877696
1.2050859913850385
1.1962588360188102
1.1962588360188102
1.1951276748573756
1.1961633790322392
1.2225538536554266
1.2225830272971856
1.217868241271979
1.217868241271979
1.2041402357377422
1.1866703050665763
1.1906645211051423
1.1884279921475556
1.1770823354317634
1.1704724091407168
1.1629787131293485
1.1630749676905345
1.1755852451384885
1.1651036297697164
1.1655160973696972
1.163705168941604
1.1655338714026373
1.1512985701815803
1.157906547020453
1.156879779864988
1.1563757801621257
1.174632561934408
1.179241024372655
1.1759266915386026
1.1759266915386026
1.1838251976435623
1.1879244558019482
1.1902266202450196
1.186052064714141
1.192826709290933
1.1928110572854487
1.1887226895373266
1.1860344296060792
1.1856428940351467
1.190728545278782
1.190728545278782
1.1966618121067096
1.203379612717123
1.199183948634744
1.2031595595033053
1.2152867430564143
1.22913300882527
1.22913300882527
1.2312702992637639
1.2402408599763297
1.2394105327549187
1.233709845473151
1.2336679581160943
1.2354481667239476
1.2338840036798326
1.2357480854677045
1.2364520133797419
1.2392987929382033
1.2308615443068058
1.2326711139974489
1.2325212873866302
1.225534307247537
1.2205661551560543
1.2191781486920186
1.2188729141653998
1.2163244760302467
1.21321476253509
1.2140713896498327
1.2106480338659982
1.215787663784744
1.2211696991803231
1.2211696991803231
1.2285076137814774
1.2296309641738394
1.238447388802573
1.238447388802573
1.234267911350383
1.2344052124836
1.2351054047281627
1.2342833864962977
1.2289801073226012
1.2289801073226012
1.2152951300078854
1.192645702773131
1.1925611507218903
1.1845234656046892
1.1813293584565505
1.1777147245216693
1.1777572806199719
1.168884354462289
1.172692020893555
1.1697768715420684
1.16321917220179
1.1679474626754822
1.1692757241115073
1.1760376955971414
1.1742389706660357
1.1745053332322128
1.1673644925472582
1.151202201864594
1.1530233634535203
1.147317213738172
1.14085184840073
1.1303201268997174
1.1283097808007176
1.1301423526589605
1.1301423526589605
1.13224251844066
1.1290898355230807
1.1255268837376915
1.1235348224944375
1.127302684111336
1.127302684111336
1.1287876416862124
1.1291883177688466
1.1381690267221056
1.1515777414586146
1.1509734016686803
1.174413407802747
1.1781230138243226
1.1781230138243226
1.1782797966728742
1.178060665829509
1.1818599737499254
1.1854096008202466
1.1873743086830493
1.1811122972165202
1.1789828634303148
1.1710355130443826
1.1688716206716256
1.1612910057780916
1.1621761382000002
1.1601634331004207
1.1601634331004207
1.1558786870854547
1.1451672819288066
1.145058521119705
1.13899299818465
1.1340606560507551
1.1427863655670019
1.1428159425348594
1.1224705721888846
1.1068998174479276
1.089630062907742
1.0926688579925747
1.0934542687178346
1.102285563818349
1.1039102423575793
1.0976452725630437
1.0797058659543217
1.0794452458422288
1.0828011618739388
1.0813337330694326
1.0813501165338317
1.0813501165338317
1.0794034327608593
1.082050214960824
1.0819041396074487
1.084329114149056
1.0856719817102294
1.0765349383854999
1.0751800800596887
1.0681332256719034
1.0638141307615716
1.0638141307615716
1.0573252547825194
1.0537253741218484
1.055808185027773
1.0681019973195087
1.0717508241638498
1.0625676677177978
1.0654689182646686
1.0654689182646686
1.0527614565084251
1.0329795032661464
1.0329795032661464
1.026096718322914
1.026096718322914
1.0228272932471638
1.0213770817663652
1.023577383833462
1.023786453201818
1.0211345620926517
1.0203569706066655
1.0190487251870564
1.0145007700512214
1.0142485660209728
1.0136674984401672
1.0026883182561719
1.0026883182561719
0.9994314456897013
0.9924627586875386
0.993280166294644
0.9941193969364849
0.9940537542660394
0.9934869432325056
0.9893810610275674
0.9893896125832681
0.9903389550800787
0.9916857705339971
0.9893212071475762
1.0122140316874324
1.0099542865196547
1.0133576712155932
1.0058164181934404
1.0031449963178511
1.0031449963178511
1.011701978474689
1.0100038701921203
0.9925070838770558
1.0068308732239604
1.0070371695558613
0.9962970473506529
0.9962970473506529
0.9777795648865024
0.97816269258605
0.9587150822740095
0.9552584887428831
0.9464470357223164
0.9390170858476378
0.9234427708140888
0.9234427708140888
0.9244060827952352
0.9270583198109728
0.9243551329706342
0.938854241272678
0.9387681103411224
0.9380046078394626
0.9380046078394626
0.9484123150623176
0.9501063983900983
0.9453559269046086
0.9453559269046086
0.9398934858739108
0.9399371669222856
0.943738315332905
0.9346658236151105
0.9376237291955487
0.9355950901797121
0.932253458800435
0.9273988867962899
0.8967481530120398
0.8888971951013391
0.8884211870987033
0.8869560458975384
0.8924351522154639
0.8923236500953182
0.8878197099590542
0.8847348706647779
0.8851759732008552
0.8871586821712787
0.8886096200797269
0.8657670033374983
0.8664558782334815
0.8663210785033858
0.8613247949061655
0.8620077330038777
0.861115004028943
0.8616504389273721
0.8615891060645183
0.870751163684875
0.8863542405066596
0.8838792137805952
0.8930597832335758
0.8928791234374338
0.9005140188552725
0.8732895797839496
0.8806516056019762
0.9000399513842126
0.8954556689139992
0.8952066231303936
0.8923221342332481
0.8842186543971892
0.8894093303189946
0.8901310461429323
0.8907255186905406
0.8962533045504472
0.8957016154885588
0.8951062601013197
0.8938340133112145
0.8972964280948056
0.9101020384148185
0.8967806612122022
0.8929800942456017
0.8929800942456017
0.8929352606277606
0.900738563322981
0.900738563322981
0.8968885984549457
0.8987402569231189
0.8956696604951977
0.897727393903266
0.8976614973685819
0.8719249557837898
0.86642272406708
0.8734454133753601
0.8756821187567629
0.8766559162348311
0.878424467766381
0.878424467766381
0.8754448720979262
0.8752676148239618
0.8740881463801515
0.8813277617926517
0.8692291439384564
0.869763619608365
0.8720068436666809
0.8796227208173658
0.8796227208173658
0.8807791319709319
0.8807791319709319
0.878623672493496
0.8795079922782173
0.8875905017034623
0.8884137295147522
0.8833590187236445
0.8900789468481837
0.8926216662665566
0.8695496213140266
0.873438811635834
0.8760633673048779
0.8809327293262066
0.8809327293262066
0.889953224538882
0.8882598862837887
0.8916210099438423
0.8901236166096562
0.8901236166096562
0.8901236166096562
0.8909124629254315
0.8896057211338757
0.8981401997784377
0.89715721092809
0.9061360705543082
0.9061360705543082
0.921636033275293
0.9184188276104278
0.9359339032685573
0.9336314706219218
0.9384342866436614
0.9299212416236127
0.9280483148423319
0.9252894131551441
0.9168022278314105
0.9192935285489569
0.907592676003894
0.9268651788696797
0.9272633345163522
0.9235387987690966
0.9130164618289802
0.9110694801116122
0.9110694801116122
0.9110694801116122
0.9044182583014829
0.8990250181107812
0.9278107060985665
0.929610526437126
0.9384542969912135
0.9384542969912135
0.9371842777873295
0.9422045016147562
0.941414824591869
0.9392660922744518
0.9379226801670921
0.9433694714797046
0.9432417541949611
0.9496710635784947
0.9449988965195438
0.9449988965195438
0.934005928637316
0.934667987593216
0.9323684094797936
0.933590865296295
0.936765320647968
0.9129182066965782
0.9129182066965782
0.9122685168708641
0.8981771815523572
0.8952746136778185
0.8912376344670768
0.8912376344670768
0.8885991976925426
0.8885991976925426
0.8915695686155065
0.8992426024595093
0.8992426024595093
0.893403963092887
0.9007286809009657
0.8946241279785804
0.9037974772810635
0.9037974772810635
0.9045590829920491
0.8852317828018019
0.9019244674856547
0.9019244674856547
0.9045980554642838
0.9351748753142098
0.9336860186354518
0.9417039640616084
0.9397115314023463
0.9393693900216056
0.9390424715639745
0.9390424715639745
0.9426390215096069
0.9426390215096069
0.9423685243306221
0.9291030908840037
0.9301083456221306
0.9290043992306257
0.918584918199555
0.9012843569561023
0.890279274032954
0.890279274032954
0.8945898572951771
0.8835721435934296
0.8850838946209726
0.8799066249170453
0.8799066249170453
0.8822845361053764
0.8739717099343803
0.8723491538633174
0.8703720242620415
0.8839963526972461
0.889214859099973
0.8904586998171434
0.8941739459141658
0.8941739459141658
0.892144932503739
0.9024904278471098
0.9019528520327509
0.9018328476833822
0.9022422156821771
0.8949169282493964
0.8690191016747159
0.8766677310114226
0.8701673813658781
0.8713704488725618
0.8713704488725618
0.871427916082601
0.87395200804529
0.87395200804529
0.8736679281686804
0.8703007259667995
0.8698993168425582
0.8664939046925042
0.8671300804400583
0.8720472692898837
0.8781802605146141
0.8777834084506271
0.8809607127632627
0.8721963478545856
0.8728957342660283
0.8728957342660283
0.8648913228857972
0.8648840218281021
0.8583639369685677
0.8632676374427113
0.8609428490534786
0.8570099496276762
0.8573994757909351
0.8570811373921042
0.8548870786464029
0.8548870786464029
0.8583478477990244
0.8572072664281534
0.8590480854295375
0.8603046306373907
0.8554078352310479
0.8434952387230382
0.8814915506561817
0.872604191703505
0.8732803149990539
0.870022441603819
0.8724739749672126
0.8946989979463762
0.8916128654601453
0.8914633507218599
0.8967431917410604
0.899933326754491
0.8894616655197941
0.8870875161114823
0.8869088192043377
0.8869088192043377
0.886906831151601
0.8882811673352318
0.8737425258029035
0.8723467676146829
0.8798293398982895
0.8783423046847737
0.8336357513966357
0.8330001895630768
0.8375358076917447
0.839086133499714
0.839086133499714
0.822793040002409
0.8216334344800711
0.8212865874946982
0.8195241059346715
0.8195241059346715
0.8195241059346715
0.8125532273985308
0.81400183755755
0.8189006664957673
0.8191417241528158
0.8153509915006163
0.8153509915006163
0.8170105252169753
0.8164679686163523
0.8113055754112761
0.8131739577539066
0.8061655816425904
0.803815797948525
0.8127273799505389
0.8084498906724584
0.8101068920854712
0.8107565692109903
0.8158679585463564
0.8153198078498735
0.8154720210502524
0.8228052733186523
0.8228052733186523
0.8188632346826682
0.8181638117326226
0.815936352252984
0.8156356879630295
0.8140520228956274
0.8140520228956274
0.8172499184785317
0.8172499184785317
0.8178984011212759
0.8185300662357529
0.8242426266534861
0.839186901279897
0.839186901279897
0.8384402757905984
0.8384865765928106
0.8358848783277683
0.8358848783277683
0.8434813517588292
0.842331933550468
0.8437334555621376
0.8437334555621376
0.849555955260442
0.8456391428213114
0.8456391428213114
0.8429870471496306
0.8291240959138205
0.8284845046227786
0.8284845046227786
0.8350355078764793
0.8350355078764793
0.8210868004310702
0.8210868004310702
0.8222271283011888
0.8204142431598528
0.8011321548447132
0.7975249321245059
0.7979711905787472
0.7947957307896998
0.7994279689208252
0.804947653292964
0.804947653292964
0.8105176236417652
0.8193977982955069
0.8113547220151447
0.8140095956196444
0.8174201397732217
0.8248647613928702
0.8437627504763803
0.8438014644945296
0.8424602116643788
0.8469991752897702
0.8558931993897783
0.8589218682030049
0.8664390546424257
0.8606794873353836
0.8598799140456848
0.8772158486946027
0.876395526680937
0.876395526680937
0.8761462700126889
0.8775454943123167
0.8723481590614498
0.8840554298575865
0.8861965104145497
0.8883725269291559
0.8837239070326672
0.8923071287944006
0.8923997210724699
0.8790860396705945
0.8764454777677775
0.8700403082814353
0.8721114798215277
0.8668077615437979
0.8638758413313936
0.8653246737425221
0.8534225133805805
0.8392305017296066
0.8487614510370176
0.8459957457359486
0.8463438337392187
0.8620269896206795
0.8612645120821552
0.886270115314513
0.8968873670276287
0.8973706405963081
0.8869737564512038
0.8893959602011606
0.8624220471190541
0.8624220471190541
0.8623825990786841
0.8616703116710052
0.8620818599404935
0.8679103415554978
0.8652756930427674
0.8652197131333751
0.8651267128610425
0.8651267128610425
0.8535194900614096
0.8535194900614096
0.8535194900614096
0.8385024312452686
0.8371698102769979
0.8331705988208871
0.8404499973538696
0.8438112342838339
0.8438112342838339
0.8491215015465385
0.853194243571241
0.8522343378158522
0.8506943639565514
0.8594383665294699
0.8638263916996017
0.862586254631545
0.8604417649700823
0.8714901624300384
0.861751378667912
0.861751378667912
0.858247522553933
0.8576489935319576
0.8500878981014781
0.8501161118288684
0.8474427925743762
0.8366808975532393
0.8327763804238422
0.829525021775327
0.8310864806906225
0.8250288642303857
0.8232221712416894
0.8099421867770474
0.8099421867770474
0.8076171553922034
0.8090759251372259
0.7951091405064306
0.7954601609877837
0.7962578280340527
0.7965233969500359
0.7965233969500359
0.7999879912436694
0.8013695215955924
0.8020709142837695
0.806229384263101
0.816343387419362
0.816343387419362
0.8292051605785365
0.8294568894948692
0.8294568894948692
0.831766466494324
0.8336964733215736
0.8316074761739524
0.847913203751998
0.847913203751998
0.8426735789558697
0.8402401823004091
0.8387847264504326
0.8451649310806707
0.8417533880857632
0.8275682185954851
0.8253009500633122
0.8328134288841353
0.8362389869291649
0.832293452996704
0.832293452996704
0.8281749971050048
0.8143008998898613
0.8108282824994425
0.8131847156404229
0.8131822191435165
0.8051940879680057
0.8031350994502126
0.8054652212517227
0.8054652212517227
0.8030377268650909
0.8087987159590914
0.8040250171343272
0.8040250171343272
0.7969784489940266
0.7732177383279903
0.7727556487337854
0.7809952316646089
0.782625230236636
0.7743199434445044
0.776446172195236
0.7887883327209001
0.7892431175066038
0.7990965721053317
0.8010000386330437
0.8127973919097194
0.811592570173948
0.8112919201913075
0.8016110668893514
0.8026984529317066
0.8028443438577894
0.8030145927907425
0.8204833184683998
0.8221904880567878
0.8086853197114623
0.8001447773989662
0.8053721151656513
0.8053721151656513
0.8066006168848973
0.8066006168848973
0.8056281523702487
0.8050454124761167
0.8050454124761167
0.7976742223541714
0.7948639574764061
0.7828062681453511
0.7755750764142946
0.766271282237816
0.7678790908523391
0.7671272097511824
0.7685527912691054
0.7648422857122358
0.7661807783856972
0.7728961227065007
0.7758272181503474
0.7767445232393555
0.7767445232393555
0.7762326172339277
0.7733276507929188
0.772184247897509
0.7451088250872879
0.7434516900077053
0.744002598759378
0.744458408115582
0.7358231217806043
0.7192714306904375
0.7179003596242418
0.7185198419565381
0.7207665920171552
0.7270568289590742
0.7322589432653724
0.7322589432653724
0.7173772535311992
0.7270511515390856
0.7270511515390856
0.7394398574754265
0.7445806220715775
0.7445806220715775
0.7513482108283385
0.7510405867659502
0.751013934752043
0.7529081436871177
0.7441645432121857
0.7422945518962111
0.7422945518962111
0.7389904191461607
0.7479607888451083
0.7438548439136521
0.7422309135733551
0.7231479807883403
0.7231479807883403
0.7256945706798924
0.7256945706798924
0.7227853220210179
0.7130743068601927
0.7004189364175071
0.6775905800932798
0.6605036844996204
0.6603889164903969
0.6603889164903969
0.6540231083021137
0.6548793038492083
0.6782005453986422
0.6663905615511244
0.6643705050474952
0.6589402363362811
0.6593011489749815
0.6535814873783046
0.6395402360861296
0.6516270338281646
0.6524708530811785
0.6605578420702659
0.6612175596063288
0.6618797948214122
0.6811206604254378
0.684101813860972
0.6804321185646536
0.6804321185646536
0.680610573665031
0.6811637478895756
0.6818474725755044
0.6728363640537569
0.6604444479417234
0.6491466195210838
0.6531261238724021
0.6527405146107104
0.6561619434667372
0.6561619434667372
0.6560387988762479
0.6559964020190017
0.6629990625223257
0.6629990625223257
0.6682833258569011
0.6651461707351176
0.6728292684499511
0.6728292684499511
0.6728292684499511
0.6726885746803561
0.6807859372422118
0.6768323237639351
0.7043208083004537
0.7036480211480732
0.7036480211480732
0.6957912756812173
0.6981093303208759
0.6976051113506867
0.7000961507979939
0.7194233394786089
0.7077570658546581
0.701767786969316
0.6989260113855061
0.6969969783705324
0.698527682940071
0.6977188295244857
0.6977188295244857
0.6955500804692295
0.693142872994389
0.6933152135766862
0.6921455919112433
0.6989752928526723
0.6989752928526723
0.708239434113042
0.6904377464064748
0.67425767192793
0.6762428645654333
0.6758581920758115
0.6758581920758115
0.6795140247079113
0.6795140247079113
0.701696740396201
0.7214048826182762
0.7214048826182762
0.7216411628337773
0.7230313756225628
0.7239285942837584
0.7349798342352684
0.7224291542962235
0.7224291542962235
0.716680850790893
0.7244382468130923
0.7229158916984494
0.7227515549300224
0.7222888095487924
0.72626818838159
0.72626818838159
0.7260188415214961
0.7296240110733291
0.7394100186047445
0.7441091638965026
0.7524069544786952
0.7438403161717212
0.7381518199681866
0.7330477504427674
0.7419837943375904
0.7330635575591391
0.7386837544069684
0.7211866965395888
0.7212251189017083
0.7211337028593544
0.7258182435172544
0.7255850612575001
0.7279187824873419
0.7240955362054301
0.7193297280992731
0.7181088651675613
0.7183373709887377
0.7208151175267055
0.7283956888061704
0.7370592272602358
0.7047650618312379
0.7053254918407172
0.7006861316310292
0.6903792205438661
0.6939099198570988
0.677322772299704
0.677322772299704
0.6691780589352984
0.6987127796535546
0.6999338057101011
0.6999338057101011
0.7012655573432179
0.7010398180793842
0.7036785839095965
0.7029250117052184
0.7103025550088944
0.7316373494016727
0.7316373494016727
0.7336350865203717
0.7381699802489311
0.7378655441245145
0.7378655441245145
0.737867503231407
0.7434517835460296
0.7470325245210231
0.747481685866975
0.7482069127785332
0.7481503472169363
0.755168506725622
0.7525997611895725
0.7605652542263535
0.7535374699007948
0.7535374699007948
0.7541087018963601
0.7457954032276105
0.7457954032276105
0.7451000163582976
0.7337799711634252
0.7321003873369849
0.7350630035378883
0.7350630035378883
0.7370300059551902
0.7283618026135679
0.7362741694146264
0.7416039481472833
0.7394994213625128
0.7394994213625128
0.7505507099305373
0.7501933189341733
0.7502172766664066
0.7502172766664066
0.7391091003983778
0.7391091003983778
0.7259560698198348
0.7369891115197602
0.7433733064694972
0.7270268508699644
0.7500312651487845
0.7481352424733492
0.7402207123470136
0.7402207123470136
0.7265643669886952
0.7208215877601999
0.7145413658515647
0.7109866241331319
0.7109866241331319
0.7078066359533042
0.7058568190350545
0.7058568190350545
0.7169046067820729
0.7154689270256797
0.7053834067652593
0.7052740278036131
0.7052740278036131
0.6983915581063405
0.7106881468389641
0.7090029279111559
0.7090029279111559
0.7087177612986703
0.6985368398673062
0.6983797389359129
0.6900083168372589
0.6896405322878778
0.6896405322878778
0.6971361695727225
0.700144179090528
0.7304154521994861
0.7169885296742635
0.7201396079169221
0.71814431716435
0.7176871339543954
0.71810356356577
0.71810356356577
0.7169113792249705
0.7211582529384468
0.7200985507987004
0.7193099192969643
0.7227692568057826
0.7356669098144407
0.7344142819412842
0.7346864263509546
0.7346148196138893
0.7198873172533562
0.7170661636660627
0.6903363508748258
0.6899119026743755
0.6899119026743755
0.6917711571771988
0.6917711571771988
0.6920252817669387
0.692682062532004
0.6835110244105719
0.6639392440673855
0.6525116679658527
0.6494383586585543
0.6494383586585543
0.6534620842944797
0.6494631876910423
0.6773362200458294
0.6773362200458294
0.6773362200458294
0.6773362200458294
0.6830690144797245
0.6893936908412412
0.6893936908412412
0.7070136416299689
0.7142396046945908
0.7221630621870673
0.7213291776773572
0.7213866482000971
0.7214946339118212
0.7165273609559544
0.6952169732950065
0.6909227456224805
0.6913037903097488
0.7015141958365632
0.7137647070763795
0.7137647070763795
0.7142809181813153
0.7087098415733765
0.7024875940489616
0.7058875618367071
0.7097873967768579
0.7075299371413065
0.7017434119915695
0.7017434119915695
0.7151487129998161
0.7043226895666651
0.7183623294710982
0.7183623294710982
0.722947710845663
0.7454849521813277
0.7454146567633919
0.7430327668783647
0.7308848963714555
0.7308848963714555
0.7389121575869183
0.741590736448136
0.7399434781294104
0.7430501218139564
0.7492233416796211
0.7467105640784708
0.7415960568904749
0.7492472734438067
0.7381148657148493
0.7467913309826758
0.7467913309826758
0.7465704820206183
0.7465704820206183
0.7465704820206183
0.7404858270804124
0.7577330900182501
0.7742237736165928
0.7687741792829663
0.7687724031105312
0.7687724031105312
0.7705849448276713
0.7705849448276713
0.7726301160996994
0.7767853274742783
0.7772667129903972
0.7760912258408508
0.7760436179420928
0.7792758369678431
0.7792758369678431
0.7792758369678431
0.7759605449708054
0.7771914569490925
0.7816420432957086
0.7766826509098984
0.7766610808323846
0.7867097822495897
0.7812116564911812
0.7885106964940362
0.7963326760522547
0.8034812078302548
0.8034812078302548
0.8064577553931936
0.7896114073712187
0.7918164686472016
0.7902336179372239
0.7788322488796213
0.7740689992855873
0.7748509087596569
0.7637744996529106
0.7421125250419637
0.7351743125831771
0.7351743125831771
0.7351743125831771
0.7302595069839181
0.7266307969273162
0.7099389430101861
0.7065542910411314
0.6678624901963914
0.6638472270535314
0.6534755839549178
0.654910614573598
0.6526618046751431
0.6526618046751431
0.6538976906163225
0.6557801603255156
0.6423602818575509
0.646259986209169
0.6586280121599081
0.6759312263791069
0.674342736183464
0.6737431840418273
0.6754449892163354
0.6891109024246033
0.690152158128604
0.6745863615532882
0.6652655346779903
0.6652655346779903
0.6654580908076024
0.6668141073676965
0.6709438833070906
0.6660301854990016
0.6715586126481164
0.6654933190845144
0.6670933844850548
0.6661358002766569
0.6604074343817494
0.6577964521091335
0.6536750638614619
0.6536228706503895
0.652347622214665
0.6491658269977474
0.6491658269977474
0.6432836685536742
0.6445665070017886
0.6467890692611199
0.6467890692611199
0.6467685592221701
0.6467685592221701
0.6449574605909693
0.647925702133765
0.648665430792754
0.6553422894376069
0.6556288284570152
0.6556288284570152
0.6605114377566207
0.6516411080278433
0.6607375357757287
0.6612800436989953
0.6631582110149826
0.6694505027415613
0.6696920475931385
0.6721353870767223
0.6700733083398939
0.6770294634338865
0.6679324091035111
0.6684510454551023
0.6758603695703748
0.6738626523885203
0.6664428926419005
0.674339944598921
0.6739038012957563
0.6595763826529748
0.6626244819862788
0.6734713478305083
0.6743633357548405
0.6697732059621464
0.6539967836301712
0.6641821613795931
0.6564375956459229
0.6528636604333823
0.6552867636296759
0.6529118615050383
0.6717403428850179
0.6738372241059578
0.6726310152754884
0.6710042568582393
0.6703924377911177
0.6697270775321681
0.6697270775321681
0.6694163672929161
0.6586126375547938
0.6602389341597977
0.6773698171980591
0.6699814265201778
0.6726753053190532
0.667114898279182
0.6673065538163614
0.6703478324007042
0.6703478324007042
0.6664783508231424
0.6662039275750624
0.6625039883943898
0.6807551043223138
0.68486954819694
0.6818307832622771
0.6672856746158559
0.6678072378839595
0.664321689378501
0.6682978993621767
0.6632302385806773
0.6632302385806773
0.6605465213272002
0.6685768368386763
0.6649746236835025
0.6685645814293367
0.6711687106791728
0.6711687106791728
0.6711687106791728
0.6667688177087002
0.6652742234468154
0.6652742234468154
0.6657409626680296
0.666979569565489
0.666979569565489
0.7092084925578283
0.7064454154692458
0.6915307123254232
0.6903514858774339
0.6893709160531214
0.6662014227913423
0.6647274626299183
0.664678381554422
0.6767222645279111
0.6766711866410782
0.6769005032401489
0.6926995508209871
0.6982241440243576
0.6984328352897115
0.7016787558272645
0.6975454200002735
0.6983644315758087
0.6849944024442571
0.6839135680665553
0.6937027035879386
0.690815424885875
0.6903868719247126
0.6871980965758401
0.6911917523692348
0.6908800995754933
0.6904993811817862
0.6845307086415823
0.6677392731607376
0.6628788054297463
0.6710489219468816
0.6730207620110136
0.6712954659168555
0.6719516031895617
0.6687394192885524
0.6866470035717563
0.6866470035717563
0.6885614355446865
0.6885614355446865
0.6885614355446865
0.6915013749674024
0.6915013749674024
0.6976522357072116
0.6657744666211246
0.6659978863616486
0.6580285778536364
0.6519524800584584
0.6519524800584584
0.6355653650659209
0.6331372795445794
0.6331372795445794
0.6349344604567141
0.6359924262879123
0.6359924262879123
0.6238181034244158
0.6236386164729778
0.6157882196380758
0.6157882196380758
0.6091487277475135
0.6184417086162664
0.6171317912296951
0.6156285522931332
0.6112893188291904
0.599150756290209
0.6049370492122574
0.5961941534096329
0.5966842519910344
0.596510172781161
0.5870216006769639
0.5861790735339762
0.5953768127923849
0.595282344490401
0.5818112294214471
0.5818112294214471
0.5727480093786047
0.5727480093786047
0.5727480093786047
0.5776157350330495
0.5791331463236048
0.5773609490451594
0.5773609490451594
0.5886026130981751
0.5814640883347384
0.5897944410665933
0.5948197630264668
0.5996852290894267
0.6222469490514675
0.6209022574540427
0.6187038116975979
0.6239623274058835
0.6158515196011748
0.6232720125172887
0.6228598874538105
0.6154510576971131
0.6134981937453358
0.6093482245179016
0.6177748730442816
0.6219720422611866
0.6153674435645407
0.6357252729520372
0.6339724020774083
0.6339724020774083
0.6339724020774083
0.6287386429373717
0.6287386429373717
0.6337655607384785
0.6403380982142926
0.6403380982142926
0.6561360199057281
0.6800359292598949
0.6822746875745089
0.6887066469322035
0.6960138500880302
0.6810630440294204
0.6810630440294204
0.6638982552496983
0.6639202099183822
0.6639202099183822
0.6639202099183822
0.6718492843330974
0.6718492843330974
0.6718492843330974
0.6769186273352914
0.6659380527168164
0.6708430535630593
0.6708430535630593
0.6708430535630593
0.6708430535630593
0.673443166253317
0.673443166253317
0.673443166253317
0.673443166253317
0.6754217871330163
0.6883694815757152
0.688258907794562
0.688258907794562
0.6846760818496239
0.6818746329952678
0.6732920202877282
0.6987800871632743
0.6871086168923672
0.7154364631478239
0.7152915555330777
0.6973708213229857
0.6906661501282586
0.6908291851723779
0.6853937149622994
0.6828899378367319
0.6906396538145217
0.699761271329796
0.7062078260529898
0.6979973418686868
0.7100616275945858
0.7092548217022043
0.7236151772914848
0.7333935504488033
0.7450738048523994
0.7410125533859457
0.7511450327181372
0.7506742209501731
0.7506742209501731
0.7499545483841535
0.7514528120564484
0.7514528120564484
0.7437088312267793
0.7481858803333382
0.7600644274328378
0.76128792456432
0.7617992892892476
0.7695251571678946
0.7672166254214083
0.770230111611212
0.7527916203881331
0.7508982840043724
0.7344402877343441
0.7350633553667447
0.7333495275171207
0.7259314811951378
0.7340711092581316
0.7340711092581316
0.740484894094832
0.7189886415859115
0.7188392458189935
0.7173270507025142
0.7242139742700535
0.7242139742700535
0.718302788708445
0.7194460753674279
0.7199014217457035
0.7199014217457035
0.7199014217457035
0.7286316307337278
0.7286316307337278
0.7313443427590225
0.7305552118216986
0.725260175876933
0.725260175876933
0.7229568982947671
0.7245607505332422
0.7240118149814302
0.7240060439099556
0.7145881864664868
0.7145881864664868
0.700748036642003
0.7033200051144031
0.7104330790207855
0.7102478986631785
0.7080883094432593
0.7080883094432593
0.6937221196896262
0.6794429715372713
0.6794429715372713
0.6794429715372713
0.6797836191326924
0.6809458820647856
0.680523677580205
0.680523677580205
0.680523677580205
0.6808066929215139
0.6681924431065913
0.6681924431065913
0.665452809803174
0.6656864595401067
0.6722592948444408
0.6656054593968387
0.6656054593968387
0.6558209275181912
0.6550354642694166
0.6550151869685438
0.6550385805977604
0.6535041649185628
0.654119564251984
0.6479619071297966
0.6479619071297966
0.6514145222333421
0.6570821717868397
0.6570821717868397
0.6570821717868397
0.6625067709983143
0.6625067709983143
0.6618223384445635
0.6591031716017262
0.6591031716017262
0.666390915909372
0.6640091789839523
0.6691986460177874
0.6691986460177874
0.6613256886106685
0.6544652193915306
0.6903933744878491
0.6916828676894653
0.7081758440504649
0.7033858791201106
0.7033858791201106
0.7049494488854835
0.6920561318202251
0.6919240048437518
0.6919240048437518
0.7049644655746459
0.7049644655746459
0.6727600409410931
0.673116830827813
0.6862236054423311
0.6890885215750003
0.6902303750015815
0.6913025944176195
0.693645954177925
0.6881892842528732
0.6896515148471175
0.6861913006322617
0.6874492205733691
0.6874492205733691
0.6821267212019899
0.6804919959744972
0.6804919959744972
0.669180180609004
0.6520045684365933
0.659085875873423
0.6540693322833805
0.6540693322833805
0.656951062823122
0.6419749897112528
0.6334743014005276
0.6375778293280555
0.6379911661430866
0.6379911661430866
0.6330227086478254
0.6283488742492651
0.6350739708897004
0.6350829078445192
0.6309930716260925
0.6320830784533582
0.6320830784533582
0.6299322758787422
0.6226014181685862
0.6226014181685862
0.6250377913760036
0.6244077589427776
0.6260954861912245
0.6236423740189323
0.6251816579271734
0.6314720598352709
0.6297807433583755
0.6332190168957773
0.6333147929813122
0.6328859268095887
0.6394003167476351
0.6397335725418692
0.6413676928008687
0.6399505930399733
0.6369891734885854
0.6381281427256931
0.6328721436660018
0.6253896732607395
0.6253896732607395
0.6235870024412524
0.6235870024412524
0.6182829006536491
0.6208134800250186
0.6208178737915657
0.6046583170719144
0.6116732605975624
0.6132573468938621
0.6194938746728874
0.6194938746728874
0.6194938746728874
0.6371338823337865
0.6320821787445187
0.6283277403760595
0.640335354381302
0.640335354381302
0.6270228428342102
0.6271138381249974
0.6290890515108112
0.6347066491898546
0.6504307237011866
0.6441955826993715
0.6441138083683361
0.6441138083683361
0.6461331243339533
0.6461403231729207
0.6461403231729207
0.6466892655116281
0.6466892655116281
0.6405310423333526
0.6393979484528988
0.6393979484528988
0.6580964762848165
0.6570447513809964
0.6570737914313345
0.668154946873103
0.669496966936213
0.6732987630623078
0.6732987630623078
0.6733122225677957
0.6732843490444834
0.6766431476208157
0.6766431476208157
0.6762283810938319
0.6762283810938319
0.6769208249659225
0.6761109362871307
0.673483422236395
0.6633011860025104
0.6633011860025104
0.661424001884604
0.661424001884604
0.6608879591308978
0.663786309020665
0.6657717240848771
0.666650825115688
0.6402490984506888
0.647134476975369
0.647134476975369
0.6474035027485455
0.6483918505770199
0.6473517854720439
0.6446429671152994
0.657408955866372
0.657408955866372
0.6576312514489039
0.6576312514489039
0.6546321088740499
0.6499123511953838
0.6517456337554811
0.6495362723416993
0.644312872951794
0.644845964668275
0.6432496490495883
0.6346919574941338
0.6346919574941338
0.6346919574941338
0.6162657427551997
0.6166647200293331
0.6097905554655112
0.6111695070885144
0.6111695070885144
0.611184341484167
0.611184341484167
0.5974507932399674
0.5857191382147047
0.5794727993973734
0.5791405587203207
0.5791405587203207
0.566575526626567
0.5657533889767588
0.5692191933477195
0.5753868457405926
0.5753868457405926
0.585414705212051
0.585414705212051
0.5842971493651732
0.5809180663489616
0.5774460076494522
0.5788625741635206
0.5837727155982135
0.5831156928445819
0.5870457887931376
0.5870457887931376
0.5870457887931376
0.5870457887931376
0.6068274879954574
0.6083373711086749
0.6189875465912766
0.6165033638158417
0.5940111409708921
0.5859159930971047
0.593126721135856
0.593186750582102
0.588214226363477
0.5998422123654421
0.5910819993481725
0.5933695036426206
0.5933695036426206
0.5871646033284218
0.5864930379090645
0.5817917062221555
0.5817215227315963
0.5817215227315963
0.5808563320076656
0.5795574292876481
0.590608053681467
0.590608053681467
0.6010972416762643
0.5986956234034806
0.5939944663309464
0.5992046423315094
0.5992046423315094
0.6039234523695385
0.5948080860271333
0.5807416742129103
0.5807416742129103
0.5831461727775957
0.5807776430239194
0.5809848923021768
0.5801419722378863
0.5857172603700714
0.5857172603700714
0.585061258225833
0.5844905528666844
0.5772931386087795
0.5624184235203943
0.546133837012074
0.546133837012074
0.5605736519138179
0.5620189995757037
0.5606113343002282
0.5592339373534847
0.5682882190962956
0.5719660981900702
0.5719660981900702
0.5763585136462764
0.5769363642745291
0.5742678343632799
0.5742678343632799
0.575027522942276
0.5852219939885733
0.5852450601926109
0.5827392863244213
0.5845073922855637
0.5788950985482466
0.5731209006755832
0.5731209006755832
0.5689288840201516
0.5563554312835751
0.5563554312835751
0.5563554312835751
0.5600514101178503
0.55922456519078
0.55922456519078
0.5543125903946889
0.5556457746073595
0.5573941931050811
0.5573941931050811
0.5528866807872805
0.5476695710375193
0.5330096731811771
0.546205573290936
0.5498781331508452
0.5498781331508452
0.5411034442782826
0.5443373491928228
0.5383148580623311
0.5397301003646833
0.5490430261766741
0.5490430261766741
0.5624143029429314
0.5698468872718433
0.5758691996523241
0.5588041063143869
0.5476562517798805
0.5456897909713929
0.5456897909713929
0.5442469595095552
0.5442469595095552
0.5442469595095552
0.5445871249104639
0.5419249143305443
0.5345650515496873
0.5381656358038215
0.5381656358038215
0.5386592514129529
0.5324712351893935
0.5325368255740301
0.5325389140092955
0.5325389140092955
0.521164463497333
0.521164463497333
0.5239517811753559
0.5221247167808245
0.5369632678350188
0.5369632678350188
0.5369632678350188
0.5369632678350188
0.5350507861109801
0.5350287175681375
0.53623126515143
0.5380447597923842
0.5380447597923842
0.5393052979963348
0.5426564763879901
0.5452333001677357
0.5452333001677357
0.5452333001677357
0.5435225208447512
0.5435225208447512
0.5321992707649852
0.5319508684335785
0.5319508684335785
0.5394583662546919
0.5394583662546919
0.5153874310161333
0.5153874310161333
0.5111629680854908
0.5111629680854908
0.5252702120980569
0.5229589881046601
0.5263939228661669
0.5055380826791763
0.5135012865877884
0.5174666206958217
0.5368553992050136
0.5367320374776918
0.537441961573169
0.5264378602511756
0.5127445376039723
0.5232908193630167
0.5232908193630167
0.5232908193630167
0.5261345492166023
0.5255872299118483
0.5242504556770272
0.5379729367838699
0.5458767972809659
0.5476013507312808
0.5476013507312808
0.5508809349126161
0.5508809349126161
0.548829679034561
0.5296690157239253
0.5301346234997633
0.5315308229352536
0.5311412138932563
0.5311412138932563
0.5311412138932563
0.5327848152406913
0.5465035254654438
0.5566319650975412
0.5580510932280482
0.5554666007748518
0.5446995738450819
0.5446995738450819
0.554947428887913
0.5475998507689093
0.5447931216291756
0.543783633355524
0.5433833747804935
0.5385143723240307
0.5367847397423223
0.5321147742696144
0.5339660071992604
0.5285114837463597
0.5367210662127239
0.5416566118754571
0.5436670823698717
0.5405163929109389
0.5242571748999553
0.5259085413728981
0.5258883547845671
0.531857177954711
0.5319220178186123
0.5319220178186123
0.5285373086545295
0.5296717163590693
0.5296717163590693
0.5288091187331107
0.5288091187331107
0.5303198164436265
0.5303198164436265
0.5283054405652898
0.5283054405652898
0.5325356270620869
0.5175002243993273
0.5220671689065508
0.5168367010392095
0.518607084816839
0.518607084816839
0.5203780452767762
0.5203780452767762
0.5244780455285744
0.5155845526551778
0.5155845526551778
0.5138802582446584
0.5174653315333875
0.5195931225238907
0.514008279358899
0.5103456720958881
0.5103456720958881
0.5042781366554894
0.5077466413982504
0.5135325295919444
0.5135325295919444
0.5117395074282622
0.5117395074282622
0.5104200659918525
0.5105459456340694
0.5129217109635593
0.5129217109635593
0.5202784932150804
0.5211189131828984
0.5206010936664414
0.52470499780601
0.5154753505358125
0.5154753505358125
0.5185691792890633
0.5185691792890633
0.5198581956695407
0.5138702701703239
0.5286010558486737
0.5286010558486737
0.5210373355776391
0.5224364207146434
0.5240368774260927
0.5335351537464731
0.5193289049454681
0.5092567039751565
0.5133004782269526
0.5073157380989057
0.5186243209788116
0.5180695148702453
0.5180695148702453
0.5180695148702453
0.5180695148702453
0.526819067687589
0.5138040224012784
0.5110465481387081
0.5116389454800749
0.5116389454800749
0.5116389454800749
0.5126399980758201
0.5126399980758201
0.5150399074988143
0.5094899890694531
0.5094899890694531
0.5094899890694531
0.5141633400287557
0.5156768126553627
0.5192037781879895
0.525200074306855
0.5260131837543319
0.5260131837543319
0.5212937101017833
0.5212937101017833
0.537738183567652
0.537738183567652
0.5378911601420561
0.546824689373073
0.546347019497447
0.5677847019537745
0.569200085437952
0.5739192584459385
0.5571807774736622
0.5526355386357629
0.5517962488167405
0.5492468866769803
0.5492468866769803
0.5492468866769803
0.5517596046211691
0.5555598514871759
0.5546020095538066
0.5650528796750357
0.5636212139642236
0.5578955732909094
0.5578955732909094
0.5651635190386741
0.5651635190386741
0.5652285883491153
0.5652285883491153
0.5686657690732623
0.5686657690732623
0.5709174168822494
0.5663844797008754
0.5528378547163613
0.5528378547163613
0.5513617256645214
0.5447565677174996
0.542804106632456
0.542804106632456
0.5664218187088127
0.5664218187088127
0.5629285744652264
0.5717087734296566
0.5849693431312551
0.5911305956814706
0.5888570186066069
0.5777458899716347
0.5824039472238812
0.5824039472238812
0.5766582864934082
0.543275897780759
0.5510253051518703
0.5609540720020683
0.5646527210102794
0.5641039855480428
0.5655856365218241
0.5888417158583731
0.5884469763098792
0.5895571703377751
0.5864168354759794
0.5864584642320255
0.5864584642320255
0.5932128070594966
0.5918981703982786
0.5884930104824571
0.5960222734105705
0.599656936426228
0.6149443758681626
0.6149443758681626
0.6139641535941235
0.609092944864995
0.609092944864995
0.6097455963435219
0.6086168575935541
0.6083891597834306
0.601192980666521
0.602380185514808
0.6065981626891175
0.6182977252218677
0.6042457044552748
0.5850549847508705
0.5850549847508705
0.5850549847508705
0.5828585095655943
0.5797811373151673
0.5813356120091631
0.5813356120091631
0.5813356120091631
0.5712181762340085
0.5809389844256324
0.583481195090329
0.5849654088472169
0.5707976241233454
0.5684357334671717
0.5684357334671717
0.5684357334671717
0.5686672403587977
0.5693140826243622
0.5762617141925472
0.5762617141925472
0.5672401393232472
0.5636121614146098
0.5686256087646924
0.5686256087646924
0.5828797801122654
0.5833844025359147
0.5868587327770677
0.5813318772878564
0.5820239773607885
0.5778847557179179
0.5778847557179179
0.5938026570434097
0.5938026570434097
0.624480049179691
0.6283803463800041
0.6164773047354004
0.617911600215267
0.617911600215267
0.6112530143331322
0.6112530143331322
0.6139230566275591
0.6139230566275591
0.613497278907043
0.6157592532190813
0.6129114743457699
0.6043322998388353
0.6089798712463149
0.6092709970672632
0.6086883625934252
0.6128891963122303
0.6175719707314516
0.6316212096667168
0.6316212096667168
0.6316212096667168
0.6311321190655486
0.6364288198766347
0.6313172609313578
0.6313172609313578
0.6313172609313578
0.6166452221144972
0.6155827614666131
0.6191939681089319
0.615461624425648
0.6162573476184008
0.6156702027459485
0.6157248021333627
0.6157248021333627
0.6265357536766306
0.6245126820215774
0.6245126820215774
0.6245470650163426
0.6242694416204081
0.6242694416204081
0.6178020445187093
0.6165291872976956
0.6188302830199461
0.6192295441625901
0.6198751754354686
0.6202174790816432
0.6202174790816432
0.5994501564752422
0.6003330862136094
0.5987740070376585
0.6032255622000131
0.6080712797946507
0.6061015709797701
0.6061015709797701
0.6075365090907137
0.6133029138137905
0.6081777704288752
0.6081777704288752
0.6081777704288752
0.6070622252573904
0.6025518180076498
0.5997960865825969
0.5993987926002211
0.6057970450546534
0.6027270210759554
0.6027270210759554
0.617710645077108
0.6139503048807758
0.6139503048807758
0.6139503048807758
0.6139503048807758
0.6074786798472791
0.6067238545469132
0.5964610446276686
0.5992261233371655
0.5944706466429512
0.592731835666786
0.5974004229536793
0.6040614212784694
0.5842925282614554
0.5814965251611852
0.5814965251611852
0.5739700089926415
0.5918840465757185
0.579403588129721
0.5868146994305087
0.5898453344761044
0.5866340186417836
0.5824678796233874
0.5824678796233874
0.5798779710787113
0.5798779710787113
0.5798779710787113
0.5791884594908323
0.5795793718619778
0.5795793718619778
0.5856171729097724
0.5855973725400772
0.5800536474669568
0.5827842863422151
0.5827842863422151
0.5867744386261566
0.5875176227659132
0.5873085839310869
0.5873085839310869
0.5889758259137162
0.584890776843551
0.5792390145843526
0.5742568995918971
0.5742568995918971
0.5742568995918971
0.5759049844078942
0.5767494820400904
0.5741486282316093
0.5741486282316093
0.5687518747398543
0.5726755685820868
0.5726755685820868
0.5763896474222172
0.57345718804659
0.5728979467651621
0.570413126771529
0.5733263888058087
0.5722860460866663
0.5731670595917926
0.5786660033522939
0.5786660033522939
0.5771166660010746
0.5619915147834104
0.5440674600389327
0.5387021478540177
0.5335913022095926
0.5347209061339204
0.5347209061339204
0.5357796032041562
0.5357796032041562
0.5325781004419947
0.5325781004419947
0.5342172534238602
0.5342172534238602
0.5266464705898485
0.5250774622265556
0.5207914871486649
0.5158188161067396
0.5158188161067396
0.5166087384581604
0.5174703432547966
0.5335331904418673
0.5335331904418673
0.5335331904418673
0.5360988762360608
0.5360988762360608
0.5477867565854259
0.5477867565854259
0.5532807335391621
0.5532807335391621
0.5532807335391621
0.5440864481396781
0.5458436339734564
0.5458484849821658
0.5458484849821658
0.5458484849821658
0.5485692924601889
0.5431087617269423
0.5403967024245568
0.5403967024245568
0.545471795302805
0.545471795302805
0.545471795302805
0.5433342680062162
0.5429738749993476
0.5507558839899748
0.5510004639515208
0.5510004639515208
0.5510004639515208
0.5510004639515208
0.5480428301267629
0.5480428301267629
0.5570729039009709
0.5570729039009709
0.5570729039009709
0.5631166969406102
0.5631166969406102
0.5631166969406102
0.5716746789626486
0.5752916837939863
0.5756415048954004
0.5800795519001792
0.581135593456528
0.5950268697139082
0.5950268697139082
0.6011885877451877
0.6011885877451877
0.6011885877451877
0.6011885877451877
0.605213502641078
0.6028911027759377
0.6028911027759377
0.6028911027759377
0.6028911027759377
0.6028911027759377
0.5970660278174109
0.5970660278174109
0.5896557790697486
0.5896557790697486
0.5922136550838634
0.5922136550838634
0.592327013032659
0.592327013032659
0.592327013032659
0.592327013032659
0.5960969586326091
0.5886126421617138
0.5886126421617138
0.5886126421617138
0.5857231165561
0.5862177416035825
0.5836909796735521
0.5836909796735521
0.5779112646162523
0.578355415276922
0.5810038321259637
0.5807415087695847
0.5807415087695847
0.5802977291542325
0.5876920585949271
0.5876920585949271
0.5889966178511139
0.5921057908952687
0.5984994054438554
0.5984994054438554
0.5984994054438554
0.5989150816402014
0.6004906614009156
0.6093868496787812
0.6064184526255747
0.6064184526255747
0.6064184526255747
0.6034875752801756
0.6034875752801756
0.6034875752801756
0.6034875752801756
0.6034875752801756
0.6034875752801756
0.5999042112996564
0.5937967664188225
0.5998078101790871
0.5988073545080317
0.5988073545080317
0.5951589006424695
0.5817291623806773
0.5790271226509477
0.5782635442389547
0.5782635442389547
0.5710628387565697
0.5710628387565697
0.5710628387565697
0.5671503708594331
0.5417280262105353
0.5417280262105353
0.5419421331026231
0.5419421331026231
0.5419421331026231
0.5428899254552993
0.5417527623794759
0.5417527623794759
0.5399587763984346
0.5404367341361865
0.5424699846226352
0.5432922881411139
0.5317547497404465
0.5327998569262451
0.5336017941875477
0.5336017941875477
0.5395058944452228
0.5394997637841983
0.5357876957401446
0.5274309068166348
0.5319714731119783
0.5319714731119783
0.531428616478735
0.531578027170492
0.531578027170492
0.531578027170492
0.5310794247431452
0.5309369074779231
0.5228615787033486
0.5228615787033486
0.5228615787033486
0.5228615787033486
0.5228615787033486
0.5250511287649374
0.5314554888947404
0.5312092424445998
0.5317463132762364
0.5317463132762364
0.5317463132762364
0.5311193426958305
0.531501896938637
0.5125268880102084
0.5178772672074937
0.5169444922516161
0.5141690920279901
0.5141690920279901
0.5191148775497494
0.5216557642821726
0.510301395012972
0.510301395012972
0.523344574579091
0.5006004443304665
0.49982301792726225
0.4956183802088407
0.4952573631989245
0.490986819624905
0.4960843799969625
0.4960843799969625
0.4960843799969625
0.49153392623142017
0.49153392623142017
0.49153392623142017
0.4888604184902989
0.4888604184902989
0.48611939938280246
0.487301813807652
0.487301813807652
0.487301813807652
0.487301813807652
0.48611046403248764
0.48611046403248764
0.4879771696831247
0.4879771696831247
0.4879771696831247
0.4738152334169278
0.4662204536670612
0.4748688146113525
0.46239308974920185
0.4624774129157367
0.4624774129157367
0.4624774129157367
0.45737155805416535
0.44330555122302473
0.44330555122302473
0.44841005589200394
0.43968802948158847
0.43968802948158847
0.4382858409484834
0.4382858409484834
0.4324788458220788
0.43200017986365963
0.4321005059186494
0.43173455821047896
0.432346183826055
0.4273812419690648
0.4273812419690648
0.4378115144969654
0.4378115144969654
0.4378115144969654
0.4378115144969654
0.4378115144969654
0.4370094703202002
0.4370094703202002
0.43319340466868617
0.43319340466868617
0.4519453096258541
0.4519453096258541
0.457962111130987
0.463831119324889
0.46985477427295863
0.47062742230726295
0.47036049282324044
0.4724171849242879
0.4692086907610715
0.4772127522604658
0.4772127522604658
0.48323587655721867
0.48323587655721867
0.4825921522315812
0.4839734707142441
0.489773757738951
0.489773757738951
0.49018886786107846
0.49018886786107846
0.48545338871529736
0.49681756792529463
0.48669178272690805
0.48669178272690805
0.48421873186828207
0.48421873186828207
0.48421873186828207
0.48582990330645043
0.49518554149998373
0.4946522585568155
0.4971540833635008
0.4971540833635008
0.4957778107600438
0.4957778107600438
0.4925402747435447
0.4925402747435447
0.4859835809549496
0.485987647097409
0.4880830563630643
0.4893975055680926
0.4923987160173256
0.4874360708128781
0.488779866200828
0.488779866200828
0.4908555753870738
0.4864038928039029
0.4864038928039029
0.48342036952184303
0.48370806123002863
0.488652932179923
0.4854866077728171
0.4856621953974161
0.4841709859760488
0.4841709859760488
0.48996526033935944
0.4977154164449127
0.49587903830972335
0.49587903830972335
0.49587903830972335
0.4800261152910049
0.4798373650099816
0.4798373650099816
0.4738060883646915
0.4738060883646915
0.4738060883646915
0.4738060883646915
0.47394520158609516
0.4711670904302384
0.4711670904302384
0.4711670904302384
0.4711670904302384
0.4773313044028941
0.4809980039522065
0.4823163652598363
0.47651255316174673
0.4747032176128043
0.4747032176128043
0.4637763811353419
0.4637763811353419
0.4637763811353419
0.46348402537455485
0.463401003998144
0.4261359341509084
0.4261359341509084
0.4245076623246297
0.42382613112772255
0.4196624559956672
0.4236224977501948
0.4236224977501948
0.4254701427513623
0.4254701427513623
0.4254701427513623
0.4193374696428085
0.4193374696428085
0.4193374696428085
0.4193374696428085
0.4193374696428085
0.41893806004204437
0.4211703196422917
0.4280169038482357
0.42655238416691205
0.42653957692969646
0.4257484540735174
0.42073479486974097
0.3993025366232044
0.40363400142839007
0.40321472543322506
0.40050156468074877
0.40050156468074877
0.4022081650915018
0.4022081650915018
0.4022081650915018
0.398917993127138
0.398917993127138
0.3951570943666069
0.39661843481771936
0.3993765693836818
0.3993765693836818
0.3993765693836818
0.38986124779632836
0.38986124779632836
0.38986124779632836
0.38986124779632836
0.38986124779632836
0.38986124779632836
0.390408512104144
0.390408512104144
0.390408512104144
0.390408512104144
0.390408512104144
0.390408512104144
0.390408512104144
0.390408512104144
0.390408512104144
0.390408512104144
0.390408512104144
0.390408512104144
0.38948532280196824
0.38948532280196824
0.3951450697006616
0.3951450697006616
0.3951450697006616
0.3951450697006616
0.3951450697006616
0.3951450697006616
0.3951450697006616
0.39371470270141473
0.39371470270141473
0.39371470270141473
0.39371470270141473
0.39568278663231055
0.3949756055513071
0.3949756055513071
0.3949756055513071
0.3949756055513071
0.3949756055513071
0.3949756055513071
0.3949756055513071
0.3883870395706034
0.3883870395706034
0.387009796074136
0.387009796074136
0.387009796074136
0.387009796074136
0.387009796074136
0.38696780306701245
0.38696780306701245
0.38763165124164606
0.38763165124164606
0.38763165124164606
0.38763165124164606
0.38763165124164606
0.38763165124164606
0.38763165124164606
0.3863816674137817
0.3863816674137817
0.3863816674137817
0.3863816674137817
0.3863816674137817
0.38095538221297337
0.38095538221297337
0.38095538221297337
0.38095538221297337
0.37998695420638123
0.3794292041695288
0.3794292041695288
0.3794292041695288
0.3794292041695288
0.3794292041695288
0.3794292041695288
0.3786261661205392
0.3786261661205392
0.3786261661205392
0.3786261661205392
0.3786261661205392
0.3786261661205392
0.3786261661205392
0.37657889725631605
0.37657889725631605
0.3722624538888278
0.3722624538888278
0.3722624538888278
0.3722624538888278
0.3722624538888278
0.3722624538888278
0.3722624538888278
0.3722624538888278
0.3722624538888278
0.3722624538888278
0.3722624538888278
0.3722624538888278
0.3722624538888278
0.3720550878938769
0.3720550878938769
0.37003683496046574
0.37003683496046574
0.369521397240844
0.369521397240844
0.369521397240844
0.369521397240844
0.3613256878356842
0.36140689975540025
0.36140689975540025
0.357234053206442
0.357234053206442
0.357234053206442
0.3364394225982442
0.3299795560934006
0.32966671986825236
0.32966671986825236
0.32966671986825236
0.32966671986825236
0.32966671986825236
0.32966671986825236
0.32966671986825236
0.32966671986825236
0.32966671986825236
0.32966671986825236
0.32966671986825236
0.32966671986825236
0.32966671986825236
0.32966671986825236
0.32966671986825236
0.32966671986825236
0.32966671986825236
0.32966671986825236
0.32966671986825236
0.32037183375435796
0.32037183375435796
0.29938944979269866
0.29938944979269866
0.29938944979269866
0.29938944979269866
0.29938944979269866
0.29938944979269866
0.29938944979269866
0.29938944979269866
0.29938944979269866
0.29938944979269866
0.29938944979269866
0.29938944979269866
0.29938944979269866
0.29938944979269866
0.29938944979269866
0.29938944979269866
0.29938944979269866
0.29938944979269866
0.2991592554434805
0.2991592554434805
0.2979254855141451
0.29760447105017507
0.2966808150529866
0.2966808150529866
0.2966808150529866
0.29695274433386276
0.29695274433386276
0.29695274433386276
0.29695274433386276
0.29695274433386276
0.29682140912001015
0.29628990989871073
0.29628990989871073
0.29628990989871073
0.29628990989871073
0.29628990989871073
0.29628990989871073
0.29628990989871073
0.29628990989871073
0.29628990989871073
0.29628990989871073
0.29628990989871073
0.29628990989871073
0.2741202578287923
0.2741202578287923
0.2741202578287923
0.26795274244941686
0.26795274244941686
0.26795274244941686
0.26795274244941686
0.26795274244941686
0.26795274244941686
0.26795274244941686
0.26795274244941686
0.26795274244941686
0.26795274244941686
0.26795274244941686
0.26795274244941686
0.26795274244941686
0.26795274244941686
0.26795274244941686
0.26795274244941686
0.26795274244941686
0.26795274244941686
0.2668569903197795
0.2668569903197795
0.2668569903197795
0.26559385813372355
0.26559385813372355
0.26559385813372355
0.26559385813372355
0.26338684420504843
0.26338684420504843
0.26338684420504843
0.26338684420504843
0.26338684420504843
0.26338684420504843
0.26338684420504843
0.26338684420504843
0.26338684420504843
0.26338684420504843
0.26338684420504843
0.26338684420504843
0.26338684420504843
0.26338684420504843
0.26338684420504843
0.26338684420504843
0.26338684420504843
0.2631978212376192
0.2631978212376192
0.26152695429053224
0.26152695429053224
0.26152695429053224
0.26152695429053224
0.26152695429053224
0.26152695429053224
0.26152695429053224
0.26152695429053224
0.26152695429053224
0.26015918721411474
0.256083945153694
0.256083945153694
0.256083945153694
0.256083945153694
0.24889203013508798
0.24889203013508798
0.24889203013508798
0.24889203013508798
0.24889203013508798
0.24889203013508798
0.24889203013508798
0.24889203013508798
0.24889203013508798
0.24889203013508798
0.24889203013508798
0.24889203013508798
0.24889203013508798
0.2432498989908369
0.2432498989908369
0.2432498989908369
0.2432498989908369
0.23628789659351293
0.23628789659351293
0.23628789659351293
0.23628789659351293
0.23680807052103853
0.23680807052103853
0.23680807052103853
0.23680807052103853
0.23680807052103853
0.23680807052103853
0.23680807052103853
0.23680807052103853
0.23680807052103853
0.23680807052103853
0.23680807052103853
0.23680807052103853
0.23680807052103853
0.23680807052103853
0.23680807052103853
0.23680807052103853
0.23680807052103853
0.23680807052103853
0.23680807052103853
0.23680807052103853
0.23680807052103853
0.23680807052103853
0.23680807052103853
0.23680807052103853
0.23680807052103853
0.23680807052103853
0.23680807052103853
0.23680807052103853
0.23571045802066795
0.23571045802066795
0.23571045802066795
0.23571045802066795
0.2335977544331161
0.2335977544331161
0.2335977544331161
0.2335977544331161
0.2335977544331161
0.2335977544331161
0.2335977544331161
0.2335977544331161
0.2335977544331161
0.2335977544331161
0.2335977544331161
0.23339135895326396
0.23462997301740834
0.23462997301740834
0.23462997301740834
0.23462997301740834
0.23462997301740834
0.23414663692618787
0.23414663692618787
0.23414663692618787
0.21270981329422992
0.21270981329422992
0.21270981329422992
0.21270981329422992
0.21270981329422992
0.21270981329422992
0.21270981329422992
0.21270981329422992
0.21270981329422992
0.21270981329422992
0.21270981329422992
0.21270981329422992
0.21270981329422992
0.21270981329422992
