0.0466667 -0.07497865126512437
-0.0866667 -0.17018299950820553
-0.3733333 -0.34919054080843176
-0.1533333 -0.09570066459096738
0.0366667 0.015116578461281172
0.0066667 0.004651262879673379
0.7633334 0.8028815333820775
0.61 0.6324314282286849
0.3833334 0.37555659388517426
-0.28 -0.21487703757336413
0.56 0.603381558596229
0.1633333 0.0802211692284755
0.1266667 0.12430717862086896
-0.71 -0.7154678373433115
0.9666667 0.9922371960370396
-0.86 -0.8386041874899708
-0.59 -0.5734895055382712
-0.2366667 -0.2458099336268661
-0.4033333 -0.42736035751342066
-0.7566667 -0.6866176331537867
0.7133334 0.6996880911850482
0.4233333 0.385048363384331
-0.2933334 -0.23962115743727225
0.72 0.7619498627706218
-0.9666667 -0.8200474837794876
-0.9966667 -0.8322082138419068
0.9833333 0.9582243896813493
-0.6666667 -0.5358721813518166
-0.17 -0.22386110133630616
0.9 0.9083893655028787
0.03 0.005843682384080062
0.27 0.27870534728305363
