0.0466667 -0.06329080300318385
-0.0866667 -0.2024925715070781
-0.3733333 -0.4757490900680461
-0.1533333 -0.061038420517605274
0.0366667 -0.005359928356227506
0.0066667 -0.018821120484546372
0.7633334 0.6408985580628569
0.61 0.430849646457267
0.3833334 0.3717210988581556
-0.28 -0.04284042926369663
0.56 0.5729160056723257
0.1633333 0.09036814322304193
0.1266667 0.1338057951958096
-0.71 -0.6526616842546065
0.9666667 0.8719860726880311
-0.86 -0.7751859224343685
-0.59 -0.5743394383778178
-0.2366667 -0.21492499304035162
-0.4033333 -0.38718633652862144
-0.7566667 -0.7276104394751535
0.7133334 0.5863399650370926
0.4233333 0.3507880132535246
-0.2933334 -0.03507979858374205
0.72 0.7208227762370556
-0.9666667 -0.5507664397051295
-0.9966667 -0.6425510772742858
0.9833333 0.9991947811609927
-0.6666667 -0.3349326945506871
-0.17 -0.27224008450537307
0.9 0.8781154150553283
0.03 -0.07655835154022972
0.27 0.24399696829432943
