1.5649850089715969
1.3779889486880736
1.3734813033275195
1.3724399873741153
1.370277690131579
1.3715862951834086
1.3701442783636435
1.3647497672142634
1.3639822669202155
1.360692666593798
1.3555949927688542
1.353487112753865
1.356270151361238
1.3565223663197408
1.3535071831711603
1.353679893210269
1.3557510980015712
1.3533090137846862
1.3515525001968371
1.3470016889260563
1.3470451562184542
1.3433631337246321
1.3373407078124515
1.3405580651431412
1.3395995007813388
1.337814494904734
1.336484450418869
1.3338447440336516
1.3386385961565854
1.3385659295345276
1.34200706505538
1.341850426041963
1.3368043697642116
1.3364942117678207
1.3355507154048885
1.336647109259204
1.3411585362750493
1.3409264844599451
1.340262581951309
1.3392754285909096
1.3383867985810267
1.3371092245545007
1.3382020275278794
1.3365324767575437
1.3332470374177645
1.3292122916209315
1.3302827359506646
1.3298160394999923
1.3273290886165372
1.3267802900491537
1.3261556460874353
1.3252111777025986
1.3192180229086214
1.3151020753215623
1.3141820843513146
1.3112943281638008
1.3014880745235837
1.2957622603452303
1.2911556418634664
1.2944916094262244
1.2951292402067374
1.2962625805160937
1.2988319908530568
1.2998089651210165
1.298662404985366
1.2966376799852348
1.3020050671232402
1.2993848459257074
1.2989157785135768
1.2960045036352168
1.2978114698163006
1.2946641025035315
1.2925887306583255
1.2938406119626413
1.2953784701512305
1.297279308776766
1.2935331373418033
1.2945511043055546
1.2958127832202488
1.293550010861236
1.2907760582090786
1.2950917082605475
1.297073884797301
1.297033852078518
1.2965569194165165
1.2883059658902318
1.2958001672862007
1.2928469722265434
1.295662467444647
1.2935557773660298
1.294535602164888
1.2932688069441485
1.2884377469880997
1.2874903357031164
1.2839612334695196
1.2823238583459688
1.282047185472928
1.2823257763851383
1.2845344497002693
1.285595572917103
1.2856446998182176
1.284085991457527
1.2864305447308477
1.2860390750661277
1.2802561129514138
1.2787178544489424
1.2787046995417886
1.2808334287973773
1.2770558177133586
1.2765079100612986
1.274255601403696
1.2783421831294046
1.267979899922668
1.2714737622638994
1.2696217631270728
1.268755206273696
1.269335423878035
1.2672908522160335
1.266376866464133
1.2654795421220097
1.2613965388167683
1.2592138005743592
1.2574848208384797
1.2556666745225362
1.2511784387204332
1.247882398186881
1.247148567732344
1.2434951896232709
1.2456973182608437
1.248308362019071
1.2462885552612144
1.2412869759757972
1.2389813315186364
1.241338255836806
1.2386180375812001
1.2353168046152256
1.2310077231375103
1.236269101786711
1.2370928697062553
1.237491060644356
1.2317406218834268
1.234997613377435
1.2342136368892997
1.2327309706138057
1.2324443175810744
1.2316458173541356
1.2329379756007195
1.233325800117973
1.23275429788759
1.2295786564493567
1.2252794519276025
1.2268460756002724
1.2270037921838228
1.2260306520557882
1.2287958530267722
1.2281776587896045
1.2240297270544702
1.2253458507770985
1.2248696493017508
1.2278801588440507
1.2215986548203366
1.2158461339521478
1.2143367742682716
1.2189413680064538
1.2158467299822349
1.2132770465153644
1.2135703745066704
1.2100399176601466
1.2141509433458453
1.2137351492504624
1.2147634693261142
1.216007206987285
1.2185613983464938
1.2171253599113627
1.2187908193359511
1.2199186491617475
1.2162916747344794
1.2218363535702021
1.2203706435655228
1.2169057606018165
1.216327754846016
1.215009913064448
1.2126122853003083
1.2132036295777269
1.2128686256207852
1.2093573866106755
1.213151154299868
1.2128308846460385
1.2120578401043236
1.2110965447218038
1.2095876240573424
1.2074634599996474
1.211121349447192
1.2067174799083478
1.2038295028708532
1.2056827620614625
1.2024811369145356
1.2023776267434434
1.201061132487708
1.2065144894405808
1.2078784627690848
1.2103497128131004
1.2166314574791608
1.2141657636364236
1.2130922228826662
1.2131719573048625
1.2121748722001966
1.210670662711871
1.2080564764845285
1.2074902617804864
1.2057075271598205
1.2102781392488442
1.2060168095442674
1.2068268487922509
1.2039116646808308
1.2044086923019073
1.2044786722699743
1.2065100106073408
1.2051111535888157
1.2085404132975914
1.2044372710756952
1.2028503091224958
1.2026679498405
1.1964614152565416
1.1976136204997667
1.1962749776621742
1.1992161437675046
1.1986075543636867
1.1935194285146835
1.1939475476881325
1.1920684831044601
1.1844836624174346
1.1817946479257415
1.1794484617771104
1.1796252119570918
1.1767758103878556
1.1800589251252518
1.1791106333369465
1.1839504624342079
1.1822295466617496
1.1888348905103445
1.1884936370502273
1.1865730717026604
1.1860531752741932
1.1824885531319185
1.1837533906189115
1.1860626078484362
1.1885512106117626
1.1891126258521223
1.1912708319531682
1.193048368403856
1.1947225196758269
1.1841643801615682
1.1845650230072586
1.1832772724943637
1.184428756181555
1.1878575806682565
1.190828988891575
1.1936976939300696
1.1918483919716294
1.1964072262645664
1.19584049520966
1.1957169131798284
1.1900799997733036
1.188190238137826
1.1855600019979995
1.1871748076849937
1.1857582961664666
1.181358209165626
1.1839833864214158
1.1840226774147478
1.1803533670214468
1.1756353967056448
1.1742516850868645
1.1773859626869831
1.177889653243343
1.1790185478160786
1.1743530207351938
1.170564593341411
1.1700717638146378
1.1680417392606157
1.1647701666992811
1.171134473084214
1.1669797777351398
1.1606506591840695
1.164186834466884
1.1639382621860133
1.1659440245030532
1.1665561623752896
1.1676271035815513
1.169703476851448
1.1742373588243489
1.1761205019733902
1.1759243335275122
1.1760015055070232
1.1785687619520024
1.17746664855523
1.1795801936517032
1.1771518755736528
1.1748679000982163
1.1793665122298882
1.1753914928229854
1.174513002356615
1.1768645201998296
1.1726956622748264
1.1689173322244988
1.1692600198474985
1.1642532858728558
1.1664188710866532
1.1669391162958225
1.1614653993946058
1.1574647412608408
1.15888676806513
1.1571472218334489
1.1555033901278766
1.1505073467868159
1.1519471422921719
1.1464161462087963
1.145889910634119
1.1456007117853388
1.1423782448331914
1.1393525870195624
1.140078206445581
1.1377796467453059
1.1397030094223175
1.1375720847843849
1.136276633321218
1.1347752106252678
1.1339662495837848
1.1338144138673658
1.139522159442155
1.1375267214439155
1.1366754157808723
1.1415713512839045
1.1450685370075886
1.1412596496931426
1.1405677097593458
1.1391478595819675
1.1365847338318908
1.1389114164206897
1.1388890642914102
1.1368031106661864
1.1380114645425856
1.1381312806810726
1.137719541243069
1.1398428873676418
1.1348440323233924
1.1364803346133026
1.135808613450623
1.1373944778546494
1.1383773977870937
1.1362118066126665
1.1410032789681668
1.142332922927473
1.1388615266904825
1.1384458407920923
1.1387342619346814
1.1364088144417057
1.1334809719447243
1.1316827551380726
1.128765097088732
1.125064714428781
1.1262396156576862
1.1222174595465144
1.1246755194806701
1.1261852942554202
1.1280568142618468
1.12627400974113
1.1287262491556707
1.1289856927530342
1.1288587199029478
1.1286913763302826
1.1237558571648403
1.1242321682129632
1.1249601667629894
1.12653180706107
1.1257421001663186
1.1226044312539347
1.123119904221587
1.1245540002431917
1.1240547230157785
1.1255005266759024
1.1270317337127305
1.1279529655232243
1.130575134963006
1.1319707485969166
1.1274934430873094
1.1290183276237455
1.130162597962355
1.124836594653786
1.1206567406136698
1.1221067206026132
1.1221291071138235
1.1225751607364267
1.1250745631022592
1.1261420067954968
1.1266882195552275
1.1261460033179107
1.1253701777193048
1.1274513409431388
1.1239328058095075
1.1239041982771658
1.1290546463543458
1.1271932974316936
1.1262785323223403
1.123985916124076
1.1268136597034446
1.1274258182374484
1.1274098715512497
1.12739771722642
1.1279666072783805
1.1272383956435013
1.1276375294123195
1.1251822677752317
1.124268545011939
1.121587813630817
1.1193635317322677
1.120526966310973
1.1173180212130838
1.116007512350531
1.113825929078997
1.1146830177788858
1.1167727752414138
1.1155277481546588
1.1158131834539589
1.1116084918445668
1.1100627720464282
1.1094315536708022
1.1101886382504076
1.1101382953031984
1.106326326270358
1.104951865410261
1.1027099802571114
1.1029953572497342
1.1046202050688423
1.1053574738190484
1.1058122061672822
1.1034279581082544
1.1052743579726678
1.1039556893934004
1.1070452606393684
1.1071615894833158
1.1081465637414738
1.10549427521465
1.1076853708546077
1.1061319264731093
1.1005209389643746
1.098936921765665
1.0982696038419661
1.098126999980298
1.097860721119696
1.0970247613608808
1.098709045237974
1.0982294553561474
1.096908599634101
1.0959125263719043
1.098137367870052
1.096609399657384
1.0929180625123165
1.0884217820783815
1.0839164035477193
1.0830818276196652
1.079995687561636
1.0809037543911446
1.0812024367027093
1.0837987069810744
1.0871267008083951
1.0901229248936557
1.0881823727674809
1.090543991255235
1.0922940216624397
1.0944793641659485
1.0965246491532388
1.0943782090258662
1.094208106734349
1.087807211478491
1.0848761980968984
1.0830417509456258
1.0819290104748456
1.0793379976730304
1.0802342373612899
1.074763636313882
1.0755373153295644
1.074949153689767
1.075520472510753
1.075260956354829
1.0750837489730298
1.076796631181616
1.0749283162507004
1.0759137353697774
1.0732226390609738
1.072106601269945
1.0724042344099638
1.0682187209758571
1.06871236082151
1.0680243291229226
1.068679254143483
1.070550291055321
1.0706173154998786
1.0727742805612084
1.0743841402279126
1.0744359904878968
1.0727047091584483
1.0695522270474647
1.074839247243758
1.0696226494988017
1.0690857497497466
1.0723617656964155
1.071830993268951
1.0702223247635783
1.0693024246062972
1.0729625202637778
1.075444172666589
1.0728567685052028
1.0764491182807236
1.0743607771550305
1.0711829546788652
1.068431458584912
1.0667503335235318
1.0646616101092474
1.0627535298952513
1.0646306440529358
1.0668106742156032
1.0656149060414255
1.0616042456798032
1.061415611059737
1.0620412223920344
1.0604870594897433
1.0642460489999053
1.0630820505020853
1.0632906558351243
1.0658210478333978
1.065900712190253
1.066435003905579
1.063796397523053
1.0635817305042352
1.0653741797033605
1.0656899840261773
1.0659264510192574
1.0635368926371185
1.0655749660647689
1.0618769482461863
1.0614440876414004
1.061192006893505
1.0616892123161763
1.062627541047641
1.0592133211154264
1.061147633710258
1.059311113538852
1.0576206377783761
1.051756904466558
1.0530602263606803
1.0506767563763526
1.0506075087618651
1.0500653589630826
1.0452244871318457
1.0431675736059556
1.0471801700378236
1.0469790086267965
1.045330690183146
1.044331048153593
1.0427873198301807
1.0420455630925525
1.0417877619643652
1.041640167819476
1.037428122076166
1.033439045444494
1.0286213783603135
1.0274121802898424
1.026995319622939
1.0316012205793637
1.0344955081425717
1.038872054020915
1.037150411903561
1.0391894421522023
1.0371754771179267
1.0321931344131285
1.0343738819168553
1.0340964380267454
1.0362397577542803
1.0348063271326797
1.0348230078990004
1.0320371451926031
1.0335216654499046
1.038876938894852
1.0347507447375937
1.036648840125977
1.0343362691861748
1.0328651311860777
1.0326049793075922
1.0329328930253046
1.0358131377171294
1.0373279602297254
1.0365634424094956
1.036784269394106
1.0369416321905054
1.0371364814010864
1.0367305053251665
1.0380609828832843
1.0399109854907578
1.0427475316080854
1.0416990139497035
1.0430424806371428
1.040688135152657
1.0406448467062623
1.0421684406898524
1.0418921428037322
1.0398763235583286
1.0413413839543426
1.038402164950848
1.037092358648849
1.0379181409597102
1.0429611749306429
1.0464384197812409
1.0482388858496894
1.0433280211189007
1.0447581937049741
1.0412944555894326
1.0395108072077772
1.0411498142649038
1.0430845202383623
1.0435281595013686
1.043613283718496
1.0410505705868496
1.0426018395255099
1.0436065920674036
1.043219850040842
1.045912029726082
1.0448247194819973
1.0426863303758285
1.042705618786922
1.0406906144795716
1.0419925721331296
1.0430814276023443
1.0395390937890272
1.0371411303212557
1.0396484792539664
1.041121359823551
1.0389969414977878
1.043779236455927
1.0443034128617505
1.044143400546432
1.0371404489136333
1.042297505404882
1.0438658286584643
1.045084452477467
1.0390649016553266
1.0380984405234062
1.036621986806516
1.034272746124128
1.0341716515740842
1.031453382837065
1.0258739022001997
1.0257721893533238
1.0206545240906617
1.020553658263048
1.0222430251613555
1.021148693800896
1.0189042702775943
1.0190551066788653
1.0195198400972934
1.0224680483469601
1.0213192150169141
1.0212521168551425
1.0191385743349417
1.0175470525967802
1.0202327169909144
1.0130260068971575
1.0129410079648853
1.0105124164711121
1.0087303752513155
1.006659527948623
1.0045344218060308
1.0037247788050345
1.001155702123095
0.9994707834067
0.9941715634904625
0.9895598657074904
0.9881680545131462
0.9907205523004088
0.9889565863961595
0.9906403102041917
0.9893874194263415
0.9991786490445248
0.9996806787238205
1.0005717920524186
1.0011357731151402
1.0021704259939912
0.9994975906950241
1.0004253882472856
0.9985446180180482
0.9959025979100087
1.0022688499626036
1.0020101971225603
0.9994019011764393
0.9952735684785241
0.994872238189985
0.99921113993203
0.9995840780248525
1.004988146904294
1.0030459249883292
1.002211369898384
0.9995980860401051
1.0045800552184576
1.003764669108524
1.0026305562333522
1.0028440214070478
1.003043972309737
1.0037159928266886
1.005527921348957
1.003579098895652
1.0089208810869135
1.0089269250605084
1.010888433439717
1.0066196887819954
1.0077497748827107
1.0127590216373916
1.0140475217308098
1.0144547170107459
1.0157010494444325
1.0186860730416685
1.0110843038975281
1.0135820835473555
1.0120057218388863
1.0100563170463124
1.0014287717392647
1.0014804589230353
0.9982773148568732
0.9989906654101761
0.9956639586017447
0.9943803429500994
0.996618886955762
0.997611786866953
0.9989942534958548
0.9989567509786219
0.9975616670730002
0.9997317437798617
0.9968476971699423
0.997814518378164
0.9938284068927092
0.9915391397642978
0.9928125100816336
0.9938549674012032
0.991909620551019
0.9922379735023201
0.9885340478542901
0.9865458808089107
0.9822137967926932
0.9779218078693965
0.9795244277522427
0.9769040549755191
0.9785496549101216
0.9794176077034145
0.975967830291169
0.9725444522196109
0.9708245062532811
0.9698025307622238
0.9672634692598929
0.9709211698851241
0.969097778721474
0.9757501169126662
0.9771665530330917
0.9719768659992395
0.975517475060957
0.9724514066497983
0.9737208834280496
0.9762776562347873
0.9761255287681534
0.9731553844504536
0.9772931246437795
0.9745240954507345
0.9744380048343343
0.9790169726981315
0.9767751816581999
0.9772159275818073
0.9807772280954061
0.9776686240631847
0.9828831655274245
0.9819200687609226
0.9893709561670413
0.9910320855408369
0.9895709337338235
0.9858152312731596
0.990023010973981
0.9870703191624134
0.9883789389676473
0.9861435812582471
0.9870290099593761
0.9869009656686873
0.988726214308693
0.9882869447744558
0.9901599364816773
0.9909268954474868
0.9877499208611777
0.9901338225584155
0.9855837472851459
0.9884253102669291
0.9894804380467915
0.9894653786727051
0.9901658874530957
0.9903069486069876
0.9893395341978307
0.992350324155536
0.9921584840620563
0.9913222133097545
0.9893506751065393
0.9895512450316895
0.9898093161541344
0.9885014698418988
0.987432570420606
0.9927961783827047
0.9907879390906892
0.9920965490063324
0.9907068371164769
0.9925141727071877
0.989481609501021
0.992268300650163
0.9902277318079417
0.9885872603762808
0.986438454999622
0.9875704204349363
0.9881314848098199
0.9852188641081373
0.9854530487723535
0.9810377961075968
0.9796110845847904
0.9802226547223378
0.9797043630398038
0.9786329292540836
0.9769328919658697
0.9760988847330413
0.9690233041868078
0.9701347947767707
0.9700772141894183
0.9675132038658736
0.9670662045450145
0.9663067070835941
0.9648330932167386
0.964126501027919
0.9640743556751277
0.9681034358142193
0.9685691374357159
0.9645689560935585
0.9607635671100179
0.9580487879937987
0.9613128897104974
0.9567979328985545
0.9596346682934312
0.9579290595139552
0.9567835256433866
0.9598584308585594
0.9581015366440129
0.952585378158928
0.952329884881307
0.9475258725260511
0.9447388813648241
0.9424209101821465
0.9447209624629711
0.9415160654082646
0.9393456860037949
0.9380823707052398
0.9373756659605773
0.939061665114572
0.938401402403489
0.9369132385602852
0.9306153327868113
0.9309063329792007
0.9295523502134119
0.9278350599491485
0.927358141809097
0.9255124686279131
0.9213860435998725
0.9207447041593706
0.9225411060340525
0.9215338655828109
0.9209403160170891
0.9210907674964339
0.9198484303153893
0.9168536434901006
0.9193231058268566
0.9187515346642045
0.9188535506281779
0.9183246126561029
0.9179016446717206
0.9174169206793181
0.9166164935926817
0.91763519849332
0.9164879811582823
0.9135244588791511
0.9133453306661554
0.9150947254045775
0.9115434749006184
0.9139936464435948
0.9101683269581834
0.905857700419445
0.9121107350251535
0.9158057313799912
0.9158719307896253
0.9152061150144435
0.9145387818513306
0.9151193400171579
0.9159542985120661
0.915705983814376
0.9141986577196028
0.9157023475901054
0.9158669032654722
0.9155910277974225
0.9158462314839062
0.9150928025851428
0.9154287729005304
0.9134305704056063
0.9131110013352275
0.9143775908274694
0.9153307348756737
0.9141507634687549
0.9118607727467675
0.9119176847793344
0.913020424598695
0.9151813314175442
0.9127166135632759
0.9113575796555509
0.9150066484651665
0.912196332659797
0.9101409507504202
0.9130025417404781
0.9126590138362243
0.9130823336804703
0.9114889004798836
0.9108791724724862
0.9070590535085366
0.9049995115007035
0.9052991289062357
0.905305453206217
0.9045491623966418
0.906215285484514
0.9077061150879443
0.9114666517726387
0.9108868741424786
0.9115481014688218
0.9124629128031966
0.9111153769779629
0.9129415083508183
0.9145304792041884
0.9135850713932099
0.9169759777642073
0.9164022414987121
0.9169907384142135
0.9138907742781279
0.9161588857720808
0.9200721713681592
0.920781767392973
0.9183978886916531
0.9201743899559125
0.9223828135401252
0.922219323534898
0.9237597916541306
0.9217753300248436
0.9184999489399646
0.9202632197071102
0.9214743591164216
0.920626545890333
0.9239826873125706
0.9232764265341503
0.9262215448725858
0.9201943711117199
0.9208728535657651
0.9204928700671436
0.9217249554173769
0.9247062599302407
0.923706006125809
0.9273548723137542
0.9288978375171931
0.9297152862788174
0.9316894520887669
0.9274379068369651
0.9253964810222296
0.927600633929152
0.9268124778960563
0.9267156100042705
0.9316758096557536
0.9328835931131214
0.935615315675642
0.9368970595144035
0.9378069202414279
0.9341244512903663
0.9319292458219388
0.9315115737250859
0.9383902887614634
0.9411215152566843
0.9361208126077049
0.93553613678875
0.9394491034926391
0.939999205804126
0.9408199393887162
0.9387223137999634
0.9353849829232951
0.9361735631915433
0.9326796167498216
0.9299569578743154
0.9299915578908108
0.9292042262643466
0.9278058116147874
0.9261643450500179
0.9290057168007347
0.928843051373288
0.9252354582684248
0.9239289518446301
0.9243203306720238
0.9244297066322383
0.9190448075727368
0.9188916780040456
0.9173404058355269
0.9162804367731618
0.9143206223217175
0.9157121736616931
0.9133737097259557
0.9152496295795013
0.9149022516078466
0.9145817528713248
0.9115042192833192
0.9099979985250884
0.9102682635878712
0.9087956495386569
0.9049271220577568
0.9072016124828407
0.902743345750871
0.9006901315926978
0.9022945063883505
0.8992726406179005
0.8956947872362766
0.8918698528926268
0.8922324167092641
0.8927851103591197
0.8939110693758391
0.8967582049953814
0.8977523003651466
0.8992077237115449
0.9018378470628836
0.9014391489535221
0.9014336509928113
0.9036625407948327
0.9026210510816661
0.9069512056052558
0.9071984584411211
0.9112821889433185
0.9114889260889883
0.9105026445935005
0.9150277324721448
0.9114270066035669
0.9136117965541886
0.9149235115815267
0.914567922995262
0.9201642123590886
0.9143151026451646
0.9147704234363822
0.9142507105054178
0.914016051845579
0.9077964801619036
0.8997021528456383
0.8991736944426545
0.8989061108819774
0.8987917832605243
0.9019515113847261
0.9028736162959452
0.8999932545856215
0.8975961215107825
0.8981157720209627
0.8963095394319035
0.8972364819657109
0.8983782860909019
0.8971916308558135
0.8959927876182598
0.8945650532390024
0.888261478775437
0.8873106644700683
0.8862673050016114
0.8842872713797671
0.882431497385981
0.8803437417094078
0.8811359502327709
0.8863945808290017
0.8870839961630489
0.8869805387892192
0.8862651376697084
0.8841287294424289
0.8849687598379447
0.8816346841496188
0.8763831383291496
0.8783737152117717
0.8802030332059122
0.8812198334956911
0.8804350280943071
0.8791335275786167
0.8805020364155833
0.8793428938477745
0.8796599649886534
0.8802792292577376
0.8821054979597985
0.8787046764619821
0.8762106567576892
0.8764413117235881
0.8752843473420213
0.8746140558925038
0.8723453980542082
0.8709823523234033
0.8675474373246062
0.8668043975252298
0.8671554107549835
0.8638426704789547
0.8665951778821157
0.8694528383167721
0.8688297466927921
0.864394662404649
0.8646001596543164
0.8616443201571986
0.8601729189355417
0.8559445305734418
0.8558722023202318
0.8526737607280369
0.8525411042369436
0.8490904688691259
0.8513570761928362
0.8471762099682498
0.8469260846835922
0.8473752824412191
0.8471786412528607
0.8451120191012798
0.8462830239488841
0.8484675430046016
0.8512502107860296
0.8502547106783226
0.852325035674563
0.8525318696138026
0.8554405178274834
0.858064318531329
0.8623644082578318
0.8616486224348415
0.8613830060908843
0.8621740263873023
0.8639291309237253
0.8666818565783563
0.8662750059687866
0.86635556725
0.865676607674185
0.861424591592279
0.8616781738197286
0.859497792562918
0.8560254683645614
0.857692820250659
0.8575624429953583
0.8553711725165813
0.8524764801414488
0.8488169097724036
0.845284570509387
0.841943683264887
0.8414960982848687
0.8403220246651097
0.8374064813777148
0.8342617247194861
0.8311666794104816
0.8305069809457798
0.8257441620614505
0.8192869474948006
0.8200352845711727
0.81888672890594
0.8196876663361415
0.818059158127151
0.8229794777422701
0.8180885645728214
0.820536105547989
0.8226423344059384
0.8235013868924238
0.8221665859281815
0.82056750780533
0.8179634325308743
0.8236525113841944
0.822166806423582
0.8215639376299405
0.8222889546641596
0.8241711495079812
0.821459506547729
0.8200824116804378
0.8212783484532549
0.8245665275511289
0.8260674015859255
0.8244172948105133
0.8269738488436559
0.8266615151943272
0.8264031526066491
0.8251985952340786
0.8221986923790571
0.8230558747908543
0.8215314205919821
0.8215657663686067
0.8173834852585623
0.8199300604236223
0.8165568937818375
0.8141528223402196
0.8181332246353227
0.8178188704335035
0.8162234627005416
0.8158222630682717
0.8159501725275955
0.8135916692433762
0.8120606605746717
0.8165110069842034
0.8132008092262799
0.8114962636439518
0.8141261887523384
0.8147700434119519
0.8136227776029819
0.8202920969530085
0.8181765760806601
0.8147661238570569
0.8122506131826823
0.8135754178907983
0.8139108131650359
0.8162562258320202
0.814360183329482
0.8139536093589637
0.8100554984431586
0.8073911880415091
0.8090236538499413
0.8057680339837943
0.8062593416792131
0.8068136311758117
0.8090440896440458
0.8145487500702773
0.821205410170945
0.8205548864787708
0.8214331897923669
0.8220729853274407
0.8230294675177584
0.8242718413336705
0.8248676466077202
0.8209916763731936
0.8216009436982799
0.8230631595044192
0.8230716901522139
0.8240854174280191
0.8253718620847504
0.8272703645067304
0.8295691235538538
0.8322518818063006
0.8303981378248017
0.8300885936832367
0.8295575094446205
0.8323482978635688
0.834069665624224
0.8316291697625118
0.831755040792857
0.8324954829521498
0.8321913186284021
0.8281399162819186
0.8239729547832677
0.8252358405229417
0.8283976690428398
0.8307152443330612
0.8304161184657215
0.8301752478822804
0.829724227115362
0.830959372520789
0.8286723666708455
0.8273809160945692
0.8291024068281942
0.8258519874676955
0.8250689712446884
0.8228411088675471
0.8208543489683497
0.8180755555798578
0.8162858183387545
0.8155187471994882
0.8120419076963191
0.8092153411297817
0.8057541744743144
0.8048720161538631
0.8066135934716936
0.8053573393597349
0.8053876657681528
0.8016168250908521
0.8003258595999745
0.8025545086978487
0.801587863815952
0.7987627693356013
0.796810475033588
0.7943951282770867
0.7940997190672124
0.7943265073143906
0.7974157053402547
0.79749828221887
0.7955331103262878
0.7949524762797286
0.795160583414044
0.7954762120066254
0.7965635385793627
0.799026145880329
0.7999176605282607
0.7995857520315537
0.8050180892065553
0.8020102085613354
0.8020679399368577
0.7986636905646873
0.7926533789492396
0.7909754549683978
0.7921705565879998
0.7929153574244452
0.7954514253727213
0.7942836185109703
0.7947729551286709
0.7948480248911133
0.7959760384115606
0.7962037875112544
0.7945605437970074
0.7927021161631649
0.7938728880514022
0.7988622978883791
0.8002464630806377
0.8040422865256153
0.8038061422005056
0.8048523290329674
0.8048237139452663
0.8080802550074354
0.8065391846513444
0.8112940077177335
0.8138272089524076
0.8104619373747399
0.811087743802457
0.8098287324201282
0.8046858191424695
0.8052892811744217
0.8059803172929231
0.8045662501828774
0.8012778714952938
0.8002198501180577
0.8076125594500164
0.8049611711801555
0.8078887045547225
0.8091494804984528
0.8077307325000437
0.8094039924549179
0.8114966298190971
0.8129550453907971
0.8147875120950385
0.8129063741755072
0.8149160051218638
0.8169657671269801
0.8149110687317258
0.8135127346266888
0.8147641446092788
0.813229777064933
0.8140369156214602
0.8165922482549304
0.8150030929547928
0.8170205932528454
0.8163506091444385
0.8139462908797078
0.8116149960484071
0.8132843646404954
0.8100173670528624
0.805430052417931
0.8071704066195414
0.811781743771079
0.8109719144112763
0.8086751846937208
0.8088873522562494
0.8111575024456318
0.8109739010557266
0.8117182495344455
0.8112258247665066
0.8084326641120116
0.8072327393899705
0.8069264834171251
0.8062847904153531
0.8038467870008981
0.804790752861922
0.8079573282701409
0.8083885114625406
0.8037779894523993
0.8047616149889123
0.8014343264446362
0.8000764476227857
0.7989933463342952
0.7945415262211035
0.7943213330089163
0.7939012391045777
0.7946825445860994
0.7978351216265964
0.7965188691474715
0.7945308993172885
0.7902669398126496
0.7909512510067579
0.7928994346702444
0.7937496991138603
0.7957518940949458
0.7970273126806948
0.7979172699648011
0.7978522484607096
0.795762193982479
0.7971795457353688
0.7955622200196684
0.7937755119348913
0.793462503536382
0.7932726674579734
0.7990861043708924
0.7949286936742037
0.7940014042891985
0.7893722864345631
0.7897009116165712
0.7877557104783028
0.7884411056349714
0.7888148024980397
0.7882833927893691
0.7878782321569382
0.7890698706815312
0.7927624812225521
0.7950397546997487
0.797310548710523
0.7972948671321426
0.7995247162477883
0.7939640487607889
0.7918996716495826
0.7922522585327274
0.7909311376024688
0.7902187353551177
0.7896750618875902
0.7941540231149145
0.7929974802170072
0.7962479057399132
0.7927466894078664
0.7910394518471114
0.7898127373237178
0.7886513578725654
0.7898948769620462
0.7880947552607075
0.7892912956437723
0.78848688057486
0.7913815444038195
0.789196951555889
0.7891037660327924
0.7841054054161167
0.7814544546427061
0.7869551681523079
0.7871037541822183
0.7873663527760624
0.7877875422617396
0.788691254640561
0.7891300969459143
0.7871795728550597
0.7841157193500112
0.7806972826500261
0.7789772689295658
0.7798272189331727
0.7817869013453455
0.782929449219427
0.7839808920193571
0.7801508713590977
0.7797464077076002
0.7845219886351369
0.7810093560786944
0.7804529869135508
0.7822294961661187
0.781962221267461
0.7796964176908009
0.78168228365615
0.7804986148180109
0.7849588751441698
0.7877013177797824
0.7863799281643169
0.785185940346158
0.7827521375298097
0.7813947888829048
0.7809640057678019
0.778727607397512
0.7830764162117226
0.7816865766970584
0.7857983595412973
0.7866143203152228
0.7856902045975079
0.7837073227240128
0.78220330825558
0.7761591117196233
0.7782629703410132
0.7719583501477026
0.7732467041915895
0.767121032783699
0.7695960115469113
0.7692002569439551
0.7653018059523556
0.761850709849632
0.7567124940781881
0.7570636603400238
0.7592365003955106
0.7615903747410883
0.7615867311810589
0.7601087189615917
0.7642043525380909
0.7626508401303984
0.7560019284564052
0.7555244195206733
0.7521268355183535
0.7514078033323172
0.7489128402803427
0.7478274989310938
0.7473766990786286
0.7486236849093897
0.7472915639296855
0.7479271154465238
0.7496060750781458
0.7527692354019998
0.7520471834137921
0.7518557310295801
0.7525843266002976
0.7522900886615689
0.7502568316431681
0.7498049315097653
0.7488054138056359
0.7490250329328522
0.7481098144787856
0.7456458638546813
0.7502465593398757
0.7515052144469702
0.7524611648608374
0.7514220266899708
0.7488667599191626
0.7477535676289593
0.7441357553435132
0.744109614226763
0.7432981570258697
0.7408172395358193
0.7424645585114946
0.7425049642579842
0.7449140489463133
0.7495870124717904
0.74994358621776
0.7490454047293461
0.7480655674580761
0.740961530631701
0.7437170384411763
0.7464225308309238
0.7480473641320706
0.7489661082226073
0.7501129134132778
0.7530173712174575
0.7542702510647492
0.7594919371511966
0.7513591970503244
0.7501315968660306
0.7493339136287879
0.7516199818314673
0.7525208694029292
0.7523606827608308
0.7513938514345547
0.7508731589762527
0.7470695244245119
0.7478242675752043
0.748807959800424
0.7491781001283079
0.7509142388681223
0.7492480275301203
0.7512574132881358
0.7542512662478076
0.753554919568349
0.754703620486205
0.7541591091578379
0.7538197501349064
0.7550296284234099
0.753252537683466
0.7535860236453467
0.7519437543929584
0.7530474897607249
0.7557254097407704
0.7525299419051665
0.7499479184917491
0.7500639720920736
0.7478743684281999
0.7451068158393778
0.7424053551315826
0.7424959694383134
0.7425277974757574
0.7420168575547884
0.7416075263980664
0.7431486170743601
0.7412939315129542
0.7393215672787066
0.7382122771118211
0.7419122355711563
0.7395112430098836
0.7369085037586705
0.7367899165870945
0.7378691465560425
0.7396545531962448
0.737731926634523
0.7383013586477951
0.7380137761923531
0.7376830492479576
0.7417959090495794
0.743710484823259
0.7486184079649185
0.7481129747132907
0.748492638061088
0.7501714483177134
0.7485484033543509
0.7417970280978756
0.7443022643953856
0.7421887354907717
0.7444418408139186
0.7440543738753316
0.7424605469589707
0.7441136140826831
0.7407953282779804
0.7380796358007053
0.7391276447322367
0.7383332292072359
0.736845459511352
0.7360740390347493
0.7335168025096567
0.7318359342799332
0.7309617940059605
0.7292136105800014
0.7292450292944531
0.7291277917629597
0.7283288645498007
0.7279707320735809
0.7274982643743134
0.7255445368743763
0.7245139663516084
0.7266467559036196
0.7259064946042665
0.7256760437781173
0.7286970232656859
0.7299876047934579
0.7331713145925121
0.7347993445069906
0.7310851874523128
0.7317182354229638
0.7333322058226657
0.7353070427230828
0.7350787092375365
0.737006510139423
0.7293259430772681
0.7292158017843675
0.7270627617671362
0.7265026617838926
0.7266544759433742
0.7265150140094729
0.7273844752612333
0.7235476767207453
0.7213334043776831
0.723181405062658
0.7197815346323159
0.7202623372098704
0.7176508453096594
0.7174606886313014
0.716172815163083
0.7132656070985728
0.7140614387067497
0.7123264335987441
0.7122942159379695
0.7145155496400585
0.7132168764462029
0.7121191112252157
0.7109665068664053
0.7115010828941245
0.7112047064226508
0.7100670460202003
0.7057735807713442
0.7107314662219192
0.7114177577591041
0.7103655106453688
0.7120472596344943
0.7128738671247895
0.7152447950253874
0.7151976983552659
0.7166377915468646
0.7177230873639506
0.7146002177703574
0.7140520475378918
0.7132607618823802
0.7128739159772864
0.714374223082226
0.7109134161689453
0.7099667391265894
0.7143298559101415
0.713263833798416
0.7123807413445487
0.7145174651799849
0.7121278999031557
0.7080488767852069
0.7099693198159173
0.7100801328059481
0.7138439566361593
0.7153787226680974
0.7160875547531755
0.7148842769792312
0.712712752931327
0.7131262804594438
0.7151461825897539
0.7152760541181232
0.7174294653587342
0.7158563983280757
0.715330765344334
0.7141411861074137
0.7123578373404128
0.7124377130446913
0.7111591601255759
0.7148992179210151
0.7166851605928515
0.7195944279463157
0.7202609780367037
0.7159597226567079
0.7187584613810998
0.7178558195796456
0.7165019228618986
0.7160759539198362
0.7178879126797593
0.7222413592697666
0.7180209374776843
0.7166465635249301
0.714547196613959
0.7155179812970438
0.7161009466605682
0.7172620049040345
0.7174331117941828
0.7146072214568444
0.716436136276233
0.7116827173765302
0.7097889911140749
0.7126788972880178
0.7139179133618254
0.7134483838016668
0.7139176788194644
0.7125708586058248
0.7129490378879932
0.7116906432613855
0.7063561480790086
0.7047007895172998
0.7022091256485148
0.7052621951421381
0.701989509072906
0.7041410780400047
0.7021957741149438
0.7027641896443353
0.7018571740395465
0.70105905649474
0.7030590403709966
0.7033938305884567
0.7059522472243228
0.7055418433564373
0.7050672200542805
0.703882102141727
0.7041288821764226
0.7073986911703354
0.7060574213134594
0.7040291210287226
0.7059439743825413
0.7061407077248749
0.7040096657975926
0.7013753869071907
0.7026656868022284
0.7045212893770922
0.7061397742274498
0.7041852819599896
0.7045492305011855
0.7021585862291808
0.7029192190731846
0.7010021603242755
0.7021555337074222
0.7043691567699465
0.7036419825135841
0.7021674911143
0.7013429573216102
0.6985234531350784
0.6994399208369487
0.6961318299919642
0.6959102635393964
0.6923514815389818
0.6884445851177027
0.6880483992301214
0.6882138385292368
0.6901836419203972
0.6883943178716093
0.6868847304915161
0.6873155195618716
0.6884356379917478
0.6873195381948254
0.689796562839063
0.6924255865682841
0.695005298172531
0.6949338647552834
0.7007984412280722
0.7028008463858024
0.7025223778971638
0.7026129575711625
0.7015308799025212
0.7014973642057715
0.6961364238594335
0.6959878942387011
0.6953964247499655
0.6980255920115696
0.6949984425968491
0.6987821073848883
0.7046619226232435
0.7032094220966105
0.7003488837272758
0.6991134306179502
0.6998363967796519
0.7007203341717012
0.7013932658760736
0.6992940545455586
0.6988806489545313
0.697180684421462
0.6991990521077075
0.6988047995156733
0.696052415531091
0.6967405862118702
0.6965611479138686
0.6980751408831712
0.6965412966797466
0.6958378724190843
0.6960251051198544
0.6950202727312447
0.6957938675161686
0.693689112993154
0.6939024969230387
0.6934460530587001
0.6949326111088092
0.694388462464508
0.693439139150297
0.6894620428294129
0.687911129908353
0.6874864714950351
0.689091250404591
0.6856012957587864
0.6828116049540672
0.6838301538583326
0.6826992045190358
0.6842130060339751
0.6831929660703
0.6823042935213415
0.6828401817330578
0.6847818647289692
0.6828334869465402
0.6866185663324736
0.6847921528496331
0.6819395595097919
0.6851936389714227
0.6853052714099687
0.6844728227119276
0.6825829342784661
0.6835563423035319
0.6809585130468365
0.6787698614497311
0.6767964133528397
0.6764864850152866
0.6806701416311557
0.6845585304171993
0.6839816622980661
0.6820847262153993
0.6840215456497531
0.6832713401370099
0.6823332825157903
0.6833715632358389
0.6862864720235697
0.6842700879333024
0.6891307409855483
0.6902210829633185
0.689063061853195
0.6889866826959075
0.6882434429624655
0.6856222724343832
0.6839740012885123
0.685604382511048
0.6794397354511886
0.6794736145694537
0.674731249887422
0.6735081748174959
0.673980978929905
0.6702922062585108
0.6706006610217872
0.6716844486418851
0.6731352390743384
0.6743891397136774
0.6696711591616882
0.669385519243563
0.6686319844432058
0.6655445565579267
0.6652085608167331
0.6636398047232923
0.6628991165872121
0.6617920677578061
0.6612725789266172
0.6614172413444314
0.6588109970355255
0.6587445657902193
0.6600815972579097
0.6647838984133577
0.6624098152742498
0.6609759123723981
0.6581073968835119
0.6532182059010869
0.6528412662367676
0.6517587409706558
0.6536737351433708
0.6530530025586504
0.6559501648570585
0.6515960315994839
0.6505120352465623
0.6470617977532765
0.6444271960841768
0.645418697612158
0.647000711683104
0.6510217897372446
0.6497229966783291
0.6501944257028338
0.6520943383256939
0.6511553768499346
0.6431240491981015
0.6468994302414448
0.6488347936684346
0.6480686895309825
0.6487909382594806
0.6503943403192477
0.6546105714498436
0.6555858739012205
0.6594292603717624
0.6597984325444778
0.6600394487192486
0.6618618831606721
0.6616328130097686
0.6636947587949651
0.6611676817902892
0.6666962928709316
0.6657116563567317
0.6633588401615214
0.6623499901947568
0.6622171931324528
0.6626952211817561
0.6625420215916972
0.6637750255105324
0.6626287679140387
0.6637353192239928
0.6691019980936173
0.6695946657838245
0.6662523810361654
0.6700455295288705
0.6673779095458098
0.6664762886503226
0.6640983013342561
0.66739806177578
0.6676003391983498
0.6681243992224217
0.6672962821324047
0.6671162776704457
0.6676604799037799
0.666625886960354
0.6683886030744672
0.6688108277270128
0.6708822125267334
0.6718222476855388
0.6728067560768178
0.670724851626765
0.666812426763903
0.6713602524464902
0.6715290642637666
0.6713145876961291
0.6729619517276756
0.671242309281287
0.6658431892516169
0.6640959579542512
0.663005956568795
0.6628508128855819
0.6653484565154777
0.6619683190961532
0.6638339231364603
0.6668493004078194
0.6662673905514032
0.6657607141124725
0.6654664585267022
0.6676449416857375
0.6641179208136287
0.6636295664992664
0.6649135892800258
0.6614042068984672
0.6607081264011361
0.6601800475248656
0.6639772283374819
0.6635961703090638
0.657969896747917
0.6551661207430591
0.6525452414189943
0.6556917211802896
0.6502751938722462
0.651951389829305
0.6540675657169086
0.6556937994932375
0.6562432975868961
0.6543242125000946
0.6488472806560142
0.647524557046239
0.6519175797770597
0.6439686442706776
0.6449495828832108
0.6448230739255403
0.6448933979011591
0.6463414432818413
0.6462338926787964
0.6448382464801616
0.6395585747575496
0.6418412932685188
0.642279584470277
0.6383081551892745
0.6381125012399773
0.6404910767226225
0.6396070838815514
0.6390597523204361
0.6404731975293388
0.6400709661442026
0.638738769601139
0.6350907986790596
0.6343689387890182
0.6365117705839165
0.6345717960504682
0.6343060244909239
0.6360946557196319
0.6331381312898161
0.6335995511857618
0.6360945916205503
0.6344804153605529
0.634064765591406
0.6339680613276157
0.6326421295552437
0.6337923628354767
0.6281593954603099
0.6284216902256915
0.6289551413856472
0.6290798968261009
0.6328705642198407
0.6331231180637512
0.6309374871625462
0.632352224099914
0.6321672313519889
0.6323664598529259
0.6317799291888282
0.6325741064253045
0.6364604333649031
0.6346819243967172
0.6279234298459918
0.628572665148645
0.6303446251359367
0.6280078218210324
0.62962362796153
0.6295738280313322
0.631524260719065
0.6307105676441159
0.6295921225343306
0.6306968871035682
0.6282239628077859
0.6263116304450452
0.6249370521314469
0.6247451219279626
0.6250551166587397
0.6244213640641004
0.6238325040658632
0.6249760048106905
0.6273772405854011
0.625541089216408
0.6267909242621249
0.6278343536679685
0.627328507488564
0.6260124594312788
0.6263076169403665
0.6240017806325917
0.6261454751574416
0.6250565572585869
0.6235809606404621
0.6254532724980588
0.6251217890434173
0.6246369063651342
0.6240459097637691
0.621807296722128
0.6184917646207089
0.6186760252162132
0.6206824105631973
0.6209781348372109
0.6191061919480513
0.6181537749967998
0.6178754694166642
0.6179159092327401
0.6158398195012235
0.6140087892616501
0.6108999294366201
0.6115596949567175
0.6090389790299211
0.6107894745683271
0.6104772037191623
0.6063441122809948
0.6057858815738768
0.6060869144700181
0.609453670678866
0.6109290369962139
0.6111163280612085
0.6099643459526295
0.6118328007138494
0.6144137044662632
0.6160387288825817
0.6146399879226335
0.6137678823630541
0.6116866363385502
0.6098969693355543
0.6047116285782057
0.6046090330809155
0.6014611347587829
0.5982346925059728
0.6011166122724156
0.5985445522613303
0.6001872655256152
0.5992315649394858
0.5986008830306638
0.5947267969855174
0.5908654841464884
0.5901041991025303
0.5875459040957519
0.5883060549594363
0.5894111598974143
0.5915592841963272
0.5940483550259488
0.5967778624101225
0.5968247576136985
0.595777905572347
0.5950031133819312
0.5917491943294956
0.5900146049078792
0.5899292435603061
0.5916617222593953
0.5920927202948808
0.5916388179036867
0.5977657321218244
0.5959814627977889
0.5976951527088741
0.5939909233665707
0.5982087270202048
0.5998686466633469
0.5979628242174252
0.5991115194631089
0.5970720914985505
0.598106166792111
0.597588734797635
0.5929467575712428
0.5925522544203042
0.593998004721267
0.5956576674037646
0.5958324551968783
0.5980761007802995
0.5958191052314404
0.5946056381716105
0.5940825149136426
0.5961150503563127
0.5942502037411858
0.5969880756518506
0.5971972239887893
0.5939835391393639
0.5934724811744256
0.5907054088721521
0.5951250677505411
0.5911326091504351
0.5920184704607262
0.5915743204052413
0.592498036159667
0.5945941389001898
0.5912123837910009
0.5908075817381666
0.5917702603786036
0.5927580186872495
0.5936463088079239
0.5945055908899448
0.595286844125481
0.5945001943299666
0.5960711468835751
0.5962328219957158
0.5917350135169194
0.5905324190510061
0.5879669338951625
0.5875148159104955
0.5907363418733906
0.5928231606040699
0.5895049629830987
0.5886731213054288
0.5905226648835249
0.5923602808290311
0.592256919095731
0.5926714363154401
0.591540430246622
0.5957400957822605
0.5954539192753324
0.5910785131521555
0.5881101808548121
0.5912894514008395
0.5960137341452667
0.5965387055312408
0.5986497932383823
0.5991575148516729
0.5988351140305378
0.5983306760821695
0.5963930646736
0.5941148664173566
0.5973586695980087
0.597905971233865
0.599282039204402
0.5982998319197026
0.596387565552013
0.597940968229516
0.5979617938364122
0.5997201916370043
0.6037169778127996
0.6031256790187947
0.600760983550171
0.6011923562724594
0.6015334191133835
0.6012455666794514
0.60304120340363
0.6051683411143804
0.6040635146430262
0.6029074608704409
0.6035170567451333
0.6039584182786457
0.6050834549122485
0.6071556841716366
0.6041040145703416
0.6051528898126615
0.6034789939136
0.6029827582526817
0.5993794816650829
0.5995785507699579
0.6002170914863516
0.5999446340563293
0.60236001759648
0.6020755300547703
0.6002863892930346
0.5988327343748017
0.5996804518838776
0.5984619010482203
0.5981962876034163
0.601834746342883
0.6013680967190542
0.5978287763348559
0.5967500298394846
0.5987105786663773
0.5973858539452082
0.5929315216916781
0.591621437758762
0.5853676020189804
0.5841703359951305
0.5797108213534334
0.578487176107004
0.5785024801026036
0.5794330158468746
0.5799743476731194
0.5822940890305681
0.583491948828336
0.5811556062301546
0.5803363621650701
0.5790669048894397
0.577819257347128
0.5787797419655794
0.5795518491417105
0.5797023350736215
0.5740239961864304
0.5748531936472917
0.5776820291847666
0.5770676932679717
0.5766657478824047
0.5800165529616681
0.5785747219342293
0.5762597820863518
0.5752348716000505
0.5792661220758559
0.5786966467667638
0.5776662851133414
0.5740294906723892
0.5728475517567635
0.5713422334048713
0.5723370529091238
0.5712463039890269
0.5694760267537675
0.5722169413329931
0.5711704617573287
0.5718943660503372
0.5712531086299795
0.5734589908049472
0.5740862374114306
0.5718389663431532
0.5729790069916068
0.5744946223269778
0.5722695704113524
0.5764807751982636
0.5758700363995308
0.5792832650981367
0.5776595230631566
0.5775242098059972
0.574675685907233
0.576649110513616
0.5762094374956608
0.5743015055319023
0.5755371168661859
0.5769501027499323
0.571380010113876
0.5745551426724262
0.5757591745723473
0.5740453072467764
0.5739809515314936
0.573837912200651
0.571828021450464
0.5730718049123031
0.5717728569459288
0.5709290307066454
0.5700432145355123
0.5707931910061375
0.5638180675818261
0.5628992833441708
0.5627644035982705
0.5618850718562515
0.5594574435008021
0.5575486861328574
0.5579724450734496
0.557899572852121
0.5555265514206074
0.5543935287578658
0.5588899459237907
0.5610763156488519
0.5630772079080303
0.5586728448371141
0.5574591078607352
0.5538714946443448
0.5492438920524909
0.5478563838144337
0.547358442558288
0.5471009413106807
0.5478520213027203
0.5526600550981884
0.5524866477145758
0.5507658721741509
0.5532657038324913
0.553114715603178
0.5509024706944607
0.5495666582411258
0.5509992659086498
0.5502002183059076
0.5506930379985967
0.5517752512579447
0.548334576610088
0.5509254189540049
0.5503306641873342
0.5526212705420678
0.5514983911080642
0.5497250201849847
0.5482998195920619
0.5437830712019289
0.5444540894137713
0.5463664956359287
0.5457417334946226
0.5427247528020264
0.5417873514803351
0.5396802294697112
0.5395105550177483
0.5382675896063144
0.5378084929650646
0.5395007263134739
0.5377680462143655
0.5376875545621032
0.5358387245658172
0.5343336151464042
0.5333453737338374
0.533026417467498
0.5356929125199741
0.535611050987123
0.5364529812975445
0.5359180534922435
0.5389941243755185
0.5417410740862154
0.5409142695819736
0.5397942260295812
0.538215588811733
0.5385952159099552
0.5369371438115004
0.5381153798379833
0.5367022038380873
0.5388337015136392
0.5399490381098822
0.5375193291376024
0.5407388107983646
0.5416920209156901
0.5370969220675247
0.5348468686126294
0.5338469127676613
0.5341975676961568
0.5339764002140567
0.5320106827330304
0.5276920277043646
0.5318006790590735
0.5362057432537017
0.5359561705263121
0.5333218086278568
0.530260293416834
0.5302324150113236
0.5292262960342201
0.5263885838223269
0.5261939691100593
0.5278827007316644
0.5313028752313941
0.5323669353776919
0.5315128497833457
0.5297197191057432
0.5279772211011702
0.5270396391392281
0.5280055651951274
0.529364151152664
0.531769686387285
0.5339837717997554
0.5345910396908528
0.5318498131255606
0.5327881514704874
0.5339087211303138
0.5343774846676083
0.5340831110611721
0.5336971999238413
0.5328108088426344
0.5333715753558504
0.5311635100103895
0.5321615418613219
0.5323092803375322
0.5314819712314155
0.5329518750119655
0.5317455402562097
0.5310227193171236
0.526612727623528
0.5261512124395988
0.5251985513791315
0.5286170950240723
0.5260976318537665
0.5239309235300864
0.5241755550565832
0.5264709343537447
0.5231580325561301
0.5269674448793837
0.5297403904754635
0.5274346859290973
0.5298865256885075
0.5295866932579822
0.5290481357773296
0.5304236079825466
0.5307109527391405
0.5311921062850201
0.5388962588791131
0.5381506430459517
0.5358514420783759
0.5374030752031034
0.5353162780508529
0.5339974123533813
0.5317177617242244
0.5294321539342095
0.5260570090951286
0.525460637958898
0.5262570472327355
0.5208960773478567
0.5205034440744326
0.5176673652581593
0.5201643991251024
0.5177768122730095
0.5198300360825049
0.5194444383612151
0.5178265735452274
0.5160110189040417
0.5145660333577773
0.5096246974038011
0.5113514786989486
0.5106461789813186
0.5104178565686309
0.5079566138860929
0.5090739447109558
0.5092083047565625
0.5063670435035041
0.5077313468459256
0.5071043854239358
0.5077028876687162
0.5062112569656975
0.5022256582370677
0.4999246017422553
0.5000257381884612
0.49591093061686503
0.4936846597577733
0.49219036492312185
0.4928614247772531
0.49349527384195213
0.4927485895128739
0.49222255896564615
0.4935326979286607
0.49303675753568255
0.49479042273369556
0.49432277459075336
0.4934765539111125
0.4937975683307691
0.48948450599143306
0.4889890405596013
0.4917883091438206
0.49166493800518996
0.4907746579789734
0.4911897442462817
0.49336299547329726
0.4929660536648588
0.4943363041954839
0.4939929511667908
0.4904071041948768
0.4916469059628099
0.4896352274589809
0.4923418595153219
0.4946947771950619
0.49488053513003055
0.4943501830791199
0.49454123241560854
0.49334650089033644
0.4930692713062251
0.49576584551650393
0.49671377015852053
0.49740031988742583
0.4963054341803096
0.4939120490725304
0.49338635011504406
0.49266113555571805
0.49032708124264685
0.4909312702699216
0.4912700688052474
0.4900323481807047
0.4893890310870811
0.48808898382256427
0.4899376396103001
0.48833885110306213
0.49120090855309345
0.49047153855796194
0.48673150989588665
0.4872713199888315
0.4868949985792506
0.4842710417115598
0.4843341020914579
0.48419043644711923
0.4833961413723781
0.48590265505593944
0.4858554153433664
0.48072819867467437
0.48201037072954483
0.4821587765763005
0.48133280215576796
0.47958468646645613
0.4812948945439833
0.48183319463509083
0.4797950764526685
0.47668581270432037
0.47638041577043727
0.47579796975240096
0.4782418004889014
0.4777869979834935
0.4761612494911073
0.47527324316634667
0.4737221139236326
0.476077705276161
0.47812696518142844
0.4793692061565336
0.47954512567193525
0.4820248835607089
0.47961199027104084
0.4741998354910094
0.47605021051483876
0.47626356987602414
0.47440889709772527
0.4731084491819838
0.47195489931980383
0.4735474988318219
0.4736623127814078
0.47271896742706937
0.47446240050175686
0.4726794639793724
0.4725727790510989
0.47513639863628876
0.47563644606965705
0.47561774243591814
0.4738264278462224
0.4747194078458451
0.4712700178379504
0.4733626779198278
0.4718767902685059
0.4705479272690498
0.46919531371595813
0.46943540270050893
0.46882954170408137
0.46956059445384135
0.46940251427196306
0.4673945411614098
0.4665759862980095
0.4654373279112761
0.4691603856854731
0.4691842714837267
0.46609723074880227
0.4652287698644685
0.46122303067522213
0.4634292841088472
0.46592964488328575
0.46813794469039405
0.4682353028141025
0.46599324154867305
0.46536784808850873
0.4641803584924961
0.46144725511717793
0.45955771834627673
0.45973391937309527
0.4579901689060922
0.46002381640067186
0.45755307461135447
0.45853655774840696
0.46088394787629294
0.4603208160482041
0.45937836025447537
0.4588636823573383
0.4599693798392158
0.4597267627374132
0.45714396093570375
0.4571856067718142
0.4592686761869939
0.4558807730360245
0.45883069649805386
0.4590316294065161
0.45677712132029546
0.4572502842390481
0.4588026101222538
0.4574987205125936
0.4537728955542857
0.4539931047178115
0.4533221581766294
0.4491534982776253
0.45043421231150155
0.4466482105218822
0.4481474737249681
0.4471030767631309
0.448257579323057
0.44695628887362293
0.445346526154138
0.4469779693542059
0.446521744589932
0.4451674432468062
0.4463732157596797
0.4450758984334664
0.44565486323280956
0.4415942971189284
0.44130045733070505
0.44052454573502686
0.44129325645364476
0.43972890341916954
0.43786420718588986
0.4369441721739765
0.43716882044869615
0.43936116809268266
0.4415614420528266
0.43998416671705953
0.43832264548655075
0.43868526361003013
0.4425257271099673
0.4406785920075089
0.44109035362641713
0.43930273325551317
0.4399601583270921
0.4401658854773708
0.43854760790909203
0.4392470732408995
0.44061497857354776
0.4406494537227629
0.43987423139103965
0.4376821836917161
0.43422647361791783
0.4365807216285525
0.4375621400249153
0.43681716664783143
0.44030754645558695
0.43877359658725706
0.440536831607763
0.442429834845626
0.4425748667771613
0.4373515715406383
0.4365799558804153
0.4358406187184055
0.4335405715076825
0.4337493280933982
0.4342056113133122
0.43480545827197925
0.43171272515470605
0.43161186189729356
0.4304439096285327
0.43060915941814937
0.4312122108116447
0.4316650385915392
0.4306021063894364
0.43260334945469625
0.4328409863161955
0.4306236030950906
0.43038593396023767
0.43135813157584835
0.43108455081369457
0.4303738565351719
0.430241418219328
0.42950068187095597
0.4269203664553859
0.42682334737356903
0.42732971376312
0.42607159552225154
0.42615659831063174
0.426046443771685
0.42907042371480475
0.43274092375773676
0.4336881589208831
0.4333100751451859
0.43202469561737483
0.43151855481817225
0.428633073935488
0.4281043732613289
0.42996600621109904
0.43102869655331605
0.4302898699322443
0.4285966286416608
0.4294197244537986
0.43070350352680054
0.42996321187822817
0.4269310538717268
0.4268546379169666
0.42590387478779534
0.4260359763485031
0.4270963417677289
0.4256519056518484
0.42604962409892694
0.4279380936073953
0.42830223292791436
0.43049879521807705
0.42520667871448936
0.42155825330908653
0.4208745929767252
0.41966662099043567
0.42040669646692813
0.41763214587145087
0.4128695906418313
0.4121018996034119
0.4100064573309141
0.40966592162875487
0.40862012005527726
0.4085619606150268
0.4097865334428395
0.41223464479944616
0.4160830830088596
0.4160887482769177
0.41690752245097473
0.41652013748166705
0.41318592661724834
0.4116985051099332
0.4083945813622817
0.41035215875678005
0.41013253332230865
0.414855203024057
0.41693004956995977
0.4179722563394567
0.41961570639432255
0.42240658252875185
0.4245734289656496
0.42828467013626925
0.4283533763559014
0.4265034591323295
0.42699318327816804
0.4283887308590895
0.4291362390232858
0.4318527997788128
0.43429214361587787
0.4361514376817183
0.4356770097438833
0.436038096122329
0.4372933878697566
0.4378440534669692
0.4374689939338734
0.4343157069131536
0.4327121803352754
0.43467079513399076
0.4345013081314262
0.43397782624481385
0.4337540705177779
0.43335506530746437
0.4335891357919787
0.4347851063201798
0.4358396747355754
0.4338605548039015
0.4327909864030673
0.4319607073792201
0.43093636470937746
0.42845971666949084
0.4268387105376961
0.4250076356625111
0.4253172285696959
0.4214753532826589
0.4207043283974715
0.4224337431293839
0.42413681059756597
0.4264896620987516
0.42479257203332466
0.4234800425926334
0.42532116400479314
0.4260211424897138
0.42456847183326085
0.4250182066280658
0.42474050078674896
0.4265122838551297
0.4285513759618647
0.42853559101222966
0.42963431960219456
0.4307106553221608
0.42512554618917814
0.4238284582079605
0.4239466252743183
0.423109318923538
0.42044419286321
0.41592199397962304
0.4146371686337312
0.4141798212192775
0.4134886008893961
0.41361487034234923
0.41389125699780005
0.413479801792284
0.41438220712003365
0.41559789663651775
0.413804755189915
0.4153392348944748
0.4182240665336764
0.4178823619789428
0.4158978192076906
0.41594947230620305
0.4190008937208862
0.4174651900147003
0.4164319807746516
0.4142428373187765
0.4136988236798502
0.414664274551032
0.41216936257455733
0.4121491026209895
0.411140622082628
0.413563008462125
0.4104792586020797
0.4107747648580986
0.41222988631777396
0.41219007123512175
0.4117238386859462
0.4136463828976787
0.4128164793775249
0.412419747321277
0.4094792863406411
0.4093976811090413
0.4133857813244237
0.4136540778525794
0.4129289085185312
0.4150886613895616
0.4124324565835603
0.41113825200844467
0.4119461420893814
0.4109570375685615
0.40898825219716306
0.40946247699552396
0.40672574793555094
0.40594325004770637
0.4063757390091718
0.4079738524209504
0.40844003025399267
0.4091302534130953
0.4075593225914516
0.40788807232926566
0.40632755169426915
0.4063392190248488
0.40376079589784675
0.40310050270514297
0.4030245707602611
0.40291127369597185
0.3730794687900039
0.3745500698719272
0.3740176405142027
0.3718599207693798
0.3720249414354514
0.36943241718312536
0.3684235831261495
0.36806407471980146
0.36749262966528573
0.36724899169634356
0.3663100355410791
0.36580361121681
0.36636632618996534
0.365416545180358
0.3660354511093447
0.365884627232722
0.365884627232722
0.36522513996485706
0.3643176493296515
0.36496126286110225
0.36388845282382243
0.3627998414343695
0.36225170468130663
0.362233891296713
0.3640882055598771
0.3646446116503542
0.36435667874893163
0.3632404269302869
0.3600505383861833
0.3590387783754811
0.3594711926776471
0.3579064509881111
0.35657906179880605
0.3561569585132252
0.35594719835333133
0.35531555387121905
0.35531555387121905
0.35646457380064106
0.3556643270686932
0.3557320579861178
0.3555197124361717
0.3550966658174207
0.3539709373569022
0.3537582649425405
0.35206326545189864
0.35205967837904717
0.35227283615011257
0.35252379960256086
0.3516901602559324
0.3516901602559324
0.34832551306880094
0.34799322243867653
0.34731122103703393
0.34731276563377433
0.34558957271313673
0.3455294989637291
0.3455294989637291
0.34297953373608947
0.34297953373608947
0.3401698242593628
0.33971369836646687
0.3390257764629777
0.3394127019950644
0.33931585919440516
0.33926008419071996
0.3380887187346213
0.3381075600596941
0.3366291221082776
0.33413294187370657
0.3316639831170686
0.32877067324114345
0.3283152215021386
0.32618646435567067
0.32590280961762863
0.32590280961762863
0.3248421736119053
0.32483236636319185
0.3246507481422719
0.32647218011571916
0.3260405357789703
0.32455409802213636
0.32455409802213636
0.3240529092716292
0.32332766155324383
0.3227290825421076
0.32218843158208516
0.32214504277109446
0.32214504277109446
0.32139054487145674
0.3214975631214313
0.32145257975073027
0.32084724827172256
0.3192348401282803
0.319139560207005
0.31893773491366384
0.3187849772790355
0.31873343350707334
0.318594367697504
0.31853891173144977
0.3154284388331829
0.31420351197018037
0.3140309952531727
0.3140309952531727
0.31360925013479496
0.31360925013479496
0.31238536523341087
0.3079043048382456
0.30678230563928294
0.3066996059725273
0.3066996059725273
0.30621846527577234
0.305549231729007
0.30553919770927607
0.30553919770927607
0.3042568145280612
0.3042568145280612
0.30464601381744133
0.30438806012023656
0.30438806012023656
0.3039966317224176
0.3023546844532914
0.3009371640951474
0.30101495208333684
0.30101495208333684
0.30101495208333684
0.30029066334629523
0.30015306233321654
0.2990956297632292
0.2977101460454651
0.29528348709576224
0.2949607228424132
0.2949607228424132
0.29486814489272245
0.29418496494191687
0.2940099620290109
0.2940099620290109
0.2940099620290109
0.293687070783484
0.2937202740471854
0.29360271723871045
0.2929771035190288
0.29198363047835885
0.2917853860564312
0.2917853860564312
0.2917853860564312
0.2924685062130256
0.2924685062130256
0.29161172426920695
0.28961159277840287
0.28947056115632236
0.2891276106322105
0.289005040283593
0.2886437184979699
0.2886234156083377
0.28850240450451914
0.2876952093114379
0.287280938867461
0.28686663390220224
0.2870352228655922
0.2870220893442069
0.2872494602894105
0.2872494602894105
0.2863577162733222
0.28561116203379927
0.28561116203379927
0.28440444650903424
0.2820167614231151
0.281749737473591
0.28017938854273405
0.28008356320070626
0.27957182539235637
0.27957182539235637
0.2773548601853645
0.2763167214084844
0.2763167214084844
0.27420373778081025
0.27447858273159265
0.2744542445127084
0.2730912590553492
0.27307772621765375
0.27310749525647743
0.27367758400973174
0.27351190850524015
0.2723679111241852
0.27252333626622605
0.27252333626622605
0.27182046008562066
0.27177934329963216
0.2713453835315264
0.27238954114738806
0.27209946874732144
0.27206300436031106
0.27195072989164915
0.27054623304179914
0.27054623304179914
0.27054623304179914
0.2698207158909598
0.26961121318668957
0.26961121318668957
0.26939112663512793
0.26864751821362537
0.26864751821362537
0.26864751821362537
0.2683768550728194
0.2669236306866202
0.26662746689910016
0.26665910054925035
0.2655694382040004
0.2655694382040004
0.2655694382040004
0.2655694382040004
0.2655024525339754
0.26558369287626316
0.2665300317804328
0.2665300317804328
0.2656662903840409
0.2655971699614569
0.2655377667585912
0.2655377667585912
0.26537068006388254
0.26533573087678014
0.26453452687405743
0.264805290139822
0.264047434094593
0.2641702486449921
0.2638785366503446
0.2633380068572154
0.26192753455993795
0.26204137054683013
0.2617621843046314
0.2574368366490655
0.25746877272431223
0.257104672923507
0.25638548142164647
0.2560598411851845
0.2560598411851845
0.2560598411851845
0.25565737855055276
0.25565737855055276
0.25476558555422735
0.2559085259227401
0.25567021950887947
0.25560374562121696
0.25466792659041665
0.25501477488835705
0.2549882084443359
0.25449893570726634
0.25449893570726634
0.25407722897166657
0.2545930552136453
0.2538968549739129
0.25369721745898927
0.2537423866066289
0.25261767203027885
0.2526696894230314
0.251711402655941
0.2515479119728929
0.24965399891897405
0.24965399891897405
0.24965399891897405
0.24956194014171795
0.2491081640710434
0.2490332422604669
0.2490332422604669
0.2486831376352488
0.24862534112570592
0.2483046369175102
0.24705026970269456
0.24691992477994956
0.2467060702726432
0.24639366307095845
0.24646269910129953
0.24646269910129953
0.2463935970380568
0.2463935970380568
0.2463935970380568
0.2462034989380812
0.24617252784277194
0.24609540313327108
0.24611987955882234
0.24605698993719488
0.24605698993719488
0.24594133154785114
0.24594133154785114
0.24594133154785114
0.24584139465954397
0.24506679650780555
0.24476420379836297
0.24140166969358884
0.2392016814408041
0.23823127755123957
0.23808126748246958
0.23808126748246958
0.23703812911218541
0.23703812911218541
0.23653932266038105
0.23610240426477191
0.23420995388632365
0.2341347538687173
0.2341347538687173
0.2341347538687173
0.2341347538687173
0.2337699234126164
0.23324203894889864
0.23315163880217052
0.23303553829501
0.23089185593181422
0.23089185593181422
0.2308795816251738
0.2300783859590366
0.2300783859590366
0.2300783859590366
0.2300783859590366
0.2298423832880824
0.22946472531745607
0.22863476958347867
0.22924765805097888
0.22855800915429875
0.22826924714293625
0.22826924714293625
