0.0466667 0.0403305155726269
-0.0866667 -0.14673835707711835
-0.3733333 -0.47228998471184874
-0.1533333 -0.3651635072749571
0.0366667 0.009409549149993396
0.0066667 -0.33508803383403024
0.7633334 0.812538027983035
0.61 0.6911137256009809
0.3833334 0.47946866950838396
-0.28 -0.10503664118718203
0.56 0.6153975024780058
0.1633333 0.29361997160755604
0.1266667 0.4935792180482067
-0.71 -0.6816292305312672
0.9666667 0.1559430914416734
-0.86 -0.7883246806458313
-0.59 -0.6032152822442163
-0.2366667 -0.23196400438642362
-0.4033333 -0.4267166473490469
-0.7566667 -0.8650588163488653
0.7133334 0.8255534778401539
0.4233333 0.4418560281316015
-0.2933334 -0.19424082922352487
0.72 0.8929262871290562
-0.9666667 -0.8277954656777962
-0.9966667 -0.9476332039388911
0.9833333 0.8923990908779506
-0.6666667 -0.798398449977015
-0.17 -0.37099871155201186
0.9 0.7566254499492937
0.03 -0.057471645558072826
0.27 0.26768491092565894
