0.0466667 -0.09136929019463347
-0.0866667 -0.4342789789310989
-0.3733333 -0.4383633921649762
-0.1533333 0.1285569642198468
0.0366667 -0.005952133216777095
0.0066667 -0.11233424079909687
0.7633334 0.805512482235214
0.61 0.6755398602802334
0.3833334 0.40381976208409076
-0.28 0.1108573595873458
0.56 0.5705127563498349
0.1633333 -0.21124787013885737
0.1266667 0.16029684351255183
-0.71 -0.5937038103150061
0.9666667 0.9353087544734231
-0.86 -0.7856676808519396
-0.59 -0.7621400441806363
-0.2366667 -0.24713595645687875
-0.4033333 -0.7181504851253238
-0.7566667 -0.8178373661616224
0.7133334 0.6079497868696404
0.4233333 -0.20737712887766768
-0.2933334 -0.004068866873985416
0.72 0.7000966776663489
-0.9666667 -0.388641636915524
-0.9966667 -0.7050687121022364
0.9833333 0.8347114413921293
-0.6666667 -0.3765535241109805
-0.17 -0.003632713400702009
0.9 0.534391830869117
0.03 0.15171293419933748
0.27 0.3216727567511364
