    1    1  -0.0333333
    1    2   0.1600000
    2    1   0.1233333
    2    2   0.4500000
    3    1   0.6966667
    3    2  -0.9633334
    4    1   0.0866667
    4    2  -0.1033333
    5    1  -0.4466667
    5    2  -0.0933333
    6    1  -0.2800000
    6    2   0.8000000
    7    1   0.2266667
    7    2   0.1033333
    8    1  -0.4433334
    8    2  -0.5366667
    9    1  -0.7200000
    9    2   0.3200000
   10    1  -0.7600000
   10    2  -0.0533333
   11    1  -0.2466667
   11    2   0.4366667
   12    1   0.8733333
   12    2   0.8966667
   13    1  -0.1666667
   13    2  -0.6166667
   14    1  -0.3366667
   14    2   0.5300000
   15    1  -0.2633334
   15    2  -0.9066667
   16    1   0.4933333
   16    2   0.7800000
   17    1   0.3666667
   17    2   0.8066667
   18    1  -0.3333333
   18    2   0.4833333
   19    1  -0.2366667
   19    2  -0.5566667
   20    1  -0.5100000
   20    2  -0.6700000
   21    1  -0.0600000
   21    2   0.1233333
   22    1  -0.5100000
   22    2   0.5533333
   23    1  -0.1533333
   23    2  -0.1133333
   24    1   0.6366667
   24    2  -0.8766667
   25    1   0.9433333
   25    2   0.2900000
   26    1  -0.6800000
   26    2   0.5033333
   27    1  -0.8600000
   27    2  -0.5566667
   28    1  -0.2000000
   28    2  -0.8866667
   29    1   0.7200000
   29    2   0.2766667
   30    1   0.0266667
   30    2  -0.3866667
   31    1   0.1033333
   31    2  -0.5666667
   32    1   0.0866667
   32    2   1.0000000
   33    1  -0.7400000
   33    2  -0.9866667
   34    1   0.2233333
   34    2  -0.3633333
   35    1   0.4066667
   35    2  -0.8366667
   36    1  -0.9366667
   36    2   0.6700000
   37    1   0.5700000
   37    2   0.9433333
   38    1  -0.7133334
   38    2   0.4733334
   39    1  -0.6300000
   39    2  -0.4766667
   40    1  -0.1000000
   40    2   0.3933333
   41    1  -0.9200000
   41    2  -0.6800000
   42    1  -0.4066667
   42    2   0.6933333
   43    1   0.8133333
   43    2   0.6666667
   44    1  -0.6733333
   44    2   0.4433334
   45    1   0.2300000
   45    2  -0.3966667
   46    1  -0.9333333
   46    2  -0.4966667
   47    1  -0.9433333
   47    2  -0.6533334
   48    1   0.7466667
   48    2   0.7366667
   49    1   0.9333333
   49    2   0.9100000
   50    1   0.8900000
   50    2   0.4800000
   51    1  -0.1700000
   51    2   0.7466667
   52    1   0.4433334
   52    2  -0.6133333
   53    1   0.1266667
   53    2   0.4033333
   54    1   0.5766667
   54    2  -0.3133333
   55    1  -0.2166667
   55    2   0.8266667
   56    1   0.6766667
   56    2   0.5666667
   57    1   0.0633333
   57    2  -0.5433334
   58    1  -0.8700000
   58    2   0.4733334
   59    1  -0.4733334
   59    2   0.5133333
   60    1   0.6833333
   60    2  -0.0066667
   61    1  -0.4733334
   61    2  -0.5066667
   62    1   0.0066667
   62    2   0.6466667
   63    1  -0.5566667
   63    2   0.1733333
   64    1   0.2800000
   64    2  -0.2933334
   65    1  -0.8133333
   65    2   0.0466667
   66    1   0.6100000
   66    2  -0.7733334
   67    1  -0.2033333
   67    2   0.0166667
   68    1   0.5866667
   68    2  -0.1866667
   69    1  -0.5033333
   69    2   0.4166667
   70    1  -0.7500000
   70    2   0.8833333
   71    1   0.6700000
   71    2   0.9633334
   72    1  -0.9800000
   72    2   0.9666667
   73    1   0.5666667
   73    2  -0.4533333
   74    1  -0.4233333
   74    2   0.4866667
   75    1   0.8966667
   75    2  -0.7666667
   76    1  -0.9100000
   76    2  -0.4266667
   77    1  -0.5266667
   77    2   0.5800000
   78    1   0.4600000
   78    2  -0.8200000
   79    1  -0.5900000
   79    2   0.9200000
   80    1  -0.4800000
   80    2   0.8400000
   81    1  -0.1966667
   81    2   0.3566667
   82    1   0.1500000
   82    2   0.4133334
   83    1   0.2666667
   83    2  -0.7900000
   84    1  -0.5100000
   84    2  -0.0700000
   85    1   0.5133333
   85    2  -0.6100000
   86    1   0.4300000
   86    2  -0.4066667
   87    1   0.6133333
   87    2  -0.5366667
   88    1  -0.0266667
   88    2  -0.9566667
   89    1   0.2533333
   89    2   0.7500000
   90    1  -0.7833334
   90    2   0.6500000
   91    1   0.7433333
   91    2   0.2733333
   92    1   0.8433334
   92    2   0.6133333
   93    1  -0.5300000
   93    2   0.1166667
   94    1   0.9600000
   94    2   0.3166667
   95    1   0.5966667
   95    2   0.5766667
   96    1   0.3533334
   96    2   0.5533333
   97    1   0.8000000
   97    2   0.9933333
   98    1  -0.8166667
   98    2  -0.4566667
   99    1   0.1766667
   99    2  -0.4166667
  100    1  -0.1266667
  100    2   0.0400000
  101    1   0.6133333
  101    2   0.1533333
  102    1   0.7300000
  102    2  -0.3233334
  103    1   0.4333333
  103    2   0.1300000
  104    1   0.7033334
  104    2   0.8233334
  105    1  -0.7900000
  105    2  -0.5600000
  106    1   0.3500000
  106    2   0.7866667
  107    1   0.8500000
  107    2   0.1766667
  108    1  -0.8300000
  108    2  -0.9666667
  109    1   0.3400000
  109    2  -0.8733333
  110    1   0.0466667
  110    2  -0.6033334
  111    1   0.5000000
  111    2  -0.3466667
  112    1  -0.1733333
  112    2  -0.2566667
  113    1  -0.8333334
  113    2   0.4100000
  114    1  -0.9366667
  114    2  -0.0833333
  115    1   0.1600000
  115    2   0.7666667
  116    1   0.9966667
  116    2  -0.1300000
  117    1  -0.2366667
  117    2   0.9766667
  118    1   0.5133333
  118    2  -0.2666667
  119    1   0.0700000
  119    2  -0.8300000
  120    1   0.2400000
  120    2   0.7833334
  121    1  -0.6100000
  121    2  -0.7666667
  122    1   0.8800000
  122    2   0.6233333
  123    1   0.3633333
  123    2  -0.0333333
  124    1   0.4300000
  124    2   0.6133333
  125    1   0.4100000
  125    2   0.6233333
  126    1  -0.2033333
  126    2   0.2033333
  127    1   0.4400000
  127    2   0.8000000
  128    1   0.8766667
  128    2   0.6433334
  129    1  -0.5433334
  129    2   0.7433333
  130    1   0.4000000
  130    2   0.7633334
  131    1   0.4633333
  131    2  -0.9500000
  132    1  -0.6266667
  132    2   0.9933333
  133    1  -0.1433333
  133    2  -0.8700000
  134    1  -0.5966667
  134    2   0.2466667
  135    1  -0.0433333
  135    2   0.4600000
  136    1   0.7800000
  136    2   0.2166667
  137    1  -0.5800000
  137    2   0.9800000
  138    1  -0.0200000
  138    2  -0.1133333
  139    1   0.2700000
  139    2   0.5966667
  140    1  -0.6100000
  140    2  -0.4600000
  141    1   0.4133334
  141    2  -0.7433333
  142    1   0.0766667
  142    2   0.7366667
  143    1   0.9100000
  143    2   0.3233334
  144    1  -0.1600000
  144    2  -0.0033333
  145    1  -0.9433333
  145    2  -0.5666667
  146    1   0.5866667
  146    2  -0.7833334
  147    1  -0.7800000
  147    2   0.4100000
  148    1   0.7400000
  148    2   0.3133333
  149    1   0.0533333
  149    2   0.1700000
  150    1   0.1866667
  150    2   0.4200000
  151    1   0.3033333
  151    2   0.6433334
  152    1   0.6200000
  152    2  -0.8866667
  153    1   0.7633334
  153    2  -0.4133334
  154    1   0.1000000
  154    2   0.3600000
  155    1   0.3933333
  155    2  -0.4700000
  156    1  -0.5400000
  156    2   0.3600000
  157    1   0.6400000
  157    2  -0.7266667
  158    1   0.3866667
  158    2  -0.2400000
  159    1  -0.6366667
  159    2   0.5600000
  160    1   0.5000000
  160    2  -0.1933333
  161    1  -0.4633333
  161    2   0.7900000
  162    1  -0.4200000
  162    2   0.5266667
  163    1  -0.0333333
  163    2   0.0266667
  164    1  -0.4366667
  164    2  -0.7833334
  165    1  -0.4266667
  165    2   0.7566667
  166    1   0.4133334
  166    2   0.7200000
  167    1   0.3533334
  167    2  -0.8433334
  168    1   0.5000000
  168    2  -0.7200000
  169    1  -0.5666667
  169    2   0.4600000
  170    1   0.5866667
  170    2   0.2866667
  171    1   0.9133334
  171    2  -0.5866667
  172    1  -0.9466667
  172    2   0.9400000
  173    1   0.4666667
  173    2  -0.3366667
  174    1   0.2400000
  174    2  -0.7766667
  175    1  -0.5400000
  175    2   0.8933334
  176    1   0.5633333
  176    2   0.3433333
  177    1  -0.4000000
  177    2   0.7066667
  178    1   0.2133333
  178    2   0.8533334
  179    1   0.5100000
  179    2   0.4066667
  180    1   0.1966667
  180    2   0.8833333
  181    1   0.0900000
  181    2   0.0966667
  182    1  -0.1366667
  182    2  -0.1700000
  183    1  -0.6633334
  183    2   0.0333333
  184    1  -0.9300000
  184    2   0.2200000
  185    1  -0.0300000
  185    2   0.0366667
  186    1  -0.0566667
  186    2   0.5533333
  187    1  -0.8066667
  187    2  -0.1900000
  188    1  -0.2700000
  188    2  -0.3066667
  189    1   0.8133333
  189    2   0.6900000
  190    1   0.6366667
  190    2  -0.6300000
  191    1  -0.3533334
  191    2  -0.7033334
  192    1   0.9766667
  192    2   0.2500000
  193    1  -0.7566667
  193    2   0.0166667
  194    1  -0.3333333
  194    2   0.5266667
  195    1  -0.5700000
  195    2   0.7900000
  196    1  -0.4233333
  196    2   0.4366667
  197    1  -0.6066667
  197    2  -0.2666667
  198    1  -0.8066667
  198    2  -0.3200000
  199    1   0.4733334
  199    2  -0.7833334
  200    1   0.5733333
  200    2   0.8800000
  201    1   0.4200000
  201    2  -0.4200000
  202    1  -0.5866667
  202    2  -0.2000000
  203    1   0.2466667
  203    2   0.9900000
  204    1  -0.2700000
  204    2  -0.4433334
  205    1  -0.8533334
  205    2  -0.7833334
  206    1   0.2233333
  206    2   0.6766667
  207    1  -0.1366667
  207    2  -0.7600000
  208    1   0.5033333
  208    2  -0.1266667
  209    1  -0.4300000
  209    2  -0.2800000
  210    1  -0.8166667
  210    2   0.3233334
  211    1   0.5400000
  211    2  -0.4800000
  212    1  -0.1333333
  212    2  -0.9833333
  213    1  -0.9133334
  213    2  -0.6633334
  214    1  -0.9000000
  214    2  -0.6833333
  215    1  -0.9066667
  215    2  -0.1400000
  216    1  -0.1400000
  216    2  -0.1833333
  217    1   0.3266667
  217    2   0.1166667
  218    1  -0.4966667
  218    2   0.3033333
  219    1  -0.2133333
  219    2   0.0500000
  220    1  -0.2533333
  220    2  -0.4300000
  221    1  -0.9533334
  221    2  -0.5133333
  222    1  -0.9033334
  222    2  -0.2733333
  223    1   0.4766667
  223    2   0.2800000
  224    1   0.0600000
  224    2  -0.3500000
  225    1  -0.7100000
  225    2   0.1100000
  226    1  -0.1066667
  226    2   0.1400000
  227    1  -0.6766667
  227    2   0.3466667
  228    1   0.8300000
  228    2  -0.8766667
  229    1   0.5666667
  229    2  -0.0033333
  230    1   0.5133333
  230    2  -0.9366667
  231    1   0.7066667
  231    2  -0.2233333
  232    1  -0.7200000
  232    2   0.0700000
  233    1   0.6400000
  233    2   0.7133334
  234    1  -0.9400000
  234    2   0.2900000
  235    1   0.4533333
  235    2   0.5933334
  236    1  -0.2100000
  236    2  -0.1766667
  237    1  -0.9833333
  237    2  -0.2933334
  238    1  -0.4966667
  238    2  -0.9000000
  239    1   0.8266667
  239    2  -0.8633333
  240    1   0.5600000
  240    2   0.5400000
  241    1  -0.2133333
  241    2   0.8766667
  242    1  -0.9666667
  242    2  -0.4100000
  243    1  -0.8466667
  243    2  -0.1266667
  244    1  -0.7100000
  244    2   0.8000000
  245    1   0.9266667
  245    2   0.5933334
  246    1   0.6066667
  246    2   0.4300000
  247    1  -0.5333334
  247    2   0.5566667
  248    1  -0.5366667
  248    2  -0.3100000
  249    1  -0.4566667
  249    2   0.7600000
  250    1  -0.1333333
  250    2  -0.3133333
  251    1   0.2833333
  251    2  -0.4566667
  252    1   0.6866667
  252    2  -0.5666667
  253    1   0.3766667
  253    2  -0.1533333
  254    1   0.7666667
  254    2  -0.2533333
  255    1  -0.2400000
  255    2  -0.6166667
  256    1  -0.3600000
  256    2  -0.3866667
  257    1   0.8766667
  257    2  -0.8100000
  258    1  -0.5266667
  258    2  -0.8066667
  259    1  -0.0366667
  259    2  -0.5666667
  260    1   0.0966667
  260    2   0.6466667
  261    1   0.3066667
  261    2  -0.9800000
  262    1   0.1700000
  262    2   0.6766667
  263    1  -0.8533334
  263    2  -0.6633334
  264    1   0.3466667
  264    2   0.6233333
  265    1   0.4366667
  265    2  -0.3633333
  266    1   0.4400000
  266    2  -0.7733334
  267    1  -0.3200000
  267    2   0.5233334
  268    1   0.3433333
  268    2   0.9233333
  269    1  -0.4400000
  269    2   0.5933334
  270    1  -0.8333334
  270    2  -0.2066667
  271    1  -0.8233334
  271    2  -0.8566667
  272    1   0.4400000
  272    2   0.0266667
  273    1  -0.5200000
  273    2   0.7066667
  274    1   0.8433334
  274    2  -0.1200000
  275    1   0.2266667
  275    2   0.8366667
  276    1  -0.8666667
  276    2   0.5800000
  277    1  -0.5566667
  277    2  -0.1533333
  278    1   0.6366667
  278    2  -0.3866667
  279    1  -0.9833333
  279    2  -0.7333333
  280    1   0.2266667
  280    2  -0.7666667
  281    1   0.9900000
  281    2  -0.7800000
  282    1  -0.3166667
  282    2   0.0966667
  283    1   0.6800000
  283    2   0.2833333
  284    1  -0.3900000
  284    2   0.9766667
  285    1   0.7500000
  285    2  -0.6200000
  286    1   0.4033333
  286    2   0.9800000
  287    1  -0.9066667
  287    2  -0.1366667
  288    1   0.5333334
  288    2  -0.1366667
  289    1  -0.4100000
  289    2  -0.2266667
  290    1  -0.8800000
  290    2   0.6833333
  291    1  -0.6766667
  291    2   0.7300000
  292    1  -0.0466667
  292    2   0.4900000
  293    1   0.4700000
  293    2  -0.9633334
  294    1   0.7866667
  294    2  -0.7100000
  295    1   0.7400000
  295    2   0.0233333
  296    1   0.7733334
  296    2  -0.2700000
  297    1  -0.5700000
  297    2   0.4500000
  298    1   0.8800000
  298    2   0.5266667
  299    1   0.3633333
  299    2   0.3133333
  300    1  -0.3766667
  300    2   0.0733333
  301    1   0.9366667
  301    2  -0.4866667
  302    1  -0.5033333
  302    2   0.6400000
  303    1  -0.5433334
  303    2  -0.1633333
  304    1   0.2200000
  304    2  -0.2833333
  305    1  -0.7700000
  305    2   0.0966667
  306    1  -0.1133333
  306    2   0.9366667
  307    1   0.5100000
  307    2  -0.6500000
  308    1   0.2466667
  308    2  -0.5766667
  309    1  -0.1733333
  309    2   0.5500000
  310    1   0.3566667
  310    2   0.1966667
  311    1  -0.6433334
  311    2  -0.6300000
  312    1  -0.1800000
  312    2   0.4433334
  313    1  -0.9766667
  313    2   0.7200000
  314    1   0.4633333
  314    2   0.8366667
  315    1  -0.3466667
  315    2   0.7366667
  316    1   0.1166667
  316    2  -0.5466667
  317    1   0.2066667
  317    2  -0.7033334
  318    1  -0.6766667
  318    2   0.5300000
  319    1  -0.2533333
  319    2   0.8933334
  320    1  -0.3866667
  320    2  -0.3333333
  321    1  -0.9933333
  321    2  -0.7666667
  322    1  -0.0800000
  322    2  -0.8100000
  323    1   0.4200000
  323    2   0.6100000
  324    1  -0.5400000
  324    2   0.8266667
  325    1  -0.1333333
  325    2  -0.2766667
  326    1   0.5800000
  326    2   0.6700000
  327    1   0.0200000
  327    2  -0.8633333
  328    1  -0.4633333
  328    2  -0.6100000
  329    1  -0.6166667
  329    2  -0.0366667
  330    1  -0.7366667
  330    2   0.3700000
  331    1   0.3500000
  331    2   0.8466667
  332    1  -0.6666667
  332    2  -0.2900000
  333    1  -0.7000000
  333    2   0.3400000
  334    1   0.3866667
  334    2  -0.2966667
  335    1  -0.8566667
  335    2  -0.8533334
  336    1  -0.8600000
  336    2  -0.5833334
  337    1  -0.9433333
  337    2   0.8766667
  338    1   0.8000000
  338    2   0.0333333
  339    1   0.9300000
  339    2   0.2366667
  340    1   0.9833333
  340    2  -0.6533334
  341    1   0.0033333
  341    2   0.4466667
  342    1  -0.6466667
  342    2   0.7266667
  343    1  -0.2766667
  343    2  -0.4866667
  344    1   0.7333333
  344    2  -0.5666667
  345    1   0.6700000
  345    2   0.1900000
  346    1  -0.6466667
  346    2  -0.0333333
  347    1   0.3633333
  347    2   0.8600000
  348    1   0.2266667
  348    2  -0.5266667
  349    1  -0.2866667
  349    2  -0.0500000
  350    1  -0.7133334
  350    2   0.0533333
  351    1  -0.1333333
  351    2  -0.2033333
  352    1   0.9433333
  352    2  -0.6466667
  353    1   0.3900000
  353    2   0.7833334
  354    1   0.9366667
  354    2   0.1533333
  355    1   0.3933333
  355    2   0.9866667
  356    1  -0.8433334
  356    2   0.4733334
  357    1   0.7000000
  357    2   0.8500000
  358    1  -0.7666667
  358    2   0.5333334
  359    1   0.5666667
  359    2   0.9200000
  360    1   0.5833334
  360    2  -0.7533333
  361    1  -0.8566667
  361    2   0.1400000
  362    1  -0.6066667
  362    2  -0.8600000
  363    1  -0.1566667
  363    2   0.5800000
  364    1  -0.0966667
  364    2   0.0800000
  365    1  -0.2800000
  365    2   0.9800000
  366    1  -0.3866667
  366    2  -0.1866667
  367    1  -0.2500000
  367    2   0.5833334
  368    1   0.6500000
  368    2   0.0633333
  369    1  -0.4266667
  369    2   0.5133333
  370    1  -0.4400000
  370    2   0.5033333
  371    1   0.1566667
  371    2   0.6466667
  372    1   0.3900000
  372    2   0.5166667
  373    1   0.0666667
  373    2  -0.8666667
  374    1  -0.5966667
  374    2   0.4166667
  375    1   0.9500000
  375    2   0.5000000
  376    1  -0.4000000
  376    2   0.2800000
  377    1  -0.1333333
  377    2  -0.5100000
  378    1  -0.3533334
  378    2   0.6033334
  379    1   0.1000000
  379    2  -0.7000000
  380    1   0.1800000
  380    2  -0.7333333
  381    1  -0.2533333
  381    2  -0.3866667
  382    1  -0.1566667
  382    2  -0.2700000
  383    1   0.0100000
  383    2   0.8233334
  384    1   0.7566667
  384    2   0.6733333
  385    1  -0.6066667
  385    2   0.3600000
  386    1   0.8333334
  386    2  -0.6900000
  387    1   0.4933333
  387    2  -0.5433334
  388    1  -0.4933333
  388    2  -0.1766667
  389    1  -0.6466667
  389    2  -0.8333334
  390    1  -0.0200000
  390    2   0.7533333
  391    1   0.3233334
  391    2   0.2400000
  392    1  -0.5300000
  392    2  -0.0133333
  393    1  -0.9333333
  393    2   0.5600000
  394    1   0.9366667
  394    2   0.1566667
  395    1   0.6533334
  395    2  -0.9766667
  396    1   0.5066667
  396    2   0.5366667
  397    1   0.9433333
  397    2   0.2233333
  398    1   0.0200000
  398    2  -0.2066667
  399    1   0.4500000
  399    2  -0.4233333
  400    1  -0.5333334
  400    2   0.7533333
  401    1  -0.8800000
  401    2   0.1700000
  402    1  -0.4766667
  402    2   0.7266667
  403    1  -0.4933333
  403    2   0.6066667
  404    1  -0.0433333
  404    2   0.4866667
  405    1   0.9966667
  405    2  -0.4433334
  406    1  -0.8200000
  406    2   0.9866667
  407    1  -0.4400000
  407    2   0.4900000
  408    1  -0.7933334
  408    2   0.9700000
  409    1   0.2500000
  409    2   0.9200000
  410    1  -0.6333333
  410    2   0.3200000
  411    1   0.2366667
  411    2   0.0800000
  412    1   0.3833334
  412    2   0.8766667
  413    1   0.6433334
  413    2   0.3033333
  414    1  -0.8133333
  414    2   0.0466667
  415    1  -0.2800000
  415    2   0.2966667
  416    1   0.7933334
  416    2   0.5633333
  417    1   0.3533334
  417    2   0.0933333
  418    1  -0.3500000
  418    2   0.4133334
  419    1   0.7433333
  419    2  -0.8333334
  420    1   0.2133333
  420    2  -0.9066667
  421    1  -0.7900000
  421    2  -0.1500000
  422    1  -0.4933333
  422    2  -0.1666667
  423    1  -0.2266667
  423    2  -0.0433333
  424    1  -0.6333333
  424    2  -0.4766667
  425    1   0.4333333
  425    2  -0.0266667
  426    1   0.6033334
  426    2   0.9766667
  427    1   0.3000000
  427    2   0.7700000
  428    1   0.4833333
  428    2  -0.1500000
  429    1   0.1033333
  429    2  -0.5166667
  430    1  -0.0100000
  430    2  -0.5700000
  431    1   0.5233334
  431    2  -0.3500000
  432    1   0.4666667
  432    2   0.6100000
  433    1  -0.2100000
  433    2   0.6166667
  434    1   0.2433333
  434    2  -0.5366667
  435    1  -0.4500000
  435    2   0.7000000
  436    1   0.3933333
  436    2  -0.2700000
  437    1   0.7600000
  437    2  -0.7733334
  438    1  -0.5100000
  438    2   0.0733333
  439    1  -0.5600000
  439    2   0.7700000
  440    1   0.6166667
  440    2   0.3933333
  441    1  -0.3933333
  441    2  -0.0033333
  442    1  -0.6933333
  442    2  -0.7300000
  443    1   0.0000000
  443    2   0.1400000
  444    1   0.2633334
  444    2  -0.0233333
  445    1   0.5666667
  445    2  -0.0700000
  446    1   0.5200000
  446    2  -0.8900000
  447    1   0.9166667
  447    2   0.1766667
  448    1  -0.3066667
  448    2   0.4500000
  449    1  -0.1133333
  449    2   0.8466667
  450    1   0.6033334
  450    2  -0.2666667
  451    1  -0.0166667
  451    2  -0.3500000
  452    1  -0.7300000
  452    2  -0.9300000
  453    1   0.0300000
  453    2   0.5700000
  454    1  -0.8633333
  454    2  -0.7533333
  455    1   0.2066667
  455    2  -0.1766667
  456    1  -0.4033333
  456    2   0.4366667
  457    1   0.3366667
  457    2  -0.4033333
  458    1   0.4266667
  458    2  -0.4366667
  459    1   0.2033333
  459    2  -0.0733333
  460    1  -0.0766667
  460    2   0.8500000
  461    1  -0.7733334
  461    2  -0.5800000
  462    1   0.4466667
  462    2   0.1666667
  463    1   0.9033334
  463    2   0.5233334
  464    1  -0.0900000
  464    2   0.4133334
  465    1   0.5966667
  465    2  -0.7900000
  466    1   0.7700000
  466    2  -0.6133333
  467    1   0.1066667
  467    2  -0.0333333
  468    1   0.3200000
  468    2   0.1166667
  469    1  -0.7366667
  469    2   0.9200000
  470    1   0.9066667
  470    2   0.2833333
  471    1   0.6266667
  471    2  -0.1733333
  472    1  -0.3266667
  472    2  -0.9366667
  473    1   0.9700000
  473    2   0.4533333
  474    1   0.5000000
  474    2   0.9800000
  475    1   0.2533333
  475    2  -0.8633333
  476    1   0.0833333
  476    2  -0.9033334
  477    1  -0.0533333
  477    2  -0.5333334
  478    1  -0.1766667
  478    2   0.2200000
  479    1  -0.7533333
  479    2  -0.7500000
  480    1   0.1300000
  480    2   0.3066667
  481    1   0.8800000
  481    2   0.4966667
  482    1  -0.1100000
  482    2   0.3766667
  483    1  -0.8233334
  483    2  -0.7133334
  484    1   0.6433334
  484    2   0.4233333
  485    1   0.6266667
  485    2   0.8966667
  486    1   0.7433333
  486    2  -0.7600000
  487    1   0.4766667
  487    2  -0.4000000
  488    1   0.2833333
  488    2  -0.7966667
  489    1   0.0800000
  489    2  -0.3233334
  490    1  -0.3933333
  490    2  -0.5233334
  491    1   0.2400000
  491    2  -0.1833333
  492    1   0.4000000
  492    2  -0.4900000
  493    1   0.3733333
  493    2  -0.8866667
  494    1   0.1666667
  494    2  -0.7433333
  495    1   0.0066667
  495    2  -0.4433334
  496    1   0.4300000
  496    2   0.7733334
  497    1  -0.5733333
  497    2   0.8000000
  498    1  -0.6966667
  498    2   0.2400000
  499    1   0.1200000
  499    2  -0.9166667
  500    1  -0.5866667
  500    2  -0.8133333
  501    1   0.8266667
  501    2  -0.2066667
  502    1  -0.7200000
  502    2  -0.8266667
  503    1  -0.2666667
  503    2  -0.9466667
  504    1   0.2300000
  504    2   0.1066667
  505    1   0.8966667
  505    2  -0.0600000
  506    1   0.6200000
  506    2   0.7833334
  507    1  -0.7566667
  507    2   0.9800000
  508    1  -0.6066667
  508    2   0.5833334
  509    1   0.8000000
  509    2  -0.8633333
  510    1   0.7666667
  510    2  -0.8233334
  511    1  -0.0166667
  511    2   0.9066667
  512    1   0.6833333
  512    2   0.5266667
  513    1   0.7533333
  513    2  -0.9666667
  514    1   0.1900000
  514    2  -0.0233333
  515    1   0.9233333
  515    2   0.8733333
  516    1   0.8166667
  516    2  -0.0966667
  517    1  -0.8500000
  517    2   0.5533333
  518    1  -0.6766667
  518    2   0.2466667
  519    1   0.9466667
  519    2   0.7933334
  520    1   0.1766667
  520    2   0.1633333
  521    1   0.0266667
  521    2   0.3300000
  522    1   0.4866667
  522    2   0.7366667
  523    1   0.3500000
  523    2   0.4000000
  524    1   0.2400000
  524    2  -0.9666667
  525    1  -0.8566667
  525    2   0.3966667
  526    1  -0.1700000
  526    2   0.6166667
  527    1   0.4133334
  527    2  -0.0066667
  528    1   0.7000000
  528    2   0.2566667
  529    1  -0.1000000
  529    2   0.3733333
  530    1   0.9600000
  530    2  -0.3733333
  531    1   0.8100000
  531    2   0.3800000
  532    1  -0.4500000
  532    2  -0.9200000
  533    1   0.2700000
  533    2  -0.3333333
  534    1  -0.8133333
  534    2   0.3500000
  535    1   0.2100000
  535    2   0.4300000
  536    1   0.3966667
  536    2   0.0800000
  537    1   0.0233333
  537    2  -0.0300000
  538    1   0.0033333
  538    2  -0.5166667
  539    1   0.8366667
  539    2   0.2833333
  540    1  -0.1433333
  540    2   0.1066667
  541    1   0.2400000
  541    2   0.9533334
  542    1   0.3700000
  542    2  -0.8966667
  543    1  -0.4300000
  543    2   0.7700000
  544    1   0.4433334
  544    2  -0.2800000
  545    1  -0.7700000
  545    2  -0.6233333
  546    1   0.1066667
  546    2  -0.8833333
  547    1   0.3600000
  547    2   0.1133333
  548    1   0.8700000
  548    2   0.8333334
  549    1  -0.6066667
  549    2   0.4866667
  550    1   0.5033333
  550    2  -0.8133333
  551    1  -0.3300000
  551    2  -0.3766667
  552    1  -0.7566667
  552    2  -0.8166667
  553    1   0.7133334
  553    2   0.9433333
  554    1   0.8733333
  554    2  -0.4666667
  555    1   0.6366667
  555    2  -0.0633333
  556    1   0.4566667
  556    2   0.2000000
  557    1  -0.6733333
  557    2   0.9000000
  558    1   0.2766667
  558    2  -0.5566667
  559    1   0.4500000
  559    2   0.0733333
  560    1   0.1300000
  560    2  -0.9700000
  561    1   0.9533334
  561    2   0.8633333
  562    1   0.5566667
  562    2  -0.4400000
  563    1   0.2933334
  563    2   0.6533334
  564    1  -0.1666667
  564    2  -0.8833333
  565    1   0.2200000
  565    2   0.3633333
  566    1   0.7233334
  566    2   0.8366667
  567    1  -0.7600000
  567    2  -0.4500000
  568    1   0.2533333
  568    2  -0.6966667
  569    1   0.5133333
  569    2  -0.1333333
  570    1   0.0800000
  570    2   0.0200000
  571    1   0.1300000
  571    2   0.5200000
  572    1  -0.7900000
  572    2   0.5133333
  573    1  -0.2700000
  573    2   0.0833333
  574    1   0.5266667
  574    2  -0.9300000
  575    1  -0.0933333
  575    2   0.7200000
  576    1  -0.4266667
  576    2   0.3366667
  577    1  -0.7800000
  577    2   0.2466667
  578    1   0.7200000
  578    2   0.5666667
  579    1  -0.7700000
  579    2  -0.2966667
  580    1   0.3933333
  580    2  -0.4833333
  581    1   0.9166667
  581    2  -0.5000000
  582    1   0.3533334
  582    2   0.4500000
  583    1  -0.3133333
  583    2   0.3000000
  584    1  -0.1100000
  584    2  -0.6266667
  585    1  -0.4866667
  585    2  -0.7800000
  586    1  -0.2833333
  586    2  -0.2600000
  587    1   0.4766667
  587    2   0.0100000
  588    1   0.3500000
  588    2   0.0566667
  589    1  -0.4433334
  589    2  -0.4466667
  590    1   0.4966667
  590    2   0.9700000
  591    1   0.0066667
  591    2   0.9500000
  592    1  -0.5866667
  592    2   0.8333334
  593    1  -0.7100000
  593    2  -0.2933334
  594    1   0.7933334
  594    2  -0.6233333
  595    1   0.5300000
  595    2  -0.1666667
  596    1  -0.2200000
  596    2  -0.2333333
  597    1  -0.9133334
  597    2  -0.8933334
  598    1   0.3900000
  598    2   0.4533333
  599    1  -0.2300000
  599    2   0.0266667
  600    1  -0.3066667
  600    2  -0.8366667
  601    1   0.7033334
  601    2  -0.6566667
  602    1  -0.2566667
  602    2   0.5866667
  603    1   0.2766667
  603    2   0.5366667
  604    1  -0.3000000
  604    2  -0.6333333
  605    1  -0.5133333
  605    2   0.6733333
  606    1   0.7833334
  606    2   0.9533334
  607    1   0.9100000
  607    2  -0.9266667
  608    1   0.7833334
  608    2  -0.8233334
  609    1   0.9700000
  609    2  -0.9366667
  610    1  -0.5133333
  610    2   0.5900000
  611    1  -0.5300000
  611    2   0.9200000
  612    1   0.6233333
  612    2   0.7000000
  613    1   0.3566667
  613    2   0.8400000
  614    1  -0.8433334
  614    2   0.5000000
  615    1   0.7933334
  615    2  -0.5800000
  616    1  -0.9733334
  616    2   0.3200000
  617    1  -0.3166667
  617    2   0.2466667
  618    1   0.0200000
  618    2  -0.7266667
  619    1  -0.4100000
  619    2   0.0766667
  620    1   0.1800000
  620    2   0.5800000
  621    1  -0.7333333
  621    2   0.1866667
  622    1  -0.9966667
  622    2   0.9366667
  623    1   0.0933333
  623    2  -0.9100000
  624    1   0.5566667
  624    2  -0.9300000
  625    1   0.6533334
  625    2  -0.1900000
  626    1  -0.3900000
  626    2  -0.9666667
  627    1  -0.0966667
  627    2  -0.2233333
  628    1   0.9200000
  628    2  -0.1500000
  629    1   0.1466667
  629    2  -0.8100000
  630    1  -0.0233333
  630    2   0.2200000
  631    1   0.7833334
  631    2  -0.8333334
  632    1   0.1566667
  632    2  -0.1533333
  633    1   0.1100000
  633    2  -0.3566667
  634    1   0.6966667
  634    2   0.0833333
  635    1   0.4666667
  635    2   0.0000000
  636    1  -0.6033334
  636    2   0.4500000
  637    1   0.8333334
  637    2  -0.9266667
  638    1  -0.7733334
  638    2  -0.0266667
  639    1  -0.4433334
  639    2   0.4233333
  640    1  -0.8533334
  640    2   0.6133333
  641    1   0.6066667
  641    2   0.8200000
  642    1  -0.3100000
  642    2  -0.3300000
  643    1  -0.3833334
  643    2   0.4933333
  644    1   0.8966667
  644    2   0.9433333
  645    1   0.9766667
  645    2  -0.2233333
  646    1   0.3500000
  646    2   0.5566667
  647    1   0.2500000
  647    2   0.6533334
  648    1  -0.4133334
  648    2   0.5100000
  649    1  -0.2033333
  649    2   0.0233333
  650    1   0.1000000
  650    2  -0.5200000
  651    1  -0.1766667
  651    2   0.7100000
  652    1  -0.8400000
  652    2   0.4900000
  653    1   0.8866667
  653    2   0.5233334
  654    1   0.9600000
  654    2   0.7900000
  655    1   0.5466667
  655    2  -0.2100000
  656    1  -0.7966667
  656    2   0.4033333
  657    1  -0.1966667
  657    2   0.3533334
  658    1   0.0966667
  658    2  -0.3800000
  659    1  -0.7900000
  659    2  -0.0500000
  660    1   0.9433333
  660    2   0.7766667
  661    1   0.3466667
  661    2  -0.2166667
  662    1   0.0633333
  662    2   0.5466667
  663    1  -0.2233333
  663    2  -0.0733333
  664    1   0.2333333
  664    2  -0.0166667
  665    1   0.7000000
  665    2  -0.0033333
  666    1  -0.0400000
  666    2  -0.3400000
  667    1  -0.0333333
  667    2  -0.3366667
  668    1   0.9366667
  668    2  -0.1200000
  669    1   0.3133333
  669    2  -0.1300000
  670    1   0.3866667
  670    2   0.4833333
  671    1   0.3666667
  671    2  -0.4133334
  672    1   0.9266667
  672    2  -0.8200000
  673    1   0.5233334
  673    2   0.9700000
  674    1  -0.1166667
  674    2   0.8200000
  675    1  -0.7766667
  675    2   0.0400000
  676    1   0.7300000
  676    2  -0.6633334
  677    1   0.6733333
  677    2   0.7933334
  678    1   0.1200000
  678    2  -0.7166667
  679    1   0.8000000
  679    2   0.0933333
  680    1  -0.2233333
  680    2  -0.5533333
  681    1  -0.9666667
  681    2  -0.0966667
  682    1   0.8566667
  682    2  -0.1266667
  683    1  -0.4000000
  683    2   0.6733333
  684    1  -0.1600000
  684    2  -0.5033333
  685    1  -0.9566667
  685    2   0.1266667
  686    1  -0.0400000
  686    2   0.5166667
  687    1  -0.9500000
  687    2  -0.4066667
  688    1  -0.2566667
  688    2   0.5766667
  689    1   0.0700000
  689    2   0.2066667
  690    1   0.8266667
  690    2   0.2166667
  691    1   0.9600000
  691    2  -0.3466667
  692    1   0.8400000
  692    2   0.4166667
  693    1   0.5633333
  693    2   0.8766667
  694    1  -0.8933334
  694    2  -0.2233333
  695    1   0.6200000
  695    2  -0.3700000
  696    1   0.9800000
  696    2   0.1133333
  697    1  -0.3300000
  697    2  -0.4933333
  698    1  -0.0333333
  698    2   0.7700000
  699    1   0.8633333
  699    2  -0.9800000
  700    1  -0.1933333
  700    2  -0.0200000
  701    1   0.5133333
  701    2   0.1466667
  702    1   0.8400000
  702    2   0.9633334
  703    1  -0.5600000
  703    2  -0.6933333
  704    1  -0.6233333
  704    2  -0.8633333
  705    1   0.6100000
  705    2  -0.0066667
  706    1   0.5200000
  706    2  -0.8200000
  707    1  -0.9633334
  707    2  -0.6033334
  708    1   0.8100000
  708    2  -0.2100000
  709    1  -0.9333333
  709    2  -0.5500000
  710    1  -0.0066667
  710    2   0.0033333
  711    1  -0.4300000
  711    2  -0.2433333
  712    1   0.6300000
  712    2   0.4800000
  713    1  -0.1033333
  713    2   0.8700000
  714    1   0.6833333
  714    2   0.1533333
  715    1  -0.0966667
  715    2  -0.4066667
  716    1  -0.9033334
  716    2  -0.7400000
  717    1   0.4866667
  717    2   0.6266667
  718    1   0.2733333
  718    2  -0.8733333
  719    1   0.9666667
  719    2  -0.7266667
  720    1  -0.9533334
  720    2  -0.8800000
  721    1   0.0600000
  721    2  -0.9733334
  722    1   0.8066667
  722    2   0.0333333
  723    1  -0.2633334
  723    2   0.3300000
  724    1   0.3466667
  724    2  -0.7333333
  725    1   0.3233334
  725    2   0.7433333
  726    1   0.5433334
  726    2  -0.4166667
  727    1  -0.9533334
  727    2   0.7100000
  728    1   0.5033333
  728    2  -0.7933334
  729    1   0.7333333
  729    2   0.1633333
  730    1  -0.6033334
  730    2   0.3366667
  731    1   0.0433333
  731    2  -0.3433333
  732    1  -0.4133334
  732    2   0.8600000
  733    1   0.2466667
  733    2  -0.2400000
  734    1  -0.6333333
  734    2  -0.2500000
  735    1   0.0300000
  735    2  -0.1466667
  736    1  -0.3300000
  736    2   0.7600000
  737    1  -0.2566667
  737    2   0.2666667
  738    1   0.4000000
  738    2  -0.2400000
  739    1   0.9633334
  739    2   0.6933333
  740    1  -0.8166667
  740    2  -0.9566667
  741    1  -0.0833333
  741    2   0.2733333
  742    1  -0.3800000
  742    2  -0.3933333
  743    1  -0.7100000
  743    2   0.6766667
  744    1  -0.0233333
  744    2  -0.6466667
  745    1   0.6666667
  745    2  -0.4400000
  746    1   0.6100000
  746    2  -0.6633334
  747    1  -0.9133334
  747    2  -0.9500000
  748    1   0.3500000
  748    2   0.1133333
  749    1   0.8466667
  749    2   0.0066667
  750    1  -0.7933334
  750    2   0.6133333
  751    1   0.6533334
  751    2  -0.1933333
  752    1   0.7100000
  752    2  -0.3766667
  753    1  -0.4166667
  753    2  -0.8833333
  754    1  -0.9800000
  754    2   0.9666667
  755    1   0.3866667
  755    2   0.1966667
  756    1   0.9433333
  756    2  -0.8500000
  757    1   0.4166667
  757    2   0.4166667
  758    1  -0.4966667
  758    2  -0.9266667
  759    1  -0.0700000
  759    2  -0.5366667
  760    1   0.3333333
  760    2   0.1300000
  761    1  -0.6900000
  761    2   0.1200000
  762    1   0.4833333
  762    2  -0.3433333
  763    1  -0.6600000
  763    2  -0.4100000
  764    1  -0.8400000
  764    2   0.7600000
  765    1  -0.4100000
  765    2   0.9266667
  766    1  -0.1566667
  766    2  -0.6400000
  767    1   0.8500000
  767    2   0.8733333
  768    1   0.4766667
  768    2  -0.4200000
  769    1   0.6800000
  769    2  -0.4700000
  770    1  -1.0000000
  770    2  -0.7333333
  771    1  -0.1066667
  771    2   0.6733333
  772    1   0.8566667
  772    2   0.5400000
  773    1   0.1066667
  773    2   0.8000000
  774    1   0.0166667
  774    2   0.9333333
  775    1   0.6700000
  775    2   0.9033334
  776    1  -0.0933333
  776    2  -0.8533334
  777    1   0.0433333
  777    2   0.9133334
  778    1   0.0666667
  778    2   0.6166667
  779    1  -0.8666667
  779    2  -0.3833334
  780    1   0.8233334
  780    2  -0.3900000
  781    1  -0.5400000
  781    2  -0.1400000
  782    1  -0.6700000
  782    2   0.2166667
  783    1  -0.4566667
  783    2  -0.0500000
  784    1  -0.5000000
  784    2   0.4900000
  785    1   0.1566667
  785    2  -0.7666667
  786    1   0.8333334
  786    2  -0.4233333
  787    1   0.4000000
  787    2  -0.4733334
  788    1   0.4733334
  788    2  -0.8633333
  789    1  -0.6266667
  789    2  -0.4933333
  790    1  -0.2766667
  790    2   0.1400000
  791    1   0.7633334
  791    2  -0.7166667
  792    1  -0.9733334
  792    2   0.2066667
  793    1   0.7133334
  793    2  -0.0733333
  794    1  -0.4966667
  794    2  -0.7400000
  795    1  -0.9633334
  795    2   0.1533333
  796    1   0.5766667
  796    2  -0.7233334
  797    1   0.4266667
  797    2  -0.1200000
  798    1   0.4700000
  798    2  -0.2733333
  799    1   0.3700000
  799    2   0.9066667
  800    1  -0.1500000
  800    2   0.9700000
  801    1   0.4033333
  801    2   0.4166667
  802    1   0.7500000
  802    2  -0.4633333
  803    1  -0.6900000
  803    2  -0.0800000
  804    1  -0.3833334
  804    2   0.3033333
  805    1   0.4633333
  805    2  -0.5633333
  806    1  -0.4333333
  806    2   0.5566667
  807    1   0.3166667
  807    2   0.5866667
  808    1  -0.0633333
  808    2  -0.7633334
  809    1  -0.8166667
  809    2   0.4466667
  810    1   0.4400000
  810    2  -0.7566667
  811    1  -0.7400000
  811    2  -0.9133334
  812    1  -0.3666667
  812    2   0.4000000
  813    1   0.2500000
  813    2  -0.8800000
  814    1  -0.3100000
  814    2  -0.4233333
  815    1   0.0566667
  815    2   0.9933333
  816    1  -0.8500000
  816    2  -0.8500000
  817    1   0.9333333
  817    2   0.8000000
  818    1   0.0733333
  818    2  -0.9866667
  819    1  -0.3300000
  819    2   0.6200000
  820    1   0.9400000
  820    2  -0.0466667
  821    1  -0.3433333
  821    2  -0.5133333
  822    1  -0.9200000
  822    2  -0.9266667
  823    1   0.4200000
  823    2  -0.2566667
  824    1  -0.8066667
  824    2   0.1366667
  825    1  -0.7233334
  825    2   0.1800000
  826    1   0.7033334
  826    2   0.9166667
  827    1   0.0633333
  827    2  -0.2800000
  828    1   0.8466667
  828    2   0.6733333
  829    1   0.6133333
  829    2  -0.9700000
  830    1  -0.1466667
  830    2   0.3933333
  831    1   0.9033334
  831    2  -0.6933333
  832    1   0.3833334
  832    2   0.8266667
  833    1   0.7133334
  833    2  -0.4100000
  834    1   0.8233334
  834    2  -0.8533334
  835    1   0.4600000
  835    2  -0.4866667
  836    1   0.8800000
  836    2   0.0566667
  837    1   0.2566667
  837    2   0.1433333
  838    1   0.3933333
  838    2   0.0166667
  839    1   0.4333333
  839    2  -0.1900000
  840    1  -0.0766667
  840    2  -0.0366667
  841    1  -0.5533333
  841    2   0.1066667
  842    1   0.8533334
  842    2  -0.6900000
  843    1  -0.9433333
  843    2  -0.6266667
  844    1   0.9966667
  844    2   0.8633333
  845    1   0.1233333
  845    2  -0.1200000
  846    1   0.2100000
  846    2  -0.6000000
  847    1   0.6233333
  847    2   0.6100000
  848    1  -0.6400000
  848    2   0.1166667
  849    1   0.3466667
  849    2   0.0666667
  850    1  -0.3366667
  850    2  -0.6100000
  851    1   0.3500000
  851    2  -0.3400000
  852    1   0.4600000
  852    2  -0.3466667
  853    1   0.9466667
  853    2  -0.1733333
  854    1  -0.7600000
  854    2  -0.1666667
  855    1  -0.6900000
  855    2   0.4000000
  856    1  -0.8133333
  856    2  -0.9833333
  857    1  -0.2133333
  857    2  -0.4800000
  858    1  -0.0133333
  858    2   0.8000000
  859    1   0.0900000
  859    2  -0.2433333
  860    1  -0.7333333
  860    2   0.0600000
  861    1  -0.7600000
  861    2   0.4900000
  862    1   0.0966667
  862    2   0.7000000
  863    1   0.9500000
  863    2   0.3133333
  864    1  -0.8400000
  864    2   0.5133333
  865    1   0.9700000
  865    2  -0.6333333
  866    1  -0.0133333
  866    2  -0.9033334
  867    1  -0.1066667
  867    2  -0.9800000
  868    1   0.4166667
  868    2  -0.8133333
  869    1   0.7266667
  869    2   0.6200000
  870    1  -0.0066667
  870    2  -0.0366667
  871    1   0.2266667
  871    2   0.0500000
  872    1  -0.1166667
  872    2  -0.8466667
  873    1  -0.0500000
  873    2  -0.6200000
  874    1   0.7533333
  874    2   0.9800000
  875    1  -0.3066667
  875    2  -0.1866667
  876    1  -0.2766667
  876    2  -0.6833333
  877    1  -0.9333333
  877    2   0.8100000
  878    1  -0.1666667
  878    2   0.7333333
  879    1   0.9666667
  879    2   0.2466667
  880    1   0.9533334
  880    2  -0.3633333
  881    1  -0.4400000
  881    2  -0.8533334
  882    1  -0.6333333
  882    2   0.0533333
  883    1  -0.2533333
  883    2  -0.6500000
  884    1  -0.9833333
  884    2  -0.9866667
  885    1   0.9733334
  885    2   0.3200000
  886    1  -0.8900000
  886    2   0.6933333
  887    1   0.9533334
  887    2   0.9400000
  888    1  -0.5000000
  888    2   0.6900000
  889    1   0.3200000
  889    2  -0.2966667
  890    1   0.2466667
  890    2  -0.0633333
  891    1   0.9566667
  891    2   0.4300000
  892    1   0.8633333
  892    2   0.7266667
  893    1   0.1466667
  893    2   0.2600000
  894    1  -0.6766667
  894    2   0.2833333
  895    1  -0.9566667
  895    2   0.7600000
  896    1  -0.3733333
  896    2   0.0266667
  897    1  -0.1533333
  897    2   0.9866667
  898    1   0.4800000
  898    2   0.1966667
  899    1   0.0833333
  899    2   0.0133333
  900    1   0.3700000
  900    2  -0.8100000
  901    1   0.1933333
  901    2   0.6600000
  902    1  -0.7333333
  902    2   0.8800000
  903    1   0.7100000
  903    2   0.1733333
  904    1   0.2833333
  904    2   0.9066667
  905    1   0.2566667
  905    2   0.3633333
  906    1   0.3266667
  906    2  -0.5800000
  907    1  -0.7400000
  907    2  -0.6933333
  908    1   0.7766667
  908    2  -0.9966667
  909    1  -0.9100000
  909    2  -0.6133333
  910    1   0.6900000
  910    2   0.6233333
  911    1  -0.2366667
  911    2   0.1000000
  912    1  -0.1166667
  912    2  -0.8900000
  913    1   0.1700000
  913    2   0.8533334
  914    1  -0.1966667
  914    2  -0.5400000
  915    1  -0.7300000
  915    2  -0.2200000
  916    1   0.8466667
  916    2   0.3033333
  917    1  -0.4133334
  917    2  -0.2666667
  918    1  -0.9700000
  918    2   0.1466667
  919    1  -0.3433333
  919    2  -0.8066667
  920    1   0.4100000
  920    2  -0.9166667
  921    1   0.2500000
  921    2  -0.1166667
  922    1  -0.5866667
  922    2  -0.4466667
  923    1  -0.9033334
  923    2   0.9133334
  924    1  -0.1600000
  924    2   0.2300000
  925    1  -0.0266667
  925    2   0.0300000
  926    1  -0.9166667
  926    2  -0.5100000
  927    1   0.9833333
  927    2   0.7333333
  928    1   0.6200000
  928    2   0.2000000
  929    1   0.5300000
  929    2  -0.9333333
  930    1   0.0233333
  930    2  -0.6533334
  931    1  -0.3133333
  931    2  -0.4233333
  932    1   0.9966667
  932    2   0.4333333
  933    1  -0.9333333
  933    2  -0.2400000
  934    1  -0.2933334
  934    2   0.5700000
  935    1   0.6300000
  935    2  -0.9033334
  936    1  -0.3233334
  936    2  -0.5266667
  937    1   0.0900000
  937    2   0.8433334
  938    1   0.1300000
  938    2   0.9566667
  939    1   0.4066667
  939    2  -0.9166667
  940    1   0.1566667
  940    2   0.1933333
  941    1   0.5333334
  941    2   0.0700000
  942    1   0.3866667
  942    2  -0.6166667
  943    1   0.5333334
  943    2   0.5900000
  944    1  -0.2666667
  944    2  -0.2033333
  945    1   0.8400000
  945    2  -0.1000000
  946    1   0.1233333
  946    2  -0.3433333
  947    1  -0.7900000
  947    2   0.5400000
  948    1   0.8133333
  948    2   0.5866667
  949    1  -0.4033333
  949    2  -0.4533333
  950    1  -0.3733333
  950    2  -0.3666667
  951    1  -0.2666667
  951    2   0.6433334
  952    1   0.9233333
  952    2  -0.6300000
  953    1  -0.1000000
  953    2   0.2700000
  954    1  -0.1100000
  954    2  -0.3333333
  955    1  -0.5000000
  955    2  -0.2933334
  956    1   0.1500000
  956    2   0.7966667
  957    1   0.6900000
  957    2   0.2100000
  958    1   0.7800000
  958    2   0.7833334
  959    1   0.2000000
  959    2   0.4500000
  960    1   0.3333333
  960    2  -0.9000000
  961    1  -0.2000000
  961    2  -0.6066667
  962    1  -0.7466667
  962    2   0.7866667
  963    1   0.3266667
  963    2   0.1800000
  964    1  -0.0800000
  964    2   0.2366667
  965    1   0.9566667
  965    2   0.7500000
  966    1  -0.0066667
  966    2  -0.2566667
  967    1  -0.6100000
  967    2   0.2033333
  968    1  -0.1333333
  968    2   0.5666667
  969    1  -0.4333333
  969    2   0.6633334
  970    1   0.1600000
  970    2  -0.6333333
  971    1   0.4566667
  971    2   0.4300000
  972    1   0.0400000
  972    2  -0.1166667
  973    1  -0.2566667
  973    2  -0.0666667
  974    1  -0.9433333
  974    2   0.6266667
  975    1  -0.2200000
  975    2  -0.3866667
  976    1  -0.6166667
  976    2   0.2400000
  977    1   0.0500000
  977    2   0.3700000
  978    1  -0.0466667
  978    2   0.5666667
  979    1   0.3633333
  979    2   0.6233333
  980    1  -0.8600000
  980    2  -0.5200000
  981    1   0.5866667
  981    2   0.5400000
  982    1   0.4066667
  982    2   0.8166667
  983    1  -0.4266667
  983    2  -0.1733333
  984    1  -0.2933334
  984    2   0.5633333
  985    1   0.5666667
  985    2  -0.6066667
  986    1  -0.0666667
  986    2   0.4600000
  987    1   0.3366667
  987    2   0.8133333
  988    1   0.5100000
  988    2   0.4933333
  989    1   0.7033334
  989    2   0.6100000
  990    1  -0.1100000
  990    2  -0.4833333
  991    1  -0.4833333
  991    2   0.9100000
  992    1   0.5733333
  992    2   0.1466667
  993    1   0.8233334
  993    2   0.1933333
  994    1  -0.8300000
  994    2   0.0400000
  995    1  -0.1200000
  995    2  -0.3866667
  996    1   0.6166667
  996    2  -0.1166667
  997    1  -0.1833333
  997    2  -0.3866667
  998    1  -0.5766667
  998    2   0.2100000
  999    1   0.7766667
  999    2   0.2500000
 1000    1   0.0666667
 1000    2  -0.4066667
 1001    1  -0.8233334
 1001    2  -0.8966667
 1002    1  -0.2333333
 1002    2   0.4866667
 1003    1   0.3366667
 1003    2  -0.1100000
 1004    1  -0.2633334
 1004    2  -0.4466667
 1005    1   0.2200000
 1005    2   0.5033333
 1006    1  -0.2133333
 1006    2  -0.6500000
 1007    1  -0.5566667
 1007    2   0.1600000
 1008    1  -0.6433334
 1008    2   0.1633333
 1009    1   0.7333333
 1009    2  -0.6433334
 1010    1   0.3400000
 1010    2  -0.0466667
 1011    1  -0.6433334
 1011    2  -0.5800000
 1012    1  -0.0733333
 1012    2  -0.5633333
 1013    1   0.6433334
 1013    2   0.4033333
 1014    1  -0.5733333
 1014    2   0.7533333
 1015    1  -0.3766667
 1015    2   0.4166667
 1016    1  -0.4700000
 1016    2   0.6166667
 1017    1  -0.1666667
 1017    2  -0.9100000
 1018    1  -0.2066667
 1018    2   0.6700000
 1019    1  -0.0100000
 1019    2   0.0033333
 1020    1  -0.6066667
 1020    2  -0.4733334
 1021    1  -0.3633333
 1021    2   0.0600000
 1022    1   0.7866667
 1022    2   0.6066667
 1023    1   0.3466667
 1023    2  -0.5866667
 1024    1  -0.9500000
 1024    2  -0.7966667
