-0.0333333 -0.044802272036198965
0.16 0.14567274886432158
0.1233333 0.12144196974819488
0.45 0.4413154318433837
0.6966667 0.7086592378510863
-0.9633334 -0.9675812954432759
0.0866667 0.09160741357188723
-0.1033333 -0.10060455281867398
-0.4466667 -0.4356473151320532
-0.0933333 -0.09574500517642781
-0.28 -0.28048764459524883
0.8 0.7903366113766634
0.2266667 0.22388265423085224
0.1033333 0.10372692858908117
-0.4433334 -0.45162967763673706
-0.5366667 -0.5330549293282878
-0.72 -0.728598943143626
0.32 0.324872809136743
-0.76 -0.7662171525253115
-0.0533333 -0.05366512356756936
-0.2466667 -0.24739858145298804
0.4366667 0.44222432983100624
0.8733333 0.8776913360724942
0.8966667 0.9097816146862939
-0.1666667 -0.1632882158030512
-0.6166667 -0.6286906699501552
-0.3366667 -0.341470721656481
0.53 0.5394467706099668
-0.2633334 -0.2555550987451058
-0.9066667 -0.916686015348269
0.4933333 0.5153307651845365
0.78 0.7694137975545519
0.3666667 0.3627841791023973
0.8066667 0.8105632396918961
-0.3333333 -0.3213354415302783
0.4833333 0.49939527935572486
-0.2366667 -0.23357363557161043
-0.5566667 -0.5718101049737265
-0.51 -0.5278875589149977
-0.67 -0.6805273411637806
-0.06 -0.08043787879730752
0.1233333 0.10994110083345177
-0.51 -0.5156698585440271
0.5533333 0.5384237110355983
-0.1533333 -0.1610102616935879
-0.1133333 -0.12026603922390006
0.6366667 0.6488203040852873
-0.8766667 -0.8867390436268487
0.9433333 0.9437561981522815
0.29 0.27896777450630167
-0.68 -0.6742314295248932
0.5033333 0.4981101337696459
-0.86 -0.8653400341328754
-0.5566667 -0.5572395806456834
-0.2 -0.18720940477942732
-0.8866667 -0.9006338722957378
0.72 0.7239469497422037
0.2766667 0.28468067236518785
0.0266667 0.028776106118740985
-0.3866667 -0.3937412490049367
0.1033333 0.1064845220677531
-0.5666667 -0.5564988869600637
0.0866667 0.11169880377808752
1.0 0.9992354325935637
-0.74 -0.7394150698759769
-0.9866667 -0.997799655228486
0.2233333 0.22271714734420828
-0.3633333 -0.33074911043787253
0.4066667 0.41147419654050427
-0.8366667 -0.8360432018268564
-0.9366667 -0.9163503705094767
0.67 0.6630988064851829
0.57 0.5706097229436505
0.9433333 0.9368593431841654
-0.7133334 -0.7184951015874161
0.4733334 0.4790089553315157
-0.63 -0.6092033072706442
-0.4766667 -0.46250853902107264
-0.1 -0.10253077113240411
0.3933333 0.393338832728869
-0.92 -0.9272133913201979
-0.68 -0.678138488886772
-0.4066667 -0.4031168214340689
0.6933333 0.7021981749274915
0.8133333 0.8379175215922512
0.6666667 0.6666143529921389
-0.6733333 -0.6884746864360147
0.4433334 0.4342209183433152
0.23 0.2189804713363266
-0.3966667 -0.400506068086832
-0.9333333 -0.9259660826504383
-0.4966667 -0.4870258682992829
-0.9433333 -0.9323699431318551
-0.6533334 -0.6542366174904092
0.7466667 0.7429555092669151
0.7366667 0.7487250285131649
0.9333333 0.950131827031498
0.91 0.9091718150224269
0.89 0.8948216787779193
0.48 0.4901661541756315
-0.17 -0.16424467542140903
0.7466667 0.7351903988515731
0.4433334 0.4350715699666408
-0.6133333 -0.6243996172665693
0.1266667 0.13919456006044284
0.4033333 0.4047101654145779
0.5766667 0.5803843473187194
-0.3133333 -0.31028850594956864
-0.2166667 -0.21514003279738786
0.8266667 0.8148114337159367
0.6766667 0.6866478236053672
0.5666667 0.5542781920628319
0.0633333 0.06644701816261706
-0.5433334 -0.5316523200052385
-0.87 -0.8727132291311879
0.4733334 0.4567090823665251
-0.4733334 -0.4798346734701246
0.5133333 0.5346172394127675
0.6833333 0.6825744362421935
-0.0066667 -0.011565580155800226
-0.4733334 -0.47950482663374205
-0.5066667 -0.513649826314124
0.0066667 0.00640758148702536
0.6466667 0.6418349570544696
-0.5566667 -0.5506805238813588
0.1733333 0.186855713770221
0.28 0.2790857093262229
-0.2933334 -0.2825901915835877
-0.8133333 -0.8278330280602707
0.0466667 0.036056857713702484
0.61 0.6215908351052074
-0.7733334 -0.7800072520857005
-0.2033333 -0.20042934473192842
0.0166667 0.019446726480231047
0.5866667 0.5660600245176313
-0.1866667 -0.18957219255768987
-0.5033333 -0.5025737206709202
0.4166667 0.40550862971763957
-0.75 -0.7404639784691771
0.8833333 0.8912882695222166
0.67 0.6714209048665192
0.9633334 0.9528387195334337
-0.98 -0.9982465110280762
0.9666667 0.9697062860784288
0.5666667 0.577877261739576
-0.4533333 -0.4473702011670333
-0.4233333 -0.4415789295560622
0.4866667 0.49158952307994996
0.8966667 0.8907188900633403
-0.7666667 -0.7488028483049463
-0.91 -0.9333301247765978
-0.4266667 -0.4428339960008682
-0.5266667 -0.5356933002789497
0.58 0.590665719765844
0.46 0.47573072250734844
-0.82 -0.8189958875962564
-0.59 -0.600823056312894
0.92 0.9211975629955063
-0.48 -0.4664434023697343
0.84 0.8440990258420956
-0.1966667 -0.19945523251656155
0.3566667 0.3583721972590843
0.15 0.13529806609105569
0.4133334 0.4070658252707045
0.2666667 0.2707818708675517
-0.79 -0.7905529848275
-0.51 -0.5240694964278649
-0.07 -0.06597228341541422
0.5133333 0.5105241870923352
-0.61 -0.6010453717432961
0.43 0.4202527059450994
-0.4066667 -0.4061676706064961
0.6133333 0.6108159668944657
-0.5366667 -0.5431692458283985
-0.0266667 -0.020794372320849963
-0.9566667 -0.9678806316227081
0.2533333 0.2613132282597536
0.75 0.7295850995074348
-0.7833334 -0.7783552086734249
0.65 0.6565020208354041
0.7433333 0.7187467500397858
0.2733333 0.27420428511294814
0.8433334 0.8398755756964456
0.6133333 0.6083679540613056
-0.53 -0.5295523858918847
0.1166667 0.1133168636821004
0.96 0.9602209550708573
0.3166667 0.3208783533192984
0.5966667 0.6009763450906616
0.5766667 0.5791532721393136
0.3533334 0.35524399332903106
0.5533333 0.5618152015539692
0.8 0.8001467348792524
0.9933333 0.966638934102618
-0.8166667 -0.8165960179770868
-0.4566667 -0.46839761043787065
0.1766667 0.18288420041947545
-0.4166667 -0.4017203565911085
-0.1266667 -0.12520825038565725
0.04 0.05133635888884941
0.6133333 0.6181778830409359
0.1533333 0.18000040562566538
0.73 0.7458749479868755
-0.3233334 -0.3166328417953
0.4333333 0.43041302585212404
0.13 0.14329169494562896
0.7033334 0.6937771048052974
0.8233334 0.8271653135397392
-0.79 -0.7941580995471772
-0.56 -0.5643445502098018
0.35 0.3588776565691302
0.7866667 0.7808773024248876
0.85 0.841946151683359
0.1766667 0.17105622855441743
-0.83 -0.836949544506644
-0.9666667 -0.9616611110280018
0.34 0.3472413773748149
-0.8733333 -0.8830442628094458
0.0466667 0.058351171481078545
-0.6033334 -0.5987967769255965
0.5 0.5136473771511663
-0.3466667 -0.35933385145570984
-0.1733333 -0.17340063616095247
-0.2566667 -0.2541014883519076
-0.8333334 -0.8427533592878932
0.41 0.4197689708103114
-0.9366667 -0.9598720078897259
-0.0833333 -0.09419869748164494
0.16 0.16712035180251553
0.7666667 0.7717943555743674
0.9966667 0.9902009287785954
-0.13 -0.12283802768347063
-0.2366667 -0.23936520431609715
0.9766667 0.9800435150987812
0.5133333 0.5188277363077889
-0.2666667 -0.2771278717463171
0.07 0.06949006657118384
-0.83 -0.8311185941173742
0.24 0.25401428461739994
0.7833334 0.7904713388258526
-0.61 -0.6025703847023129
-0.7666667 -0.765217912830255
0.88 0.8886384965812487
0.6233333 0.6244416570688373
0.3633333 0.36125864122007123
-0.0333333 -0.05402345570598305
0.43 0.4338788934136529
0.6133333 0.6187595565140088
0.41 0.415550632277969
0.6233333 0.620877735704022
-0.2033333 -0.21711967924997472
0.2033333 0.18825864740127873
0.44 0.4442051222375892
0.8 0.7984058958132965
0.8766667 0.860532965813475
0.6433334 0.6415026413230951
-0.5433334 -0.5509082923133652
0.7433333 0.7335589788300056
0.4 0.4113584334043157
0.7633334 0.771505276816958
0.4633333 0.44959935995643174
-0.95 -0.9366947424071671
-0.6266667 -0.6506867213098041
0.9933333 0.9982624962075288
-0.1433333 -0.12456135509775496
-0.87 -0.8715854486640526
-0.5966667 -0.5943412821302665
0.2466667 0.23605843465084878
-0.0433333 -0.04135805278920002
0.46 0.46050058795011123
0.78 0.7760741590350357
0.2166667 0.21680711660041507
-0.58 -0.5719878123830147
0.98 0.9834670343025094
-0.02 -0.0307315660571304
-0.1133333 -0.11516865821959948
0.27 0.2588839229807293
0.5966667 0.6122979953894024
-0.61 -0.5808363149411724
-0.46 -0.44723010542352026
0.4133334 0.42271984757538844
-0.7433333 -0.7426485834632592
0.0766667 0.07626475250317838
0.7366667 0.7432285546273008
0.91 0.9127946321713098
0.3233334 0.3154956922944955
-0.16 -0.16188491583293957
-0.0033333 -0.010103642515336853
-0.9433333 -0.9305635011382146
-0.5666667 -0.5654126984149848
0.5866667 0.5739889570790337
-0.7833334 -0.788699802163017
-0.78 -0.768198264663018
0.41 0.4080183052001585
0.74 0.7329130745047954
0.3133333 0.31860319254928066
0.0533333 0.05184087668685167
0.17 0.16092215271765212
0.1866667 0.1712634594489235
0.42 0.42283165098192504
0.3033333 0.2979727787266523
0.6433334 0.6484529518263218
0.62 0.62912568812836
-0.8866667 -0.8889623786141817
0.7633334 0.7644435499463398
-0.4133334 -0.4169682839851185
0.1 0.10465782196909854
0.36 0.34615352874239974
0.3933333 0.39182431073568497
-0.47 -0.4729426048002246
-0.54 -0.5488335803594316
0.36 0.3632323690576593
0.64 0.6592420085994071
-0.7266667 -0.7429995776010577
0.3866667 0.378259203985095
-0.24 -0.23212094606832084
-0.6366667 -0.6341158804315397
0.56 0.5608555244071676
0.5 0.5024819120325326
-0.1933333 -0.19559094187489384
-0.4633333 -0.4635494195909517
0.79 0.8063268194624654
-0.42 -0.4222835227390966
0.5266667 0.5404397411793975
-0.0333333 -0.040644464648378786
0.0266667 0.0154653145066726
-0.4366667 -0.45209762088641
-0.7833334 -0.7762608419664879
-0.4266667 -0.41958054004009854
0.7566667 0.7802310508983751
0.4133334 0.4046002915831091
0.72 0.7308861093937828
0.3533334 0.35880831722210355
-0.8433334 -0.839722826207412
0.5 0.4930170534280514
-0.72 -0.7050275982262308
-0.5666667 -0.5704743401214312
0.46 0.4487692159383209
0.5866667 0.5890564555148496
0.2866667 0.28574495677085776
0.9133334 0.9120502651201794
-0.5866667 -0.5735828261722951
-0.9466667 -0.9558708325462701
0.94 0.9314239761410396
0.4666667 0.46464448065937064
-0.3366667 -0.34041404994519775
0.24 0.2199289362895525
-0.7766667 -0.7665487301094112
-0.54 -0.5275166282861335
0.8933334 0.8859669477881149
0.5633333 0.5641418730080143
0.3433333 0.3408553930744796
-0.4 -0.3868506720436593
0.7066667 0.7160019855637727
0.2133333 0.19610226530750585
0.8533334 0.8523851070194388
0.51 0.5109072231426353
0.4066667 0.39469660774006227
0.1966667 0.1939280032404087
0.8833333 0.8714527180788778
0.09 0.09059312736455119
0.0966667 0.07969121797424927
-0.1366667 -0.12452452869034347
-0.17 -0.1805833198445445
-0.6633334 -0.6678442225073994
0.0333333 0.020416210228819842
-0.93 -0.9322194359699785
0.22 0.22541909181337796
-0.03 -0.033550631564809585
0.0366667 0.039104630236518
-0.0566667 -0.06943707030670482
0.5533333 0.5416957979860637
-0.8066667 -0.7870690699611977
-0.19 -0.20028675198744011
-0.27 -0.2766606269656067
-0.3066667 -0.3032416172112909
0.8133333 0.8075759446486122
0.69 0.6956428956304191
0.6366667 0.6229663909354966
-0.63 -0.6310322968051607
-0.3533334 -0.35532018842674734
-0.7033334 -0.7027489217453584
0.9766667 0.9696915970459803
0.25 0.23953329017691982
-0.7566667 -0.7599129751693546
0.0166667 0.016388515223298705
-0.3333333 -0.317280838099972
0.5266667 0.5362555590517943
-0.57 -0.5561713810813196
0.79 0.7967702845094324
-0.4233333 -0.4180356192575157
0.4366667 0.4455655247296834
-0.6066667 -0.5982917714836749
-0.2666667 -0.2741980278935593
-0.8066667 -0.8069767459842492
-0.32 -0.31886202044949397
0.4733334 0.47549858198881695
-0.7833334 -0.7726161064581343
0.5733333 0.571472496275763
0.88 0.8826963531184506
0.42 0.41529541447319707
-0.42 -0.4208517158962298
-0.5866667 -0.5677335947042031
-0.2 -0.19539246233938884
0.2466667 0.2547250535248505
0.99 0.9817668804080313
-0.27 -0.2660046927553448
-0.4433334 -0.4445478723343347
-0.8533334 -0.838814010183625
-0.7833334 -0.780632881213701
0.2233333 0.23339875609250343
0.6766667 0.6661299298200627
-0.1366667 -0.15409435015124345
-0.76 -0.7699719413465883
0.5033333 0.509441117140475
-0.1266667 -0.14423921884082508
-0.43 -0.43786342152737956
-0.28 -0.28317145110204545
-0.8166667 -0.828267970860123
0.3233334 0.32192803740217235
0.54 0.5448924247471336
-0.48 -0.4835174305126321
-0.1333333 -0.130173293308106
-0.9833333 -0.9972590033933427
-0.9133334 -0.9194146429121426
-0.6633334 -0.6550973339819424
-0.9 -0.8905317971812633
-0.6833333 -0.6873901693347612
-0.9066667 -0.8960641012557007
-0.14 -0.14606008958776923
-0.14 -0.1362266064912081
-0.1833333 -0.17239875098780633
0.3266667 0.3294325967519565
0.1166667 0.12202266930137556
-0.4966667 -0.4846142092730054
0.3033333 0.3107708332478366
-0.2133333 -0.21257198931740728
0.05 0.05214266596007161
-0.2533333 -0.24481565829448987
-0.43 -0.44213990501988054
-0.9533334 -0.9457537073465768
-0.5133333 -0.5011183087738603
-0.9033334 -0.8936263136262783
-0.2733333 -0.2695975999358313
0.4766667 0.49996016636676543
0.28 0.2794292038960344
0.06 0.061290899926018494
-0.35 -0.33886207012645525
-0.71 -0.6985225058114444
0.11 0.09853360480642903
-0.1066667 -0.10482368318581076
0.14 0.13657619771066265
-0.6766667 -0.6914331771801576
0.3466667 0.3532748171857372
0.83 0.8139335710139277
-0.8766667 -0.8738962645216574
0.5666667 0.5725661220120013
-0.0033333 -0.002938576543821181
0.5133333 0.5088833699949538
-0.9366667 -0.953509726362968
0.7066667 0.7021883095545367
-0.2233333 -0.21863880589958995
-0.72 -0.712900042412286
0.07 0.05845525480608432
0.64 0.6234304538441134
0.7133334 0.7157351038311849
-0.94 -0.9420710929881895
0.29 0.2921817156490522
0.4533333 0.43952661758400696
0.5933334 0.5940380534844762
-0.21 -0.21884747649405534
-0.1766667 -0.1785964212144986
-0.9833333 -0.9775062345507548
-0.2933334 -0.295270833837315
-0.4966667 -0.5140991106861051
-0.9 -0.8796468426787478
0.8266667 0.8415105033999624
-0.8633333 -0.8644599092775044
0.56 0.5457366703383968
0.54 0.5248136222207245
-0.2133333 -0.21762331891024828
0.8766667 0.8657694887461964
-0.9666667 -0.9746588358794853
-0.41 -0.4040087855832925
-0.8466667 -0.8429622069100092
-0.1266667 -0.1373244517879113
-0.71 -0.7140982803688507
0.8 0.7968267281094613
0.9266667 0.9379110556475208
0.5933334 0.6144682621502668
0.6066667 0.5980710265491354
0.43 0.4397388454985595
-0.5333334 -0.5364538926565195
0.5566667 0.5441751511558155
-0.5366667 -0.5395927685988142
-0.31 -0.30406050127801054
-0.4566667 -0.45937781072343964
0.76 0.751609698993676
-0.1333333 -0.12710045276550402
-0.3133333 -0.3211262508012463
0.2833333 0.28568507300509377
-0.4566667 -0.441160172849875
0.6866667 0.6865340781371911
-0.5666667 -0.5796966739281162
0.3766667 0.3715559906591411
-0.1533333 -0.1520838255380092
0.7666667 0.7708601616135071
-0.2533333 -0.2740298669794594
-0.24 -0.2293739911499077
-0.6166667 -0.6207069105433318
-0.36 -0.35967008966186625
-0.3866667 -0.39312190440358485
0.8766667 0.8558091467342347
-0.81 -0.7908044868556516
-0.5266667 -0.5453252321334652
-0.8066667 -0.7810377851716431
-0.0366667 -0.041420914154570665
-0.5666667 -0.579226227420716
0.0966667 0.07996604401806451
0.6466667 0.6479375759843271
0.3066667 0.29102087750191635
-0.98 -0.9754910275154557
0.17 0.17413299068491805
0.6766667 0.6847991313956585
-0.8533334 -0.8471518146099285
-0.6633334 -0.6638313150017799
0.3466667 0.34320739116663285
0.6233333 0.6160193095124571
0.4366667 0.4501972181163873
-0.3633333 -0.37526894122682675
0.44 0.4587951891133904
-0.7733334 -0.7804838827792663
-0.32 -0.3242592136877239
0.5233334 0.5226956859354346
0.3433333 0.3331827248774853
0.9233333 0.924409286453759
-0.44 -0.43707111450166203
0.5933334 0.5885967642643555
-0.8333334 -0.8088815583725192
-0.2066667 -0.18897247549455876
-0.8233334 -0.8287361570340155
-0.8566667 -0.8571707294372436
0.44 0.4416408404206676
0.0266667 0.0402883551495033
-0.52 -0.526520386573447
0.7066667 0.6677116567873284
0.8433334 0.8494310608318738
-0.12 -0.12578173413277727
0.2266667 0.22785902421389168
0.8366667 0.8285360797853774
-0.8666667 -0.8761690987901748
0.58 0.5880352707901773
-0.5566667 -0.5638834821621539
-0.1533333 -0.15316513963101558
0.6366667 0.6317860244961848
-0.3866667 -0.3862104747828349
-0.9833333 -0.9557658927977509
-0.7333333 -0.7522640972459819
0.2266667 0.2298767635246004
-0.7666667 -0.767083769393548
0.99 0.9998873187867332
-0.78 -0.7922551658562091
-0.3166667 -0.3092657305857079
0.0966667 0.06774808626952639
0.68 0.6869923893933804
0.2833333 0.279774872081536
-0.39 -0.39202502635969816
0.9766667 0.9681130606788121
0.75 0.7523521115529375
-0.62 -0.6212274415827591
0.4033333 0.40342320297387063
0.98 0.9907202208766877
-0.9066667 -0.9179140889918647
-0.1366667 -0.142212727807434
0.5333334 0.5287808518980635
-0.1366667 -0.12571599215963708
-0.41 -0.40820879202345517
-0.2266667 -0.2221871437749972
-0.88 -0.8716988218210975
0.6833333 0.6936463459047868
-0.6766667 -0.6608228411239352
0.73 0.7228268900598169
-0.0466667 -0.05564604141639273
0.49 0.4971615701521913
0.47 0.4550650344258074
-0.9633334 -0.9735729194222624
0.7866667 0.7891301878336732
-0.71 -0.6966323120855432
0.74 0.7279326881077043
0.0233333 0.0191990718718541
0.7733334 0.7821917804172791
-0.27 -0.27978116840921796
-0.57 -0.5623335665264901
0.45 0.4489349412329752
0.88 0.8769802832794211
0.5266667 0.5279060747640824
0.3633333 0.3687174063861555
0.3133333 0.3030677842455492
-0.3766667 -0.3725898580593639
0.0733333 0.0593175162100299
0.9366667 0.9322837201912493
-0.4866667 -0.4684319541087414
-0.5033333 -0.5022258906597978
0.64 0.6461921151880426
-0.5433334 -0.54069271950976
-0.1633333 -0.15374720268573033
0.22 0.19081306972297055
-0.2833333 -0.26652544552202606
-0.77 -0.7671726394819549
0.0966667 0.10466396142126469
-0.1133333 -0.11810481716897314
0.9366667 0.9306513894094364
0.51 0.5276603273086677
-0.65 -0.6493550708738232
0.2466667 0.24739153792351404
-0.5766667 -0.5696949591439233
-0.1733333 -0.18751424326255473
0.55 0.5472759407525369
0.3566667 0.36979129408639316
0.1966667 0.19137403815317658
-0.6433334 -0.6596687122759589
-0.63 -0.6341694596269709
-0.18 -0.1778536228269948
0.4433334 0.45319368484388994
-0.9766667 -0.991104213916442
0.72 0.7220534153231475
0.4633333 0.47264024267931976
0.8366667 0.8256676446149109
-0.3466667 -0.34257612161407563
0.7366667 0.7389332708148195
0.1166667 0.11834131166968156
-0.5466667 -0.5391688120123775
0.2066667 0.20570564139293776
-0.7033334 -0.7092770486306907
-0.6766667 -0.6877942514364737
0.53 0.5442115366248229
-0.2533333 -0.24750919788453613
0.8933334 0.9066642034602267
-0.3866667 -0.3880084957560557
-0.3333333 -0.33570315627636377
-0.9933333 -0.9934042725713944
-0.7666667 -0.7877287518648936
-0.08 -0.06956227485949101
-0.81 -0.8058513499043924
0.42 0.4237023031869504
0.61 0.6246767857134278
-0.54 -0.5472470830964253
0.8266667 0.8271164688160524
-0.1333333 -0.140141243931526
-0.2766667 -0.28493851588587554
0.58 0.5665973758493779
0.67 0.659379527291309
0.02 0.034277930891181474
-0.8633333 -0.8417770539466074
-0.4633333 -0.47750616040806343
-0.61 -0.6046129226343333
-0.6166667 -0.6152356556912171
-0.0366667 -0.03155345586669378
-0.7366667 -0.7306523889968934
0.37 0.37200563073651005
0.35 0.3556879841662346
0.8466667 0.8397921032194786
-0.6666667 -0.661190532301545
-0.29 -0.2852647352993791
-0.7 -0.7057701366455157
0.34 0.34927977496895907
0.3866667 0.38943083904347325
-0.2966667 -0.2826522173831211
-0.8566667 -0.8646539366542001
-0.8533334 -0.8452361266516453
-0.86 -0.8517248544844952
-0.5833334 -0.5874404659720266
-0.9433333 -0.960770670402581
0.8766667 0.8794575092695585
0.8 0.7908502847766887
0.0333333 0.007278499303728758
0.93 0.935651292659164
0.2366667 0.22823216923032444
0.9833333 0.986438223294942
-0.6533334 -0.6609473395418244
0.0033333 -0.002141634495174849
0.4466667 0.4401355353460019
-0.6466667 -0.6490842441115516
0.7266667 0.7403377844258362
-0.2766667 -0.2820806524716757
-0.4866667 -0.4930533966205768
0.7333333 0.7526445287450496
-0.5666667 -0.5707614286734222
0.67 0.6638376778351456
0.19 0.17651221013014248
-0.6466667 -0.6493473551652438
-0.0333333 -0.04031811002015184
0.3633333 0.3745520471351437
0.86 0.8696474794800748
0.2266667 0.22534750670425913
-0.5266667 -0.5327455772626207
-0.2866667 -0.28951119931124436
-0.05 -0.05211891034261529
-0.7133334 -0.70215262234478
0.0533333 0.05706585852981633
-0.1333333 -0.13371336169973663
-0.2033333 -0.19579235387906196
0.9433333 0.946375485508375
-0.6466667 -0.6485408562416316
0.39 0.3908396825386095
0.7833334 0.77633738217285
0.9366667 0.9214071534245367
0.1533333 0.15916888388225173
0.3933333 0.4090191237730928
0.9866667 0.9993418497243323
-0.8433334 -0.8458260801042369
0.4733334 0.4842309643856833
0.7 0.6732430284696916
0.85 0.8424571336809636
-0.7666667 -0.783311112555364
0.5333334 0.5293064194272217
0.5666667 0.5429819108503061
0.92 0.917342601516842
0.5833334 0.5860224890943484
-0.7533333 -0.748867945830963
-0.8566667 -0.8496105588719137
0.14 0.13839859821296882
-0.6066667 -0.6074017961833211
-0.86 -0.8467523229457484
-0.1566667 -0.14702803309360646
0.58 0.5814804480432239
-0.0966667 -0.11092617839142155
0.08 0.08088830987140272
-0.28 -0.2868154949844871
0.98 0.9843191142645075
-0.3866667 -0.37286559398203284
-0.1866667 -0.17854412403466802
-0.25 -0.26304327471183814
0.5833334 0.5590538552190719
0.65 0.6536833587928794
0.0633333 0.0851565854147508
-0.4266667 -0.4246086786654669
0.5133333 0.5002910329310358
-0.44 -0.4303060966412313
0.5033333 0.5108735514790068
0.1566667 0.16507676157701934
0.6466667 0.651052402375238
0.39 0.38750137339839774
0.5166667 0.5150557972816114
0.0666667 0.07300311879896015
-0.8666667 -0.860474209843386
-0.5966667 -0.596890418239438
0.4166667 0.4073435778578152
0.95 0.963839786251304
0.5 0.5170851533805764
-0.4 -0.3952994504639391
0.28 0.293155030783921
-0.1333333 -0.12419862194240244
-0.51 -0.4997579603137893
-0.3533334 -0.33151520169709736
0.6033334 0.6048426502092392
0.1 0.09514456652691927
-0.7 -0.6850294752889645
0.18 0.18681527052603056
-0.7333333 -0.7471216271501049
-0.2533333 -0.25101655428078123
-0.3866667 -0.375035056522616
-0.1566667 -0.14588487243577025
-0.27 -0.25847849028634756
0.01 -0.012276995655894796
0.8233334 0.8067005529318745
0.7566667 0.7468336758932416
0.6733333 0.6644343711906682
-0.6066667 -0.5992724086173876
0.36 0.351772283320324
0.8333334 0.8441856826521041
-0.69 -0.6999019025838327
0.4933333 0.5039827528082567
-0.5433334 -0.5412174085330261
-0.4933333 -0.4861391192474775
-0.1766667 -0.16889669106023975
-0.6466667 -0.6583457350709203
-0.8333334 -0.8404580532785619
-0.02 -0.018746809663111486
0.7533333 0.7656649320121003
0.3233334 0.31212013409954237
0.24 0.2447540589960508
-0.53 -0.5372553095529204
-0.0133333 -0.0053470870341759125
-0.9333333 -0.922902037462258
0.56 0.5566589162189451
0.9366667 0.9284139028404073
0.1566667 0.12946263954921203
0.6533334 0.659918867074591
-0.9766667 -0.976653629315459
0.5066667 0.5043636164440561
0.5366667 0.5303646516414704
0.9433333 0.9347873270982376
0.2233333 0.2269027814961525
0.02 0.02294031010866604
-0.2066667 -0.20104219076142554
0.45 0.4757236023989126
-0.4233333 -0.42097493923765145
-0.5333334 -0.5408989657543077
0.7533333 0.7480299954093952
-0.88 -0.8948474031954975
0.17 0.17534675881930684
-0.4766667 -0.4700146021204692
0.7266667 0.7315195411194096
-0.4933333 -0.4966149572775728
0.6066667 0.6091933857642023
-0.0433333 -0.036940945179504636
0.4866667 0.4860570437792338
0.9966667 0.9989350293255239
-0.4433334 -0.42843666980788186
-0.82 -0.8264095213361057
0.9866667 0.9558261305774751
-0.44 -0.45061310755859624
0.49 0.48128927229510393
-0.7933334 -0.7883323571972554
0.97 0.9715681454775318
0.25 0.2399400300641399
0.92 0.9043463321622955
-0.6333333 -0.6197424942176064
0.32 0.30510292361683977
0.2366667 0.24545384449004504
0.08 0.07459165679657526
0.3833334 0.37933688485011435
0.8766667 0.8988717352275261
0.6433334 0.6436508756287125
0.3033333 0.3040468275987103
-0.8133333 -0.8191250490302113
0.0466667 0.04721907107309875
-0.28 -0.27119780542754934
0.2966667 0.30781008225776824
0.7933334 0.8130812822981777
0.5633333 0.5798696061884292
0.3533334 0.3459915361679966
0.0933333 0.08995007728348925
-0.35 -0.36455698343278353
0.4133334 0.410111519054762
0.7433333 0.7323221037835571
-0.8333334 -0.8137503616726514
0.2133333 0.21197276544979293
-0.9066667 -0.8870472697901459
-0.79 -0.7947217436674817
-0.15 -0.17029736974091464
-0.4933333 -0.48809412866870894
-0.1666667 -0.16074545551835157
-0.2266667 -0.2273787953528496
-0.0433333 -0.04507621184306537
-0.6333333 -0.639333185485682
-0.4766667 -0.4843242026868531
0.4333333 0.43578001832976937
-0.0266667 -0.025753103160382762
0.6033334 0.5786290820853105
0.9766667 0.9829091998467152
0.3 0.29587943756533014
0.77 0.7907039960084665
0.4833333 0.48477836143783287
-0.15 -0.15708184729563252
0.1033333 0.1092417476707852
-0.5166667 -0.528460485534956
-0.01 -0.012114567896372053
-0.57 -0.5765002664618577
0.5233334 0.5360219861155976
-0.35 -0.3467096300544225
0.4666667 0.4806836500520521
0.61 0.5930907240308358
-0.21 -0.20245171250827
0.6166667 0.6012136436546693
0.2433333 0.25932810328300254
-0.5366667 -0.5560667993192416
-0.45 -0.46973826308244065
0.7 0.6871642336771131
0.3933333 0.382121181070734
-0.27 -0.27676606674083315
0.76 0.753009658696293
-0.7733334 -0.7506207911941618
-0.51 -0.5165130327176166
0.0733333 0.06853483815488542
-0.56 -0.5532961437378497
0.77 0.7689006849910776
0.6166667 0.6106611455714972
0.3933333 0.3787257695640512
-0.3933333 -0.38940092625784517
-0.0033333 -0.0001204624558154288
-0.6933333 -0.6883887128152784
-0.73 -0.7239295516347602
0.0 -0.0020803644251160547
0.14 0.13192740451982285
0.2633334 0.2775607820366269
-0.0233333 -0.007547392902019723
0.5666667 0.5684881828907706
-0.07 -0.06598368341427746
0.52 0.5146909412965428
-0.89 -0.9129644968027388
0.9166667 0.9253367763406422
0.1766667 0.17546353709810958
-0.3066667 -0.3036950907265779
0.45 0.46553025371805296
-0.1133333 -0.11017861489802422
0.8466667 0.8456169160821664
0.6033334 0.6037860333443741
-0.2666667 -0.25866792790784315
-0.0166667 -0.011170258727389193
-0.35 -0.3532790788369262
-0.73 -0.7099513558686474
-0.93 -0.9284188690814023
0.03 0.020777824738125172
0.57 0.5797547159538674
-0.8633333 -0.8429433601632417
-0.7533333 -0.7318053000087301
0.2066667 0.22007300378045344
-0.1766667 -0.17037823474991776
-0.4033333 -0.39594837935253435
0.4366667 0.4327968145316881
0.3366667 0.35366085722831114
-0.4033333 -0.4053989532153449
0.4266667 0.42946020105791755
-0.4366667 -0.42412679733903696
0.2033333 0.19594506766107417
-0.0733333 -0.07041560674692421
-0.0766667 -0.07922472795469726
0.85 0.8433339028274589
-0.7733334 -0.7683811028985068
-0.58 -0.5775182772871753
0.4466667 0.4470270859218673
0.1666667 0.15538391511862032
0.9033334 0.895556394301142
0.5233334 0.5213191280570704
-0.09 -0.08291590719355846
0.4133334 0.39859978213407854
0.5966667 0.5777437485936302
-0.79 -0.7663066822197797
0.77 0.7562805391113554
-0.6133333 -0.5956056650190682
0.1066667 0.093783222740015
-0.0333333 -0.008790628688957913
0.32 0.3236690869564741
0.1166667 0.11413517736093756
-0.7366667 -0.7453266513771345
0.92 0.9219570085438576
0.9066667 0.9131054320187387
0.2833333 0.29189938925303704
0.6266667 0.6144166168711922
-0.1733333 -0.15984281685230922
-0.3266667 -0.3338526819429898
-0.9366667 -0.9334043101460037
0.97 0.9717232155272781
0.4533333 0.4509502999496481
0.5 0.49384860469806086
0.98 0.9970045027349956
0.2533333 0.2583375149802134
-0.8633333 -0.8747549091773745
0.0833333 0.06423674687073144
-0.9033334 -0.9200320535294464
-0.0533333 -0.06254846735919267
-0.5333334 -0.5258919885869296
-0.1766667 -0.17829745486775894
0.22 0.220618934350784
-0.7533333 -0.7513066235412682
-0.75 -0.7377842263384932
0.13 0.1387874343558022
0.3066667 0.3038280405577301
0.88 0.8821817257316815
0.4966667 0.4827875298957936
-0.11 -0.1037908007293808
0.3766667 0.3951839481397549
-0.8233334 -0.8256943384699428
-0.7133334 -0.7218886068037116
0.6433334 0.66156016688633
0.4233333 0.403572348246375
0.6266667 0.6103770717758881
0.8966667 0.889063091618867
0.7433333 0.7307320030232399
-0.76 -0.7744821540619304
0.4766667 0.4689667553480106
-0.4 -0.39332351944923294
0.2833333 0.28564906863180584
-0.7966667 -0.8060421559533131
0.08 0.07856061151173832
-0.3233334 -0.3209944462106074
-0.3933333 -0.391297737638683
-0.5233334 -0.5344266969292599
0.24 0.24026473803881226
-0.1833333 -0.18363258804147153
0.4 0.40417327714071993
-0.49 -0.4932028793867274
0.3733333 0.3708575446959723
-0.8866667 -0.8816695403172092
0.1666667 0.1725972816263307
-0.7433333 -0.7460597885010571
0.0066667 0.011700707838700752
-0.4433334 -0.43870962359765653
0.43 0.43248741079505026
0.7733334 0.7681331394447212
-0.5733333 -0.5694259100326542
0.8 0.7947528799992187
-0.6966667 -0.6913625831349566
0.24 0.23679122684618525
0.12 0.11041484436546012
-0.9166667 -0.9186099955527254
-0.5866667 -0.5911549876418603
-0.8133333 -0.8241348497863018
0.8266667 0.8185733746762884
-0.2066667 -0.20634588483546695
-0.72 -0.7129412818831223
-0.8266667 -0.849117735539828
-0.2666667 -0.27989660886186707
-0.9466667 -0.9427157619071096
0.23 0.2386072691738451
0.1066667 0.10308546231571022
0.8966667 0.895983908077751
-0.06 -0.05120832739665082
0.62 0.6315583458983285
0.7833334 0.7925807092060662
-0.7566667 -0.7500321771051548
0.98 0.9873255525495164
-0.6066667 -0.6005409506658732
0.5833334 0.6059090482078728
0.8 0.7909885058008674
-0.8633333 -0.8739881274701548
0.7666667 0.7632129780722233
-0.8233334 -0.8317094616984624
-0.0166667 -0.01824883180848691
0.9066667 0.9056389908282297
0.6833333 0.6649363333174121
0.5266667 0.5279538593225146
0.7533333 0.7581510285604954
-0.9666667 -0.9462245589834921
0.19 0.1854285761136431
-0.0233333 -0.008669531036552547
0.9233333 0.9436824093469393
0.8733333 0.8715506424387965
0.8166667 0.8142843325851645
-0.0966667 -0.10457763651400348
-0.85 -0.8460292808988027
0.5533333 0.5559094726433139
-0.6766667 -0.6707204531218145
0.2466667 0.26202372521271106
0.9466667 0.9491186042550397
0.7933334 0.8043791398901531
0.1766667 0.18745291240790976
0.1633333 0.1747257822601671
0.0266667 0.0240726351634451
0.33 0.33274695899979007
0.4866667 0.48911477614050064
0.7366667 0.7302983762954589
0.35 0.3479312335723087
0.4 0.4065460364925916
0.24 0.2420060477079612
-0.9666667 -0.9705755966215909
-0.8566667 -0.8640472895518427
0.3966667 0.4037814461434539
-0.17 -0.18717058840715028
0.6166667 0.6246894708442916
0.4133334 0.417410060952864
-0.0066667 -0.007291453311348506
0.7 0.7020514712012182
0.2566667 0.250208693883925
-0.1 -0.08973541747819763
0.3733333 0.37487429246536946
0.96 0.9522370340321857
-0.3733333 -0.37163978083630955
0.81 0.8232297248083762
0.38 0.36687461891295875
-0.45 -0.42946451207652275
-0.92 -0.9533113445341124
0.27 0.27191138888888033
-0.3333333 -0.3278615569978363
-0.8133333 -0.8290823228298282
0.35 0.35850888327971286
0.21 0.2182953922293528
0.43 0.428124305491037
0.3966667 0.39716662070836023
0.08 0.07729840779774877
0.0233333 0.028757357424671504
-0.03 -0.02408342653573492
0.0033333 -0.001868545482885453
-0.5166667 -0.5328984951986571
0.8366667 0.8510876039490769
0.2833333 0.29856602269933985
-0.1433333 -0.15089579884413318
0.1066667 0.10799140891036468
0.24 0.2532487558136228
0.9533334 0.9516651771237332
0.37 0.38363549501338384
-0.8966667 -0.8997324149600012
-0.43 -0.4226925501644664
0.77 0.7709086174123552
0.4433334 0.42774152269628873
-0.28 -0.2662811041077691
-0.77 -0.7641812707486773
-0.6233333 -0.6188411204052875
0.1066667 0.11569780257684542
-0.8833333 -0.869301567154398
0.36 0.3569076342311186
0.1133333 0.11320654352600101
0.87 0.8742138085470657
0.8333334 0.85761690206017
-0.6066667 -0.6007549465763551
0.4866667 0.4905999122057822
0.5033333 0.5012881233459122
-0.8133333 -0.8110519238808461
-0.33 -0.3429422751443748
-0.3766667 -0.3697185536947559
-0.7566667 -0.7606665488406354
-0.8166667 -0.8125853038857974
0.7133334 0.7138525383818111
0.9433333 0.950625221693224
0.8733333 0.8676275036283815
-0.4666667 -0.4512630021289715
0.6366667 0.6528629679798349
-0.0633333 -0.06001129196634919
0.4566667 0.46477010143432734
0.2 0.19825788743266287
-0.6733333 -0.6547106016396045
0.9 0.8975763711447379
0.2766667 0.2755870299039208
-0.5566667 -0.5475187454440675
0.45 0.4640958063189129
0.0733333 0.08069832122837392
0.13 0.12942092107141834
-0.97 -0.9658814033294124
0.9533334 0.9610214674970978
0.8633333 0.8417781910387953
0.5566667 0.5356511876572385
-0.44 -0.45153178069535543
0.2933334 0.27964889563075324
0.6533334 0.6639029141819563
-0.1666667 -0.17115853337255127
-0.8833333 -0.8797612588411295
0.22 0.21819372795377212
0.3633333 0.36533828461123613
0.7233334 0.7222666286182735
0.8366667 0.8382277673278983
-0.76 -0.75464119260514
-0.45 -0.44388548576266895
0.2533333 0.2407994401165875
-0.6966667 -0.7020833424368564
0.5133333 0.5202611931374974
-0.1333333 -0.1272662290292248
0.08 0.06858781028829158
0.02 0.02393646748707534
0.13 0.1269928641857032
0.52 0.5273189935102598
-0.79 -0.7991228439127815
0.5133333 0.5141678269163203
-0.27 -0.2845989066704021
0.0833333 0.06878417553315841
0.5266667 0.5237863003328973
-0.93 -0.9329454179047725
-0.0933333 -0.08165161668728027
0.72 0.7188147527021085
-0.4266667 -0.4200513902180463
0.3366667 0.3386035376566785
-0.78 -0.7935449097445414
0.2466667 0.24580057313873577
0.72 0.7027734381229646
0.5666667 0.57379322654627
-0.77 -0.7655812787180687
-0.2966667 -0.28899848733032135
0.3933333 0.3738462939961104
-0.4833333 -0.48890676821492834
0.9166667 0.9235731640530854
-0.5 -0.5131907532513402
0.3533334 0.3511325546562215
0.45 0.4432330654185553
-0.3133333 -0.31494586511395606
0.3 0.2875755912767371
-0.11 -0.10383910374164051
-0.6266667 -0.6204717077942029
-0.4866667 -0.4883829579693662
-0.78 -0.7805356230792291
-0.2833333 -0.27487292056607027
-0.26 -0.2523792996357673
0.4766667 0.5017139578528654
0.01 0.004528938565489471
0.35 0.35750324052838356
0.0566667 0.05469822122758927
-0.4433334 -0.44558825414676223
-0.4466667 -0.44667835733435807
0.4966667 0.49570987099866115
0.97 0.9718491826206392
0.0066667 0.009182616883698091
0.95 0.9416454230617629
-0.5866667 -0.5899227013750934
0.8333334 0.8234892907544462
-0.71 -0.6962060747139758
-0.2933334 -0.28642760279653806
0.7933334 0.8077111022721851
-0.6233333 -0.634338150486251
0.53 0.5169095434077893
-0.1666667 -0.1635742154626907
-0.22 -0.2260457114836389
-0.2333333 -0.2516080821998629
-0.9133334 -0.9093806181254755
-0.8933334 -0.8835488639359949
0.39 0.3954018885777378
0.4533333 0.4565476628145511
-0.23 -0.22787499088869456
0.0266667 0.028573673031851987
-0.3066667 -0.30518357104502136
-0.8366667 -0.8390794443897494
0.7033334 0.7067175204862963
-0.6566667 -0.6420731415830783
-0.2566667 -0.24482931421696857
0.5866667 0.5784557173125423
0.2766667 0.28706687852202767
0.5366667 0.5160522606509614
-0.3 -0.2995668027127037
-0.6333333 -0.6349700493408672
-0.5133333 -0.5139954553414678
0.6733333 0.6779726916575921
0.7833334 0.7703337542216533
0.9533334 0.976683377640031
0.91 0.9046189325752909
-0.9266667 -0.9345532030297687
0.7833334 0.7686594495257698
-0.8233334 -0.8210796706482288
0.97 0.9697181093862832
-0.9366667 -0.9419716637019673
-0.5133333 -0.5183178520098393
0.59 0.6026187900128781
-0.53 -0.5332852434202928
0.92 0.8952066588243126
0.6233333 0.6253166806165147
0.7 0.7111923918765684
0.3566667 0.3532568950640071
0.84 0.845909066105264
-0.8433334 -0.8045554339816117
0.5 0.4913732887847181
0.7933334 0.7786098643522954
-0.58 -0.5772799109158772
-0.9733334 -0.9832496067131328
0.32 0.31361360174255587
-0.3166667 -0.3270393519962073
0.2466667 0.24456490656345178
0.02 0.022295949100358703
-0.7266667 -0.7229964442534463
-0.41 -0.4085571392041472
0.0766667 0.05818754978263979
0.18 0.1892205256777133
0.58 0.5851671915480479
-0.7333333 -0.7408094323577556
0.1866667 0.19088293767558034
-0.9966667 -0.9973708004085361
0.9366667 0.9468285858271339
0.0933333 0.07378425083802254
-0.91 -0.9048465432169137
0.5566667 0.5673165151937536
-0.93 -0.9459050202476256
0.6533334 0.6316890423708492
-0.19 -0.18243703908633713
-0.39 -0.39705983310853593
-0.9666667 -0.9657986549803552
-0.0966667 -0.09606065261795943
-0.2233333 -0.21879307993690883
0.92 0.9171785264512355
-0.15 -0.1211176587931605
0.1466667 0.1585567437944009
-0.81 -0.8281939285336923
-0.0233333 -0.013663898843439826
0.22 0.23110528930812846
0.7833334 0.800547949991965
-0.8333334 -0.8463808338905253
0.1566667 0.18133386254600836
-0.1533333 -0.1532458266049826
0.11 0.09475509129264331
-0.3566667 -0.356671205043511
0.6966667 0.6911252259452105
0.0833333 0.077065797603941
0.4666667 0.4595573791195693
0.0 0.007655581284006174
-0.6033334 -0.5789298859667097
0.45 0.447833661684979
0.8333334 0.8296021919071666
-0.9266667 -0.9300154356530783
-0.7733334 -0.77458431002344
-0.0266667 -0.009641205790140439
-0.4433334 -0.4633316342536366
0.4233333 0.41122430837943535
-0.8533334 -0.868496300476226
0.6133333 0.6090104293212744
0.6066667 0.6326444683143935
0.82 0.8251097578213158
-0.31 -0.31847308001643654
-0.33 -0.3328643796439701
-0.3833334 -0.36709283980145413
0.4933333 0.5060916680824131
0.8966667 0.8985304323367054
0.9433333 0.9397243773962571
0.9766667 0.9655685514885493
-0.2233333 -0.21780232986085052
0.35 0.3472146233368152
0.5566667 0.5567005180793521
0.25 0.2425634220641372
0.6533334 0.6520683646305477
-0.4133334 -0.40056863114940455
0.51 0.5097941401988673
-0.2033333 -0.20502785152327635
0.0233333 0.026733297431656144
0.1 0.08200423211157296
-0.52 -0.5229174478781787
-0.1766667 -0.191751821653864
0.71 0.7030910982646104
-0.84 -0.8252242321993528
0.49 0.5035523732527667
0.8866667 0.8993939387293268
0.5233334 0.5292047561087287
0.96 0.9678519803159229
0.79 0.8144238260581066
0.5466667 0.5365604875798251
-0.21 -0.2171771438809234
-0.7966667 -0.7978320315279065
0.4033333 0.4126493466144881
-0.1966667 -0.19503040286048945
0.3533334 0.3588713269259814
0.0966667 0.11119441229697752
-0.38 -0.37973629471586956
-0.79 -0.8014541037309273
-0.05 -0.04048214533743966
0.9433333 0.9402635563084178
0.7766667 0.779542512861864
0.3466667 0.35059082853255524
-0.2166667 -0.2167537955670677
0.0633333 0.06638092933397327
0.5466667 0.5408079031378248
-0.2233333 -0.22438213461589812
-0.0733333 -0.07306816159064677
0.2333333 0.2263835741767864
-0.0166667 -0.0022666246838110027
0.7 0.6989534233432058
-0.0033333 0.0015429547620245954
-0.04 -0.041539593148639864
-0.34 -0.34322301132046124
-0.0333333 -0.04263857669633636
-0.3366667 -0.3342710369369885
0.9366667 0.9347800764140846
-0.12 -0.10834356495063024
0.3133333 0.32437797010656316
-0.13 -0.13018515696609978
0.3866667 0.39989064864849044
0.4833333 0.4937025112358632
0.3666667 0.37626733775487037
-0.4133334 -0.4287403496411836
0.9266667 0.9422370901524915
-0.82 -0.831963918115836
0.5233334 0.5255683602864094
0.97 0.9825652621096765
-0.1166667 -0.11227547562508566
0.82 0.8233385389907646
-0.7766667 -0.7602514228059201
0.04 0.04162327270169397
0.73 0.7307219469555557
-0.6633334 -0.6651330775496063
0.6733333 0.6607676043105083
0.7933334 0.7956372272814176
0.12 0.1287130849409201
-0.7166667 -0.7127402831785501
0.8 0.7837592072239683
0.0933333 0.10929368766400432
-0.2233333 -0.2158160432522211
-0.5533333 -0.5607357112582909
-0.9666667 -0.974212722162064
-0.0966667 -0.09027689084673829
0.8566667 0.8456525752986841
-0.1266667 -0.1367927816208741
-0.4 -0.38534924908654766
0.6733333 0.674135450877082
-0.16 -0.14178680422405737
-0.5033333 -0.5166796520607002
-0.9566667 -0.9541226177397842
0.1266667 0.09436508569686536
-0.04 -0.04291981663745659
0.5166667 0.5072624214190531
-0.95 -0.9525350972812958
-0.4066667 -0.39884706333912623
-0.2566667 -0.2569365029352651
0.5766667 0.577335535472402
0.07 0.08079941076419278
0.2066667 0.21641337832772864
0.8266667 0.8182433157880824
0.2166667 0.21406414068923896
0.96 0.9434316533645832
-0.3466667 -0.3361580447077424
0.84 0.8428670698938627
0.4166667 0.40883412441177197
0.5633333 0.5640062572848119
0.8766667 0.8687589265827407
-0.8933334 -0.9033446812653445
-0.2233333 -0.22591325965745984
0.62 0.629108995595151
-0.37 -0.3824632739261792
0.98 0.9781670654948369
0.1133333 0.09978939388285957
-0.33 -0.3239317720405893
-0.4933333 -0.4882078267023566
-0.0333333 -0.03171853392980567
0.77 0.7666307206151539
0.8633333 0.8826681775731364
-0.98 -0.9801396803235402
-0.1933333 -0.18489173294946637
-0.02 -0.02008232286842515
0.5133333 0.4972833943530052
0.1466667 0.15579691212875513
0.84 0.8496504466982843
0.9633334 0.9621217164092221
-0.56 -0.5538147012815344
-0.6933333 -0.6873796899056679
-0.6233333 -0.6278565262474256
-0.8633333 -0.8719015900960848
0.61 0.5886831506524502
-0.0066667 0.00027027062836842974
0.52 0.5011805936529097
-0.82 -0.8142752333083826
-0.9633334 -0.9641325586238413
-0.6033334 -0.6060842986641597
0.81 0.8032526513940408
-0.21 -0.2150310507845684
-0.9333333 -0.918686978916132
-0.55 -0.5449408095472819
-0.0066667 0.006768009080885984
0.0033333 0.002436730277854904
-0.43 -0.41743476090387976
-0.2433333 -0.23898593528090228
0.63 0.6309154101613095
0.48 0.4797659166715686
-0.1033333 -0.09427461426656147
0.87 0.876166464520104
0.6833333 0.6889397641908892
0.1533333 0.16410518329423468
-0.0966667 -0.11089271369165288
-0.4066667 -0.41489209226683704
-0.9033334 -0.9098123072577423
-0.74 -0.7323160443480824
0.4866667 0.46894052280348375
0.6266667 0.6230267854913911
0.2733333 0.26979472226535733
-0.8733333 -0.8614863937258406
0.9666667 0.9701461698845452
-0.7266667 -0.7339592973766562
-0.9533334 -0.9541639653722696
-0.88 -0.884048373693565
0.06 0.08041935629782432
-0.9733334 -0.972311646632071
0.8066667 0.8169062009257209
0.0333333 0.037199651477404894
-0.2633334 -0.26301937686401383
0.33 0.34412648133555507
0.3466667 0.36662036606709897
-0.7333333 -0.7320285896374705
0.3233334 0.32109833108646374
0.7433333 0.730941638250211
0.5433334 0.5440146055586071
-0.4166667 -0.40670983191113547
-0.9533334 -0.9504420235750873
0.71 0.7073139528411498
0.5033333 0.4835233547097097
-0.7933334 -0.7962096059293196
0.7333333 0.7289880691779986
0.1633333 0.15628544576866696
-0.6033334 -0.6084991432645228
0.3366667 0.3433686265076533
0.0433333 0.026449882593810592
-0.3433333 -0.3281039659321921
-0.4133334 -0.4155128175259246
0.86 0.8608938964140729
0.2466667 0.24043960440524287
-0.24 -0.2305919767426105
-0.6333333 -0.6286553948759833
-0.25 -0.2489665993403593
0.03 0.02900834153339915
-0.1466667 -0.15106812326247987
-0.33 -0.35788448336529216
0.76 0.7501558862024804
-0.2566667 -0.26441046109189714
0.2666667 0.2627140997650267
0.4 0.3898921707975789
-0.24 -0.24733302749526964
0.9633334 0.9627363190770276
0.6933333 0.6879768812435791
-0.8166667 -0.8218978510857932
-0.9566667 -0.950610750734958
-0.0833333 -0.08161891057151377
0.2733333 0.27091650793464545
-0.38 -0.3790143999963486
-0.3933333 -0.4044818905743708
-0.71 -0.7001293231394067
0.6766667 0.6860670780953897
-0.0233333 -0.03621707576423577
-0.6466667 -0.6355297290701685
0.6666667 0.6871841580682019
-0.44 -0.439510172355253
0.61 0.6171054063949111
-0.6633334 -0.6701775129808547
-0.9133334 -0.9109254456911181
-0.95 -0.9575844221853694
0.35 0.35603214607785627
0.1133333 0.11150748538376115
0.8466667 0.8377823841429883
0.0066667 -0.006680485271652159
-0.7933334 -0.8002386592051884
0.6133333 0.625959919375308
0.6533334 0.6564141836386402
-0.1933333 -0.2143526387519089
0.71 0.71348476013362
-0.3766667 -0.3905918155950838
-0.4166667 -0.4195977935307244
-0.8833333 -0.8994354029653403
-0.98 -0.9834011582045766
0.9666667 0.9508498851325007
0.3866667 0.3956437542644417
0.1966667 0.19080423423011794
0.9433333 0.9282861723969016
-0.85 -0.8352230813615729
0.4166667 0.41968595793654645
0.4166667 0.41927668698968923
-0.4966667 -0.5093350044405942
-0.9266667 -0.9262842087524185
-0.07 -0.08318337975745721
-0.5366667 -0.5408988492921086
0.3333333 0.3288168030898626
0.13 0.1342479055392199
-0.69 -0.6875880371323582
0.12 0.10825479329262833
0.4833333 0.47542819641301265
-0.3433333 -0.33764693176774174
-0.66 -0.6419356806047283
-0.41 -0.3999841995692608
-0.84 -0.8351949298015723
0.76 0.758594789250848
-0.41 -0.4238186690184562
0.9266667 0.9116126243225577
-0.1566667 -0.1648183064240067
-0.64 -0.64486392820048
0.85 0.8425384382033188
0.8733333 0.8780809742548594
0.4766667 0.48070913536475085
-0.42 -0.4240736879917389
0.68 0.6836884812361357
-0.47 -0.4676574648469293
-1.0 -0.9829684848462089
-0.7333333 -0.7241761013983523
-0.1066667 -0.11692791771840894
0.6733333 0.6671894946212871
0.8566667 0.8628503651367831
0.54 0.5431230170880768
0.1066667 0.1106434208012857
0.8 0.7985899438219052
0.0166667 0.010145457225838428
0.9333333 0.9374963589446029
0.67 0.6802049385191287
0.9033334 0.9012878727941933
-0.0933333 -0.09428806724377709
-0.8533334 -0.846780098714433
0.0433333 0.030328317601855448
0.9133334 0.9014902132254841
0.0666667 0.0637429841217027
0.6166667 0.6094531177289464
-0.8666667 -0.878695997583608
-0.3833334 -0.3814900463146544
0.8233334 0.8118337730395974
-0.39 -0.3884307885865131
-0.54 -0.5504532762790973
-0.14 -0.14710756155386462
-0.67 -0.6661081820936126
0.2166667 0.21365714763463534
-0.4566667 -0.4637529390456565
-0.05 -0.045048133844323934
-0.5 -0.5040848814711112
0.49 0.48022900095171667
0.1566667 0.1387582855989299
-0.7666667 -0.7735691242405798
0.8333334 0.8337333502266716
-0.4233333 -0.4315221170619559
0.4 0.39662719506073235
-0.4733334 -0.4828635409046876
0.4733334 0.4751204572750128
-0.8633333 -0.8512076591037875
-0.6266667 -0.626865687301545
-0.4933333 -0.5092571486804089
-0.2766667 -0.2763605903915753
0.14 0.15526476571969822
0.7633334 0.766741813605955
-0.7166667 -0.7044813710812741
-0.9733334 -0.9752613411867599
0.2066667 0.20068449604376873
0.7133334 0.7225173446995667
-0.0733333 -0.06918365941007548
-0.4966667 -0.4960732323942943
-0.74 -0.7359251258116032
-0.9633334 -0.9777570081572657
0.1533333 0.1453249498244878
0.5766667 0.5691003020609586
-0.7233334 -0.715196530811399
0.4266667 0.42375253323278234
-0.12 -0.12553071554712086
0.47 0.47513869115012397
-0.2733333 -0.2739699728305441
0.37 0.36144286602977493
0.9066667 0.9121805766014732
-0.15 -0.14105901405101556
0.97 0.9734382443884821
0.4033333 0.40020670471288045
0.4166667 0.4261707964488612
0.75 0.7494757260343996
-0.4633333 -0.4676147353037754
-0.69 -0.7018947637657937
-0.08 -0.08184907520440404
-0.3833334 -0.39852637094381566
0.3033333 0.29899203855639084
0.4633333 0.45962174993173954
-0.5633333 -0.5602499575909498
-0.4333333 -0.41082534218326106
0.5566667 0.5624167048736337
0.3166667 0.30690440033223165
0.5866667 0.6000194082006678
-0.0633333 -0.058546515567020674
-0.7633334 -0.7498717488019022
-0.8166667 -0.8329558376346795
0.4466667 0.4457075712075266
0.44 0.4311417527363351
-0.7566667 -0.7483699700894849
-0.74 -0.7174009685987071
-0.9133334 -0.8987916398354279
-0.3666667 -0.37077061953134416
0.4 0.3865744689957898
0.25 0.24677946875185766
-0.88 -0.8815043182414826
-0.31 -0.31574334929826464
-0.4233333 -0.42235775943236
0.0566667 0.04895580069091471
0.9933333 0.9976623911615242
-0.85 -0.8647784441008332
-0.85 -0.8527784860435624
0.9333333 0.935886970783655
0.8 0.7888776909208679
0.0733333 0.06797198948208583
-0.9866667 -0.9784380914813182
-0.33 -0.3440720454875999
0.62 0.6200099145466664
0.94 0.942056172676806
-0.0466667 -0.03822358426672112
-0.3433333 -0.3441643043320143
-0.5133333 -0.5240892948115679
-0.92 -0.9265700648704323
-0.9266667 -0.9341828137667298
0.42 0.41596785716870144
-0.2566667 -0.25862949945847336
-0.8066667 -0.818772006705639
0.1366667 0.1306539482830537
-0.7233334 -0.712485916666154
0.18 0.19515369992758946
0.7033334 0.6902300863008322
0.9166667 0.9031313168008966
0.0633333 0.04626163272954714
-0.28 -0.27638576232529655
0.8466667 0.8467950092559491
0.6733333 0.6833987659682259
0.6133333 0.6132433495793472
-0.97 -0.9597676232439385
-0.1466667 -0.14627055928238686
0.3933333 0.38457641828477374
0.9033334 0.9041593500912218
-0.6933333 -0.7082435001173715
0.3833334 0.4007830021697816
0.8266667 0.8281781493129121
0.7133334 0.6952015089583403
-0.41 -0.41441506273424605
0.8233334 0.8331237566921732
-0.8533334 -0.8577665466533917
0.46 0.48357768673224333
-0.4866667 -0.49040350796314186
0.88 0.8810871196315078
0.0566667 0.05026086829387616
0.2566667 0.2540486698716956
0.1433333 0.13009619768168562
0.3933333 0.40258349194134346
0.0166667 0.014665066589695408
0.4333333 0.4422495738537951
-0.19 -0.19213786300149166
-0.0766667 -0.07296174371264585
-0.0366667 -0.03336691357822347
-0.5533333 -0.5633227514916659
0.1066667 0.10568247146896284
0.8533334 0.8646741813838725
-0.69 -0.6632802451769342
-0.9433333 -0.9457869310367033
-0.6266667 -0.6274255573320381
0.9966667 0.9898980907535111
0.8633333 0.8551233953271911
0.1233333 0.12502571843232727
-0.12 -0.13235668295458736
0.21 0.221653038033512
-0.6 -0.594742462466721
0.6233333 0.6288759574586981
0.61 0.6096790476077059
-0.64 -0.6430549236528117
0.1166667 0.11393695765249762
0.3466667 0.32676319359941225
0.0666667 0.06733357074694091
-0.3366667 -0.33179272470131593
-0.61 -0.6116564801132812
0.35 0.3376515965101673
-0.34 -0.34435717552726125
0.46 0.4586110573949415
-0.3466667 -0.3393301240748762
0.9466667 0.9526003448349113
-0.1733333 -0.1775286422777153
-0.76 -0.7630802912093381
-0.1666667 -0.1571882219559112
-0.69 -0.6880838584264201
0.4 0.4019299580596284
-0.8133333 -0.7874875000300529
-0.9833333 -0.9862294667915699
-0.2133333 -0.20550745274186888
-0.48 -0.4796223407789756
-0.0133333 -0.005631032018029947
0.8 0.7984901967546688
0.09 0.08325249984510336
-0.2433333 -0.23903780266964647
-0.7333333 -0.7426145336059882
0.06 0.08150701686063641
-0.76 -0.7539233744123389
0.49 0.48555055706731676
0.0966667 0.08815316273595442
0.7 0.6852653394185925
0.95 0.9597589859731723
0.3133333 0.31984958123785656
-0.84 -0.8469803926739622
0.5133333 0.5043370817283859
0.97 0.9439602227005797
-0.6333333 -0.6105743286355904
-0.0133333 0.001875338461275855
-0.9033334 -0.9026129239198852
-0.1066667 -0.11110765370842729
-0.98 -0.9818098835537741
0.4166667 0.43037432637611867
-0.8133333 -0.8233177924570181
0.7266667 0.7234522411671137
0.62 0.6175942193729335
-0.0066667 -0.012933346427337511
-0.0366667 -0.019848116743519273
0.2266667 0.22875413153431468
0.05 0.05793441679225814
-0.1166667 -0.11551593104392166
-0.8466667 -0.8560166563858822
-0.05 -0.0486373056247939
-0.62 -0.6258045019780787
0.7533333 0.7637003452366675
0.98 0.9859462295937125
-0.3066667 -0.30850313927585526
-0.1866667 -0.20206474076007358
-0.2766667 -0.2824469750760885
-0.6833333 -0.6819690428888803
-0.9333333 -0.9296561415184252
0.81 0.8313801790611538
-0.1666667 -0.16645312913026017
0.7333333 0.7447323874575957
0.9666667 0.9708727042449712
0.2466667 0.2526990163004165
0.9533334 0.9393754407720595
-0.3633333 -0.3560922882114651
-0.44 -0.44582896407740097
-0.8533334 -0.8441555102867373
-0.6333333 -0.6100338622996172
0.0533333 0.033834969004179344
-0.2533333 -0.23642081688595062
-0.65 -0.6364002106934183
-0.9833333 -0.9833114849506963
-0.9866667 -0.9996889982029026
0.9733334 0.9789419857398112
0.32 0.3050381817800868
-0.89 -0.8770557718019905
0.6933333 0.6933268779116066
0.9533334 0.9474124843491243
0.94 0.9507157572589264
-0.5 -0.489661151783572
0.69 0.6837027378736142
0.32 0.3247042487790972
-0.2966667 -0.29489809464492406
0.2466667 0.25743613345914756
-0.0633333 -0.07766938077837515
0.9566667 0.9566539238817418
0.43 0.43121428832218744
0.8633333 0.8611492781033114
0.7266667 0.7220084567023037
0.1466667 0.13970916682322262
0.26 0.2536105003117846
-0.6766667 -0.6614341942330706
0.2833333 0.27445932704215964
-0.9566667 -0.9537362434137938
0.76 0.7681392492814312
-0.3733333 -0.3539798572596578
0.0266667 0.033351003311026084
-0.1533333 -0.1433888288130728
0.9866667 0.9689849449437222
0.48 0.4816805530144798
0.1966667 0.19023185328698033
0.0833333 0.08422324959719557
0.0133333 0.010302256435975488
0.37 0.37879519649994353
-0.81 -0.8196214199868774
0.1933333 0.19985175863401822
0.66 0.6639913356232325
-0.7333333 -0.7428536232319831
0.88 0.8812563843549914
0.71 0.700420824831134
0.1733333 0.16173437847974143
0.2833333 0.2655779585485299
0.9066667 0.9003388219578762
0.2566667 0.24835785453307296
0.3633333 0.3554795870955582
0.3266667 0.3453559936165975
-0.58 -0.5781251530917946
-0.74 -0.7081899808217709
-0.6933333 -0.6926548162067068
0.7766667 0.7521183168341501
-0.9966667 -0.999991858676069
-0.91 -0.8785632261383826
-0.6133333 -0.6109343850244583
0.69 0.7002066228614764
0.6233333 0.624498393890911
-0.2366667 -0.23415302819401046
0.1 0.09767260459664157
-0.1166667 -0.11397797884132904
-0.89 -0.8981674204816407
0.17 0.17200966392260741
0.8533334 0.8666101321973732
-0.1966667 -0.19535625058911055
-0.54 -0.5475205306016548
-0.73 -0.7472238523142392
-0.22 -0.22613113838997545
0.8466667 0.8560629227788116
0.3033333 0.3014349880997003
-0.4133334 -0.39835369000350196
-0.2666667 -0.27523377837634666
-0.97 -0.9861297686720362
0.1466667 0.1484994227910668
-0.3433333 -0.34419613402727717
-0.8066667 -0.81069844725783
0.41 0.4141326976797101
-0.9166667 -0.9284887491565985
0.25 0.2526112053654996
-0.1166667 -0.10605559589011104
-0.5866667 -0.5858529783435729
-0.4466667 -0.44463392662113144
-0.9033334 -0.9230051909080412
0.9133334 0.9018447490375592
-0.16 -0.15766996868147815
0.23 0.21556495109576385
-0.0266667 -0.043909356816698386
0.03 0.02127638572619328
-0.9166667 -0.9370212736972074
-0.51 -0.4977291849468517
0.9833333 0.9915991596568549
0.7333333 0.7321434615617544
0.62 0.628320622134741
0.2 0.2057436033973425
0.53 0.5137255725605108
-0.9333333 -0.9325553923611449
0.0233333 0.033617307136306895
-0.6533334 -0.652558750880132
-0.3133333 -0.3189150477852206
-0.4233333 -0.4428911479726978
0.9966667 0.9960066091977997
0.4333333 0.4295128583888271
-0.9333333 -0.9358616079832238
-0.24 -0.2418698397039365
-0.2933334 -0.28155860824180046
0.57 0.5869467870982727
0.63 0.6348201726682199
-0.9033334 -0.9109264030357942
-0.3233334 -0.3165663863530876
-0.5266667 -0.5229905236390556
0.09 0.07940961271386068
0.8433334 0.846005118706298
0.13 0.1367084138814088
0.9566667 0.964640630093917
0.4066667 0.39856523012395534
-0.9166667 -0.9093756726521037
0.1566667 0.16347196945849557
0.1933333 0.184779133741736
0.5333334 0.5380156337419943
0.07 0.06324542879591494
0.3866667 0.3913521420101038
-0.6166667 -0.6175361516317667
0.5333334 0.5336213963716425
0.59 0.6073118017666156
-0.2666667 -0.2664691202567664
-0.2033333 -0.19801669177378384
0.84 0.8387379209253252
-0.1 -0.10635370303512726
0.1233333 0.12984994226245744
-0.3433333 -0.3416944719858379
-0.79 -0.7848381746036664
0.54 0.5353077358298028
0.8133333 0.8129577536998049
0.5866667 0.5762448245345193
-0.4033333 -0.4042981244815464
-0.4533333 -0.4594976050589854
-0.3733333 -0.3687373915165836
-0.3666667 -0.37339824791578413
-0.2666667 -0.27179390597042996
0.6433334 0.6387106621449827
0.9233333 0.9322333408551182
-0.63 -0.6269667742528526
-0.1 -0.10840210208221779
0.27 0.2637202754749315
-0.11 -0.10341117056591093
-0.3333333 -0.3433901357908263
-0.5 -0.501704633596024
-0.2933334 -0.2985080989823091
0.15 0.1465611666754166
0.7966667 0.7916132244473518
0.69 0.6808150825664969
0.21 0.21797983846997698
0.78 0.8008532894425298
0.7833334 0.7721809122413883
0.2 0.19986460995458663
0.45 0.4684064624520371
0.3333333 0.30478594178614826
-0.9 -0.9226180661255076
-0.2 -0.19959685052881093
-0.6066667 -0.6000395143060008
-0.7466667 -0.7465156098317788
0.7866667 0.7756937522359417
0.3266667 0.3272810510591367
0.18 0.1779874114698099
-0.08 -0.07347290071346058
0.2366667 0.23984393371635365
0.9566667 0.9460750203049622
0.75 0.7556780835444854
-0.0066667 -0.0034499236914504183
-0.2566667 -0.2596920898516943
-0.61 -0.5938250050945352
0.2033333 0.18781914604082503
-0.1333333 -0.1394160636002919
0.5666667 0.5770738196820195
-0.4333333 -0.4260568553475399
0.6633334 0.6522209742017488
0.16 0.16220915925039397
-0.6333333 -0.6274989458181586
0.4566667 0.4679143905105827
0.43 0.4206476220533023
0.04 0.039673169017943655
-0.1166667 -0.11636228122332237
-0.2566667 -0.24821046266073177
-0.0666667 -0.06858887202870434
-0.9433333 -0.9455523796368004
0.6266667 0.6249171517804072
-0.22 -0.2117698677829466
-0.3866667 -0.3805298158512444
-0.6166667 -0.6091550166947844
0.24 0.22370820241977873
0.05 0.056847751581769246
0.37 0.36859899840086907
-0.0466667 -0.05576556307492797
0.5666667 0.5649975737010153
0.3633333 0.36284409427782155
0.6233333 0.612649476833205
-0.86 -0.8655529612816294
-0.52 -0.5211575760411242
0.5866667 0.5939224692345664
0.54 0.5371359587216556
0.4066667 0.4189711342303645
0.8166667 0.8117129832489798
-0.4266667 -0.41739447752506814
-0.1733333 -0.1746036095078518
-0.2933334 -0.28074303112351545
0.5633333 0.5538189531712336
0.5666667 0.5668339859738618
-0.6066667 -0.6134531064752482
-0.0666667 -0.06593202182121538
0.46 0.47234431853456726
0.3366667 0.3330877900789479
0.8133333 0.8125421083513545
0.51 0.5143046578591268
0.4933333 0.5024664602602605
0.7033334 0.7023347970930485
0.61 0.6098882336429828
-0.11 -0.12035630077646059
-0.4833333 -0.47813740218387496
-0.4833333 -0.48124279395645575
0.91 0.9171922910666037
0.5733333 0.5587428544134971
0.1466667 0.1453589152392099
0.8233334 0.8521462493589242
0.1933333 0.17754119432998458
-0.83 -0.8398436996361194
0.04 0.03748118013302715
-0.12 -0.1236370068980594
-0.3866667 -0.3939342224423122
0.6166667 0.6160178196671526
-0.1166667 -0.11353718254636552
-0.1833333 -0.19245498876714467
-0.3866667 -0.3830506393040437
-0.5766667 -0.5805441203163073
0.21 0.22004677128113898
0.7766667 0.7748904163577406
0.25 0.2527117609174292
0.0666667 0.0753139931998083
-0.4066667 -0.39907333892776803
-0.8233334 -0.812383553215105
-0.8966667 -0.8958293016157493
-0.2333333 -0.2264682583660746
0.4866667 0.4903680561981646
0.3366667 0.3214203840345472
-0.11 -0.11380890151858225
-0.2633334 -0.2733047703427856
-0.4466667 -0.4539493194035031
0.22 0.2228488460739721
0.5033333 0.5087621642263758
-0.2133333 -0.20435858118993216
-0.65 -0.6597121696424697
-0.5566667 -0.5589301417379335
0.16 0.16933826835868443
-0.6433334 -0.6305978437741865
0.1633333 0.16431907844007787
0.7333333 0.7211156952439448
-0.6433334 -0.636075602011708
0.34 0.3410938341465858
-0.0466667 -0.045450217914753954
-0.6433334 -0.6246185638860302
-0.58 -0.57278600119424
-0.0733333 -0.08843400701718712
-0.5633333 -0.5502320803580423
0.6433334 0.6273056145850096
0.4033333 0.40587919228833613
-0.5733333 -0.5701040165660911
0.7533333 0.7636310272208728
-0.3766667 -0.3625154560514486
0.4166667 0.4214753530830893
-0.47 -0.4508459005051639
0.6166667 0.6185472792966417
-0.1666667 -0.14748125662629408
-0.91 -0.9054166784420307
-0.2066667 -0.2152902682088083
0.67 0.6985093947820924
-0.01 -0.013613979747896687
0.0033333 -0.006760481136721452
-0.6066667 -0.6101706710844242
-0.4733334 -0.4702926709858777
-0.3633333 -0.3736128314693147
0.06 0.05873721819611022
0.7866667 0.789165510253028
0.6066667 0.6092264652793176
0.3466667 0.36928189084898777
-0.5866667 -0.5855299471869133
-0.95 -0.9494094956248006
-0.7966667 -0.7686623127714003
