0.0466667 0.010840212020304024
-0.0866667 -0.0783895075588471
-0.3733333 -0.3543084759962543
-0.1533333 -0.13035246654976468
0.0366667 0.036402761136302086
0.0066667 0.023394741557090815
0.7633334 0.7301635967820487
0.61 0.5597258261935205
0.3833334 0.3913658348975468
-0.28 -0.32387315178653964
0.56 0.5654983736862695
0.1633333 0.17521255796861243
0.1266667 0.09376943501089186
-0.71 -0.7310227490588719
0.9666667 0.9679832881765131
-0.86 -0.8416388802039583
-0.59 -0.5781676450920818
-0.2366667 -0.2595708651709343
-0.4033333 -0.36550001832235496
-0.7566667 -0.7703705703191346
0.7133334 0.7106524975940262
0.4233333 0.44126130737986335
-0.2933334 -0.30870298914377686
0.72 0.7160500772651186
-0.9666667 -0.9586886902193523
-0.9966667 -0.9898619199103522
0.9833333 0.9763177067691682
-0.6666667 -0.6453956767798436
-0.17 -0.16102485153031126
0.9 0.900932275718046
0.03 0.012428352171833856
0.27 0.2539295837850774
