0.0466667 -0.061711662386606414
-0.0866667 -0.10605861897249061
-0.3733333 -0.4345522031822964
-0.1533333 -0.14452817856548367
0.0366667 0.019609117126812237
0.0066667 -0.06481403370343247
0.7633334 0.6307492603338279
0.61 0.44695189499823923
0.3833334 0.4548431197893121
-0.28 -0.1958991363573599
0.56 0.49693222300403167
0.1633333 0.12339836286305508
0.1266667 0.2296640088601417
-0.71 -0.6016386390265804
0.9666667 0.8453745778874686
-0.86 -0.8178083548718514
-0.59 -0.5815026795213146
-0.2366667 -0.19830519522306939
-0.4033333 -0.42810628110647725
-0.7566667 -0.781789186125921
0.7133334 0.7025093966861947
0.4233333 0.4734385764550322
-0.2933334 -0.2639272928781974
0.72 0.5828868315614782
-0.9666667 -0.9728925692890965
-0.9966667 -0.9534030209775564
0.9833333 0.941102501526698
-0.6666667 -0.5880682059847471
-0.17 -0.05098001157069787
0.9 0.8347698936597396
0.03 0.0014857335227099755
0.27 0.17891999491715932
