1.4031194798429116
1.1682923077843685
1.172567727409994
1.1845471469015076
1.1855720880827005
1.1905733932327578
1.1979498693428243
1.1985294257634513
1.2012056275092906
1.1987921679471307
1.2075778852338481
1.203759821614342
1.201237966637287
1.2085961397542566
1.2006916427308978
1.1985638275926747
1.1985638275926747
1.1964531962888818
1.1924985200644618
1.1825419391211691
1.1795690768261784
1.1761515713064736
1.1547418365276951
1.1619474440118576
1.1643737837133201
1.161097847841305
1.161097847841305
1.1584547050090594
1.1503887919865932
1.1554799937529463
1.1743686020497053
1.1511476589206089
1.1395652663299507
1.1472587946916002
1.1571962879920228
1.1571018142116747
1.1471610687041405
1.1340991615373963
1.1102208878675945
1.1055681083192486
1.1003645735606398
1.0953355030105258
1.0934338600685114
1.1064896315605697
1.1083192296722881
1.108250025193916
1.1134587675599077
1.1040345608362383
1.1043157011987674
1.0921537174221323
1.1199703283331424
1.1463812924801837
1.1675741613479989
1.180786664876714
1.177003066182182
1.1769604572591528
1.1923311601529114
1.192490038530008
1.1897576750910213
1.1891265776470858
1.184797462534805
1.191823759880469
1.1901952618807832
1.1895198104534181
1.1849187894538444
1.190654622963008
1.2002989524077674
1.2005867477162642
1.2004601175317349
1.2162945422972808
1.2169699236124973
1.2129791137543744
1.2218272771431604
1.2198716141751857
1.2211901389643423
1.2192903370004735
1.2190999854037072
1.2178685020911466
1.2066703249838078
1.2070172224965117
1.2040915803358605
1.1787395230501916
1.1845283385234018
1.1756969335966316
1.1757163517166789
1.1696014183443226
1.1810072405746008
1.186572987872695
1.1767928455547534
1.179448557523122
1.1754288579105905
1.1646229196299982
1.1535953072455774
1.1516819871424158
1.1497855964041896
1.1484588808519467
1.124473552245931
1.130665999127799
1.127615191828007
1.1275800861311098
1.1380169467759784
1.1496163780755886
1.150026091354743
1.1460611328209964
1.1535624479003679
1.1549499823585239
1.1579826693776059
1.149649146896414
1.1539664685583881
1.1463487706075952
1.1483922158107427
1.1688020275466031
1.1800134975565604
1.1809085723170727
1.195312411129986
1.1968255119802416
1.1899699745951928
1.16254003864343
1.1591635889874885
1.1485417213864457
1.1589553513620774
1.1488399739620265
1.1518793885682632
1.1549251507321188
1.1548908177954234
1.1609037091620753
1.1643726897141138
1.1611442288784575
1.1620394195870836
1.1402541832606887
1.137119904594287
1.1423222490569802
1.145548498395779
1.143296375191125
1.1392837641317324
1.1332528468984568
1.1362128645615268
1.1421923705562735
1.1397941520537551
1.141283347155488
1.1501218338105146
1.145819188650745
1.1460666696803459
1.154533223451063
1.153591157826595
1.1503368812403534
1.1501614019387931
1.1543431714245123
1.1440486007347743
1.1489761366390387
1.1488103750782612
1.1494173348771957
1.142141055963474
1.1415830938114442
1.124649389038011
1.1256492481808753
1.124835003581993
1.1262424932393984
1.1295816975782644
1.131710423516129
1.1321238659730526
1.1527484493854168
1.1579092792238275
1.1605146633463521
1.1612243508975328
1.1597903107318286
1.1630340323579489
1.1573267885855711
1.15520037985172
1.15376087263767
1.1553838589956869
1.1555465028963234
1.13401897770503
1.1283030710449948
1.1257201673376716
1.1300018173581352
1.1313262083753977
1.131291349803046
1.1367597817816002
1.137259638544768
1.1371809049644985
1.1323117040055917
1.1317071164861596
1.1432724919854969
1.129697971389227
1.1309256045001903
1.1393221383089864
1.1384667325263373
1.1479337644667482
1.154942564084508
1.1253685648605811
1.1334516303618645
1.1272928159335882
1.1188605603171173
1.1323276559947857
1.1401434402051454
1.1593962142007515
1.158209133186024
1.1598000484563198
1.1596426949331653
1.1579729047722962
1.16384888811482
1.1651932130825278
1.1645682337226233
1.1645682337226233
1.1643424325834961
1.1473188713565465
1.1465049860487686
1.1602960159811813
1.1602960159811813
1.1605734129839425
1.1440276450389328
1.150756225506225
1.1580387210800822
1.1420706563618594
1.1333593170175658
1.1343988567565286
1.1296719299342661
1.131805445985343
1.128712641092407
1.133548156478359
1.1336793230228899
1.1461866348039051
1.153208825764787
1.1488309550385372
1.14809230363152
1.1410455970404896
1.1421055867711736
1.1274510952529624
1.1333397975004853
1.1360316542718945
1.1363244914013222
1.1370211570625304
1.142134063580668
1.136106126546809
1.1411135346229702
1.1424758144318583
1.1561962341544223
1.1713971158139973
1.1668510758128043
1.172548577950233
1.1796257236172802
1.1792505770486112
1.1825939736146245
1.153186782183693
1.1571703903643458
1.1648615017939326
1.1625248037475615
1.1489720621128616
1.1631801401401942
1.1535226721054737
1.1505723883744137
1.1478419669064042
1.145469800138361
1.1326603836432427
1.1289430790052648
1.1441256395702968
1.1321049573292374
1.1386359913062436
1.1305841123729583
1.1271491357316796
1.1346498123610955
1.1191292582057697
1.1163613499421696
1.1013159471388003
1.1023655725731256
1.0949827037916102
1.0962294491808502
1.0999734474120357
1.100560531373335
1.107760668417094
1.0929639058658198
1.081249940681863
1.0723244215654288
1.0724263849338205
1.061687050787542
1.0602910059754425
1.0688025886518242
1.0673999914760899
1.063289459411003
1.060499246783803
1.0561610643184016
1.0689498071597405
1.0689783186901438
1.059783324634518
1.050769787459286
1.037949329078936
1.0383349311071863
1.0536310957793835
1.0496866745822622
1.048222009757645
1.058332661447204
1.0590647984730306
1.0645763981850374
1.0748782379667265
1.074314564983342
1.0742764486420358
1.0929577435820927
1.0903020824344356
1.089890778907172
1.096196459517535
1.0788915868477367
1.0745157385086923
1.0699389409515165
1.0713197854097118
1.0717750823885688
1.081837070944499
1.0895694692235287
1.0896259038798484
1.0896259038798484
1.1014139666685203
1.1063954678444454
1.1002285364276818
1.103559301665552
1.1065820125925585
1.1238521986495498
1.123395528625682
1.1227900281151386
1.1114143179800844
1.113136734541243
1.0829905300161409
1.084989936065312
1.0904052434839313
1.1116335626276257
1.1125916850315822
1.1083969028852685
1.1032722290611976
1.1066426375725953
1.0998228038426945
1.0981934654610057
1.0987560812185981
1.0956743094440378
1.1084274413199215
1.1125074853369605
1.1227785752319899
1.121730796952957
1.1226213253695412
1.1330558525759928
1.1394395002114899
1.126746249564467
1.1207869585571308
1.1429635065328998
1.175288506643013
1.1690118669881837
1.1642135212369256
1.1614023222139458
1.1624882569084918
1.1698354466434702
1.1605598304382683
1.1677235543634419
1.1723568999602259
1.1742073059434228
1.1844174417755933
1.179196025546594
1.1807307068688915
1.1821994803301938
1.1857455487456525
1.1816487062900467
1.1830206449145302
1.2002421060590425
1.2005655428127884
1.2023526179927608
1.195089308718831
1.189866538191831
1.1917472715646182
1.1878248426140823
1.2004743220677045
1.2062761321921815
1.2020537847623687
1.2114069139785866
1.230588834777581
1.2162697040608297
1.2217342004183505
1.2234778197225518
1.2021540290031696
1.193067495090978
1.1979380599605902
1.1942921968973697
1.1932008871055644
1.1756526783580046
1.18929983215962
1.1813264093942635
1.1802845476392527
1.1930137933566378
1.1898115178026316
1.1873684338367112
1.1873552617462817
1.1830825792473738
1.18105684850241
1.18105684850241
1.1740130838353426
1.1672164370073728
1.163144343517683
1.1577358824934891
1.1673800638686596
1.1719495556911959
1.1662083952421323
1.156913597449857
1.1605593197420774
1.1551472029288365
1.1706284792006476
1.1713194277205357
1.1593153112217458
1.159227768927872
1.159227768927872
1.1612765604124005
1.1612765604124005
1.168755371889163
1.1688978347863737
1.180010143495163
1.1970957685171337
1.1979805051588315
1.1900455395694
1.1914717971358584
1.1767193570773986
1.1763823182179938
1.1754252288264975
1.155868037078613
1.159765468087473
1.1555798404104225
1.151091253423176
1.142511868347156
1.1394405164667196
1.13780344113719
1.13800066084631
1.134505711292774
1.134505711292774
1.1267557769865775
1.1262749610048892
1.1084306659435306
1.1219292633845226
1.1145045069951052
1.112034747839141
1.1038663197961334
1.1108882841081607
1.1135100622812364
1.1204854737585155
1.102128660878256
1.094680922711264
1.0946487652862327
1.1022941143895715
1.1015594929265742
1.1015594929265742
1.103797219332894
1.1060420172397318
1.1134075213317194
1.1142072623008679
1.1207991858831559
1.1225796687919194
1.1225931177276725
1.1252873881845957
1.128558720680927
1.1078534826460986
1.1091413546447073
1.1091269307850824
1.118572836970965
1.1293183429061382
1.1154763349750574
1.1021408346144959
1.100482020088136
1.0942108084007218
1.0990303122528973
1.1367038596997077
1.1349721960916368
1.1363481423063189
1.1512033864719595
1.1663532576532243
1.184171609998755
1.1849361395516476
1.1919167814226383
1.1924069534090154
1.1845986350608708
1.1858833628678245
1.200891001736745
1.200891001736745
1.2073986141411124
1.2090036412385579
1.204126926187279
1.1917561511557289
1.184901331544847
1.1875825871720358
1.1963360918975599
1.181131919447261
1.1979698205194982
1.197004874115114
1.1804574219483108
1.187180211708948
1.187180211708948
1.1862152223733982
1.1872563536393872
1.1973463639136224
1.2021779950558775
1.1714931393427637
1.1950933475380183
1.1848964639207287
1.1877791746647535
1.1885106542850963
1.188470759872437
1.190074650590436
1.1887963713026397
1.1887517257864697
1.1887517257864697
1.1871030846960218
1.181177112450339
1.1858942376790196
1.182367137829093
1.182367137829093
1.1836475646455087
1.1869111460267996
1.1927035450793295
1.1914845843047064
1.1919605654211922
1.1949739313730572
1.1973583963249566
1.2028988642969087
1.2028988642969087
1.2029254141530812
1.2083006626600112
1.2150820167254142
1.2069094874759907
1.2186365319688932
1.2250052100069133
1.2250052100069133
1.2226910014753976
1.2204026522560814
1.2162557241778893
1.2155734934097402
1.2168151674393115
1.2168151674393115
1.2277086848128014
1.2257085758149797
1.2389476143343379
1.240914843608765
1.2416550144194374
1.2396215368932442
1.2503854766728744
1.2505006305904294
1.2505006305904294
1.24939716221028
1.2485007959667802
1.2304458209201885
1.2304458209201885
1.2277878230925323
1.2326432069879685
1.2308769175709777
1.2452181688136774
1.256326527452106
1.2556219153938355
1.2488873806444778
1.2493098212989486
1.2459863608638815
1.230565170284639
1.2230145795884027
1.234781271849662
1.2384694888680017
1.2412094374675708
1.242906081387821
1.213526410565995
1.2104925539024534
1.2104925539024534
1.2164366040844665
1.208468084134296
1.206681166933032
1.203528731295288
1.2076912277656322
1.2019709676626398
1.2003084459335767
1.2002917544996643
1.1779071916172354
1.176261782041229
1.1814441506122286
1.2008062209416273
1.2107314715127084
1.2166245391765402
1.2210183487728148
1.2167964104454831
1.2156857364741442
1.2247399589983483
1.213078375176568
1.213078375176568
1.2136463996351652
1.2123338643666757
1.2084297384649882
1.188979258928087
1.1931218220669457
1.1799115909262674
1.1753097739326719
1.1809915479340896
1.1833094752676558
1.1833465188775916
1.1836194933652124
1.1740608329697717
1.1916781532635734
1.1943508424892209
1.1903670122029362
1.1694474413246017
1.1779213866559972
1.1959711371217856
1.1834135733648992
1.1829018704133123
1.1814379945217313
1.1709758046006022
1.1689705938805974
1.1918774080013907
1.1937064172120093
1.1843407074774883
1.1826042363597435
1.1906320772742907
1.192978957941493
1.1866363210089153
1.1954975120008577
1.1933993435397323
1.1787503352365034
1.178973013246068
1.17041154554752
1.1651330135704352
1.1631633521915983
1.1643565943855876
1.167462871858758
1.1898696995636053
1.1891531977665044
1.1856961765633927
1.183209442758027
1.1874302314104013
1.1715352118292555
1.1704101031095016
1.1779491603943815
1.1788970137101085
1.180654021597147
1.1801979111610688
1.1778350919193739
1.1607930793030532
1.1693090063107239
1.1595808837791304
1.152946254216347
1.1485257379245548
1.1433913916092828
1.145016388261709
1.1431346360438948
1.1412532274087286
1.1412532274087286
1.1367103805842322
1.1342443905274857
1.1175881136124903
1.1113633849167595
1.1050625772495244
1.1050625772495244
1.1055902435541816
1.113506750194299
1.1175378306835677
1.097859039002207
1.099058693039579
1.0858095604452833
1.0858095604452833
1.0858095604452833
1.0891355251928188
1.094153789211232
1.0820750693571968
1.0791764845478027
1.0778596498377273
1.0796997925645384
1.1021973989893168
1.100071604496196
1.08425281496052
1.077073709270448
1.0772464687492678
1.0722488971034332
1.0717398614478357
1.0789739473552737
1.077395896843616
1.0782168167746229
1.080692840282209
1.0749981134933262
1.0760245243805089
1.0724137981403405
1.0724137981403405
1.0706474863352005
1.0739395359315784
1.074739306856247
1.0715814118709597
1.064105980853226
1.063059825455003
1.0609048461943393
1.0623925897019293
1.0629559413753555
1.0580847442266836
1.0538886296347023
1.05759902068459
1.055473748636342
1.053733449917708
1.0727058140051384
1.0727058140051384
1.0738385987055887
1.0738410553497926
1.0749270231140486
1.0749270231140486
1.0689857916525662
1.0816732962354527
1.0811292944426407
1.0849666409229617
1.0838990093801495
1.0902235850765134
1.0916057571279498
1.0886635251250882
1.0823716180205436
1.0795999168188126
1.0815493463283348
1.0790549673610141
1.0660369953731204
1.0693695289328036
1.0661859455710583
1.0698849168064295
1.0678435072421537
1.0678435072421537
1.064582330998324
1.074237098731394
1.0638005208988697
1.0420607414332395
1.0375523785313066
1.0370672618920245
1.0379592083695472
1.0378617634063414
1.0290216469678526
1.029016668927002
1.0371776325537563
1.0369763710900195
1.0366996603925849
1.0209431745705875
1.0068803040068932
1.0081738807594978
1.0102894495042531
1.0093258677197061
0.9951191309946539
0.9837114692313388
0.9837114692313388
0.9973542842655371
0.9963942272145696
1.0026652539117547
0.9843748676633748
0.9693664224424898
0.9760778853179393
0.9802572776253371
0.9821571669177389
0.9919466539814766
0.9925815728770883
0.9930212070238493
1.0013256556668944
0.9967924260499264
1.0106707171966784
1.009517347519875
1.008990182906088
1.03634240131873
1.0133370892100562
1.0141385689411735
0.9876406641790572
0.9817282157205633
0.9828844277072128
0.9918741355152124
0.9899736764877709
0.9861071404057327
0.9872572840469274
0.9860179932850012
0.9830457060915575
0.9836832030118271
1.0009516537859908
1.0018026064793857
1.0123860222993546
1.0046777780732845
1.02151878308971
1.0192124077934785
1.0192124077934785
1.0191820229727284
1.0198554438692593
1.020260533644542
1.0265155797232473
1.03042567064528
1.0338438630556248
1.0334318921759813
1.0358306064859273
1.0185317682889412
1.0150811465834484
1.0483580242573383
1.0466964236809484
1.0492286836029052
1.051315503324131
1.0507144931864825
1.0443301677901593
1.0532397636490844
1.0601217956590019
1.0603465181218534
1.0584520119688443
1.0619466214896847
1.0645549146819109
1.0653075000322656
1.0564335645120222
1.0564367455048953
1.0532975457269937
1.0435962305769346
1.0545080442904993
1.0565272452355146
1.0473077695352606
1.0828253991542076
1.0803867169798202
1.0803867169798202
1.0783014006968805
1.0783014006968805
1.0781843312159665
1.0789439007232082
1.0826074647722714
1.0821143867993728
1.086720601794802
1.086720601794802
1.0760412400958341
1.0753269753883192
1.0745022933974209
1.0746143660176866
1.0774484555766406
1.0880284857753804
1.0797085379909983
1.0796569107117249
1.0793532088007445
1.077895487957076
1.0831574150301462
1.0860264643432862
1.0905227096425958
1.0910325212976397
1.0853059401048062
1.084746094313688
1.0845830317409613
1.0835858855740177
1.0825350829145524
1.0861247946567916
1.0891965550738032
1.0946650968985778
1.0935180616951965
1.0861276051790385
1.0840936847996903
1.0892514760421144
1.0883493014023995
1.051005110395383
1.0700649097286103
1.0744868355357093
1.0744868355357093
1.0747117738348209
1.075914682942288
1.072599721014925
1.0744987429007264
1.0740586075772791
1.0756176514541114
1.0748590453963427
1.0748590453963427
1.0780555989108611
1.0789261709377116
1.0682896296730975
1.0750422152103243
1.076625914111657
1.0746668124000112
1.0742380703958776
1.071278356874552
1.074421859234229
1.0654292850112248
1.0642645421480874
1.0627390750960577
1.0707315010211882
1.0736186876908076
1.0777629615498565
1.0761412411870472
1.098705938475248
1.0983512637126336
1.0958234152335384
1.0905678144871878
1.108691171956881
1.1080635186081107
1.1080635186081107
1.1090631460265692
1.1087274258535682
1.1016122027322228
1.099368642591607
1.0992062201724664
1.1116296419027216
1.0938255554109653
1.0922538831831587
1.091906003818599
1.091906003818599
1.092550237128525
1.097107854836083
1.0898124487478194
1.099313200758213
1.099046276884638
1.08620636702785
1.090870888666201
1.1063469780726336
1.1064527553857417
1.103649450061864
1.103933675889031
1.1057673180507865
1.103482448625623
1.1071555719851645
1.0868570463338425
1.0887623732650726
1.0806580590993748
1.0815597063223974
1.0786824988389998
1.0786810033880794
1.0793988826639829
1.080231235604364
1.0725037075231671
1.0725037075231671
1.0725037075231671
1.0675816868231416
1.067867951261947
1.0646688287453951
1.0739385094528184
1.0740331527834837
1.0616774638234394
1.084853313158735
1.084853313158735
1.0867941529326133
1.0565992366872656
1.056105158869948
1.0561333455519124
1.056256021631406
1.0657150123627543
1.0542918833387707
1.0542918833387707
1.0629447961391274
1.059261688129041
1.0627147141914182
1.0762946909469586
1.0755455193489525
1.0663874860409817
1.0549038084452815
1.0513893619828845
1.0513893619828845
1.0513893619828845
1.0464267456586442
1.0484160378286116
1.0491648704692504
1.047819582284891
1.0469129299003759
1.0476734369636531
1.0498520199992178
1.0498520199992178
1.0374316797447878
1.024031731233813
1.0166139085033612
1.0295968541504572
1.028737983834365
1.017763748734224
1.0066782457309518
1.001196430333138
1.001196430333138
1.0023054187266653
0.9944952822845535
0.9957482342061669
1.0001870267679718
1.0001870267679718
1.0030252022491686
1.0030252022491686
1.0079662578209203
0.9819781382627923
0.981978777432189
0.9791034741902791
0.9877964700076497
0.9667753803780916
0.965186313218691
0.965186313218691
0.9650295489605697
0.9652663014882004
0.9684981931656078
1.0165024758134564
1.0156293369829672
1.019956486555704
1.0232238468437567
1.0168977840752098
1.01479944312615
1.018917309626572
1.0186435008641357
1.0201849743589815
1.0098342915595433
1.0144041957755894
1.0232066130154835
1.0252789676473293
1.0160467243445523
1.0162999697077193
1.0132810932395697
0.992171226754562
0.9932462101284344
0.9946037630585428
1.00767046510368
1.00767046510368
1.00767046510368
1.0150289088096813
1.0126697255372104
1.0215508361172632
1.0191780031401585
1.0153659494882312
1.0232913275155482
1.0208326269969015
1.0222554106293367
1.0222554106293367
1.0255293745959109
1.0249874745773977
1.0249874745773977
1.0317625796075287
1.0305003688318306
1.0280698238881687
1.0232950620401335
1.0297653621286296
1.0316238108343434
1.0278006355714318
1.0278006355714318
1.0191623413177322
1.0116039136783295
1.011222265498004
1.0150870515121906
1.0108534193853724
1.0130019546268787
1.0130019546268787
1.015889969453524
0.9927867698471687
1.008188754416667
0.9973387122939589
1.0146733536892352
1.016678642486279
1.0213899544547405
1.0094162308606212
1.0110888563349807
0.9921474173655834
1.0117095363691855
1.013573878301497
1.0107863950396045
0.9946916274322932
0.9934217424166147
0.9934217424166147
0.9927386697978074
0.9926235886082113
0.9908372273586951
0.9927186434310119
0.9967345907286895
1.0150614946689769
1.0135817218088798
1.0083492480958847
0.9990391505967027
0.9853425724476002
0.9842747269706802
0.9842747269706802
0.9791278489085885
0.9815541267960582
1.0115480031806081
1.014273897445217
1.0230410770304894
1.0232769394697472
1.0232769394697472
1.0228418079749262
1.010476551484114
1.01022965399947
1.0124961221835458
1.0133977793834266
1.0122005664097014
1.0132110536641517
1.0039487122345407
0.9945225535101493
0.9872600832810586
0.9872600832810586
0.985518420763595
0.9843312177201833
0.984235213606523
0.9821815176611894
0.9781261025970265
0.976375704031567
1.0006849061608916
1.0054677751851275
1.006236255423632
1.006236255423632
1.00098759202227
1.006030053005327
1.0047423991347817
0.9963211360465212
0.9971277444525604
0.9969772127676495
0.9975781434955728
0.9975781434955728
0.9998008421024472
0.9949175580064
0.9949189978157675
1.0053688130682823
1.000338034447468
1.017260215235819
1.0245862102240924
1.024975436150202
1.024975436150202
1.0217216373429305
1.02405541437347
1.0221819850631872
1.0221813918846792
1.0213773280835687
1.0107452063950921
1.0136752895557832
1.0052866036089139
1.0052866036089139
1.0090943007524744
1.0089161316479878
1.004986627550341
1.0078045776412046
1.009292795032027
1.015365548236368
1.0297905261129725
1.030796349386489
1.0317083097415705
1.0332159535585481
1.0004567829476725
1.0004567829476725
1.015227910380873
1.0264052814679436
1.0409420256818323
1.0400780139034995
1.0392191120112797
1.0421832188935973
1.0421219321684534
1.0424673361825822
1.0424673361825822
1.0398020255873763
1.0290432918371668
1.0198340023820782
1.0273810971633708
1.027805751155697
1.0312427629974967
1.0325927808339077
1.040716825919017
1.0408765270125442
1.0397961367944315
1.0397961367944315
1.0394112478492261
1.0475061605750207
1.0495617868056122
1.0254290402866575
1.0264344415431945
1.0216508130387236
1.0193012996363833
1.0259948212991483
1.0185007341357926
1.0182167115750862
1.0204630317222463
1.055959285562193
1.055959285562193
1.055959285562193
1.0625617953447535
1.0642703118538437
1.065230143202869
1.065084876560601
1.0652885454702807
1.0654563949917761
1.070747664567373
1.070747664567373
1.070747664567373
1.0694435368972242
1.0757818053672616
1.0750359518420678
1.0793985960129275
1.0794316780264384
1.0927593428361853
1.1097711724631427
1.0985852463607586
1.1016560002415883
1.1114204614784429
1.1153733913068762
1.1146173217866282
1.1107527938789885
1.1027438464911496
1.1054848228014509
1.1093582814021894
1.0989784622321181
1.0997224065970832
1.1006145325646104
1.101127326382957
1.0905156793527955
1.057918394365415
1.0585166484459558
1.0587025845393012
1.058583411516435
1.0623944600964725
1.0623944600964725
1.0623944600964725
1.063475661219504
1.0632247183658439
1.0629387993493045
1.0626470250140898
1.0507034028642683
1.0487937411346338
1.051052450839921
1.0533041156444163
1.057516563569573
1.0508812327087758
1.0573026705129536
1.0556308917727497
1.048958865581678
1.0414001391863574
1.0365004282694363
1.0343539763976495
1.0320991882486037
1.0450341302758255
1.0267524544328448
1.0351995489148935
1.0311857798140345
1.0349266004205622
1.0482332293389536
1.0482665178890294
1.0650133368335049
1.0607443940222507
1.0572636599642091
1.051736051551185
1.0489215252488968
1.0489215252488968
1.049965674785241
1.0477244168311435
1.03596178153323
1.0282523616817518
1.0420536177963782
1.0480183057309744
1.05000973790492
1.05000973790492
1.0561311555053394
1.0561311555053394
1.0568776402260673
1.0566372166239852
1.066916181385438
1.0599325721868336
1.0553024340369317
1.0553024340369317
1.0513331934007846
1.0529654640395687
1.0514603410660035
1.0376186477478972
1.0381224075128241
1.0534302269016391
1.0534302269016391
1.043155716193556
1.0446754430040293
1.044709351206003
1.0402519449449201
1.0403589548129353
1.0403589548129353
1.0344365404517213
1.0371261032263583
1.0345874961062436
1.030729015683978
1.03087803331
1.0241552019618123
1.0129747232425406
1.0043890577875136
0.9723607968863937
0.9803597649273756
0.9797433516240213
0.9850855800088595
0.9829093401017556
0.9831785792391975
0.9810196506319233
0.9788419072708322
0.9814247483330182
0.9814247483330182
0.9862818493235006
0.9849561011728728
0.9872793994045473
0.9872793994045473
0.9873551386803712
0.9904498556259687
0.9925692899616778
0.9929691535723923
0.9929691535723923
0.9928836127205403
0.9928836127205403
0.9954404259498694
0.9954404259498694
0.9970524372809912
0.9984439749188334
0.9945247834446266
0.9930861114632932
0.9909508861518374
1.0055449568825197
1.0041805895057714
1.004126077632473
1.001051993102977
1.0060492828796208
1.0060492828796208
1.0065754845446662
1.0076786717095043
1.0058121420646506
0.9738061069818718
0.9735701262800118
0.9758789343080021
0.9758789343080021
0.9775861423777057
0.978276947763216
0.9753177974660249
0.9746478307933947
0.9746478307933947
0.9534380121869436
0.9590887316380257
0.9590533820979471
0.9588546774539787
0.957459934844192
0.9635439830238007
0.9635439830238007
0.961528218507241
0.9621216440996767
0.9621216440996767
0.9633833258583435
0.9643977081856694
0.9656210647707919
0.9694944725775692
0.968219025395067
0.968219025395067
0.9905643937458384
0.9942050659041504
0.9991914232513137
0.9974609429053151
0.9974609429053151
1.0023989887200049
1.006405540336075
1.006405540336075
1.0061199858920993
1.0061199858920993
1.016518082410147
1.021555625511986
0.9957859856025161
0.9959243975165856
0.9795397953100657
0.9795397953100657
0.9747410422884961
0.9726430343357615
0.9732184512850286
0.9763797547153342
0.9742707648788747
0.9682504888420245
0.9703576406376409
0.9701588056864197
0.9687449171828328
0.9678619633868872
0.9544965269012645
0.9544965269012645
0.9544965269012645
0.9544965269012645
0.9544965269012645
0.9546172491001291
0.9585832410806531
0.9571532098777423
0.9499866576051553
0.9499866576051553
0.9510558979518745
0.9510558979518745
0.9510558979518745
0.9578278415924232
0.9578278415924232
0.9580932828158641
0.9627499827416949
0.9837588354392917
0.9777573937472915
0.9753061937906755
0.9797683058572934
0.9765647310328328
0.9784884951326848
0.975159597167886
0.9549443089148378
0.9549443089148378
0.9535732536062644
0.950566741205178
0.9490857441029317
0.9491411718896176
0.9491411718896176
0.9501444256798163
0.950438372140383
0.9501596063415704
0.9529621823490422
0.9529621823490422
0.9446918510061606
0.9447630767164196
0.9447630767164196
0.9325352166788821
0.9053085127416687
0.9053032497487327
0.9056167059631164
0.9056167059631164
0.9056167059631164
0.9112165191563535
0.8930014088580654
0.8951244050231651
0.8973167358718068
0.8985324946059255
0.9123927660975099
0.9117354381469456
0.9042383238138085
0.9148211876094788
0.912726739657549
0.912726739657549
0.9085850259086445
0.9085850259086445
0.9056402721339604
0.9065989714267584
0.8956723496660051
0.8997969334950876
0.8986072497695613
0.8997333002657831
0.8981538631260798
0.8833760263722956
0.8811659179706601
0.880045456727757
0.8800397077865216
0.8790702461209371
0.8794678313316071
0.8799983136524053
0.8758701292334833
0.8758701292334833
0.8869506231586993
0.8746363495574405
0.8826410105824812
0.871481511771246
0.8734895919143899
0.8708666199975831
0.8705739089995911
0.8705739089995911
0.8524198290177732
0.8466423295993389
0.8513499815014192
0.8513499815014192
0.8580904437198348
0.8581809873718254
0.860825890748246
0.8558860251058164
0.8558860251058164
0.8579303928041223
0.8579303928041223
0.846985151971929
0.8477602061287451
0.8504400096562131
0.8485197131280986
0.8433735971860855
0.8392292292658169
0.8458492507967241
0.8458492507967241
0.8536272899849771
0.8578492304064849
0.8614193248892978
0.8648728677050312
0.8649674892248512
0.8628653697708463
0.8628653697708463
0.8648390903731569
0.8652812972955376
0.8648202941420108
0.866192484213879
0.867739582509374
0.867739582509374
0.8600756797231071
0.853960977852872
0.8609997400466772
0.8765180101624007
0.8725502709806672
0.8721869978649417
0.8707440932796934
0.8706114968042724
0.8684539140872172
0.8684539140872172
0.8724236217321502
0.8600680145474725
0.8646178717474879
0.8614848436964702
0.8614848436964702
0.8572514979541357
0.8493449507600975
0.8493449507600975
0.8461364745016076
0.8409452314735475
0.8409452314735475
0.8411618515880096
0.8496231983268968
0.8496231983268968
0.846909966209647
0.846909966209647
0.846909966209647
0.8597822505663587
0.8594391132608931
0.8599325480217193
0.8507262387248934
0.8017497380269206
0.8157017358660521
0.8153501922222118
0.8153501922222118
0.8166628689491916
0.8090913133821566
0.8090913133821566
0.7936891653483945
0.7936891653483945
0.7999156881155948
0.7999156881155948
0.7989270973989642
0.7992060899984142
0.7892839242943513
0.7892839242943513
0.7852544028241949
0.7886131310047712
0.7849587702585855
0.7849587702585855
0.7771619051690521
0.7775692432268266
0.7775692432268266
0.7775692432268266
0.7854617652080487
0.7929402353660862
0.8017085285497224
0.8039999588894228
0.8081965361144338
0.8081965361144338
0.7861330610809968
0.7845088122433941
0.7886540343831243
0.7675357119789714
0.7666153623811963
0.7663830707183992
0.7751951845485869
0.7780181227023327
0.7791274747415462
0.7755250165053039
0.7755250165053039
0.7708541646148616
0.7868900706598434
0.7852150495710104
0.7889245770209113
0.7917124042461897
0.7917124042461897
0.7917269218875931
0.7941347928249513
0.7947131587615824
0.7947131587615824
0.7942331252879266
0.7895125471687706
0.812762636086363
0.812762636086363
0.8082840058522577
0.8090927734938306
0.8431699594288103
0.8431699594288103
0.8465378564328454
0.8513884936729741
0.8508460671322337
0.8508460671322337
0.8473311120908403
0.8473311120908403
0.8460492974355847
0.8290753001141504
0.8469854360972464
0.8530697712491129
0.8530697712491129
0.8616408135222783
0.8650307129728974
0.8665008314224113
0.8634737640302051
0.86262618485239
0.8540013885673163
0.8480191958427605
0.8480191958427605
0.8498532530814792
0.8546227864397768
0.8624290864497934
0.864651895289466
0.864651895289466
0.8620526113039072
0.8620526113039072
0.827829903453654
0.827829903453654
0.8190459405607576
0.8185529162417031
0.8191059473434656
0.8184867859307283
0.820051112887372
0.806771634421828
0.806771634421828
0.7976036038494647
0.80157305768508
0.7962256557215822
0.7838874459303657
0.785089755215375
0.785432875916739
0.787881525405992
0.787881525405992
0.7688706437771806
0.7688706437771806
0.7686900933263492
0.7800728073721048
0.7802963022274328
0.7875186212726495
0.7793999063403828
0.7703463450170358
0.7677980803095454
0.7686378015934366
0.7669040549606424
0.7698407392771901
0.7709088756058631
0.7809649304031834
0.7828894729239251
0.7762061408181431
0.7751655362772376
0.7734952246863589
0.7737532784502509
0.7674196546111958
0.7674196546111958
0.7664570939230555
0.7664570939230555
0.7622412632077642
0.774104700877314
0.7699054220070088
0.7699054220070088
0.7699054220070088
0.7677415655374239
0.7656946486320221
0.7656946486320221
0.7656946486320221
0.7672140555462201
0.7670559731422619
0.7672962342328835
0.7407020961263139
0.7500912224655724
0.7517700387939259
0.7556442966690045
0.7583804062244999
0.7531838524763528
0.7531838524763528
0.7556096997692564
0.7535923078650038
0.7607547966518216
0.755941671834863
0.755941671834863
0.7586063472176956
0.7586063472176956
0.7604750169259369
0.756024100860473
0.756024100860473
0.7561164347569265
0.7568225077509623
0.7555133218587533
0.7555133218587533
0.7550398320341768
0.7458595785017916
0.7426388719346456
0.7256411571604231
0.7250625073678153
0.7269537253581639
0.7175808085563713
0.7190513996436994
0.7196542906118517
0.7175776942166823
0.7175776942166823
0.7279185373524122
0.7303536746505126
0.7327396559140945
0.7066959601992271
0.6925518434981965
0.6922032418482041
0.690769217101195
0.6986820775628255
0.6916508237727713
0.6927584524891798
0.6997170479010776
0.7075340546865113
0.7046440807188198
0.7142731809152846
0.7142731809152846
0.7223225059941661
0.7205675582341786
0.718174325937776
0.7106702622971784
0.7135774881307929
0.7135774881307929
0.7135774881307929
0.7183189064646698
0.7213058214629207
0.6871838383834731
0.6858090525563614
0.6858090525563614
0.6858090525563614
0.7038239457980416
0.7033777890640079
0.6999743524856207
0.6999743524856207
0.68800293871253
0.6883032729292962
0.6891633256746936
0.6891633256746936
0.6940289047731779
0.6955602603225278
0.7139092489457357
0.7139092489457357
0.7062611188401056
0.7062611188401056
0.7008394841714578
0.7028078680372519
0.7074436829874797
0.7007077741987577
0.6814938662063289
0.6814938662063289
0.6814938662063289
0.6814938662063289
0.6776263867546835
0.6819795030415065
0.6835021891210686
0.6835021891210686
0.6837769141818828
0.6841407653500503
0.6844966145284787
0.6844966145284787
0.6844966145284787
0.684797159148636
0.6817730358859279
0.6817730358859279
0.6817730358859279
0.6817730358859279
0.6823803054468577
0.6823803054468577
0.6823803054468577
0.675892109234257
0.6797109932226764
0.6810170466574599
0.6810170466574599
0.6630131044816971
0.6607077777723429
0.6599380410108381
0.6733366151039581
0.6804731122098151
0.6803401092090617
0.6773109604297164
0.6836351139160562
0.6937728417030714
0.6941722041854297
0.6941722041854297
0.6880532834907933
0.6880563680800831
0.6767786214057943
0.6767786214057943
0.6620440144197774
0.6454186674905859
0.650889781199303
0.650889781199303
0.6279857923596851
0.610733248309376
0.610733248309376
0.6322512643446233
0.6322512643446233
0.6322512643446233
0.6285471221442036
0.6302543648970692
0.6252678715609038
0.6165952302679115
0.6142365889673536
0.6142365889673536
0.6159067121887568
0.6098173753777568
0.6098173753777568
0.5894240747200722
0.5922102560716842
0.6045459905911087
0.6038537255277775
0.5896789615594329
0.602320689678843
0.5990815589920313
0.5933292513089762
0.5933292513089762
0.5932919986460301
0.6024302381432899
0.6038295050360125
0.6072239615658506
0.6170105245916575
0.6223031549586583
0.6210647886976679
0.6187048374986304
0.6197384628129432
0.6197384628129432
0.6304673550334765
0.6304673550334765
0.6316105854547168
0.6345591352471404
0.6343983612207421
0.6292885527373591
0.6292885527373591
0.6292885527373591
0.6247626704546553
0.6223695727924893
0.6222416911899645
0.6353504736852559
0.6337956977658417
0.6337956977658417
0.6337956977658417
0.6621861384209459
0.6845063211185433
0.6845063211185433
0.6844582936087911
0.6889568379205663
0.6918537957997937
0.6918537957997937
0.6918537957997937
0.6918537957997937
0.6976313812546135
0.6974450893577426
0.6773939988418951
0.6741647345415075
0.6735270723313037
0.6713475353310493
0.6721488628241175
0.659064870047726
0.6561854040399704
0.6561854040399704
0.6549717756230484
0.6576136054441901
0.657623175107325
0.6632809985003515
0.6632809985003515
0.664878103370094
0.6634361596077389
0.6634361596077389
0.6634361596077389
0.6634361596077389
0.6613250856628999
0.6613250856628999
0.6591099283732624
0.6501734307151594
0.656395370336862
0.656395370336862
0.6510475545779553
0.6512897979287712
0.6512897979287712
0.6456854697443332
0.6403917007653697
0.6502171573721064
0.652905905313337
0.6539430458436661
0.6478737583116084
0.651919136640135
0.648329172243828
0.6552998125796191
0.6689269595331139
0.6671995169389995
0.6841538228299746
0.6621379841582227
0.6621379841582227
0.6658246878124042
0.6658246878124042
0.6636864656910496
0.6396161702240858
0.6391280371278019
0.6454775931659641
0.6394670847484459
0.6397256864177899
0.6397256864177899
0.6385449727173779
0.628674470909285
0.639910557611146
0.6371150032387262
0.6368276640243306
0.6402742796363065
0.6539893815769051
0.6539893815769051
0.6627901370413329
0.6679457543587441
0.6682183248179814
0.6708886504272215
0.6683310758938066
0.677196540843627
0.6768166993313983
0.6759815993893413
0.6614591377834202
0.6656807429369462
0.6632272812516292
0.6632272812516292
0.6464250264142208
0.6338064801193435
0.631156714654444
0.619465229590999
0.6189470593591031
0.6176325191936011
0.6038815216525073
0.6041730985181458
0.6072586633592599
0.6125775797096006
0.6135610382274745
0.6170898753970679
0.6116173040916789
0.6162199943048662
0.6162199943048662
0.6065478783124856
0.6097288103089635
0.6045468664974756
0.6045468664974756
0.6045468664974756
0.6040069669492812
0.5991446520179854
0.6049918438314987
0.5998955716173748
0.5878243603560324
0.5883449659684655
0.5851690929197675
0.585101151198238
0.5788856796039089
0.5761933363993489
0.5748755751655729
0.5650292162615993
0.562373116825897
0.5590021488758886
0.5666517667047627
0.5548415428639379
0.5548415428639379
0.5570565879783546
0.5526158758812647
0.557872449670001
0.5581250073268031
0.5581250073268031
0.5650396981951311
0.5650396981951311
0.5648494791810088
0.5621191053011875
0.5600586856441171
0.5537461390686963
0.5480207476068917
0.5505099553228318
0.5598472509138736
0.5546918070028691
0.5600277016795165
0.5595728460135658
0.5535293696943678
0.5436124483580239
0.5436124483580239
0.5449854244749159
0.545008346490727
0.5347451794996136
0.5320084605461208
0.5320084605461208
0.532477947558391
0.5319921203765391
0.5311040990045617
0.532305958628511
0.532382370516656
0.532382370516656
0.5320317766433841
0.5421110783220661
0.5405289425046542
0.5412956434572349
0.5304384964028224
0.5216140235313772
0.5224505277024796
0.5224505277024796
0.5293917124877764
0.5225999662757854
0.5225637984550902
0.5207187576847607
0.5207187576847607
0.5207187576847607
0.5242133203633896
0.5256591015649441
0.5143893947844488
0.5191577750647122
0.524359884234332
0.5359430541368446
0.5292175816281515
0.5292175816281515
0.5292175816281515
0.5300345316359106
0.5348224810031783
0.5357429952745612
0.5357429952745612
0.536401580513321
0.5361073348512033
0.5320440738156212
0.5384975555904342
0.5386522096744893
0.5378625558756979
0.5378625558756979
0.5120509458783621
0.5214493765230092
0.5220597490835628
0.5220597490835628
0.5220597490835628
0.5221697350940553
0.5250579825431
0.522317902375988
0.5189503504749039
0.5204959064402656
0.5204959064402656
0.5341092752362581
0.5341092752362581
0.5341092752362581
0.5383356181086363
0.5383356181086363
0.5388263845692581
0.5378941523255595
0.5398720201318605
0.5398720201318605
0.5270298086838053
0.5317347359267723
0.516433806211584
0.516433806211584
0.5153367120700343
0.5153367120700343
0.5153367120700343
0.5153367120700343
0.5101433079008442
0.5101433079008442
0.5119865388684595
0.5255007270007026
0.5305678916571762
0.519897673925149
0.5198150311127016
0.5152713615650902
0.5281841084049792
0.530423979444926
0.5304574793803697
0.5304574793803697
0.5304574793803697
0.5253798858285708
0.5259506516630574
0.529199398711451
0.557659020295861
0.5522739520506729
0.5555109777952436
0.5561399069211234
0.550582878225977
0.550582878225977
0.5415507790291566
0.5401791336401184
0.5546942654934245
0.5546942654934245
0.5548550788215378
0.5573817601404379
0.5573817601404379
0.5573817601404379
0.5573817601404379
0.5573817601404379
0.5573676283950593
0.5596725450441176
0.5596725450441176
0.5569686936247741
0.556134855263191
0.5582684361438505
0.5549073450023008
0.5605506051206718
0.5619599642968713
0.5619599642968713
0.5619599642968713
0.5549563290573118
0.5499896729027127
0.5416187619349615
0.5443401691202853
0.5421149543216012
0.5391065049587733
0.54357149986544
0.54357149986544
0.5333415222349939
0.5332159183001108
0.5363189498979454
0.5363189498979454
0.53709556526691
0.5335545120063665
0.5314928543834448
0.5400714283222525
0.5309968260005642
0.5309968260005642
0.5304947155593316
0.5364495059388109
0.5326700505680163
0.5326700505680163
0.5389173610098729
0.5389173610098729
0.5275580117802655
0.5275580117802655
0.5275580117802655
0.5275580117802655
0.5287719623501227
0.5274789851226425
0.48426107949563807
0.4821627836363502
0.49844557948741613
0.4983180325561384
0.4983180325561384
0.4936647769227954
0.49348024452552397
0.49950067515859436
0.49980925095257206
0.4998870065893367
0.5061334135146592
0.5069410040992053
0.5029771601866452
0.5000898980432031
0.48180451604403857
0.48180451604403857
0.4841229703812252
0.48052364780344137
0.48052364780344137
0.483854314414732
0.4838707668759701
0.4840961736135455
0.4819977671993639
0.4791433461535928
0.47847708329278155
0.4607174900586792
0.4602194599706532
0.4602194599706532
0.46102435786605933
0.45980669053764617
0.45586553113647693
0.45586553113647693
0.45594318567662984
0.4683578214535199
0.46391993075252336
0.46391993075252336
0.46391993075252336
0.46659356940099567
0.4500579303301984
0.4500579303301984
0.4417818402580988
0.4417818402580988
0.4417818402580988
0.45479171881425645
0.45479171881425645
0.44638241376824406
0.44576632471682043
0.44576632471682043
0.4464074656124554
0.43802667126076245
0.4499587243889791
0.4480272162064895
0.44809291866676887
0.44631497096151457
0.44631497096151457
0.43341855740872814
0.4334546127984144
0.4334546127984144
0.42962286602747496
0.42950638191362056
0.42960976581741683
0.42833893214020835
0.4259953922140247
0.4259953922140247
0.4259953922140247
0.4307972608237089
0.4254148222978691
0.42540198166302934
0.42540198166302934
0.4298579900870646
0.4298579900870646
0.431982145866153
0.431982145866153
0.4217823788646948
0.4353776529666303
0.4280718951864763
0.42815929082698145
0.4239975314272781
0.41534768975517655
0.41507647209882176
0.4153210318258663
0.41759003841574194
0.42185621883455343
0.42179478564789574
0.42179478564789574
0.41662178038172215
0.4167661028622382
0.41466449544596223
0.4060233958933
0.406561047391471
0.40440991583687663
0.4080838942543833
0.4074419009211006
0.40326418469601516
0.4042142847391959
0.40885366820094443
0.40864935512188166
0.4056792372001896
0.41846336196686246
0.4192005300140775
0.4130665101548364
0.41233864500844286
0.4232520104440349
0.42507908470358563
0.4316554802484762
0.43638512094984155
0.4322061157923596
0.41563679952657406
0.4160805320333372
0.4169014514970839
0.41547704085734205
0.4266155359681578
0.41303038424511157
0.41219495717091803
0.43381975976338294
0.4294625050364194
0.4191745457647816
0.4199646643455289
0.4180658018326283
0.4245259806136039
0.4218656322510188
0.42163261807929026
0.42128653421808504
0.4211453072266777
0.4331448263172908
0.43297621655247354
0.4312822811030093
0.4370352502852181
0.44837450589968963
0.44956952611983164
0.46695856172069744
0.4662092225358275
0.4783393323368334
0.47775951419497
0.4559118440770131
0.4601272588127195
0.44444185709902123
0.4374572961677336
0.43490518246097026
0.4357503455481831
0.4397784419857227
0.43382123668004563
0.4300176187820519
0.42149984192284007
0.4219556293398569
0.43335117789861344
0.436692489709831
0.4316882290366224
0.4401886405621369
0.4401886405621369
0.4401886405621369
0.4474873414797821
0.4347509539095122
0.40564952018683004
0.40330491249719713
0.40330491249719713
0.40893887281693736
0.40699669091521007
0.40359551212201494
0.4030570115790116
0.4030570115790116
0.4036926903512058
0.4036926903512058
0.404656555643458
0.404656555643458
0.40449445400547607
0.40425131133252584
0.41560704058634523
0.4180603888184347
0.4197222276617791
0.4204621949279141
0.4352342091050794
0.4372168818457102
0.4374451861948539
0.4399266719455339
0.4469288824555901
0.44636326606274546
0.44636326606274546
0.44636326606274546
0.44341327626611593
0.4467040335101975
0.4467040335101975
0.4499944448772624
0.4475295171869435
0.4436903901299752
0.4487128209170213
0.44841141904875925
0.444188975178435
0.444696080144818
0.4468328639062494
0.4468328639062494
0.44519976417882934
0.46559899733568016
0.46724908699015333
0.47148402446379883
0.4694397508581682
0.4694397508581682
0.47335774612904735
0.4728684431656419
0.4879504405006939
0.48793776460324917
0.48793776460324917
0.48793776460324917
0.4881056037964099
0.4881056037964099
0.496024323046138
0.4947590155714675
0.4947590155714675
0.4939279532518437
0.4939279532518437
0.49285464570700527
0.48406676389120534
0.48403361730235317
0.48403361730235317
0.48403361730235317
0.49757482810646925
0.4872901468992971
0.4848856208525506
0.48442300803472804
0.47868211177763936
0.47390749644320534
0.4846690124888667
0.4846690124888667
0.47770063836644644
0.46952377296965564
0.4733044335119065
0.4733044335119065
0.47235187112845245
0.47469944885903126
0.47023674710314906
0.47016988291347334
0.46847932527385827
0.46931788509136285
0.47826901620995316
0.47826901620995316
0.4646642064356767
0.4646642064356767
0.46365410453147005
0.46365410453147005
0.4605073071829755
0.4606668483522349
0.4606668483522349
0.44979232339552605
0.45279117118797896
0.4537607025280675
0.44100156103907145
0.44100156103907145
0.44100156103907145
0.44100156103907145
0.43632655316494157
0.4379943100031334
0.44378421496396225
0.4456305277814329
0.4482995516978023
0.4429407581725208
0.4403678334939702
0.4364186141180808
0.43532974229051086
0.43532974229051086
0.4375160033721549
0.43383938127700583
0.4326698597045864
0.43777458367646854
0.4340064451309364
0.43147344631155454
0.434742619133537
0.434458974068688
0.43746295923182865
0.436865930801192
0.43301405793322334
0.4427592814211769
0.4428491587351389
0.4416697126508878
0.4416697126508878
0.43889729182304743
0.4319942922282616
0.4317973172990897
0.4318595476060528
0.4319505291950977
0.42635802312345783
0.4265114387774786
0.43797254120817525
0.43797254120817525
0.43526699463311475
0.43494711873517117
0.43494711873517117
0.43532914901607833
0.4509253452816653
0.45174532350018953
0.4504324435945692
0.4504324435945692
0.4504324435945692
0.44775183192285556
0.44775183192285556
0.44775183192285556
0.44775183192285556
0.44778026754936623
0.4399055955767323
0.433349057911794
0.4337597918301713
0.4337597918301713
0.43811569649257276
0.43811569649257276
0.4413417687401747
0.43975773258601764
0.44100558147407276
0.4326884745364201
0.4280869182442599
0.4280869182442599
0.4280869182442599
0.4280869182442599
0.4300753060856511
0.4279866924840747
0.4307482141998863
0.44064515996997516
0.43599769773521124
0.4380068030329893
0.4380068030329893
0.4436339026520912
0.4424440084083315
0.4445741854674808
0.4544629407722652
0.454258843489441
0.45705273806892494
0.45705273806892494
0.4494795320653791
0.4481817707539535
0.4497611861293578
0.4497611861293578
0.44519392870222463
0.44412374099604585
0.4338059906478771
0.43634593069888716
0.42187845496679754
0.42604038444592335
0.42109213095126485
0.423134125326025
0.4111827935756857
0.4111827935756857
0.4106636722434268
0.3939215266906338
0.3939215266906338
0.3939215266906338
0.3990661391359958
0.4050660232469734
0.4018790133265301
0.4018790133265301
0.40859535731078206
0.4075761837008966
0.4093218147288166
0.4093218147288166
0.4093218147288166
0.4093218147288166
0.4093218147288166
0.4093218147288166
0.39957453854749825
0.40313867737413767
0.3745449221025192
0.37562832133248525
0.37562832133248525
0.37306123685542314
0.37306123685542314
0.35357358193857535
0.3571832361389964
0.35254696977841943
0.35254696977841943
0.3508394443972693
0.36640569973543
0.36640569973543
0.3653532027543384
0.3595401278198376
0.3579424551257251
0.346674086405969
0.35103484338454183
0.35103484338454183
0.35103484338454183
0.35103484338454183
0.3610707910089547
0.35021055942958296
0.3514194171276036
0.34640265428373995
0.34353029909098687
0.3451109207909286
0.3451109207909286
0.3451109207909286
0.3451109207909286
0.3444986370664269
0.34610534119354974
0.34610534119354974
0.34685873517316573
0.3433900999531964
0.344541105553292
0.344541105553292
0.3462045514371551
0.35011752377090716
0.3469030615662587
0.34716331993296484
0.35150676217162546
0.35364910612391404
0.35549076035154387
0.3614749860664254
0.3614749860664254
0.3520065034101691
0.344155220172396
0.344155220172396
0.344155220172396
0.344155220172396
0.33800530175564797
0.33799888566099945
0.3498630194929233
0.3492960193738533
0.3492960193738533
0.35047354260021746
0.3532153033096518
0.3532153033096518
0.3335042448206746
0.3335042448206746
0.3335042448206746
0.3335042448206746
0.3335042448206746
0.3335042448206746
0.3335042448206746
0.3373805072977424
0.3381376541834934
0.3360746709245282
0.3360746709245282
0.3327085105595653
0.33282651267326513
0.34131886627000724
0.34133598856057745
0.3452707113601694
0.3396028035218174
0.3396028035218174
0.3467054102304798
0.3471241518756599
0.3471241518756599
0.3449074415562821
0.34295394370726884
0.33647314792836486
0.33647314792836486
0.33647314792836486
0.33928150411086944
0.34569147929246263
0.3408547758451273
0.3426414781430366
0.34373701664626266
0.34688054650876343
0.34768421818984246
0.34768421818984246
0.3446047439471064
0.34350224392384116
0.3464563730025242
0.3464563730025242
0.3464563730025242
0.3458091604936685
0.3439282228810713
0.33859436791486325
0.33859436791486325
0.33859436791486325
0.3366154714203618
0.3363545718930895
0.3352561555997254
0.3352561555997254
0.3352561555997254
0.3354427182299011
0.3354427182299011
0.33592112449142275
0.3369988018376525
0.3201669878820908
0.3210080825513813
0.32374020664185366
0.3311981743402863
0.33131813189926285
0.321316275605047
0.321316275605047
0.32441510631758763
0.3260402833263352
0.3117017707628044
0.31260154847386046
0.3103316984629442
0.30750310204437775
0.3075581800284694
0.30379438440539835
0.30379438440539835
0.30617149411596417
0.3126246962048837
0.3126246962048837
0.31176305659960096
0.31061907779063974
0.3129549582464797
0.3129549582464797
0.31387833776788904
0.311765585208703
0.311765585208703
0.311765585208703
0.311765585208703
0.310387689727685
0.3113489034184713
0.3113489034184713
0.31760268574375516
0.3185794500971154
0.3185794500971154
0.31572952044063013
0.31572952044063013
0.314955756415754
0.30989207253937234
0.3095415535022813
0.3095415535022813
0.30473402386445925
0.30207348450369403
0.30207348450369403
0.30207348450369403
0.3070933979254624
0.3070933979254624
0.3072040278849042
0.3072040278849042
0.3077737136153993
0.3077737136153993
0.30359997793262283
0.30471791941744886
0.2917710642752522
0.2917710642752522
0.27812669671971835
0.27812669671971835
0.27750828708280906
0.2881734302139014
0.2947295216698877
0.30232077995302165
0.3044548043744652
0.3044548043744652
0.29474761636549573
0.2969299908282957
0.29789998624262676
0.29789998624262676
0.29789998624262676
0.29140025902528105
0.29140025902528105
0.2988494877022337
0.2988494877022337
0.2988494877022337
0.3080325270994002
0.3080325270994002
0.30624117140024837
0.3135588363758909
0.31276842554891593
0.31249166205058054
0.32292348722007086
0.3170843015673417
0.3170843015673417
0.3170843015673417
0.31468955124706194
0.31681672052790527
0.3345474000334385
0.3313322462169294
0.3316183646504338
0.3316183646504338
0.3316183646504338
0.3111375339658078
0.3113031114441299
0.3165534029461812
0.3231819420526545
0.3171622017246547
0.3171439036659468
0.3158475195483264
0.3158475195483264
0.3140282166106686
0.3140282166106686
0.3140282166106686
0.3140282166106686
0.3140282166106686
0.3055269905273184
0.30871693606847683
0.30871693606847683
0.30871693606847683
0.30871693606847683
0.30871693606847683
0.3138355490319111
0.3187420770091944
0.3131960510916306
0.3131960510916306
0.3143760315100938
0.30913668821453255
0.30913668821453255
0.3022086502741031
0.3022086502741031
0.3034805702831322
0.3034805702831322
0.3059415552688157
0.303764635811818
0.29424491441629014
0.31482263486944
0.31482263486944
0.31439340921619635
0.31281163362987063
0.31281163362987063
0.3112315454986557
0.31069425807896833
0.30532944659459865
0.30532944659459865
0.30532944659459865
0.3083989898413759
0.30709730846311384
0.29600308472879505
0.29600308472879505
0.29680368346241376
0.29862215685095034
0.308082146385891
0.3101844734492864
0.3097918213452501
0.3001582114052377
0.3001582114052377
0.2940599097543963
0.2910655089902043
0.2854699945191652
0.28673296298643786
0.28673296298643786
0.286609998432686
0.2865988436792801
0.28363318866675663
0.28363318866675663
0.28363318866675663
0.28062339200156006
0.2838126532789218
0.2834001010899302
0.2877302326154198
0.2877302326154198
0.2878265930699045
0.2866451008956727
0.2806299429854604
0.30398649141918715
0.3165660194340487
0.3126704014074226
0.3169744254717062
0.3126849307874542
0.3108276145171856
0.3109529184907594
0.31053540905890037
0.31053540905890037
0.31243240632701735
0.32150747601649987
0.32150747601649987
0.3176822994490029
0.3176822994490029
0.3176822994490029
0.29567147273584915
0.2932515210377945
0.30245771890320583
0.30245771890320583
0.29580930522129967
0.2955238848540039
0.2913063835810145
0.2913063835810145
0.2913063835810145
0.29287490552451884
0.29287490552451884
0.29234343954269304
0.29234343954269304
0.2925443204860599
0.2925443204860599
0.2894842855054711
0.2894842855054711
0.2894842855054711
0.2861202107234249
0.2860856388473251
0.2850085951230791
0.2940775251152657
0.29846655201051986
0.29844347608741123
0.29844347608741123
0.3023547526770623
0.305025362048095
0.305025362048095
0.293529223841198
0.2943199536153226
0.29331859452535325
0.29331859452535325
0.29331859452535325
0.29331859452535325
0.29220284623911164
0.2970994511389396
0.3067523633896539
0.3058358876491112
0.31640575716368646
0.3035185548220313
0.3035185548220313
0.30072996556998055
0.29103341324072024
0.29103341324072024
0.29103341324072024
0.2894732122768359
0.2894732122768359
0.29065825048238375
0.2866656302321406
0.2967166600650442
0.297397855746185
0.297397855746185
0.2869122518502981
0.28476343368374113
0.28476343368374113
0.2856210744835258
0.2855163395213383
0.2849350328288658
0.2849350328288658
0.2849350328288658
0.2890686255191883
0.2890686255191883
0.28738859224307445
0.281810770324996
0.27923263991359404
0.27923263991359404
0.2796955783355507
0.26138182960631057
0.251232432433494
0.251232432433494
0.251232432433494
0.27005371704627457
0.2688510833660617
0.26601880483312346
0.26601880483312346
0.26476418297453763
0.26476418297453763
0.26476418297453763
0.26476418297453763
0.26476418297453763
0.2514591568261246
0.2514591568261246
0.2537129349648374
0.2537129349648374
0.2537129349648374
0.2537129349648374
0.251689471674094
0.24586752005226792
0.24586752005226792
0.24586752005226792
0.24586752005226792
0.24586752005226792
0.25143109137786185
0.2563837144212152
0.25601126333981983
0.25443833745985023
0.25443833745985023
0.2448114981216638
0.2448114981216638
0.24677039053097413
0.2430083798249927
0.24253975684994433
0.24253975684994433
0.24458087940873638
0.24325215452361218
0.25000793262539184
0.25000793262539184
0.2517845346105693
0.25353840123832483
0.25301069805282794
0.25473022748065266
0.25473022748065266
0.25146384366460595
0.25146384366460595
0.25146384366460595
0.25146384366460595
0.25146384366460595
0.25146384366460595
0.25289068554744026
0.25289068554744026
0.25289068554744026
0.25680764539699097
0.25680764539699097
0.26157496969655847
0.26157496969655847
0.25831676408613957
0.25831676408613957
0.269359679972278
0.2682052976530591
0.26533902424798
0.26837614629502327
0.253748080634083
0.24537776838283562
0.2443899874644454
0.2443899874644454
0.2514504398259365
0.251409720689984
0.2546156265656048
0.2529310307073327
0.24243445077887893
0.24203293665187986
0.24203293665187986
0.2411208669942639
0.2411208669942639
0.2411208669942639
0.23989691513643283
0.24286168024669869
0.24062093535388088
0.24062093535388088
0.24066214397509456
0.24066214397509456
0.24093442939708562
0.24093442939708562
0.2373947349287172
0.2373947349287172
0.23709947484344013
0.23709947484344013
0.23241624972923888
0.2351907869903469
0.2295702953913438
0.2295702953913438
0.2295702953913438
0.2295702953913438
0.2295702953913438
0.2252426157907351
0.2252426157907351
0.2252426157907351
0.2252426157907351
0.22193977203961465
0.22193977203961465
0.22069827217815263
0.2203655810228848
0.2203655810228848
0.21794682433550996
0.21794682433550996
0.21395817932538924
0.21395817932538924
0.21196250508981868
0.21462942622611933
0.21462942622611933
0.21462942622611933
0.2094830372384823
0.2094830372384823
0.2094830372384823
0.2094830372384823
0.2094830372384823
0.2094830372384823
0.2094830372384823
0.2094830372384823
0.20902901752415498
0.20902901752415498
0.20493059980747086
0.20493059980747086
0.20493059980747086
0.20477973369701397
0.20477973369701397
0.20477973369701397
0.20477973369701397
0.20477973369701397
0.20477973369701397
0.20477973369701397
0.20477973369701397
0.20477973369701397
0.20477973369701397
0.20477973369701397
0.20477973369701397
0.20477973369701397
0.20477973369701397
0.20477973369701397
0.20477973369701397
0.20477973369701397
0.20477973369701397
0.20477973369701397
0.20477973369701397
0.20477973369701397
0.20477973369701397
0.20477973369701397
0.20477973369701397
0.20477973369701397
0.20477973369701397
0.20477973369701397
0.20478636412546256
0.20478636412546256
0.20478636412546256
0.20478636412546256
0.20478636412546256
0.20478636412546256
0.20478636412546256
0.20478636412546256
0.20478636412546256
0.20478636412546256
0.20478636412546256
0.20478636412546256
0.19633636709078398
0.19633636709078398
0.19415516867301708
0.19415516867301708
0.19415516867301708
0.19415516867301708
0.19415516867301708
0.17455657406952554
0.17455657406952554
0.17455657406952554
0.1751970890232514
0.1751970890232514
0.172833529839364
0.172833529839364
0.172833529839364
0.172833529839364
0.172833529839364
0.172833529839364
0.15134324195523605
0.15134324195523605
0.12450465036412861
0.12450465036412861
0.12450465036412861
0.11359506016747042
0.11359506016747042
0.11359506016747042
0.11359506016747042
0.11144100220505516
0.11144100220505516
0.11144100220505516
0.11144100220505516
0.11074915432649815
0.11074915432649815
0.11074915432649815
0.11074915432649815
0.11074915432649815
0.11074915432649815
0.11074915432649815
0.11074915432649815
0.11074915432649815
0.11074915432649815
0.11074915432649815
0.11074915432649815
0.11074915432649815
0.11074915432649815
0.11066986679130303
0.11066986679130303
0.11026671900026651
0.11026671900026651
0.11026671900026651
0.10577684830028619
0.09282376716978312
0.09282376716978312
0.09282376716978312
0.0882621267101076
0.0882621267101076
0.0882621267101076
0.08713406652560318
0.08713406652560318
0.08713406652560318
0.0788637284554531
0.0788637284554531
0.0788637284554531
0.0788637284554531
0.0788637284554531
0.0788637284554531
0.07947405184575505
0.07472600509523525
0.07472600509523525
0.07472600509523525
0.07472600509523525
0.07472600509523525
0.07472600509523525
0.07472600509523525
0.07472600509523525
0.07472600509523525
0.07472600509523525
0.07472600509523525
0.07472600509523525
0.07472600509523525
0.07472600509523525
0.07472600509523525
0.07459836411073056
0.07459836411073056
0.07459836411073056
0.07459836411073056
0.07459836411073056
0.07459836411073056
0.07459836411073056
0.07459836411073056
0.07459836411073056
0.07459836411073056
0.07459836411073056
0.07459836411073056
0.07783727381166076
0.07783727381166076
0.07783727381166076
0.07783727381166076
0.07783727381166076
0.07783727381166076
0.07783727381166076
0.07783727381166076
0.07783727381166076
0.07783727381166076
0.07783727381166076
0.07783727381166076
0.07783727381166076
0.07609832048138565
0.07609832048138565
0.07609832048138565
0.07609832048138565
0.07609832048138565
0.07609832048138565
0.07609832048138565
0.07609832048138565
0.07609832048138565
0.07609832048138565
0.07609832048138565
0.07609832048138565
0.07609832048138565
0.07609832048138565
0.07212573801583673
0.07212573801583673
0.07212573801583673
0.07212573801583673
0.07212573801583673
0.07212573801583673
0.07212573801583673
0.07212573801583673
0.07212573801583673
0.07212573801583673
0.07212573801583673
0.07212573801583673
0.07200002773012505
0.07200002773012505
0.07038392438770108
0.07038392438770108
0.07038392438770108
0.07038392438770108
0.07038392438770108
0.07038392438770108
0.07038392438770108
0.06969827897258664
0.06969827897258664
0.06969827897258664
0.06969827897258664
0.06969827897258664
0.06969827897258664
0.06969827897258664
0.06969827897258664
0.06969827897258664
0.06969827897258664
0.06969827897258664
0.06969827897258664
0.06969827897258664
0.06969827897258664
0.06969827897258664
0.06969827897258664
0.06934763873143791
0.06934763873143791
0.06934763873143791
0.06934763873143791
0.06934763873143791
0.06934763873143791
0.06934763873143791
0.06934763873143791
0.06934763873143791
0.06934763873143791
0.06934763873143791
0.06934763873143791
0.06934763873143791
0.06934763873143791
0.06934763873143791
0.06934763873143791
0.06934763873143791
0.06934763873143791
0.06934763873143791
0.0695836243917649
0.0695836243917649
0.0695836243917649
0.0695836243917649
0.0695836243917649
0.06914200793731853
0.06914200793731853
0.06914200793731853
0.06914200793731853
0.06914200793731853
0.06914200793731853
0.06914200793731853
0.06914200793731853
0.06950388023421698
0.06950388023421698
0.06950388023421698
0.06950388023421698
0.06950388023421698
0.06950388023421698
0.06950388023421698
0.06950388023421698
0.06950388023421698
0.06950388023421698
0.06950388023421698
0.06950388023421698
0.06950388023421698
0.06950388023421698
0.06950388023421698
0.06950388023421698
0.06950388023421698
0.06950388023421698
0.06916027225886597
0.06916027225886597
0.06916027225886597
0.06916027225886597
0.06916027225886597
0.06916027225886597
0.06916027225886597
0.069350983942773
0.069350983942773
0.069350983942773
0.069350983942773
0.069350983942773
0.069350983942773
0.069350983942773
0.069350983942773
0.069350983942773
0.069350983942773
0.069350983942773
0.06762770013346256
0.06762770013346256
0.06762770013346256
0.06762770013346256
0.06762770013346256
0.06762770013346256
0.06762770013346256
0.06762770013346256
0.06762770013346256
0.06757761340624542
0.06757761340624542
0.06757761340624542
0.06757761340624542
0.06757761340624542
0.06757761340624542
0.06757761340624542
0.06757761340624542
0.06757761340624542
0.06757761340624542
0.06653375907366568
0.06653375907366568
0.05978210640157434
