1.5834841230752827
1.4509794318185085
1.455365636240516
1.4668298003525702
1.4653565205534258
1.4554740590935895
1.4557444177285135
1.4576674126089275
1.4579228037238132
1.4579962656934382
1.4411203367160945
1.441219147817651
1.4471226032826516
1.4467165272580436
1.446546668939219
1.4477239126735262
1.4464139152471274
1.447806993438806
1.4381402107349117
1.435604656948805
1.4356971337482363
1.4362504508919545
1.4448296439241053
1.4211785337200409
1.4222417586699105
1.4242635927077936
1.4244182793365718
1.420612403071893
1.4091929485060648
1.4146975944047882
1.4145107493929792
1.4134566322935398
1.407091681527393
1.400020082774175
1.4047279583926038
1.4105452252496569
1.399016487789866
1.3998163802541201
1.3762645765389399
1.3707685320313339
1.3699671425540771
1.3821275727881586
1.3903932611300913
1.3806930767517616
1.3862372495653685
1.409536700287905
1.4189216394781452
1.4164649617092402
1.4180326451320557
1.4180326451320557
1.429282481332805
1.4306923525195845
1.431687798740369
1.4392102259259776
1.429871935815575
1.4290750201654048
1.4321136353845232
1.4323388867329905
1.4291487125212408
1.456246166990351
1.4536831424419872
1.4347596686098179
1.439098316557987
1.4397887532283642
1.4410404193192055
1.449307300019524
1.4572213037010997
1.4810462930362818
1.475913441495179
1.4828919117814134
1.4919926073273844
1.4794138290824532
1.4682379714540719
1.476487816922283
1.4792180371010226
1.4696334057272542
1.463948415463185
1.4620305278768337
1.4662500146639772
1.4801838941323502
1.486603945934331
1.487154562252442
1.4831046125314749
1.4869505990695149
1.4837329663609222
1.4764373309846197
1.4649055528249277
1.4664865778274891
1.456940386939821
1.4406026064762225
1.434948379654314
1.4239345779387003
1.4223311182758356
1.4022990788366843
1.3877800352080196
1.4031540465034533
1.4035361729031701
1.3955303427968397
1.3955303427968397
1.3890248815092257
1.3908614000874076
1.3890183582036215
1.3983183151186667
1.4065187936413428
1.4247548808761987
1.4281272126035576
1.4306906671674322
1.434249894286277
1.4278785710877575
1.4204613085203188
1.4186703239265068
1.4033281324058686
1.413750367381906
1.4144400506385244
1.4122966004707493
1.4296048557836256
1.4342101874022195
1.4156345310836145
1.414694391974094
1.4043422567174546
1.3971722501670176
1.4025635531893053
1.3982806100485963
1.385904195081941
1.3913949339050324
1.3749144157137723
1.3847056157454174
1.3772293030255518
1.3874429754901583
1.3811683242234793
1.3923707086956354
1.398592494953372
1.3794395048527108
1.390181282528361
1.396030571111835
1.3944716354953963
1.3944716354953963
1.3884641980241088
1.3755468121099046
1.3642215056308724
1.3620922835030156
1.3636347917915137
1.3695951180646673
1.366602429846816
1.3542754289213519
1.3530826819823119
1.351821742763457
1.3551795801092963
1.368263324618018
1.358418920939989
1.3522516607536137
1.3628481765430522
1.366978716118463
1.3670501131580703
1.367684410331771
1.3626444854331348
1.3613232279739054
1.3784262305516726
1.3784262305516726
1.384917971795172
1.3936317954995359
1.3875262578383045
1.3875262578383045
1.3870168245832901
1.391240311073763
1.389052584796537
1.387429424031473
1.3795744275677728
1.3794025282329192
1.3764555256681374
1.3753446772907736
1.3759642157973375
1.3824163182429692
1.3653080066733287
1.3618593022725876
1.3618593022725876
1.3631289413343062
1.3608597474420305
1.3691581844775458
1.3700187861190654
1.3686682233781577
1.374849745560715
1.3752787501033228
1.3755291032632253
1.3805729539236111
1.381391599429338
1.369496429965592
1.376248994360646
1.3760351158592263
1.3901963973950882
1.4017746698686462
1.3953224551156076
1.3916142128984297
1.3919483787084488
1.3855774927669833
1.3863307453281652
1.3873475171006764
1.3900385505299797
1.3900385505299797
1.3893586342281765
1.3893586342281765
1.3806650209644458
1.3826158837588858
1.3843144609676414
1.3844933496537797
1.3789653136470137
1.3822995516529253
1.38922131916948
1.3897939571087405
1.390835737789968
1.390835737789968
1.399385920113168
1.3957752009325928
1.397182770428881
1.4093341758227664
1.4145472974758755
1.4174399943075122
1.4125286636015197
1.4239692148745553
1.4102942843624797
1.4077192003786743
1.4197314080219416
1.4376014767078023
1.443277799837398
1.443655043853254
1.4453656903859675
1.4530070696751058
1.4593074929892218
1.4720137398102888
1.4681783262572485
1.4570772886821468
1.4660879958074116
1.4660879958074116
1.4563272956551763
1.4583778420445799
1.4593494359265513
1.4555733955997765
1.4450007084199123
1.459181902381932
1.4527828367724753
1.4530507301703999
1.456023469467435
1.4533275941539172
1.4533358195069734
1.4533358195069734
1.463872957012851
1.4668547631617161
1.4376288719591426
1.4593567384781205
1.4588284881075662
1.4695043755127863
1.4791742229224842
1.4647092022916126
1.4634711977692243
1.4570810327053578
1.4653744141607252
1.4532717972171025
1.4522116112430903
1.454211420971869
1.4569629922379674
1.4466327375159262
1.4370567450424854
1.4370567450424854
1.4403942543157258
1.4502476723410114
1.4615509639020496
1.45992296605582
1.4545519627384123
1.4545519627384123
1.4717737149668573
1.4686792895590297
1.4686792895590297
1.4863461809720568
1.49018857679451
1.489610350865191
1.4846376463622522
1.4846376463622522
1.4846547013649354
1.5094927917982504
1.5095877092220078
1.516624411693085
1.5208904498930023
1.5213491245118373
1.5156757721892542
1.510562638442531
1.4986577319005168
1.500081996093256
1.5021074156248635
1.491249049526194
1.4816952602178095
1.47692729631455
1.4573665102842144
1.4573665102842144
1.4700084390186876
1.4593566588560922
1.4544924588763437
1.4527760727536443
1.453579439106024
1.4484486969360015
1.446976676812877
1.4668406557541127
1.4563952433862721
1.454184504611593
1.4507268262391677
1.4652569644023747
1.4564206255318295
1.4675992252913832
1.4629088054422952
1.4638888219398158
1.440522329838338
1.4430998705421978
1.444948448667355
1.4443223767453781
1.4361718503126368
1.444151460373614
1.4477235428370365
1.4399111186035822
1.425103676405628
1.4426864928533174
1.4422138804441516
1.4416120659938554
1.4416120659938554
1.4318186861390834
1.428653554746295
1.428572946189772
1.428572946189772
1.4186747644742408
1.3991492830787988
1.4111007165207956
1.4133129497849155
1.414186940035849
1.4176741082371935
1.417139659963527
1.4138946039561926
1.40972066296832
1.4047999774337225
1.404492045755952
1.4020208410758686
1.4119502891188682
1.412622169132377
1.409992835662161
1.4165416952660859
1.4100836795185048
1.4032366717593767
1.3973900447767522
1.404627591776279
1.4042559692140084
1.4156914874246742
1.4223460254325326
1.4307693430613686
1.4086676579066153
1.4025570030123595
1.398353260654677
1.4062791345982366
1.4040016942544564
1.3995289847483838
1.4024283896552836
1.4046288959447506
1.406318302675209
1.4035735057081746
1.4035735057081746
1.4032133823689543
1.3932958060274692
1.3906854818765402
1.3696733550592515
1.35327132931941
1.3487939212185704
1.3351452442329763
1.3355876689751809
1.3359486813058548
1.3350422075732602
1.338707184777905
1.3043193802243467
1.3104459351876345
1.3287122870995693
1.325910242895891
1.325910242895891
1.311965489528674
1.288782394744119
1.2843392693236508
1.279144331336915
1.2875635368396072
1.279727609761629
1.2777918730715494
1.2777918730715494
1.2827926027829741
1.2932394753063925
1.2810177182247195
1.2988610130103693
1.3024175417412391
1.3067419686406352
1.3011166521529072
1.3084642161237883
1.3034389734646366
1.3047613634455706
1.3037172734381672
1.300924355161015
1.300924355161015
1.2979313360128835
1.2999997559176082
1.2999997559176082
1.3107986607603925
1.3147066955687041
1.321016184424316
1.3255956746760462
1.3385261785123659
1.3281012847602842
1.3317459538126772
1.3261216899082406
1.3334929974766063
1.3407490603824228
1.341199650927295
1.341199650927295
1.3372737092444535
1.3421354076983074
1.331211766323083
1.3273688119495906
1.332910913815465
1.3282003436342398
1.3288160445692743
1.3251104865419367
1.3199878616352472
1.3105645571540951
1.3122378595911461
1.3048169624228394
1.3148832454316701
1.307310275882529
1.2870052917282568
1.2779482575742969
1.2744164218227307
1.2632188157454873
1.2668099649876656
1.273828319951393
1.2699693210042604
1.265619725347884
1.2708497500431053
1.2619431395649883
1.2512139957677033
1.2432852841749067
1.2432852841749067
1.2227065300578963
1.2283962637244832
1.2283962637244832
1.2278595341868226
1.2320683986433179
1.249713509635715
1.2504310186226049
1.259759777571108
1.2650411635389889
1.2581622076992875
1.2527028750765032
1.2547847629361752
1.259794846104813
1.269514470334582
1.281159211880639
1.286723471511209
1.2852783421178922
1.2800180922942657
1.2800180922942657
1.2881571471118987
1.2973570359796534
1.2973570359796534
1.2974246541307404
1.299948496760719
1.2792201167562471
1.2800746626987864
1.2700736688491818
1.2715654524224191
1.2636097339227288
1.260476466988944
1.2534974406947879
1.250943994002716
1.2539818194924293
1.2505994568973944
1.2595874789813044
1.261243554608486
1.2335621166344894
1.2462857389803843
1.2632905816781308
1.2603531263570786
1.2480238978787923
1.25621172186845
1.2499277570710985
1.2405394351435455
1.239403051721468
1.231658144429147
1.2247812824775663
1.2299135729006454
1.218797948427169
1.2186120445356752
1.2024020425742143
1.2023388650226932
1.2023388650226932
1.1973876068017228
1.1911534634686856
1.195739938963385
1.2009512386948133
1.2093915470584133
1.2084961557907759
1.2122840359666922
1.212029219863186
1.2037932112933012
1.2037932112933012
1.2025997859344684
1.2014225661990128
1.2212661678298127
1.2178312298149605
1.2167130100572616
1.2072036359923461
1.2043774528603801
1.2045391616807422
1.1949001441449267
1.193469068543669
1.193469068543669
1.186294375776992
1.1885272013776784
1.1980285857498596
1.1945959732443423
1.1856282250189323
1.1867829174040272
1.2030155875634931
1.187714529066783
1.187714529066783
1.1834504550850795
1.1821371882650182
1.1675579287399553
1.1675579287399553
1.1675579287399553
1.1683643023992
1.1684141005876887
1.1979480140922434
1.2005471427124892
1.199437050828503
1.1945042683031188
1.1946726456046026
1.1655736322555998
1.16901335783665
1.167255667069542
1.1686904928487913
1.1699827503311857
1.1584406143104897
1.1578336491209036
1.1578157520569792
1.1578157520569792
1.15844706601
1.1587160117147854
1.1475059968960708
1.1426395825539064
1.1452453686720958
1.1452453686720958
1.1452690063054616
1.1354635775498503
1.1358002708980977
1.1432217688336062
1.143369204858266
1.1202006295787559
1.1202006295787559
1.097890448170414
1.1015285350431565
1.1015285350431565
1.0873732526800552
1.0890597691706947
1.0827437411907481
1.0879167545157606
1.0879167545157606
1.072980128629723
1.064289338190746
1.0524010325712754
1.0472783498473495
1.04294504393546
1.0458780910736527
1.0460723391587186
1.0495948239173303
1.038380650151139
1.0360201647556149
1.0275611051064824
1.0241344861359276
0.9984046874458926
1.0134821294590346
1.0144325726275951
1.0144325726275951
1.0259108683075455
1.0270074840155554
1.027393681103661
1.0263111571911447
1.031449888799938
1.0240293117676764
1.0196143034308105
1.0196143034308105
1.0357324886225452
1.029554732430727
1.0316745184448797
1.0412361931550713
1.0256795619613575
1.0231711375320787
1.009082821018287
0.9838729032676725
0.9767665985849071
0.9750506948681975
0.9581302446535854
0.9580100272763112
0.9531796795319781
0.9608037835087778
0.9608037835087778
0.9647890250600863
0.9647890250600863
0.9601605217863787
0.9557126052512893
0.9524986555761706
0.9322696167956178
0.9403641514592559
0.9316507972860352
0.9345548714706148
0.9342473759408936
0.9471552960422249
0.9452858041346084
0.9518308612628632
0.9518308612628632
0.9431875444038297
0.9441937037291678
0.9448776997087811
0.9448776997087811
0.9386450604525494
0.9343478147222402
0.9210891584669246
0.9367532581971397
0.9383763380933716
0.9455595710674031
0.9455595710674031
0.9555071912662982
0.9519345686467057
0.9557319684845654
0.9555587211553519
0.9471713006629243
0.9569834464775387
0.9637318513079886
0.9637318513079886
0.9657947331040525
0.9733533504118683
0.9733533504118683
0.9733533504118683
0.9800277603783417
0.9776343556239862
0.9791436593503307
0.9790545551179974
0.9740056036669263
0.9584309250161767
0.9467354087257951
0.9302060285845666
0.9280129757502729
0.9209915812078351
0.9233131719895245
0.9228655913097643
0.9227454233487066
0.9129598691174093
0.9129598691174093
0.9118811811282198
0.8859742898996188
0.8777242738274901
0.8682314699519346
0.8682314699519346
0.8705349496791989
0.8687739440196118
0.8647318286068404
0.8662318343995511
0.8662318343995511
0.8594325824252932
0.8562472826719608
0.8480398932153237
0.8547529019195265
0.8607917029117498
0.8364524410378782
0.8324321349912839
0.8331059762900962
0.8418476448941674
0.8273204283781835
0.8267222125314934
0.8267222125314934
0.8329501369941673
0.8314787644854675
0.8246259900148694
0.8245828822206344
0.8233962976970397
0.8362888772638987
0.8362888772638987
0.8318460326962304
0.8419050366120577
0.840655240025905
0.840655240025905
0.8388683316996877
0.8361729005925318
0.8446721724723536
0.8446721724723536
0.8366411344625988
0.8255754501624147
0.8326495767057629
0.8051949728560776
0.8023464211493788
0.8032378911030723
0.8038114070728999
0.8026262940256947
0.8315563600973478
0.8252886817352206
0.8252886817352206
0.8168263905701709
0.8215925511256285
0.8277628950477687
0.8249128091676005
0.820232462133453
0.8224164427651985
0.8224164427651985
0.8193235399008498
0.8182524097576199
0.8196319816041051
0.8135780092820369
0.8138579881180488
0.8292237533720729
0.8557534729741628
0.8564832937647455
0.854554443379455
0.8347359628881784
0.8390918606634763
0.8366847878395088
0.8195366526040385
0.8142791481340846
0.8083990208896261
0.8130617863022305
0.8127597919408522
0.8132990969198038
0.7913480974665711
0.7569203552563216
0.7515795995793216
0.7536795673824644
0.7485350320731216
0.748301273817198
0.7515418314980947
0.7465841261609265
0.7405065115242293
0.7409411535504218
0.7430531138190113
0.7317978948303423
0.7316682076146216
0.7275049541826742
0.7224679791285774
0.7224679791285774
0.7210765770929342
0.7208144371444942
0.7314249748356518
0.7313853848541443
0.7363495812280892
0.7439663957504354
0.734292599090196
0.734427242929179
0.7290214141664333
0.7317399864661375
0.7317399864661375
0.7317399864661375
0.7316960518002974
0.7327043301152683
0.7273724499900428
0.7235845944225868
0.7051527255630561
0.7001798009102231
0.6936410392536384
0.6788242114796327
0.6753113238924326
0.6763213405666351
0.6786018322033199
0.6778641052925964
0.6868491363566767
0.6782079556883693
0.6701184151616629
0.6701184151616629
0.6711867645367141
0.6711867645367141
0.6711867645367141
0.6711867645367141
0.6617484415301194
0.6349917116123451
0.6527543641696757
0.6520203231413028
0.6513654241184034
0.648826159356765
0.6617933115691293
0.6646315362189357
0.6564433272709598
0.6564433272709598
0.6564433272709598
0.6562769934353129
0.658851166189187
0.6383750774945695
0.6572276081067419
0.6571533287331939
0.6573410698692209
0.6595495032849549
0.6598774119653338
0.6704404416980538
0.670849576439531
0.670849576439531
0.6715525217482605
0.6791214396430332
0.6847508562312288
0.6896806457715446
0.6950387622505401
0.6968048249742417
0.7032380006289038
0.7021004534789184
0.7008232395360123
0.6971557940881932
0.6784530010078956
0.6778991169496794
0.7021028170013127
0.6964880420552318
0.7025416886430689
0.7025416886430689
0.6877375411467546
0.6877375411467546
0.6855626011153167
0.6835579219773881
0.6895449911901116
0.6843925060985079
0.686131564818549
0.6866415450820514
0.6817977884483266
0.6817977884483266
0.6826205206475056
0.6715568275924098
0.660720779312203
0.6499736099283778
0.6469039767760459
0.6497618982130767
0.6515204931754666
0.6515204931754666
0.6482016165648699
0.6484814444730929
0.6454882975250622
0.6508499828036977
0.6628943804383076
0.6631977390674048
0.6623022067137472
0.662863002516644
0.672343763964608
0.6818059481998467
0.6803588556970529
0.6928394955757075
0.691528373610748
0.6741221439876772
0.6469682437527967
0.658719189760776
0.6749720212594893
0.6749720212594893
0.6684835330171475
0.6780303346471988
0.6752145223533236
0.6752145223533236
0.6593844902144533
0.6501509618536327
0.6505342094572522
0.6483277608541951
0.6347158335736861
0.6346964370004636
0.6341643876076581
0.6337501995345746
0.6337501995345746
0.6280264888306449
0.63017339059721
0.6258166634080341
0.6266466619106854
0.6267579467076988
0.6271723169438302
0.633094179974099
0.6373951659229884
0.6304020401090169
0.6291388769059205
0.6291388769059205
0.628332724776418
0.6295887424946712
0.6365978313255386
0.6368368435692204
0.6367101313755933
0.6365181479179715
0.6365181479179715
0.6366419345426105
0.6377654486295296
0.6371042597494021
0.6371166238947569
0.6379661339060563
0.6402250786805331
0.6402250786805331
0.6190493638592186
0.6224452659934514
0.6224452659934514
0.62154304121619
0.6407500325767975
0.6491485368989584
0.6578361753468932
0.6578361753468932
0.6488540285364998
0.663967324241198
0.6634986045603648
0.6525994443198202
0.6515819000821658
0.6498129979707501
0.6419694225661898
0.6419694225661898
0.6419694225661898
0.6419694225661898
0.6420712995609373
0.6559612168599944
0.6559612168599944
0.6540649014141564
0.6607368014936619
0.6607368014936619
0.6626090393528583
0.6692076621324448
0.6566357235653252
0.655406257220878
0.655406257220878
0.6517793750774412
0.6464105717008156
0.6464105717008156
0.6485263890754099
0.6531931438060364
0.6534338039290941
0.6633236458833504
0.6680689312591033
0.6707057324989678
0.6690403423679252
0.6703716779271205
0.670540021256496
0.6637538666238113
0.6637538666238113
0.6637538666238113
0.6771507139714236
0.6532670144701646
0.6481765448310398
0.647174046494773
0.6461876015466946
0.6379905288673188
0.644579299042941
0.6383991419547251
0.6303616723811879
0.6396503943638256
0.6364006161284579
0.63657512033278
0.640873852707225
0.6263136415387771
0.6269433944147458
0.6317170802305953
0.634532224867556
0.6359860107379365
0.6359860107379365
0.6359688658839494
0.6359688658839494
0.6279113645704006
0.6279113645704006
0.6170974214006893
0.6195171682884548
0.6105275087918874
0.6057415379137387
0.6061784785761756
0.6061784785761756
0.6061784785761756
0.6061445829476123
0.600253567242023
0.6148584633183004
0.6148584633183004
0.6140434539609079
0.6066228827488979
0.606109927789352
0.6065129658097688
0.6063859787790293
0.580360776455371
0.5825804794347045
0.5942149522741338
0.6015601816708875
0.6040214256549222
0.6067458710399944
0.6068606939375224
0.6068572477288127
0.6075487504184337
0.6024060302942705
0.5997482677676282
0.5947453326020874
0.5947680232728298
0.5947680232728298
0.5696032957117313
0.5677419364072681
0.5852283269706331
0.5852283269706331
0.5817961033234236
0.56609333123834
0.5666556898519236
0.5666556898519236
0.5678104517865272
0.5674421877897491
0.5674421877897491
0.5674421877897491
0.5695574303249297
0.5704423655468475
0.5704423655468475
0.5651522975657401
0.5651522975657401
0.5775662392098951
0.5783212718851909
0.5812753251328905
0.5700254966110609
0.5652449729076318
0.5643794780210302
0.5635164222958905
0.5647675316580252
0.5650928738041366
0.5632417947928504
0.5809516900381809
0.5816663113381965
0.5794767656303205
0.578350044457775
0.578350044457775
0.578350044457775
0.578350044457775
0.580514004794626
0.5803014187750883
0.5562440904836911
0.5562440904836911
0.5587212309549533
0.5587212309549533
0.5587212309549533
0.563194201442057
0.563194201442057
0.563194201442057
0.5625046602974644
0.5627503191054303
0.5627503191054303
0.5332641743312582
0.5308427282199996
0.5308427282199996
0.5310781208028101
0.5295166707127295
0.5280542977869453
0.5205208316586034
0.5209276579343785
0.5243976524625056
0.5243976524625056
0.5228345101215112
0.518701709922819
0.518701709922819
0.5001782531798737
0.5005718543718413
0.49437409817709577
0.49437409817709577
0.487046086002246
0.486886913009499
0.47855394382830885
0.46661125854335667
0.48082506512508544
0.47953579435190835
0.4816566172765073
0.48121855689479687
0.4932018436072886
0.4932018436072886
0.4932018436072886
0.4932018436072886
0.4814879543827353
0.4814879543827353
0.4814879543827353
0.4807900760601089
0.4719496275919484
0.4733532454521989
0.4717020776330192
0.4735795810086047
0.4722126821990706
0.4759213086819303
0.45691183056297935
0.45691183056297935
0.45691183056297935
0.45571549725101146
0.45300721496851665
0.4392854921816255
0.44298585857587525
0.44298585857587525
0.44298585857587525
0.44316137403622147
0.44253885516653513
0.44253885516653513
0.4431102696368508
0.4607629715189453
0.4473585271666355
0.4473585271666355
0.44833517374748233
0.44930853999168674
0.4478908512594539
0.4483123333936687
0.4483123333936687
0.4483123333936687
0.4511859823585838
0.44910299587206814
0.44221586144251596
0.4413173269810949
0.42027842374213
0.42027842374213
0.4194807214724627
0.4211775891813454
0.4208366561650336
0.4208366561650336
0.40136259075965547
0.40136259075965547
0.38435730843445726
0.38435730843445726
0.3838409256635234
0.3838409256635234
0.38136534128755595
0.38136534128755595
0.38152160107302163
0.36873777848103617
0.37033365256533773
0.37935068134493294
0.38498075720643304
0.37324613030738557
0.3750770917054875
0.3751759773362262
0.3751759773362262
0.38663007716894854
0.38632222693470636
0.38334298707759434
0.3819626209071404
0.38193466665683945
0.3831005074666185
0.38189664517375616
0.3766921517082322
0.3766921517082322
0.3755899223437486
0.37424071162855194
0.37424071162855194
0.37424071162855194
0.37970264381864127
0.36970311975113995
0.3699223613161276
0.3726592047269117
0.3734504176840827
0.37201090949131016
0.37201090949131016
0.37201090949131016
0.35782196122888543
0.35782196122888543
0.3515376688893851
0.3515376688893851
0.3515376688893851
0.3515376688893851
0.3555333007155199
0.35501315448197873
0.35501315448197873
0.35424556090113857
0.3563565955432065
0.3563565955432065
0.3563565955432065
0.3572384234767924
0.3336431743828614
0.32953601094297885
0.32953601094297885
0.3343475496536926
0.3343475496536926
0.3343475496536926
0.3339612885414573
0.3360448170796274
0.3244625443566932
0.3229154377616519
0.3239339666998968
0.3146854750084846
0.33275017992031175
0.33275017992031175
0.3325822955650452
0.3332596842151932
0.3261098910692348
0.32355145272818125
0.32783896286011976
0.3268557209266364
0.32349088039167084
0.3262982473570602
0.3378756735743125
0.3378756735743125
0.3364846503614652
0.30404721925912986
0.29839276507199514
0.29839276507199514
0.2906189845133401
0.29284561933828207
0.30113584895057827
0.30113584895057827
0.30113584895057827
0.2932885631543057
0.2932885631543057
0.291856194726627
0.2917488018317245
0.2977981899962056
0.2818021307168808
0.27741265299251744
0.2781280561557872
0.2781280561557872
0.26574768200950033
0.26569521293307513
0.2655285933858875
0.2612102024532419
0.26339645093876435
0.26339645093876435
0.26339645093876435
0.27222211824565545
0.27222211824565545
0.27222211824565545
0.2792689279578344
0.2792689279578344
0.2792689279578344
0.2779098176647535
0.2811430833859461
0.2811430833859461
0.28140239164182645
0.27707465290297556
0.28507069558374915
0.2818244917651463
0.2818244917651463
0.2797012117483162
0.2942489421220002
0.2942489421220002
0.2928763181767846
0.2928763181767846
0.292539032812624
0.2918611883127813
0.2918611883127813
0.2918611883127813
0.29363060193984325
0.29363060193984325
0.28605731890368746
0.28822453494470646
0.2878957951556542
0.281655368313403
0.2835159080829434
0.2835159080829434
0.29657811117646454
0.29678798418797336
0.29776077007030693
0.2974672529847352
0.3045407524234686
0.3045407524234686
0.3128765707233384
0.3128805543202476
0.31449953636866546
0.3168810130582615
0.3168810130582615
0.31428561857812504
0.31387304795720533
0.30699220933378907
0.30699220933378907
0.312596840771587
0.32305492447925327
0.32305492447925327
0.32305492447925327
0.32606822777477895
0.3169700014120497
0.3169700014120497
0.3135640314324573
0.3135640314324573
0.3135640314324573
0.3140950448892618
0.3140950448892618
0.3140950448892618
0.328754331870987
0.328754331870987
0.32890861180267783
0.3066532796909527
0.3070732024493422
0.3070713489972957
0.3012704837941399
0.3012704837941399
0.30692361541477287
0.30692361541477287
0.3087898556702489
0.3139820326837833
0.3139820326837833
0.31530492237701596
0.31530492237701596
0.3161243758878038
0.3222836147209502
0.3236648449992834
0.3227584257625438
0.3227584257625438
0.3291179151581593
0.32842176801942313
0.3219129943378267
0.3219129943378267
0.3219129943378267
0.32058734596746796
0.32058734596746796
0.3197108162429919
0.31980903023049295
0.31980903023049295
0.320756193759542
0.3112454588007221
0.3112454588007221
0.3112454588007221
0.2991448844390228
0.2991448844390228
0.2991448844390228
0.3040833432708261
0.3040833432708261
0.3040833432708261
0.3041898465089862
0.31215792216271454
0.32268901429094626
0.32268901429094626
0.32268901429094626
0.33000764155674034
0.3312401693324499
0.32314533869755546
0.3281152752471225
0.3202118400317659
0.3208471240306779
0.3253436453274858
0.30933139693964334
0.30933139693964334
0.3092680615701579
0.2989668589018048
0.2989668589018048
0.3019141463080861
0.30236130075353457
0.2987086470255103
0.2987086470255103
0.2842439990951953
0.28404438414045424
0.28396247919588147
0.2749977572753225
0.2749977572753225
0.2749977572753225
0.2734269914338273
0.26623129770138276
0.26623129770138276
0.26582467725836484
0.2677831616968086
0.2772286494059575
0.2774305212635618
0.2658893291959262
0.26555971969972636
0.26555971969972636
0.2624584090286675
0.26535663986303704
0.26415783919791047
0.2647660220145918
0.2647660220145918
0.2656019147506972
0.2656019147506972
0.2656019147506972
0.26770649937598523
0.26989000614748715
0.26445369398384844
0.26091028957814266
0.26091028957814266
0.26518770663651564
0.2622877383641418
0.2622877383641418
0.26211941738900657
0.2525155945894048
0.2523453545787317
0.2531326834573721
0.2531326834573721
0.2531326834573721
0.2531326834573721
0.2522384443748193
0.2522384443748193
0.2523582179082864
0.25483045619063294
0.25483045619063294
0.24722924357659964
0.24920010319970398
0.25253220314580205
0.25253220314580205
0.2502487442775624
0.2508328691559608
0.24923478228313461
0.2512000237215187
0.2511255631426067
0.2511255631426067
0.2511255631426067
0.2511255631426067
0.2511255631426067
0.2511255631426067
0.25222779565290626
0.2450784964228014
0.2450784964228014
0.2450784964228014
0.23473690863672067
0.23198448841459388
0.23686757562327182
0.23686757562327182
0.23686757562327182
0.23336284738643945
0.23336284738643945
0.23097645930239416
0.23097645930239416
0.2306550720664057
0.2306550720664057
0.2440838857859646
0.25371943121687496
0.25371943121687496
0.24992173281521737
0.25361617003191456
0.25361617003191456
0.25361617003191456
0.265619309247709
0.2534504249740919
0.2534504249740919
0.2534504249740919
0.25493117787794556
0.23963556208946224
0.2408284449489479
0.23660702594905145
0.23660702594905145
0.23317768413611956
0.23115896937811214
0.23115896937811214
0.23894653090022341
0.23916313996805594
0.23916313996805594
0.23431116389389642
0.23431116389389642
0.23431116389389642
0.236366235431359
0.24000924715764063
0.24000924715764063
0.24146522854650962
0.24181318419989742
0.24040242257413597
0.23949833413823626
0.2400718310137955
0.236062279516451
0.236062279516451
0.22887273342803896
0.2283241988035519
0.2281171458856978
0.2281171458856978
0.2281171458856978
0.23451427957693735
0.23223741397456188
0.2281171458856978
0.22452062059498787
0.22452062059498787
0.22528488273570518
0.2244503371091971
0.2244503371091971
0.2244503371091971
0.2244503371091971
0.2244503371091971
0.22255064154742005
0.22255064154742005
0.22183435348286068
0.22183435348286068
0.22183435348286068
0.22183435348286068
0.2195798152056246
0.2195798152056246
0.2195798152056246
0.2195798152056246
0.2199924498641781
0.2199924498641781
0.2199924498641781
0.2199924498641781
0.2196449516848892
0.2196449516848892
0.2196449516848892
0.2196449516848892
0.2196449516848892
0.2196449516848892
0.2196449516848892
0.2196449516848892
0.2196449516848892
0.2196449516848892
0.2196449516848892
0.2196449516848892
0.2196449516848892
0.2196449516848892
0.2196449516848892
0.2196449516848892
0.21596771160491748
0.21596771160491748
0.21596771160491748
0.21559268097258216
0.21559268097258216
0.21559268097258216
0.21559268097258216
0.21182559639269077
0.21182559639269077
0.2210440489701117
0.2210440489701117
0.2210440489701117
0.2210440489701117
0.20837197205932126
0.20837197205932126
0.20837197205932126
0.20837197205932126
0.20837197205932126
0.20837197205932126
0.2073660368942464
0.2073660368942464
0.2073660368942464
0.19388030010665755
0.19388030010665755
0.19372407940280834
0.19372407940280834
0.1857176944735477
0.1857176944735477
0.1857176944735477
0.1857176944735477
0.1857176944735477
0.1857176944735477
0.1857176944735477
0.18597358350055615
0.18597358350055615
0.18597358350055615
0.18597358350055615
0.18597358350055615
0.18597358350055615
0.18597358350055615
0.18597358350055615
0.18597358350055615
0.18597358350055615
0.17607537612097182
0.16946537181976729
0.16819523991432345
0.16819523991432345
0.16819523991432345
0.16819523991432345
0.16819523991432345
0.16512215915138653
0.16512215915138653
0.16512215915138653
0.16512215915138653
0.16483802791033383
0.16933977993894495
0.16933977993894495
0.16933977993894495
0.16933977993894495
0.16933977993894495
0.16933977993894495
0.16933977993894495
0.16933977993894495
0.16933977993894495
0.16933977993894495
0.16933977993894495
0.16853746034541658
0.16751665500820864
0.16751665500820864
0.16528163196842166
0.16528163196842166
0.16528163196842166
0.16528163196842166
0.16528163196842166
0.16579424862997746
0.1655032456422665
0.14477530186052323
0.14477530186052323
0.14477530186052323
0.14477530186052323
0.14477530186052323
0.14477530186052323
0.14477530186052323
0.12725928185718696
0.12260804925135829
0.12260804925135829
0.12260804925135829
0.12260804925135829
0.12260804925135829
0.12260804925135829
0.12260804925135829
0.12209687132939938
0.12209687132939938
0.12209687132939938
0.12209687132939938
0.12099492519106972
0.12099492519106972
0.12099492519106972
0.12099492519106972
0.12099492519106972
0.12099492519106972
0.11991076533628625
0.11991076533628625
0.11991076533628625
0.11991076533628625
0.11991076533628625
0.11991076533628625
0.11991076533628625
0.11991076533628625
0.11991076533628625
0.11991076533628625
0.11991076533628625
0.11709442065008328
0.11709442065008328
0.11709442065008328
0.11709442065008328
0.11709442065008328
0.11709442065008328
0.11709442065008328
0.11709442065008328
0.11709442065008328
