0.0466667 -0.0030504715833234997
-0.0866667 -0.10097524240904002
-0.3733333 -0.42711143255339346
-0.1533333 -0.1730617670207768
0.0366667 0.02633245150924557
0.0066667 -0.004460260179331321
0.7633334 0.7433084353050132
0.61 0.5506246013212768
0.3833334 0.3732630813808272
-0.28 -0.29137961822862235
0.56 0.5726292061308615
0.1633333 0.1578278809795931
0.1266667 0.10682969824638303
-0.71 -0.6981332719881737
0.9666667 0.9535137335198693
-0.86 -0.873183132737843
-0.59 -0.5798838548617985
-0.2366667 -0.23107960195036747
-0.4033333 -0.41416699282519437
-0.7566667 -0.7704956318053857
0.7133334 0.7239273884761643
0.4233333 0.4315908784804973
-0.2933334 -0.3255373768038046
0.72 0.7126188396900601
-0.9666667 -0.9723289932181087
-0.9966667 -0.976365483977214
0.9833333 0.928604199922979
-0.6666667 -0.547125175303784
-0.17 -0.17562200592757388
0.9 0.8756599304742065
0.03 -0.025145941012281486
0.27 0.24309018098032253
