0.0466667 0.01806911176225956
-0.0866667 -0.11543608797895014
-0.3733333 -0.36369448414221206
-0.1533333 -0.1690895812952805
0.0366667 0.0600662465898919
0.0066667 0.022017428388114407
0.7633334 0.7524862587225187
0.61 0.5831454979563524
0.3833334 0.36783764484365483
-0.28 -0.28933034445005446
0.56 0.5168533490075659
0.1633333 0.1977417352288629
0.1266667 0.1012468638612673
-0.71 -0.7390123611859067
0.9666667 0.9626472242901978
-0.86 -0.8595599925714199
-0.59 -0.583618060595102
-0.2366667 -0.2412258058333452
-0.4033333 -0.42619159821332003
-0.7566667 -0.7556374078196695
0.7133334 0.7155495807397259
0.4233333 0.43810197391137634
-0.2933334 -0.2648090559291779
0.72 0.71374485978372
-0.9666667 -0.9395334727986056
-0.9966667 -0.9985729007411307
0.9833333 0.969707339220411
-0.6666667 -0.6643441527061197
-0.17 -0.19201269293528928
0.9 0.9195292262988197
0.03 0.04807167950058816
0.27 0.2507684101824442
