0.0466667 -0.14464587576865767
-0.0866667 0.13138113626787473
-0.3733333 -0.4548571583270699
-0.1533333 -0.0889145451504666
0.0366667 -0.13204129722580504
0.0066667 -0.023009967750034
0.7633334 0.76044805556367
0.61 0.5696819357395005
0.3833334 0.39212759733046065
-0.28 -0.3618881476227971
0.56 0.5332580362527641
0.1633333 0.1486298776268263
0.1266667 0.09419062024940902
-0.71 -0.682087551534165
0.9666667 0.8746452606591661
-0.86 -0.817492050182319
-0.59 -0.6072160371269837
-0.2366667 -0.21199572367932273
-0.4033333 -0.41277698235815635
-0.7566667 -0.6017744708669741
0.7133334 0.6206757402322841
0.4233333 0.5094390976920526
-0.2933334 -0.37038203961978344
0.72 0.5679048112926206
-0.9666667 -0.7067070815381467
-0.9966667 -0.8778069487705313
0.9833333 0.9238360283804705
-0.6666667 -0.5758905537031187
-0.17 -0.14431634288149245
0.9 0.9217431689377358
0.03 -0.020763530428098198
0.27 0.2256868630712548
