1.6674643145970272
1.562545314164344
1.5630874402262898
1.5908449352911223
1.5900969820248092
1.5778269539243137
1.5774701460214056
1.5774883124784773
1.569416130090321
1.5691647431868077
1.5745604607208081
1.5827002532037477
1.5798031514823445
1.578783320449677
1.5766404513559833
1.591682988838962
1.601929713836582
1.5919393567107007
1.5861870939271674
1.585928294402875
1.5838084238703127
1.5836475207503755
1.5867053208422222
1.582873223706496
1.5825800567945392
1.5830952346021203
1.5788112426663885
1.582145528425446
1.5841496269209154
1.5847200563663215
1.5849870676562932
1.613967581694247
1.6145397268271364
1.6175305614036748
1.6060882667811767
1.6086323719236377
1.6163193966542364
1.6177045328447839
1.6366537309419351
1.6469754433465726
1.643057568404973
1.6223561916736153
1.614065804562149
1.5988600203063572
1.585803418283077
1.5743176937420431
1.5701126353385173
1.5737357180618716
1.5817743220064309
1.6029707130525905
1.6051160292316864
1.6174799639889355
1.6174801130280196
1.6130305682049602
1.627991543328669
1.6306416863754079
1.63096194487476
1.62728693348654
1.6266494978379606
1.6243600761508985
1.6328957008403857
1.609279605202933
1.6137789956515924
1.6152050447912802
1.6120750430567858
1.6057491173689418
1.5979833891906683
1.5905354700231304
1.5874650885471724
1.5671077541222938
1.5646036877049512
1.5878237505255337
1.596881201734824
1.5939902938461028
1.5916277307010065
1.5950303902979992
1.5939851569732433
1.589087899064791
1.5904595519497005
1.5958750901135932
1.6191383595527926
1.615607143828986
1.6162868503241787
1.6196982721250406
1.6077710860396999
1.609165422220152
1.6020241832302047
1.6061756850069664
1.6047476223019508
1.6064553036169764
1.5923767981795018
1.5896954088613084
1.5901163030064285
1.5901668826938269
1.5841282113503663
1.5846926109081665
1.590578509868149
1.5861106789654948
1.5960285541224541
1.5728756385954425
1.5688257324355757
1.5672761562111739
1.568701102131966
1.568296871445886
1.566862344821146
1.56362610614597
1.5383946189014663
1.5380120549366159
1.5332689990581898
1.538274844209339
1.5246790173355613
1.5330626167048453
1.5265350852554331
1.517476881963705
1.523434063906827
1.5337963813414008
1.5355932014644906
1.5335303485281517
1.53096253205077
1.5134042533920051
1.5238919878216446
1.5028220902150033
1.5120212950737308
1.514115411558986
1.4979950775639574
1.4991781901898853
1.509778634088726
1.509778634088726
1.5077493801610826
1.5072237764236773
1.508694089633018
1.507461708178451
1.499100237066197
1.4906964755654715
1.499661514433828
1.4780500816626891
1.49757191110515
1.4979940512833587
1.4982269999497333
1.50770009193538
1.5125278244614464
1.5119260952589069
1.506332583075143
1.5013315483387584
1.5012667588771844
1.5062548849714337
1.5061143567234796
1.5061143567234796
1.5074669110032135
1.507907167719027
1.507907167719027
1.512477251270648
1.5426227899986023
1.5363982430681546
1.5386927764555907
1.534873844827923
1.5349727404538156
1.5419518680239073
1.5476989603095286
1.5470544407304576
1.5609051139813055
1.5628019879803408
1.5382367490141333
1.5405521206516535
1.5304647639784412
1.5344575231520405
1.539984880638452
1.535921670441556
1.5502049537060762
1.5541967513329145
1.5744652334645446
1.5763888486200446
1.578099715460127
1.5728460058309601
1.5681049520767447
1.5803857838073274
1.5796318169317656
1.5928108284628
1.5989894359251626
1.5925904953312784
1.595925587869856
1.5952585969815873
1.6052745823172738
1.5990000959541215
1.5993619730740192
1.5925680129136908
1.5853463956699507
1.5858034720726322
1.5893305458120808
1.5811818651418907
1.5894501310276117
1.5876025469707131
1.588477935684928
1.5884907378232525
1.5913583084421954
1.5887595404813795
1.5887929804377792
1.5954766725357314
1.6136512780385668
1.594894310000753
1.603287450331426
1.594190919855094
1.5955854312749889
1.5903631695747125
1.5903093474805305
1.585760605894763
1.5819041174998825
1.5837466035309125
1.5824911895971399
1.5769171548919398
1.5616691043999094
1.5602976326815372
1.5620084261251428
1.566266879364501
1.5815295882689595
1.5954940138496125
1.5971792331625931
1.601402063594537
1.6052490879935326
1.5931843738800786
1.5655352509239364
1.5714398009423391
1.5520536334455353
1.5537370034069304
1.5546539243596118
1.5393280280860024
1.5390305306237748
1.5423590007097396
1.5409232815065557
1.5304307793498195
1.5304000483548006
1.526755838537182
1.5276405833985165
1.5188520152759855
1.519456756006445
1.5202824350454422
1.5315572236268025
1.5264883071861108
1.5412946791053477
1.5434264026295594
1.5467113169665574
1.5467113169665574
1.5510169671391438
1.5680852114314694
1.5793597383221436
1.5853913131201807
1.5966738942588314
1.5974086655106567
1.5982875142355637
1.586966922034309
1.5670157370715128
1.554878603232976
1.5328458104390839
1.5297201353131413
1.5265652473729183
1.5242874743113075
1.5307136412691231
1.5312449889147939
1.5312449889147939
1.5262586929158164
1.5053973625163097
1.5013047918253255
1.4940394507159955
1.4900875533679463
1.4990922714459438
1.4866816270012875
1.485599009505779
1.4760091362165686
1.4615099404641267
1.4501274525007912
1.440466694368974
1.4426852893956539
1.4413829116958117
1.4567039010597087
1.4493738004338237
1.4554284242456388
1.4487304903638893
1.442993345610709
1.439596184755974
1.4406314240206508
1.4493149893005435
1.4524887841515295
1.4521575897824959
1.4496958199488579
1.4592374720682444
1.4618775665430948
1.466007413783028
1.450119125528312
1.4485395112174138
1.449113111016744
1.4464290668225672
1.4410457618182566
1.4460831985474576
1.4460831985474576
1.452115128387453
1.4616802895311112
1.4604807772438155
1.4823532719202603
1.4777221725619336
1.4702484795431863
1.4554574541819165
1.4554574541819165
1.4511660315695434
1.4490818323123231
1.4296402051097343
1.4296402051097343
1.422842621729805
1.4068431659066207
1.402151611578544
1.402151611578544
1.4034236604267492
1.406341786638403
1.3953949189284647
1.393776445319928
1.4004094368657047
1.4015643159923505
1.4023291785077654
1.375131879375738
1.3726119242530623
1.3704270432198884
1.3668904961430366
1.3507876957312188
1.341977425539495
1.3335136954553746
1.3234104814482528
1.3082329648704776
1.3326318073099135
1.330938982414398
1.330938982414398
1.3319548411792577
1.339338130558507
1.3533155526066125
1.351009598361974
1.3594789003761163
1.3636790558221075
1.373422143156917
1.3755201773912515
1.3861892222321301
1.3806033662152355
1.3733698964430847
1.3745400360928384
1.3830490257565853
1.3840900092630448
1.3814088400409208
1.3814478807686488
1.377278910740423
1.368102268885685
1.3670940610344087
1.3888808391292584
1.3973055765939422
1.3973055765939422
1.395925570488143
1.393117692037727
1.395518253099835
1.3872961224125382
1.3854519482577305
1.3818360182695433
1.382733021408515
1.3897841801961937
1.3909227617955717
1.410051609368142
1.40863615738941
1.4166993813716648
1.407552844161057
1.397589639280912
1.3978176180766604
1.3929319435066867
1.3730039415436692
1.3697359748104418
1.3699353403689452
1.362340593532461
1.3613617300268253
1.3517982383993696
1.365790848785941
1.368808648615061
1.3741259461036022
1.3760901888619372
1.3706106484941727
1.369896138773988
1.3662385594525894
1.368529809060856
1.3913967943795633
1.3923057372041334
1.3844607655514882
1.3817962167639362
1.3868747363630984
1.3853299046174439
1.3995996861247393
1.4019485553028233
1.402410457504169
1.3964955928578213
1.3961782526568913
1.3822549704771152
1.3786189557278368
1.3790068235585993
1.3705404474225413
1.369978307128719
1.371655803517678
1.3723190980391622
1.3787110154410755
1.3852205555476038
1.3868606416677303
1.3881580812509513
1.3881580812509513
1.3881580812509513
1.389148036192163
1.3964290016691916
1.388863551725747
1.3814352832363528
1.370246498750766
1.3700865337031016
1.3762821413057789
1.3749124507623607
1.3647200902629726
1.363851870116753
1.3614926259033635
1.3614818030154487
1.3656709529908682
1.3654486918994222
1.3618953220770105
1.3564692355889336
1.3564692355889336
1.3459890903286964
1.3462535418128916
1.3454467335176468
1.344248262491665
1.3505459843217766
1.345925279650144
1.3395569603884847
1.3435356875932942
1.3425120739222285
1.33931763010165
1.3634170320154804
1.3608338373785365
1.3641041014025619
1.3639482974256847
1.381347236210099
1.3885893898376482
1.3809321566833161
1.3565063973483589
1.3379320926905007
1.3320348172005876
1.3238141735962259
1.323890307764399
1.3209774519412905
1.3069600462278743
1.309666687668447
1.3173496772897368
1.3141778153261658
1.318268051912627
1.3250617633969173
1.3285786669729058
1.331379155075135
1.3324499703758832
1.335834307257633
1.3379837204735296
1.3529986466597894
1.3505790052603055
1.3482182297030185
1.346744836133113
1.3441853003839703
1.3403343914306225
1.3396416209652227
1.3299912690289217
1.3459027746362189
1.3414489589125345
1.347863336924556
1.3414629469843937
1.3411673975132288
1.346276573883534
1.342588227354041
1.3326777976239792
1.344728072177374
1.3431137763508576
1.3460076387893773
1.3464766178243943
1.3442465608516962
1.3360368153490536
1.3311721841413608
1.3300276142969023
1.3374065370660768
1.337785856353543
1.332737641410731
1.3347584503125989
1.3347584503125989
1.324290563618825
1.3244336689309275
1.3052085068182844
1.3031914266574856
1.3035816205580388
1.3084726673342169
1.3125046287879478
1.3135009143754737
1.3064411413796388
1.3067871903351627
1.310547542509468
1.312886362176437
1.3169770739388051
1.3277351968147262
1.3195949999474723
1.3208553749137406
1.3149968152777909
1.3179373270546169
1.3260843549195205
1.3265893166817457
1.3197037155464377
1.3213179950013931
1.3153626819690747
1.32035337505158
1.3088281653468838
1.295438131586717
1.3016695323201155
1.298915529498001
1.299768619499006
1.2904962232048032
1.2834335727430437
1.2890103212435788
1.2879084287830629
1.2814893564193328
1.2749267225554435
1.2749267225554435
1.2794619893452963
1.2617384885440597
1.2578207024615966
1.2593689529867507
1.2669448549603026
1.2738437657473356
1.2699041376058546
1.2497578872296047
1.2535380041634039
1.2548569251002666
1.2555163868645833
1.2551340647345632
1.253155525185791
1.2505509034225926
1.2473253834471503
1.2473253834471503
1.2531823155969228
1.256065466358784
1.2648567657844956
1.258788600969962
1.2496004558312006
1.2367983799276696
1.2410006498444621
1.240127963770782
1.2304561125025306
1.226624799583822
1.2218418892359624
1.2337067466044802
1.236412114804228
1.2325483465314737
1.2314204646533315
1.2297765711976287
1.227554204626759
1.247551957202246
1.2616411007610253
1.267108687936929
1.265044084443378
1.2599609249936474
1.2423608017805434
1.246017242505192
1.2544285038232188
1.2660237010516677
1.2571876279577447
1.2571108320554887
1.2545693196839605
1.252176364275312
1.2490937308167611
1.2514836083910506
1.221359693486783
1.2366122560596935
1.2375146410273659
1.2479710672041906
1.2485758531456999
1.2498491730602865
1.2520288144062515
1.2608052591447743
1.2441115775453555
1.2441115775453555
1.2460382433014954
1.2542951487223621
1.2542951487223621
1.2646476647285687
1.2646476647285687
1.2640911004568642
1.2649348312999107
1.2649348312999107
1.264287009414613
1.2678267277786732
1.2647831085073418
1.254641140382098
1.2535354207275322
1.253442980996416
1.2558280899672034
1.2598598283318145
1.2462420564021277
1.2448954175257825
1.24457028306135
1.2698190942331444
1.2698190942331444
1.2698190942331444
1.2572755707581065
1.2660730784720406
1.2501390709377846
1.241248114509886
1.2472848669885896
1.2598392063671633
1.2528385229275234
1.245141783176415
1.24301155565567
1.2334756591704061
1.244623884740513
1.2456564031663384
1.2503290036833452
1.2520827486562423
1.254527032029785
1.249254528140847
1.2498743603408828
1.2477143389925724
1.2490408289817787
1.2390945170994234
1.2758979537653543
1.2758979537653543
1.28231469842155
1.2774587162929771
1.2777290517690905
1.2758101326945526
1.2832814414258165
1.273330595554773
1.2739025920834353
1.2724036143413222
1.2658584325194338
1.2658584325194338
1.2613342198204407
1.2609612194670952
1.2609778806793481
1.2647784714079617
1.269076046626863
1.269076046626863
1.2649068539560444
1.2625106302574687
1.2625938558304333
1.2619312389788842
1.2642747458571226
1.2661543775161153
1.2661097406479698
1.26214298741692
1.2601583890253074
1.2549623533760004
1.2551582423247392
1.2585828354118216
1.2604014308433455
1.259399330051285
1.2406956735584211
1.2391265122770465
1.2247677412131086
1.2015088337885014
1.2179340446921298
1.2100951469220596
1.210082025734144
1.2150429843766333
1.2222791291786685
1.2164510462140428
1.2134243350340992
1.2148266345345908
1.2072492709203149
1.2369516750489276
1.21991993857369
1.2341076796904522
1.234315851037242
1.2372313703835016
1.2580355109447545
1.2585871215605167
1.2600253119536986
1.2571060721761511
1.264636770320649
1.2598143575156793
1.2599767335425043
1.2722270706240035
1.2672885074384979
1.2765037075458614
1.2765037075458614
1.2734767879186544
1.2735122489490773
1.2731743738453685
1.2752794786443913
1.2696817849590376
1.2718160814194162
1.2725657397714978
1.2670618993454403
1.2661186005164755
1.2651639254904434
1.2709217067798302
1.262043700815609
1.2508185132480067
1.2508185132480067
1.2491435220454912
1.2492759297560962
1.2454457538076984
1.2553557736577894
1.2553680573974728
1.2555249306969662
1.2485805614978411
1.239651564825119
1.2583467129307442
1.2433486347838925
1.2408690075386823
1.2407218862790268
1.2401700798204365
1.2413708829468082
1.2420826435415282
1.2415154583772008
1.242552080037389
1.2461508071343006
1.2473730679121129
1.255695095949859
1.2366927725645345
1.248992182178263
1.248992182178263
1.248992182178263
1.250737129327949
1.258562194850141
1.276904985125657
1.276904985125657
1.274198259122551
1.274186970550948
1.275390384889699
1.275390384889699
1.2751503309091992
1.2630229586244108
1.2630229586244108
1.2478182901329242
1.2474008635640708
1.263343016143315
1.2555705951157028
1.2538588678745477
1.2428222432598712
1.2641163120144716
1.268747010419925
1.268747010419925
1.2589523294844553
1.2562357034863667
1.2585404658448713
1.260519582192788
1.2482623800511594
1.2482623800511594
1.2516063664693429
1.2545199255842026
1.242924350219202
1.240665803617982
1.2284500051735256
1.2396757269883316
1.2375762634405725
1.2375762634405725
1.2375762634405725
1.2716058139008997
1.2715600667519995
1.269049029044914
1.2682265710134304
1.2550188242083793
1.2590646474224594
1.2464700431682965
1.248402455730568
1.2584174755438975
1.257403426446638
1.2576869875193613
1.25664555484294
1.257366341909287
1.2651038643823715
1.2341720123534317
1.2355286858659755
1.2361424711446092
1.232241826795425
1.2350731575962848
1.2377364944840539
1.2431825730688104
1.2431825730688104
1.2435285636879563
1.2674406214752902
1.2641417069979677
1.2637825218549283
1.2682670302722256
1.2595961418029822
1.266869333280703
1.2553589451807254
1.251305395232859
1.2580088956554039
1.267090139974584
1.2671513861519677
1.2671368806011045
1.2650721160475975
1.2628501747908172
1.2628501747908172
1.260995125070046
1.2681184175569022
1.2571265479455624
1.2454116400408648
1.2501845657246382
1.2502514807857423
1.2508930194026098
1.2542034781631966
1.2510527645952185
1.2539732866263196
1.2539732866263196
1.2589625459457363
1.2554085443617047
1.2549551459274209
1.254207036207603
1.2642114262280526
1.2689225781210416
1.2689225781210416
1.2699090867862588
1.2737406742559005
1.2666755593608001
1.2663139449741176
1.2663139449741176
1.2717076193645929
1.2470498314168528
1.2470498314168528
1.2490161215033837
1.247635158659876
1.2470412581606882
1.2409169119195673
1.2714676188807357
1.2684490576076701
1.2684490576076701
1.2684490576076701
1.2423490250921736
1.236150020964538
1.2311886243879555
1.224959997344024
1.230700144770162
1.230700144770162
1.230700144770162
1.230700144770162
1.2245932782420272
1.2389943308610405
1.2386772001647155
1.2246456344354684
1.2133691605249264
1.2133691605249264
1.2141254030624233
1.2216026460900802
1.2259081742774829
1.2271170940393838
1.2271170940393838
1.2219766711260067
1.2229617539693893
1.237145305205981
1.24059245020735
1.2418261131219372
1.2418261131219372
1.2494323751945726
1.2487297228690963
1.2332250291932214
1.2332250291932214
1.2308097298044272
1.2288295898797639
1.22935351896579
1.2198660004589685
1.2198660004589685
1.2159921290426925
1.2165574277089513
1.2204745212734938
1.2352190672541559
1.2222624035435128
1.2215684539412128
1.2202781335642314
1.1931202922882078
1.1931202922882078
1.2020634671012311
1.2129305985716892
1.2218631677824168
1.2218631677824168
1.220939908771209
1.2168524421946731
1.2160509392460317
1.2160509392460317
1.2160509392460317
1.2163636600469288
1.2137453554567994
1.2136056075175752
1.2077461898819835
1.2077461898819835
1.1909979903321295
1.191014878261169
1.1892198360108577
1.182345933544665
1.1806878971010024
1.1891972125064985
1.1954335894307941
1.1904934264621725
1.2076798395096497
1.2054129390013295
1.204513139344329
1.2090415348723644
1.2139494922084484
1.2139494922084484
1.2079284528067793
1.2098441557314328
1.2118011135121676
1.21102854659235
1.2158757695153075
1.2158757695153075
1.2158757695153075
1.2137815365424665
1.1991177527905166
1.211821426064886
1.2267984580017892
1.2290823752700384
1.211264056098509
1.211264056098509
1.2234575975905748
1.2172739477242338
1.2172739477242338
1.212039054686574
1.2110209825455391
1.1974445216712022
1.1974445216712022
1.1974445216712022
1.1940312629339043
1.1911051233086498
1.1932142497797418
1.1932283887267838
1.1936598829215592
1.1905453476782442
1.193134873113151
1.1954117069679486
1.2042029656187467
1.2133455606893118
1.2015853473503626
1.198890160512824
1.198890160512824
1.1999336512623022
1.200719281553681
1.200719281553681
1.1945002409894574
1.1834095895714827
1.1820677593379136
1.1794671715907643
1.1824663950395229
1.1832383278664467
1.1832383278664467
1.183920261276235
1.1951858863401725
1.1932441797637487
1.194286103577103
1.1919055550134106
1.1672875025805662
1.1623891239450832
1.1623891239450832
1.1544941750894921
1.154016821318808
1.1558970387992837
1.1660534509947138
1.1610899085342636
1.1654869481751797
1.156794425482407
1.158329126906412
1.1721895079552642
1.1721801973556465
1.1621970874216339
1.1621970874216339
1.1621970874216339
1.1621970874216339
1.171338627281124
1.170532982373372
1.175600901413786
1.169922643085034
1.166889066560752
1.1706892125896409
1.1622063834126142
1.1622063834126142
1.1622063834126142
1.1626473177015395
1.1371930451118735
1.1372302740536748
1.1340367929139334
1.1333950391953116
1.1333950391953116
1.1355216905480368
1.1394243709229246
1.13924980894085
1.1628093781493092
1.1796853535137006
1.182484766141938
1.1825350747352426
1.1827954030866392
1.1827954030866392
1.1828545330487559
1.1748053779551655
1.174349797086456
1.1691586629125847
1.1691586629125847
1.1849859160027743
1.184997908940449
1.184997908940449
1.182152478072238
1.1816021363401608
1.1893024537321963
1.1769325320797066
1.1735384750944304
1.1735384750944304
1.1741443425557985
1.1818137597368603
1.1664446805791968
1.1580092261630475
1.133266335752549
1.1332596196587075
1.1273710371848091
1.1262770425271105
1.117020205539172
1.1267384697886156
1.1267384697886156
1.1267384697886156
1.1403864954054395
1.153983187507591
1.159250949249488
1.15973096757943
1.145539866014909
1.145539866014909
1.1479434272776703
1.1460021171287316
1.1490793301875175
1.1370745791832828
1.1371478975889169
1.1402426481407841
1.1428842450823853
1.1475277418781415
1.1475277418781415
1.1383115430574555
1.1380993033113855
1.1351957765269145
1.1351957765269145
1.1393626780237747
1.1432523727196886
1.1509498570287078
1.1462016854404775
1.139607150351007
1.145602314214988
1.1459835966345762
1.1459835966345762
1.1418467578903855
1.153962962430119
1.1695978252517594
1.1625547112630004
1.1602564478469015
1.1658169419691944
1.1743967787342557
1.1786164762989004
1.1725698495187733
1.1725698495187733
1.1718487413895953
1.1719912882405263
1.1982236254237784
1.1862141234316324
1.1921452206259964
1.195881485039661
1.1964773996903704
1.1963264120159627
1.1963264120159627
1.2038690214876302
1.1941254691303
1.193541989085463
1.193541989085463
1.1933441715714936
1.1870899541633269
1.1870899541633269
1.1678794538237018
1.1678794538237018
1.1678794538237018
1.1658409759743111
1.1659115112602083
1.1640074639763178
1.1718388366115264
1.1812705609186005
1.1772050269746748
1.1728617721122605
1.1745861849642083
1.1737924536872117
1.1734173450188214
1.1734173450188214
1.1755173381146362
1.1679212285674585
1.1710109143215182
1.181328614714855
1.1773644206347167
1.1773644206347167
1.1737125779067918
1.1737125779067918
1.171470269680626
1.1631469651943642
1.1835515904093026
1.18038599881769
1.2028530057728555
1.1725959531927552
1.1745216404584748
1.1721967922948955
1.1701734413151634
1.174467027190465
1.1774128900753258
1.1918238130538672
1.1797993945177123
1.158629024767981
1.158629024767981
1.16287296555257
1.1713082817003244
1.1678931873071503
1.1639650095922858
1.1516903417782887
1.1497694296148129
1.1466405891486025
1.1449306895874312
1.1410852355177288
1.1410852355177288
1.1500228908047716
1.1550474629092646
1.1529308200784378
1.1513269458920952
1.1513609651382168
1.131882818740956
1.1308004458147305
1.1357740427511136
1.1357740427511136
1.1296405708923862
1.1246696288470586
1.1229146490378743
1.1251209707407888
1.1270031585446008
1.1316427736005976
1.1207173697457535
1.117748953398481
1.1155903210217173
1.104245135672792
1.1251771303228397
1.119004736447787
1.1156391174292357
1.1302938186183276
1.1348473106493675
1.1384342715942681
1.13814126984181
1.13814126984181
1.142336792860842
1.144767352664663
1.1477526596937824
1.1459126418725614
1.1434964290050178
1.144117945299818
1.152079026208324
1.152079026208324
1.1522697295509212
1.142777688251164
1.1369283171722147
1.1318759950556927
1.1301209681076598
1.1185573935218405
1.1185573935218405
1.1185573935218405
1.1229623397708288
1.1220818616560009
1.123516151822306
1.1197813467913829
1.1331025130778951
1.1261566948130572
1.1292832369794106
1.1327954051111695
1.1323638461675665
1.1323638461675665
1.133376775095422
1.1193452649023874
1.1159105487637297
1.1243017199347434
1.1370605304399146
1.1427015433756096
1.1389004879368834
1.1386207172841678
1.134570053883189
1.130657579692785
1.1472101241924169
1.1496498793762144
1.1406903479537902
1.1353072135804203
1.1303130555093353
1.1374057290163806
1.135975103050068
1.1196773709362824
1.1365176440167577
1.137458943553324
1.123510557196772
1.1218833696356416
1.1208535714809258
1.1288562328239529
1.127006070748625
1.1316257215343284
1.1343789175121022
1.1278305967504585
1.1278305967504585
1.121296409365241
1.1255889116703384
1.1109950958590502
1.1154582901045522
1.1154582901045522
1.1131264952038404
1.1130997448981939
1.1220464694648464
1.117986078535268
1.1130333419938574
1.1067637173103269
1.1067637173103269
1.0990560582725302
1.0963750670803158
1.1065563974399788
1.1111024483352767
1.1162190745800047
1.1177850180687257
1.1083037609333997
1.1085029608153756
1.1023180693647454
1.105372565598069
1.111684809631406
1.111684809631406
1.1084787994338594
1.1085257401383033
1.1085257401383033
1.1007590588404625
1.0993095639980963
1.0940029896067016
1.0989549258834892
1.0989549258834892
1.102329881571504
1.102329881571504
1.099618677291559
1.100169710233694
1.0868718246198306
1.0870359619907244
1.0870359619907244
1.0873340179789805
1.0873340179789805
1.087260219852262
1.0904044740512666
1.0919372018269309
1.0889665469846879
1.0717563371377044
1.070252345949358
1.0730648129842355
1.0706051018341434
1.0704198700539347
1.070332263734963
1.066024515846785
1.066024515846785
1.0682988123658506
1.064311111304748
1.064311111304748
1.0511907088773844
1.0348192364183562
1.0347587611158344
1.0261668999039464
1.018566769961881
1.018624140072089
1.0303853354316495
1.0277570103763298
1.0318950351253264
1.028039133644287
1.028039133644287
1.022552913612116
1.0229224067975848
1.0104657906505463
1.013398114652551
1.0163946872778487
1.024823470391789
1.0225672010556388
1.0180088272403995
1.025064327145091
1.0246264016321462
1.0250992751055252
1.029337745436589
1.0327671632470343
1.0333391726541779
1.0313418326121646
1.029477786235944
1.029477786235944
1.0163949012856226
1.0196899817253258
1.0196899817253258
1.0218166121705636
1.0223151849208085
1.0173311175896322
1.0173311175896322
1.0173311175896322
1.0173311175896322
1.0121392815320236
1.0121392815320236
1.0091274955530387
0.9935895468232621
0.9936894446562426
1.0000146700892343
0.9993382525492815
0.9729106110060726
0.9714087604980278
0.9714087604980278
0.9684054531662081
0.9735104100119266
0.9737430884380739
0.9697107781769043
0.9754251111403205
0.9754251111403205
0.9727550050901524
0.9724106050842274
0.9726566244045263
0.9587413516674507
0.9572117793350783
0.9476908302414755
0.9592294701989966
0.9556241372279557
0.9578211544242144
0.9630419874343381
0.955557981964326
0.9630115654186124
0.9692950469837509
0.969132900034406
0.9605501377724436
0.9510809882628263
0.9432245690649753
0.9405168603634679
0.9436600340423815
0.9433397646206357
0.9433397646206357
0.940298791311683
0.940298791311683
0.9218950414285367
0.9261700605437774
0.9253524993207106
0.9253524993207106
0.9253524993207106
0.9253524993207106
0.9244762051921636
0.9244762051921636
0.9286407265148522
0.926789210199919
0.9327558546422507
0.9280557939847482
0.9293507324241775
0.9358710560284604
0.9248510338228402
0.9245072121375194
0.938002736392857
0.9217148633654696
0.9298445433488652
0.9140216135345651
0.9151207581045007
0.9072588356302441
0.9001151465016646
0.9166746651201466
0.9266861609432095
0.9171840568649822
0.9112661048536589
0.895605353787597
0.8972424926811585
0.8958619981473567
0.9257957148897228
0.924436795819354
0.9014032329058542
0.8925841737269542
0.8967186249423134
0.8967186249423134
0.8864176269549476
0.8811764580102497
0.8868254488093562
0.8845862885931763
0.874248313355426
0.8601583678294351
0.8531348440660135
0.8531348440660135
0.8531348440660135
0.8531348440660135
0.8531348440660135
0.8666255329513439
0.8624398013962591
0.8559472323378794
0.8563697319641618
0.8567230597849582
0.85606378206955
0.8494224774665369
0.8476845932307305
0.8435248086750976
0.8425038456062047
0.8425038456062047
0.8425038456062047
0.8399173903406335
0.8340711430108283
0.827619112602662
0.8287000185538748
0.8300224460368
0.8283108794157964
0.828103871220925
0.8242311920865653
0.8425796540248155
0.8556576058713097
0.8464297513400781
0.8505778731188809
0.855121903261578
0.8575580992315076
0.8575580992315076
0.8585395445504613
0.8585395445504613
0.8609708991626345
0.8617379191482064
0.8612284842439906
0.8624058104806336
0.8596737116759404
0.8596737116759404
0.8492828831760708
0.8518701195256922
0.8456828400062683
0.8454393723554382
0.8446906106302967
0.8466316251363188
0.8484321068333857
0.8526953273485636
0.8554669433419863
0.8581764520033444
0.857252742490943
0.8477965359303554
0.8510079238983606
0.85166995542788
0.8520210959323882
0.8520210959323882
0.8577577268807578
0.8601933284931553
0.8601282015342946
0.8558614644276632
0.8587160163442717
0.8599974467282766
0.8648351604581762
0.8629477762049016
0.8622871988997614
0.8653279163383161
0.8629511097086164
0.8740573452294792
0.8673237667499232
0.8656426953963767
0.8682293905144653
0.8682293905144653
0.8713336264953273
0.87369131329359
0.87369131329359
0.8708761934533955
0.8740394004024944
0.873068329156122
0.8465151815992572
0.8466674144556572
0.8466674144556572
0.8485041736424458
0.848082256588092
0.8532309296365341
0.8560654064622124
0.8550864824278135
0.8550864824278135
0.8565673090617415
0.8532606582924337
0.8529871851962146
0.8490251653469398
0.8461568418230875
0.8459177170285904
0.8378765960999119
0.834528501552255
0.8365484047833552
0.8365484047833552
0.8317552091088497
0.8353375806968572
0.8418862495806473
0.8382991315898651
0.8447814574162275
0.8432324605187367
0.8388095578041308
0.8272262498764733
0.8318711064016747
0.8316528246541014
0.8310893674900628
0.8308372207788027
0.8289145687044215
0.83610653346946
0.8366635391123212
0.8285630557317589
0.8392343226852225
0.8421439950204237
0.8395235153176842
0.8395235153176842
0.8459871269204214
0.8551598413405271
0.8782059695291993
0.8782059695291993
0.8769461725898897
0.8779159908512065
0.8686704259479188
0.8686704259479188
0.8780835010722309
0.8775743267359499
0.8775743267359499
0.8820700061155694
0.8816952687500956
0.8843680492260834
0.883775781372572
0.8746716246591577
0.8654885860383985
0.876252630977359
0.8670308441445098
0.8670727385340019
0.8663919968452357
0.8636866168373167
0.8586123005778771
0.8606050983487403
0.8606050983487403
0.8556514228365291
0.8605655089684717
0.8605655089684717
0.8661038472281072
0.8664080285781351
0.8507018574096141
0.8507018574096141
0.8572860325756482
0.8667632478042923
0.8617068864101138
0.8617068864101138
0.8617068864101138
0.8582694338385576
0.8582694338385576
0.8378525783032061
0.8378525783032061
0.8321530361993569
0.8270766450517438
0.8270766450517438
0.8267136497465943
0.8221815307808185
0.8222669394309176
0.8246116018159705
0.8250325601428662
0.8312846717139608
0.8253130353467978
0.8255262689973154
0.8178299685906121
0.8166503750428943
0.8127934116258406
0.8142796739232854
0.806944494775696
0.7984328970597653
0.8009970245953975
0.7918707607469136
0.7908523252188827
0.7884772408162266
0.790415832662745
0.790415832662745
0.7843442189540218
0.7830535587220172
0.7830535587220172
0.766429509354715
0.7719030395007596
0.772667994395336
0.7734893047348884
0.7736662717478353
0.7850404419323236
0.7821886539420563
0.779548182269307
0.784635480567703
0.7732296914522652
0.77322088454941
0.7626249890436554
0.7548212035972818
0.7595002408878804
0.7595002408878804
0.7582146802087322
0.764568114908119
0.7639836074613193
0.7489553331261938
0.7472442950331591
0.7398596261769244
0.739798348375503
0.739959149470437
0.7421704541131297
0.7465899207838107
0.74218971863222
0.7371256038152766
0.7426616016862211
0.7655002854009517
0.7532953417813693
0.7520822388506678
0.755241435587677
0.7405979144575606
0.7548641898154232
0.7542116096959057
0.7570380459204373
0.7809513906044258
0.7807391261293215
0.7596582966852529
0.7586491080351295
0.7584045167202261
0.7582742187147307
0.7475394203512136
0.7491525129157603
0.7416969063079369
0.7415781999594009
0.7407501631633954
0.7379571510249867
0.7381260256555745
0.7392547214455313
0.7392547214455313
0.739495051787186
0.739672201437523
0.7374614527186163
0.739703119103546
0.7367523618236926
0.7416083594871214
0.7358493557470406
0.7354311108938002
0.7724132168803308
0.7721431186018451
0.7721431186018451
0.7721431186018451
0.7717525477138847
0.7621720484938947
0.7621720484938947
0.7621720484938947
0.7635772509612728
0.7636518126837869
0.7636518126837869
0.7676926295031149
0.7622800936439623
0.757410448035846
0.761825644884784
0.7597822536537986
0.7597822536537986
0.7714738033480243
0.7502407692767925
0.7502407692767925
0.7502407692767925
0.7502407692767925
0.7499364503237071
0.7491337229411552
0.7603412889378689
0.7603412889378689
0.7634118469976425
0.7765551172149104
0.7765551172149104
0.7732475703071517
0.7620849696125062
0.7675940293859072
0.7801888242171758
0.7835938739407529
0.7910443191961729
0.785943192324128
0.7907606870957646
0.7852143821562519
0.7873906047223188
0.7852557249381388
0.7868291034577554
0.7836186521631708
0.7836186521631708
0.7816484924116139
0.7906319839159298
0.7911022715781337
0.7911022715781337
0.7914960093140041
0.7885229243493972
0.7891608818158001
0.7891608818158001
0.7891608818158001
0.7916725821006804
0.7796236868938696
0.7872484361187906
0.7880471126220233
0.7928550212850536
0.7926880427247583
0.7807550063196973
0.7807550063196973
0.7805447272513313
0.7792609102957656
0.7745893474923796
0.7745893474923796
0.7745893474923796
0.7826906080371157
0.7796857786712382
0.777413210688337
0.780297516380121
0.7780965936282552
0.7770653115789783
0.7745659458622821
0.7745659458622821
0.7745659458622821
0.7734387800067257
0.7852929548112029
0.7910097201523734
0.787999818670735
0.787999818670735
0.787999818670735
0.7798037509512935
0.7810117984279635
0.7829337132661099
0.7813565516136185
0.7776778146970189
0.7787657805418047
0.7798118552864687
0.7803952256905735
0.7710595603115591
0.7799367194369947
0.7799367194369947
0.776867061600481
0.7753414925834183
0.7801789160257193
0.7801789160257193
0.7785853916262131
0.7827888148718247
0.7827888148718247
0.7827888148718247
0.7749371906572416
0.7709289578076104
0.7701969591940792
0.7683307587241157
0.764903100752732
0.769349542151935
0.7607307366670657
0.7578295422902334
0.7622403291554773
0.7582397088195961
0.7582397088195961
0.7592006197479155
0.7695193386571783
0.7695193386571783
0.7696450066068207
0.7540881785171789
0.753734901195776
0.7563443951172856
0.7586264501781678
0.7628082388753253
0.7628082388753253
0.7643237338255582
0.7643237338255582
0.7695603716714211
0.7695390388902631
0.7695390388902631
0.7695390388902631
0.7683325643572032
0.7683325643572032
0.7667629727482095
0.7657840741711568
0.7629952873346009
0.7484784340323505
0.7473279279788895
0.7473279279788895
0.7480607325215881
0.7487624581608656
0.7486628822026119
0.7495603543911417
0.7494699533997246
0.721920689577568
0.721475161820543
0.721475161820543
0.721475161820543
0.7016079728314654
0.6977794265239721
0.6977794265239721
0.6977794265239721
0.687135276454007
0.6873361900815294
0.6941239106414646
0.695679582336434
0.6980796400256143
0.6964176203373486
0.6918557102999545
0.699493466870083
0.6736591755928567
0.6818673449804488
0.6818673449804488
0.682668687388213
0.6878844546532084
0.69331010826359
0.7025182640221556
0.7056156093263809
0.6968530582547589
0.6977815154883671
0.6967883432853745
0.6933395317053858
0.6933478761867734
0.6933478761867734
0.6933478761867734
0.6775698847605037
0.6760164039262538
0.677531588165974
0.6667274269257285
0.6596214516889751
0.6549598129945836
0.6482349262217884
0.6395226601872853
0.6413483515812901
0.6434589600239553
0.6434589600239553
0.6439593552387904
0.6439593552387904
0.6480275906605442
0.647067661601679
0.6569408459790309
0.6533829986020016
0.6491543730385911
0.6507505503128027
0.6545175728466344
0.6683626542167327
0.6690196015913307
0.6768338630717423
0.7001807391457042
0.7006467553441986
0.6928573087957727
0.6928573087957727
0.6883629955657155
0.6886864733647161
0.6908927126916091
0.6898908260045348
0.6881141944655611
0.6882992993801398
0.6915974515872575
0.6915974515872575
0.6798020630970709
0.6763802468389676
0.6657531350398448
0.6729617069196001
0.6708055259234097
0.6628752112670829
0.659678380934047
0.6593178421287145
0.65555383758845
0.6557529947496413
0.6577845603124797
0.6331517873626414
0.6343810903517877
0.6329873023946322
0.6330081657941555
0.6325830251492307
0.6325830251492307
0.635647913632251
0.6281445521852482
0.6281445521852482
0.6281445521852482
0.6397800344325181
0.6419885552495601
0.6430352301443989
0.6431533260782254
0.6437099702269774
0.646467443037286
0.6462585057896096
0.6484068469869736
0.6484068469869736
0.6433476146559073
0.6542763413776415
0.6534701238885288
0.6534701238885288
0.6600243512118055
0.6598794188379784
0.6492613776282491
0.6520986934595067
0.6514545626180799
0.6481468765430444
0.6453227028243446
0.6453227028243446
0.6453313017884961
0.645892073038294
0.652013238701954
0.6502767363605632
0.6651070303491573
0.6650572090924127
0.6851710730969315
0.6802855113692534
0.6457869803071702
0.6469383002333582
0.6409207390290742
0.6531323353224199
0.6524573926628345
0.6505587101169997
0.6577439102022006
0.6619356264323039
0.6619356264323039
0.6619356264323039
0.666855154766625
0.666855154766625
0.664828514149621
0.6650436711306992
0.6746155048738152
0.6768694648805547
0.6679417861942915
0.6654810636259052
0.678636766540443
0.6793985388141353
0.6802489430993315
0.6683905206340406
0.6683905206340406
0.6683905206340406
0.673021784404034
0.673021784404034
0.673021784404034
0.6684748987835186
0.6517596078780049
0.6517596078780049
0.6517596078780049
0.6530397683259069
0.6530397683259069
0.6530397683259069
0.6591488882253224
0.6750643301121325
0.6691593995655849
0.6721468206735319
0.6712880480641683
0.6712880480641683
0.6699547105929076
0.6699547105929076
0.6699547105929076
0.6701259052385528
0.6592251385833894
0.6571985994481542
0.6577985707371887
0.657395498170018
0.6568398304476347
0.6306321659396982
0.6306321659396982
0.6306321659396982
0.6321761102764143
0.6336297268410542
0.6159607171988292
0.6196014545799434
0.6179190776092436
0.617939726547897
0.6202243234576978
0.6207093137471055
0.6100281421065943
0.6171223814440787
0.6201515801559226
0.6159520210347688
0.6165630085169823
0.6204458534370796
0.6181492600076369
0.626993376250239
0.6322898092447352
0.6322898092447352
0.638911398276741
0.6428094959280964
0.6415094529868053
0.6415094529868053
0.6415094529868053
0.6153831234384218
0.614994648273873
0.6108969118382792
0.6108969118382792
0.6147262715665575
0.6147262715665575
0.6197829366303288
0.6197829366303288
0.6199762398734763
0.6244639971259186
0.627032311426883
0.6296982980564224
0.6296982980564224
0.6303677048896662
0.6324206113379194
0.6320387172433403
0.6314432098877422
0.6314432098877422
0.6155440729640699
0.610620584800297
0.609270598619476
0.609270598619476
0.609270598619476
0.6064336382526222
0.6064336382526222
0.5983620179341105
0.5983620179341105
0.5945639838718272
0.601457956881241
0.578403241191568
0.578403241191568
0.5858251882779558
0.5858251882779558
0.5847092326287432
0.5969498383639259
0.5812183980008298
0.5806655453200807
0.5821176410286414
0.5821176410286414
0.594328950236709
0.5740495738579143
0.5409660545606835
0.5309683318993029
0.5238175759121826
0.5281597227652489
0.5252096894094218
0.522085732811438
0.5225677531271216
0.5218451607709664
0.5244190062440192
0.5253066019494416
0.5253066019494416
0.5253066019494416
0.5282610327651792
0.5287781010490645
0.5298853070946321
0.5265505592089254
0.5216666601177314
0.5196766362565494
0.5196766362565494
0.5206805698506785
0.5170027413695021
0.5218110225728093
0.5227098975623274
0.519489497582439
0.5178662813742312
0.5178662813742312
0.5031677186972534
0.5031677186972534
0.5031677186972534
0.5106444572724972
0.5106444572724972
0.5106444572724972
0.5015219313789192
0.5145838755498897
0.4992393740034739
0.4992393740034739
0.5000127429638862
0.4784123653912911
0.4793047672378042
0.4797583070449424
0.457183228967672
0.457183228967672
0.45519830631649516
0.44925934920508964
0.4494537182152496
0.4452239796177769
0.4452239796177769
0.43115851306519987
0.422321652603981
0.41347909504209585
0.4159384224332819
0.41001257501764005
0.41396182998301667
0.41396182998301667
0.4116804493346389
0.4102394246374205
0.42152775931527564
0.4236697094327449
0.4222183225875506
0.4202865117088306
0.4202865117088306
0.4221587408941207
0.4145137717466435
0.415266362128623
0.42781805241229326
0.4261185596603321
0.4261185596603321
0.4249116028763038
0.4295292224275176
0.4295292224275176
0.4295292224275176
0.4332753158620261
0.4518250735405402
0.4518021422249365
0.4518021422249365
0.4323853259131864
0.42509505758789307
0.4232749307827317
0.4254405757560027
0.4254405757560027
0.42669459905783697
0.43146519027322744
0.4320048151225999
0.4320048151225999
0.42835832060720697
0.4265806835466876
0.4272279215464505
0.43190652580996597
0.43388484907385216
0.43102677834947967
0.4312975779524292
0.4312975779524292
0.4248546244919235
0.4386427267957765
0.4381641248372593
0.43968567991347673
0.43762250401688524
0.433607143701711
0.4298029240815169
0.42508621742726277
0.42479222557654156
0.3980755633293133
0.39845255002711194
0.39887574060611714
0.3817087100165329
0.3830946877138559
0.3830946877138559
0.3830946877138559
0.38318665462005
0.38318665462005
0.38318665462005
0.38318665462005
0.38134731518190845
0.37755078879190423
0.37279865305484083
0.36665897282324966
0.36665897282324966
0.37594039164533954
0.3765836967719947
0.3775871655730511
0.38765337496535635
0.3883350852523276
0.3912130591608974
0.39117222529664364
0.39274298977094
0.39274298977094
0.3922811033718334
0.3958143116106203
0.3958352162010354
0.39805711860667575
0.399612980640244
0.3977584232301307
0.39647918410486344
0.4046043538049161
0.40642394646987123
0.40642394646987123
0.40642394646987123
0.40691755750839315
0.40691755750839315
0.4003791178748814
0.382245079915881
0.38328262715435396
0.3833448048176368
0.3816464304718995
0.37304813436935114
0.3698671102923504
0.3743143356478508
0.37771276028933787
0.3773951196999112
0.35946110844603796
0.36961512722713463
0.36835805915078157
0.3687169210823684
0.3717773761557349
0.375009372653317
0.375009372653317
0.3820108580877102
0.3772123350399297
0.3767619844871418
0.3748689384586422
0.3701192074926493
0.3689994764770328
0.36917328869939015
0.3733497059019125
0.37711046817017546
0.3680064658804398
0.3718178414931202
0.3912747435097752
0.380996762164831
0.3806536028653671
0.38211359700057457
0.38223442398106905
0.38223442398106905
0.3706612955837693
0.3663241160546836
0.3543615551743726
0.3750502327019505
0.40801491130990863
0.40822609018920014
0.4066853720308576
0.4066853720308576
0.4062242886026618
0.40780352067533243
0.42665541084507064
0.42665541084507064
0.42665541084507064
0.4305253190055758
0.4305253190055758
0.4305253190055758
0.42932532276003293
0.42932532276003293
0.4158026199161262
0.42525298896035324
0.42961123708787186
0.42961123708787186
0.42970215092443
0.42970215092443
0.4232997119184771
0.4232997119184771
0.41609521306080277
0.41334706330906307
0.4129688070064106
0.4341408149802701
0.44723928704671706
0.4431761996950056
0.44330063969503225
0.44330063969503225
0.44330063969503225
0.4430898606225535
0.44960461034378585
0.44960461034378585
0.44960461034378585
0.46089569994109375
0.45559252380833015
0.45360752000443677
0.4517135856934008
0.4545569527473489
0.4563279697768814
0.46431864922881755
0.47050342983835247
0.4705130805941322
0.47075582134234106
0.4707032669101084
0.45814160902142625
0.4618602920541575
0.4593921184067326
0.4601928854092082
0.4601928854092082
0.46134882546086226
0.4616872652804175
0.463244992355039
0.46924510099161026
0.4655397051881795
0.46603952124315956
0.46886975946297554
0.4743788250083292
0.4813191708838739
0.4857762989604459
0.4857762989604459
0.4857762989604459
0.4857762989604459
0.4966390176479187
0.49784105688492036
0.49784105688492036
0.461132890892409
0.46204547527950895
0.46204547527950895
0.47051599245119013
0.4819730977483454
0.4819730977483454
0.46768633768072154
0.4761468666916876
0.47158683637294674
0.4732212560154238
0.4637658415755109
0.4656858527578425
0.4656174362872371
0.4633300793313026
0.45467987752891537
0.4500225738189182
0.4471959131135973
0.43633570674952177
0.4284359349068907
0.4261823701660078
0.4161838551933403
0.42443247315196453
0.42443247315196453
0.4250092260474499
0.4149606442664607
0.41520936054702223
0.41446467630753425
0.4144684233662662
0.4273135615828297
0.4202473307351137
0.42632891117906213
0.4274241610253314
0.4274241610253314
0.4299691841048906
0.4177835912799138
0.4181059219730559
0.4181059219730559
0.4181059219730559
0.4181059219730559
0.41817666477193205
0.41657531787732205
0.40679055120587143
0.40679055120587143
0.39518915160311996
0.3892751050013401
0.4018036249072292
0.40420690463942377
0.40077929913807847
0.3974128533808016
0.40127790928509643
0.4022062236250372
0.4054000442372693
0.39781766490472
0.39223003741572765
0.39340731263365863
0.39749407383128543
0.39749407383128543
0.40004644167673786
0.40066994008079293
0.40066994008079293
0.39351341967984865
0.39351341967984865
0.3865527142936144
0.3865527142936144
0.3865527142936144
0.3868482792886642
0.3868482792886642
0.37427150324690406
0.37637181522042096
0.3749654952191367
0.37721070057611933
0.36182893407945577
0.35557157401308676
0.35234926794042304
0.35234926794042304
0.3470203906917077
0.3259113452901698
0.32781010548022527
0.32781010548022527
0.33062254104572103
0.3310583633472193
0.3310583633472193
0.3310583633472193
0.3309245441931738
0.3309245441931738
0.3309245441931738
0.3276668592242556
0.33092169884147826
0.33092169884147826
0.32872713807031434
0.32872713807031434
0.33043621205952606
0.32899972520661713
0.32998222775947245
0.32998222775947245
0.3120895840073679
0.3120895840073679
0.3175168707106217
0.3175168707106217
0.3290717202951548
0.32363876847092027
0.32363876847092027
0.32363876847092027
0.32153470930770417
0.32243874922776833
0.31621244164428935
0.30593531293053833
0.30725105060259317
0.3064452459818652
0.3086698251107847
0.3028095090567417
0.3028095090567417
0.3045863339271159
0.3045863339271159
0.29987545162452833
0.29987545162452833
0.3014172046883585
0.3066500143388466
0.30319230837798455
0.3057219901939129
0.3057219901939129
0.3050839721728297
0.3050839721728297
0.3070415511875315
0.3139790190209614
0.3125592387651253
0.3081908860661414
0.3081908860661414
0.30329414780814823
0.30980291334593957
0.3110258467966322
0.3110258467966322
0.31388043054477766
0.31128404619500016
0.3364279720633839
0.3516599141160199
0.3519359003700989
0.350255077211792
0.34966899832191933
0.3464519770543677
0.3093416667820839
0.30996907871283924
0.30925048509718556
0.31454388379225
0.3168013415941272
0.31118473513505623
0.3112963290287478
0.3120083819553724
0.31637096127704206
0.3110035424915871
0.3102545736835396
0.3102545736835396
0.31110314117755633
0.3023321376644144
0.29935724997392793
0.3054937768867714
0.3093779248510759
0.3083703812670705
0.3083703812670705
0.31026813589953234
0.31026813589953234
0.31026813589953234
0.31218358976944205
0.31031496755108934
0.30724732499950297
0.3064944926895399
0.3073763926278232
0.3108460941933351
0.3134265151906395
0.313907631312793
0.3348710157673158
0.33362033309667993
0.3329868718777427
0.3296949925824011
0.33501930913931804
0.3200929384740382
0.32338862224984155
0.32150245965364244
0.32107876557014003
0.2980960040934066
0.2956960740178606
0.30191583328372024
0.30191583328372024
0.3039836383630006
0.2985608030859753
0.2981716134839929
0.2958897437316533
0.29594662126429355
0.30293713084343815
0.29977749797079445
0.29977749797079445
0.3039209030902391
0.3177221121109241
0.3177221121109241
0.32467484058736523
0.3243158287940423
0.32432766286010806
0.32432766286010806
0.3245105037113931
0.3245105037113931
0.32883429003586934
0.32883429003586934
0.34009826746052857
0.33457062637904145
0.33793652022900766
0.33823472845125474
0.33818164440427784
0.3338649635539181
0.3301797831906619
0.3313397800809971
0.32667072849745366
0.3122548670323158
0.3122548670323158
0.3142143219576707
0.3120993390516694
0.32504404731812964
0.3224087039506336
0.32847501790577077
0.3225691118669048
0.3205312640980956
0.33644626360328933
0.3419913349883025
0.3486145718450314
0.3345315257703473
0.3345315257703473
0.3472288172508842
0.34837587857340624
0.3333730758732647
0.33790945829500196
0.33909347278649193
0.33909347278649193
0.33909347278649193
0.3349559266235955
0.3361861027561881
0.3361861027561881
0.3352198629944037
0.32880263600350335
0.32880263600350335
0.32880263600350335
0.32332176604828744
0.32222089535507253
0.3208868040118388
0.3221372366480926
0.32668872167489293
0.3259043352771903
0.3255064980232724
0.32643157498826775
0.32672653538000634
0.3266247459351026
0.33062977442782515
0.32290090936909455
0.32231178548526757
0.3469203122903326
0.34562079991612205
0.34562079991612205
0.34537825348107504
0.3488230358501697
0.35199730169930254
0.35199730169930254
0.363569135079249
0.363569135079249
0.36447891589037285
0.3507955012259404
0.34737397881544413
0.34737397881544413
0.34737397881544413
0.3472853441187449
0.34350115770389156
0.3531011064040888
0.3461637118655375
0.3461637118655375
0.3461637118655375
0.3461637118655375
0.3461637118655375
0.3460972007061752
0.3460972007061752
0.3544856827824948
0.35343266041396315
0.35343266041396315
0.35343266041396315
0.3523751709371277
0.37481958609664107
0.38290446804701195
0.384635206669719
0.38248212343458365
0.3835986919727924
0.38313875009480275
0.38690550012776936
0.3904316887017672
0.3888173913755071
0.3901004482914223
0.3901004482914223
0.39286068771092936
0.39286068771092936
0.39339407588259445
0.3874909190658139
0.3595765835663333
0.36187339712379685
0.35792012506091053
0.3614437599028732
0.3480752863607153
0.34248629430984495
0.33958280337651886
0.34439108055907675
0.34439108055907675
0.3462237205283681
0.3462237205283681
0.3459386408157267
0.34172120175620935
0.3388342540482198
0.33014967535463013
0.32345125987506845
0.32332761588582604
0.31921767045237465
0.31921767045237465
0.3470912274066787
0.34775192044197173
0.35123716680987266
0.33492985645366796
0.3344633470297862
0.3336009824856767
0.3336009824856767
0.3336009824856767
0.3336009824856767
0.32446591635393707
0.3238677862427655
0.3230943993248356
0.3230943993248356
0.3230943993248356
0.3230943993248356
0.3263837035055795
0.33506097172890176
0.33965084978149307
0.3395477018695182
0.3395477018695182
0.3395477018695182
0.3395477018695182
0.3409993031126399
0.3365006780620369
0.34184322407640644
0.34050788583188507
0.33224034333367247
0.32996988582853093
0.32996988582853093
0.307994038213227
0.307994038213227
0.2990886505945284
0.2990886505945284
0.3002613741352067
0.2906746378164128
0.28733158683913673
0.2948512646251268
0.29823430849609767
0.29823430849609767
0.29363911379537133
0.2986362619751527
0.299132619791187
0.29540574602118735
0.29540574602118735
0.2941342448357822
0.2931567673084235
0.2929897124914278
0.28842552227494167
0.28781402973601355
0.2878226894907383
0.2878226894907383
0.2987351054548506
0.2987351054548506
0.2987351054548506
0.2977528180788676
0.30256475477146677
0.30133573890315163
0.30133573890315163
0.30133573890315163
0.29846535188091605
0.29846535188091605
0.2975368741666499
0.29373766375046195
0.2981389959689165
0.29808574391237164
0.2953746996566203
0.2953746996566203
0.29442693190436325
0.2940820636711963
0.2940820636711963
0.3020496485278264
0.30563745830115585
0.3015588242724615
0.3015588242724615
0.30553349902200416
0.30616761411691085
0.3109002803862572
0.3120357790793111
0.3082563111182421
0.3082563111182421
0.3048399426531025
0.3048399426531025
0.3010581396097199
0.30317068252642554
0.3039165814856209
0.30285014227257256
0.2938132154757472
0.29396588458742434
0.2948084797566963
0.2958039775357761
0.2958039775357761
0.30264295205486086
0.30399813067688025
0.30185611805881196
0.3057730607861005
0.3057730607861005
0.3057730607861005
0.3057730607861005
0.3070686683791934
0.3085945036610797
0.307755912278173
0.3071680219088405
0.32028106274704793
0.3246812633447059
0.32952252841975266
0.3279086475072121
0.3279086475072121
0.31454121873628843
0.31495907866002154
0.3152640946279327
0.3152640946279327
0.3131616480220487
0.31278086254413895
0.31278086254413895
0.31278086254413895
0.31363293699142974
0.31363293699142974
0.3217028037202698
0.3217028037202698
0.3217028037202698
0.3180589089613284
0.3202881816821871
0.3213610600245291
0.32920467011362825
0.32807795514375954
0.32027276734455784
0.3269678942476368
0.3233849487692014
0.3261316706104617
0.3261316706104617
0.3471504800976116
0.34738973720525296
0.34738973720525296
0.34738973720525296
0.3459725895089314
0.3453479051433509
0.3375376072968036
0.33772507125241547
0.33772507125241547
0.33772507125241547
0.33000667560388297
0.33000667560388297
0.33000667560388297
0.33136058004460395
0.33136058004460395
0.33101547722233354
0.33101547722233354
0.33101547722233354
0.3301162776246455
0.3266221303200545
0.3235623964744294
0.3224265637727466
0.3294948517025228
0.31732459615404596
0.31874247798698974
0.31874247798698974
0.3105961871689384
0.31036922711477966
0.31036922711477966
0.31391134634872936
0.3012039205870609
0.3076666409524692
0.32961408822123134
0.3158019265839639
0.31995828286984695
0.3094314981484902
0.3083929135339904
0.3083929135339904
0.307697887306383
0.307697887306383
0.30599681912774024
0.30665418959957885
0.30665418959957885
0.3093849883575876
0.3093849883575876
0.3096495812630436
0.3095600091465379
0.3167717818522281
0.3167717818522281
0.3142122686228396
0.3142122686228396
0.3137938995692554
0.31709673654560716
0.31709673654560716
0.3158378667272193
0.31590723951341526
0.3194144055690734
0.3226920256228685
0.32710077244400987
0.32916183531454163
0.32739475698010984
0.3277022120510491
0.3277022120510491
0.33136160069150483
0.3313017433994456
0.3344283221114695
0.3344283221114695
0.3272583116644997
0.3272583116644997
0.3241775683345316
0.3241775683345316
0.3241775683345316
0.3233081825615114
0.3233081825615114
0.315213698380957
0.315213698380957
0.31769672501237073
0.31769672501237073
0.3165916677180744
0.32168428672598687
0.3246817250831354
0.32410505950551854
0.3252677826928369
0.3252677826928369
0.32556812620084646
0.3092661219095571
0.31246009550885034
0.31246009550885034
0.31246009550885034
0.31058096919989725
0.3076655108427629
0.3076655108427629
0.3055993739230399
0.30500093615214613
0.3102302385444482
0.299962863908192
0.30105509271956954
0.30105509271956954
0.30289557519923904
0.3041031677167051
0.2992177414952188
0.2992177414952188
0.29792002459200084
0.2982503020643196
0.2982503020643196
0.29476009690822486
0.29171108757715486
0.29171108757715486
0.292766028530491
0.2927377298869082
0.3017783019921797
0.3017783019921797
0.3084108939698659
0.3084108939698659
0.3084108939698659
0.30796674843564364
0.30796674843564364
0.30659998349286327
0.31586172002122614
0.2917664484832325
0.2959974854270442
0.29311435103992195
0.29311435103992195
0.29311435103992195
0.2846435628053897
0.28392962300828495
0.28897182595583426
0.28897182595583426
0.2850328860695072
0.2806522107429826
0.284439635005116
0.284439635005116
0.284439635005116
0.28481083489137027
0.28657789663362615
0.2912252245113107
0.29790583539394005
0.2933566880828794
0.29501722013069814
0.29301855170125274
0.29301855170125274
0.29239106036394497
0.2936302108074129
0.29188922431092934
0.29188922431092934
0.2779735445526335
0.28153558766021014
0.2785477886140904
0.2779284078863654
0.27289318206998736
0.2633893010413547
0.27961591447282813
0.27961591447282813
0.27961591447282813
0.27961591447282813
0.27961591447282813
0.2926226626037633
0.28868636665914904
0.2906646453990935
0.2922196188263166
0.2931018358781134
0.2931018358781134
0.2931311991747033
0.29138637726306904
0.2913010411508642
0.2965699224247955
0.2965699224247955
0.2965699224247955
0.2965699224247955
0.28790198324367344
0.28806077833413735
0.28806077833413735
0.28806077833413735
0.28806077833413735
0.2880197263183527
0.29868228252607104
0.29868228252607104
0.3056167434523166
0.3066449520451864
0.309268834784903
0.309268834784903
0.309268834784903
0.309268834784903
0.309268834784903
0.309268834784903
0.289749408989562
0.29771911586847927
0.29771911586847927
0.29771911586847927
0.30289088060242897
0.29907454276994044
0.3121770871422863
0.3121770871422863
0.3070759764976118
0.30704283655171744
0.2859673130844304
0.2859673130844304
0.2859673130844304
0.2857680770287235
0.27208317971899837
0.27208317971899837
0.27208317971899837
0.2731324004693908
0.2731324004693908
0.2810639855911977
0.2802008474859729
0.2633893010413547
0.25164461718200815
0.2509651471830998
0.2507379866697063
0.2507379866697063
0.2507379866697063
0.2507379866697063
0.2507379866697063
0.2507379866697063
0.2507379866697063
0.24679498600055622
0.2469142333726511
0.2469142333726511
0.2469142333726511
0.2469142333726511
0.2469142333726511
0.2469142333726511
0.2469142333726511
0.2469142333726511
0.2469142333726511
0.2469142333726511
0.23981435230018783
0.23981435230018783
0.23981435230018783
0.21601517565021539
0.21601517565021539
0.21595015497373882
0.21595015497373882
0.21595015497373882
0.21595015497373882
0.21595015497373882
0.21595015497373882
0.21595015497373882
0.21595015497373882
0.21595015497373882
0.21595015497373882
0.21595015497373882
0.21595015497373882
0.21595015497373882
0.21595015497373882
0.21595015497373882
0.21595015497373882
0.21298642605936216
0.21298642605936216
0.21298642605936216
0.21298642605936216
0.21298642605936216
0.21298642605936216
0.21298642605936216
0.21298642605936216
0.20074393810647964
0.20074393810647964
0.20074393810647964
0.20074393810647964
0.20074393810647964
0.20074393810647964
0.20074393810647964
0.20058884434332408
0.20058884434332408
0.20058884434332408
0.1994042744650697
0.1994042744650697
0.19273264043529845
0.19273264043529845
0.19273264043529845
0.19273264043529845
0.1927251749849694
0.18581534448968648
0.18488064061642157
0.18488064061642157
0.1802634218589418
0.1802634218589418
0.18043255290429733
0.18043255290429733
0.18043255290429733
0.18043255290429733
0.18043255290429733
0.18043255290429733
0.18043255290429733
0.18043255290429733
0.18043255290429733
0.18018342938099055
0.17188630238083813
0.1583780300251364
0.1583780300251364
0.1583780300251364
0.1583780300251364
0.1583780300251364
0.1583780300251364
0.1583780300251364
0.1583780300251364
0.1583780300251364
0.1583780300251364
0.1583780300251364
0.1583780300251364
0.1583780300251364
0.1583780300251364
0.1583780300251364
0.15918768429846017
0.15918768429846017
0.15918768429846017
0.15918768429846017
0.15918768429846017
0.15918768429846017
0.15918768429846017
0.15918768429846017
0.15918768429846017
0.15918768429846017
0.15918768429846017
0.15918768429846017
0.15918768429846017
0.15918768429846017
0.15918768429846017
0.15918768429846017
0.15918768429846017
0.15780987720794026
0.15780987720794026
0.15780987720794026
0.15780987720794026
0.15780987720794026
0.15780987720794026
0.15500064066312194
0.15500064066312194
0.15500064066312194
0.15500064066312194
0.15500064066312194
0.15500064066312194
0.15500064066312194
0.15500064066312194
0.15500064066312194
0.15500064066312194
0.15500064066312194
0.15500064066312194
0.15500064066312194
0.15500064066312194
0.15442414527107398
0.15442414527107398
0.15442414527107398
0.13885297039698902
0.13885297039698902
0.13885297039698902
0.13885297039698902
0.13880681100125422
0.13834757074318593
0.13834757074318593
0.13834757074318593
0.12281978348653565
0.12281978348653565
0.12281978348653565
0.12281978348653565
0.12281978348653565
0.12281978348653565
0.12281978348653565
0.12281978348653565
0.12281978348653565
0.12281978348653565
0.12281978348653565
0.12121069956146299
0.12121069956146299
0.11232998590100769
0.10365285880377073
0.10365285880377073
0.10365285880377073
0.10365285880377073
0.10365285880377073
0.10400632604121791
0.0867765187185463
0.0867765187185463
0.0867765187185463
0.0867765187185463
0.0867765187185463
0.0867765187185463
0.0867765187185463
0.08170667005810776
0.08170667005810776
0.08170667005810776
0.08170667005810776
0.08170667005810776
0.08170667005810776
0.08170667005810776
0.08170667005810776
0.08170667005810776
0.08170667005810776
0.08170667005810776
0.08170667005810776
0.08170667005810776
0.08170667005810776
0.08170667005810776
0.08170667005810776
0.08170667005810776
0.08170667005810776
0.08170667005810776
0.08170667005810776
0.08170667005810776
0.08170667005810776
0.08170667005810776
0.08170667005810776
0.08170667005810776
0.08170667005810776
0.08170667005810776
0.08170667005810776
0.08170667005810776
0.08168805550602878
0.08168805550602878
0.08168805550602878
0.08168805550602878
0.08168805550602878
0.08168805550602878
0.08168805550602878
0.08168805550602878
0.08119679221631232
0.08106960078304608
0.08079463694630137
0.08079463694630137
0.08079463694630137
0.08045065240276568
0.08045065240276568
0.08045065240276568
0.08045065240276568
0.08045065240276568
0.08045065240276568
0.08045065240276568
0.08045065240276568
0.08045065240276568
0.08045065240276568
0.08045065240276568
0.08045065240276568
0.08045065240276568
0.08045065240276568
0.08045065240276568
0.08045065240276568
0.07518673964275473
0.07330640118562437
0.067822089053651
0.0660231445865874
0.0660231445865874
0.06612743225923404
0.06612743225923404
0.06612743225923404
0.06612743225923404
0.06612743225923404
0.06612743225923404
0.06612743225923404
0.06612743225923404
0.06612743225923404
0.06612743225923404
0.06612743225923404
0.06612743225923404
0.06612743225923404
0.06612743225923404
0.06612743225923404
0.06612743225923404
0.06612743225923404
0.06612743225923404
0.06612743225923404
0.06612743225923404
0.06612743225923404
0.06579914038104342
0.06579914038104342
0.06579914038104342
0.06579914038104342
0.06579914038104342
0.06579914038104342
0.06579914038104342
0.06579914038104342
0.06579914038104342
0.06579914038104342
0.06579914038104342
0.06579914038104342
0.06579914038104342
0.06579914038104342
0.06579914038104342
0.06579914038104342
0.06579914038104342
0.06579914038104342
0.06659851524884913
0.062166694556345416
0.06216278247504556
0.06192414972647567
0.06186391902607175
0.06186391902607175
0.06186391902607175
0.06186391902607175
0.06186391902607175
0.06186391902607175
0.06186391902607175
0.06186391902607175
0.06186391902607175
0.06186391902607175
0.06186391902607175
0.06186391902607175
0.06186391902607175
0.06186391902607175
0.06186391902607175
0.06186391902607175
0.06186391902607175
0.06186391902607175
0.06186391902607175
0.06186391902607175
0.06186391902607175
0.06186391902607175
0.06186391902607175
0.06186391902607175
0.06186391902607175
0.0631753353193316
0.0631753353193316
0.0631753353193316
0.0631753353193316
0.0631753353193316
0.0631753353193316
0.0631753353193316
0.0631753353193316
0.0631753353193316
0.0631753353193316
0.0631753353193316
0.0631753353193316
0.0631753353193316
0.0631753353193316
0.0631753353193316
0.0631753353193316
