1.6646191742913319
1.5534902172026883
1.554080919286395
1.554080919286395
1.5544169092342919
1.5488173549394264
1.553308598390391
1.5576803311580807
1.5569922942593015
1.5569615913410064
1.5582380984157942
1.5494313334077527
1.5325897767352366
1.5313748774318077
1.5099736264005124
1.5107143262723322
1.5229962942211372
1.5372292307654805
1.5361593217583998
1.523615115927527
1.5245493224401014
1.5316463881210876
1.541469756029098
1.5600326946710665
1.5628864324537108
1.5438263784894317
1.5594911470653572
1.5627064104637254
1.571873192743848
1.5714805881729865
1.5709952521542474
1.5693797432035863
1.5658141835999104
1.5683422386677601
1.5726500162694559
1.5599759636948074
1.5568983060605646
1.5506453330199537
1.5419447226367855
1.553793327322094
1.5485850678366124
1.5496943746273242
1.5471354758917657
1.5466381361902133
1.534602221391921
1.5362700918456664
1.5424966394565018
1.5393221235525734
1.5471154868767074
1.5479866468767067
1.5509623108585309
1.5507095637354278
1.5355229543100914
1.522894431219559
1.514180609269508
1.5307551808319109
1.537062498563674
1.534381522385789
1.5335822510936132
1.5432761961386952
1.5438816198819025
1.5620376689269415
1.560248948640342
1.5607226944019765
1.5563845591861847
1.5550851927173293
1.5482609694496121
1.5375861494815333
1.537540698841751
1.5348349122087006
1.547826125717525
1.5355631017771512
1.5153556307276197
1.5198221187723622
1.5234949344599036
1.534985187239452
1.534974981540751
1.536137452175833
1.537523545765613
1.537523545765613
1.5327517523285514
1.5194918312306416
1.5123286301247045
1.512439397008375
1.5051494808316441
1.5046350966190363
1.500743426535287
1.4730050604147553
1.4594729935608541
1.4599316738514976
1.4664144524432816
1.467941181121093
1.4705041403353671
1.4705041403353671
1.4735275142338071
1.4742338978756515
1.473081655727755
1.4770050271723016
1.4770050271723016
1.4673980077470088
1.4673185646987355
1.4567764657121682
1.4567764657121682
1.4531189271230358
1.4557554387536091
1.4733718022384203
1.476509681717665
1.4750271971594002
1.4714244308053022
1.4714244308053022
1.4701007149605039
1.4725577697457903
1.462429237082121
1.4591140876815134
1.4444383336408235
1.4444383336408235
1.4293951444595188
1.411347702540402
1.41273083612794
1.4130460205569155
1.4192715335726442
1.4189428952091685
1.4266571178731609
1.4261443063873573
1.4261443063873573
1.4362419729435905
1.4292881354686722
1.4343542611331164
1.4400703308950362
1.4401846911424903
1.4416692657096004
1.4394370966033514
1.4296488206993054
1.4176475940129016
1.4210751474405376
1.4091146909372878
1.4016540670717592
1.402122478213927
1.408250473209488
1.405553203213739
1.4063590058020545
1.406251834689148
1.4069149934380523
1.419939282865525
1.4334610602142028
1.4427295467357073
1.442363827840442
1.4265340294930557
1.4234622123626224
1.4024539477903857
1.3754816984760316
1.3604550967226408
1.3581949505988384
1.3515247396739845
1.3504248363706366
1.3383534925597709
1.3430645425563434
1.3499295236825646
1.3499295236825646
1.3555089743359179
1.3551023473952637
1.3525191423396918
1.3473583549024184
1.3377545143891434
1.338003834139226
1.3364260358315883
1.3495611146820854
1.3560423145501683
1.352504246505432
1.3483483996048102
1.3530013746867278
1.3503784391210756
1.344086735237618
1.343756474794091
1.3450971027940843
1.3410004409935983
1.3581820388898078
1.363613635529998
1.362639659590931
1.3684876536559232
1.369120998532683
1.3681259272869166
1.362897881953112
1.362789134937196
1.3567033863898006
1.3646588884104958
1.3599993068604763
1.3585665796528275
1.3647353815353767
1.3476570251268327
1.3420575218658484
1.335017304074845
1.3386517477206856
1.3365279649521982
1.328636626640273
1.340631390308609
1.3340965351348228
1.3331939085441569
1.3331593776851827
1.3417236541697146
1.3399699328338353
1.329270255256276
1.3309936707064305
1.3340564999491378
1.3302838936185533
1.3201752317480113
1.3198487740452964
1.318445471458023
1.3254293545347249
1.326084861291136
1.3301595104738893
1.3297860290044448
1.3320557344023125
1.3291663535712865
1.3346516071352486
1.3349223157022594
1.3457715023026473
1.3468757101603313
1.3438268356993
1.3561101876391954
1.38711609772799
1.3810922332510371
1.3781097082100644
1.3785858222823926
1.3779555585030292
1.3779235750980816
1.3832661005650326
1.3712407941916778
1.369261468251808
1.3696465413419807
1.35340759493054
1.35340759493054
1.358128234906409
1.360248627983312
1.3498708047724621
1.3540658606139193
1.3556473321641724
1.357509848046379
1.360299770003942
1.355337196185356
1.3463699208138324
1.3444206783375285
1.3399267983795653
1.3304087448249766
1.3248511614212255
1.3183882409606424
1.3285195605622966
1.29698663340493
1.298690687863475
1.2953887893642293
1.2959803243111536
1.2984588544574598
1.2950492249633856
1.3110078340743472
1.3065293408983154
1.3079421474134167
1.3046223185371821
1.2917866052969373
1.2867602073324063
1.300649193140396
1.3277258281066997
1.3253905333627771
1.3260297535162922
1.326061712320204
1.3247116641997763
1.3466216717004835
1.3455022598559427
1.3465462270208395
1.3495672483168297
1.3415175157396049
1.3400793994339255
1.3398083883060405
1.332341722956544
1.332341722956544
1.31738028291411
1.313210724723924
1.313210724723924
1.315294019557611
1.3139712094795089
1.3343623848150992
1.3358261790437729
1.3418963594698645
1.3415594839889988
1.330630774310678
1.329987574416501
1.329987574416501
1.3166300888091376
1.3283252104896206
1.3339847937040985
1.3385695267652962
1.3349148629592122
1.333971803068548
1.3475716538656048
1.3620741113187935
1.366031350505562
1.3700437048581142
1.3706488793422729
1.3680845660120295
1.3787216132415128
1.374731041067634
1.3922888042899253
1.3878645613289098
1.395571023350456
1.4068737544260048
1.4004929981264502
1.4011403086263965
1.3950636050344756
1.3905299999505172
1.3721768866389368
1.365171994739239
1.3581139707321268
1.3644966354436152
1.368378645328174
1.3744347640196113
1.3598589047589462
1.3677827203602995
1.3573011222475253
1.3465936256359754
1.350757874336788
1.3595029662046971
1.3613598500336028
1.364802614169637
1.368426056210036
1.3668857969702979
1.3668857969702979
1.366033356628416
1.3656586675334188
1.360307186342901
1.354088236324975
1.3543943208717841
1.3582241905720018
1.3322531775997735
1.3371876978013995
1.333229992829808
1.3377609553856782
1.3377609553856782
1.3334690506400073
1.3234147408298373
1.3197683144494972
1.313179516035206
1.3053336496650363
1.296033360317615
1.2965077075224878
1.2993586020072558
1.3039597321538063
1.3009653038941702
1.3056602184981292
1.3056602184981292
1.2980099830881553
1.2969516033972202
1.2837581764480392
1.2818482118412087
1.2777636543707382
1.294011048114341
1.2839316545549935
1.297800123282272
1.3016087437327355
1.2925269715276864
1.2937460483304524
1.3008089429092622
1.2990744162009091
1.2913199254957028
1.2868421090738622
1.2864907807383883
1.3019415013022486
1.300761924648382
1.3002156510923812
1.3003013740617477
1.2968143634004523
1.296345118825943
1.2793291521411878
1.2810381625117304
1.2760704291220835
1.2806015784350253
1.2826811770998896
1.286555521360202
1.2829282668819884
1.2752500761493393
1.295437236857192
1.2995184302270195
1.2974489886617404
1.299235885927208
1.3182856038513906
1.3368538312363896
1.3368538312363896
1.3350898579900177
1.3374967646219655
1.3390674011589656
1.3384768434244296
1.3384768434244296
1.3327309389621445
1.327761153389847
1.3364953992951136
1.33676389680156
1.33676389680156
1.3386343877422389
1.3387815635391629
1.3435642773978813
1.338075689466824
1.347738883763987
1.3438579201757836
1.324197333922875
1.324197333922875
1.3272059436616126
1.3103636714764664
1.3034019685191571
1.3242075065458199
1.3195518471325345
1.3187519101659475
1.3187519101659475
1.31870804027983
1.326310555531344
1.3181229235806151
1.3201167884374057
1.3007585492334992
1.3270473883848228
1.3190270621047886
1.3210191310189363
1.3307777247552888
1.324108501698729
1.323916752554069
1.3221771108811287
1.316218866614975
1.3159452228878628
1.3211984294322348
1.319176233059574
1.3156523761044348
1.3156523761044348
1.3150070626338533
1.3150070626338533
1.296155622925089
1.2955807295820598
1.2966593415147551
1.2873781395033765
1.2871621180267796
1.2871621180267796
1.2909181797919014
1.2955433787564847
1.2878415020505576
1.2684677638386388
1.2684677638386388
1.2730390029207157
1.3003713584597123
1.2946748060614433
1.2947916162702438
1.295161271632486
1.295161271632486
1.3002166017027443
1.3024463347809347
1.3082421562557456
1.3088039271429983
1.3088039271429983
1.3167169793085194
1.3154461119011798
1.3154461119011798
1.313342651495403
1.31533817079828
1.3062536420214759
1.303613552467877
1.3074053965230086
1.3061612456391676
1.2979502579884667
1.2967177599982278
1.2920891692995902
1.273857106798721
1.2843559999652625
1.284799805880485
1.2826884661603164
1.281916246689812
1.2830994022231
1.2830994022231
1.2860951858320329
1.2859651109506773
1.279196649455818
1.2774594258552248
1.268827952654339
1.2621380279596015
1.2659618520336513
1.2595676380301628
1.2622911753802353
1.2736699928220638
1.282654124678837
1.2796335060511919
1.2693617433428566
1.2704070405278483
1.271654815845566
1.2761513411019347
1.267890086537142
1.2633922614427486
1.2583862687184073
1.254230519966744
1.26049110413682
1.2576591877766166
1.2555059070495231
1.2793236150431395
1.2651843123476605
1.2537475756739132
1.2651895032377976
1.2702156557483735
1.27135431044129
1.2738280473193677
1.2758527649941847
1.2775079878387279
1.2812993212541324
1.2812993212541324
1.2734006611627693
1.2699170674376374
1.2694036148385284
1.288592956313928
1.2904319377915394
1.2904319377915394
1.2873736833577802
1.2792961906886489
1.2700243027558191
1.2743020193467638
1.2723667028075762
1.2719696985043196
1.2679617854253638
1.2601272776386074
1.2601272776386074
1.2601272776386074
1.2600411397659181
1.2620127394202774
1.265247372509565
1.2680313017243006
1.2661541714090172
1.2594182530951576
1.2711041281536577
1.27264973615349
1.2617225997054684
1.2661643525033897
1.268892022113615
1.2669730995061133
1.2594903930514996
1.2602434260638846
1.2605208801833245
1.2596775021787172
1.2603222666064737
1.2603222666064737
1.2596068358048345
1.2504471011411207
1.2557595158827293
1.2453714630326205
1.247586157890734
1.2455234990416209
1.241640461427474
1.2436152564174343
1.2436152564174343
1.2561515608608311
1.2591719601240685
1.26572393236574
1.2703201443218302
1.2677798135179468
1.2705725604298617
1.2673000683014768
1.2629470243459793
1.259625165582007
1.2422119976160524
1.2457708721653853
1.2394962454166842
1.2371316266451038
1.2388267610833634
1.2388267610833634
1.223345159984799
1.2252634202721826
1.2301500147046536
1.2300650221483767
1.2182942855675336
1.2277381886147753
1.2334942679777672
1.2359334633291237
1.2391941682822893
1.2419023729843897
1.2406144295518475
1.2401999114191742
1.2435529287046645
1.2454782932603186
1.2594649785931233
1.2504449779744267
1.2575638077764242
1.2603913110782552
1.2617781744557313
1.26645902095495
1.2524508396907894
1.2469825213540673
1.2408376844006417
1.2378377899732993
1.2347708418504855
1.2351762897750778
1.2259526898289612
1.2237799457366543
1.2235259497326811
1.2247899066405286
1.2318841464724282
1.2159651348366405
1.2167280526955788
1.2167280526955788
1.2356882565628746
1.2325032482137166
1.2089147617779548
1.2089147617779548
1.2089147617779548
1.2073752680813674
1.2113082055623514
1.218625669495892
1.218133395824431
1.2190783636979097
1.2190783636979097
1.2194948768531468
1.215083261834272
1.2396876111831883
1.2459968343459846
1.2472886163983699
1.2360691131871036
1.2194889292930151
1.2163113432097905
1.2144102546795368
1.2152444283292063
1.2074764995389664
1.1941665524364575
1.1931826693587675
1.1937497360260207
1.1937497360260207
1.2046070782531384
1.2105264361704386
1.20434788818893
1.2039503984258864
1.2039503984258864
1.2039503984258864
1.2039503984258864
1.19576336115217
1.1946251575349938
1.1929198192608148
1.1890816522199346
1.1812559732349908
1.181964713201238
1.181964713201238
1.1798384408853984
1.1732251545380163
1.173679746168501
1.1724850656185062
1.1670792417263585
1.1382075128760203
1.1382075128760203
1.1392701836082044
1.1392701836082044
1.1392701836082044
1.1433409132437296
1.1444618062654137
1.1446098180986468
1.1417172854946758
1.1353692016453778
1.1361690864202878
1.1346912331454644
1.1346912331454644
1.1346912331454644
1.135109997027444
1.140006163679717
1.140006163679717
1.1374544545102332
1.1333361790056555
1.1333838182701141
1.1333838182701141
1.1356412302478953
1.1341600996131391
1.1453831367472915
1.1453831367472915
1.1453831367472915
1.1381318797893716
1.1381318797893716
1.1513242517440307
1.1535520727171142
1.1535520727171142
1.1535520727171142
1.1532405515928437
1.1336828150857037
1.133468622851555
1.1356340190169754
1.1163250377797338
1.115140689634022
1.114467708211566
1.1136744796098994
1.1108770622350168
1.1108770622350168
1.0848355925563187
1.0848355925563187
1.0875411093731362
1.0734369014643494
1.0734369014643494
1.0734369014643494
1.07354489723308
1.0797425538148522
1.081329679622879
1.0804174351474363
1.0727780918569458
1.0659171052936685
1.0619229768477028
1.0707308821120602
1.0708812808755683
1.0713164304093559
1.0682154215902628
1.0682154215902628
1.052569300370888
1.0561330505310647
1.0562088310516238
1.0473517495013127
1.0510533691600037
1.0524475178124701
1.063123787257859
1.070661651597601
1.070661651597601
1.071673596112997
1.0574194481600214
1.0690537946724696
1.0690537946724696
1.0690537946724696
1.061657289221992
1.0607227960538368
1.048933932253284
1.0281718390241716
1.0290213213831343
1.0176299591638687
1.0176299591638687
1.0252804865368874
1.0335782965879114
1.0384029860584634
1.0427373204430963
1.0338008549891526
1.033627607932059
1.0188563727096347
1.015019436770363
1.0093585887546168
1.0076909790056416
1.0059196816375364
0.9848108700348674
0.9853075372330306
0.9853075372330306
0.9711516406889694
0.9641115362804489
0.9641115362804489
0.949089261652707
0.953701999887438
0.9669091255505858
0.9669091255505858
0.9484808216336176
0.9534640407771009
0.9493134987143479
0.9462093400583901
0.9356877421898225
0.9451855793146737
0.9448241053666289
0.9448241053666289
0.9242499017080034
0.9024629475346835
0.9010814457670285
0.8959228609845628
0.8963735648269743
0.9011749020752143
0.9023626134239027
0.9017612527744627
0.9015578526237298
0.8972180099155296
0.8990682543005541
0.8994679189199491
0.8916085285912542
0.8916085285912542
0.9029867677491963
0.9029867677491963
0.9029867677491963
0.9060299592392398
0.9042754497079726
0.9015255196683724
0.8994041710768389
0.8841785720080448
0.8851793099364483
0.8856946119273733
0.8854040628284384
0.8815553744159661
0.8815553744159661
0.8838613392068112
0.8815305133316073
0.8689479786104402
0.8832113690678837
0.8829448461587387
0.8755453827817289
0.8719860898847159
0.8753673935692132
0.8753673935692132
0.8756529590424907
0.8726351222587347
0.8698114950161344
0.8660252482104976
0.8632697726387158
0.8625852258224425
0.8548390802655526
0.8548390802655526
0.847000824241692
0.8542819163950571
0.8566762908132274
0.8526532255856355
0.8526532255856355
0.8471946773702623
0.850469858350012
0.850469858350012
0.8495716166354156
0.8193343868300991
0.8237444518733497
0.823764614022579
0.8194691399275222
0.8059277855273584
0.8059277855273584
0.8101008783703202
0.8096617688861711
0.8096617688861711
0.7998565956131478
0.7897742219666026
0.7861786242513921
0.7803559299711077
0.7894201003045728
0.7858329538164583
0.7858329538164583
0.7858329538164583
0.778451969639859
0.7780421535665448
0.7890840176271701
0.7880233847927431
0.7762094649534403
0.7830240733240181
0.7803459152628002
0.7854861228854882
0.777099548786031
0.777099548786031
0.777099548786031
0.77218149523698
0.7647290031677801
0.7654067718419371
0.7654067718419371
0.7654067718419371
0.7635403764319314
0.7700224755453303
0.7638017560708066
0.7638017560708066
0.7642516651082312
0.783488509783957
0.782338098415084
0.7831413114571083
0.7831413114571083
0.7831413114571083
0.7800619917275828
0.7811942915129388
0.7828841947200446
0.7828841947200446
0.7750016550730752
0.7772437583144114
0.7767802036224523
0.7736464552679373
0.7735815783871023
0.7703476007359911
0.757394518813477
0.749389795481058
0.7470107012420999
0.7523590129069642
0.7527248688925398
0.7524190251189781
0.7524190251189781
0.7342118230651642
0.7361671289254021
0.7404193147849064
0.7332127337392574
0.7299776662423522
0.7299776662423522
0.7283646125546593
0.7261986597372673
0.7081584632955498
0.7078004704371336
0.7094373861030783
0.7037407078535852
0.7075238444026508
0.7075238444026508
0.7074350578228114
0.7089289534019538
0.7027415833949178
0.7016423791198731
0.7010141546132604
0.7020917490975906
0.6919851256394414
0.6568349875817885
0.6524594479665838
0.6475122771617702
0.650581945768732
0.650581945768732
0.66441521842412
0.66441521842412
0.66441521842412
0.6583206976843701
0.6519048311006795
0.6495714272475651
0.6495714272475651
0.6614252393097131
0.657205963409237
0.6331867569675275
0.6331867569675275
0.6331867569675275
0.6331867569675275
0.6380084868207829
0.6380084868207829
0.6386872808592096
0.6436136616489871
0.6433657121254323
0.6416011117237587
0.6403542512752959
0.6403542512752959
0.6403542512752959
0.6391778605286446
0.6391778605286446
0.6386981942761285
0.6386981942761285
0.6386981942761285
0.6176297951917061
0.6176297951917061
0.6189034715058048
0.5965755967038399
0.5969006079515538
0.5957482858326081
0.6040830511760963
0.6051626427489398
0.6240370206580457
0.6313549852067092
0.6318279859486918
0.6339066784091637
0.6441740449976331
0.6402182832441116
0.6395496901074125
0.6382413630261944
0.6383064852352924
0.6271500953898659
0.6235593763072692
0.5990191957387634
0.5990191957387634
0.6108910814329394
0.6108910814329394
0.616801234429096
0.6176129718660398
0.6206774780251807
0.61869873052893
0.618520112910446
0.618520112910446
0.6076248896070817
0.5901524320030133
0.5840905237143601
0.5865260353185887
0.5889259958522574
0.5889259958522574
0.5890677744307216
0.59251814973049
0.5907006378309411
0.5906825513704855
0.5884103351695273
0.5884103351695273
0.5885708154371597
0.5886070316891262
0.5886070316891262
0.5834024262845013
0.5834024262845013
0.5866566867013657
0.5842045058359575
0.5842045058359575
0.5853977052816598
0.583544892886627
0.583544892886627
0.5825990156011391
0.5849275734451914
0.5849143755355698
0.5879796168101279
0.5759490087256904
0.5802550757779967
0.5830135365730735
0.5830135365730735
0.5812291212384396
0.5879029198441538
0.586688398310987
0.5845739769980225
0.5845739769980225
0.5752315929988884
0.5752243186006225
0.5752243186006225
0.5958264756296987
0.5967161057639337
0.5967161057639337
0.5967161057639337
0.594233796440579
0.5946828634674358
0.5931214052344418
0.5935510519261202
0.5892439871213445
0.5892439871213445
0.5900113684072882
0.577249230995306
0.5845951679878812
0.5890293874319167
0.5666169607908935
0.5666169607908935
0.566744172516563
0.5508409192298895
0.5404922511207872
0.5441745044878062
0.536357294389778
0.536357294389778
0.5336734457315304
0.5348840050422954
0.548658835658225
0.57425392240113
0.5732841784087912
0.5761606083307269
0.5765399500529189
0.5772203985770944
0.5808168219982909
0.5808168219982909
0.5811771726293302
0.5897225101279663
0.573745150578625
0.5784683246003413
0.5864516191825313
0.588521438900289
0.5874699280374835
0.5856945234778584
0.5798243549344896
0.5791024271498202
0.5798393371182501
0.5756757916226749
0.5716970278043717
0.564453583376117
0.5577262824682422
0.5569788826472211
0.5533578825257585
0.5542422338300743
0.556271929230485
0.556271929230485
0.556271929230485
0.5564029296582389
0.5564818183891997
0.5564818183891997
0.549903833514202
0.5509738842092977
0.5489634883681239
0.5473996354450575
0.5494479897919096
0.5494479897919096
0.5550675684375804
0.5559049257793106
0.5559049257793106
0.5510346254833193
0.5510346254833193
0.5510346254833193
0.5583242023008949
0.5547764272709492
0.5558368003477114
0.554839758552768
0.5369418803969946
0.5623410745846255
0.5590575001096002
0.5593447582932596
0.5593447582932596
0.559385195987871
0.559385195987871
0.5604279018761616
0.5610039923319671
0.5588167126446344
0.5641359443592658
0.564786032712803
0.564786032712803
0.564786032712803
0.5648246693734262
0.5627748006166939
0.5627748006166939
0.5627748006166939
0.5627748006166939
0.5608665478328331
0.5608665478328331
0.5608665478328331
0.5411356166831459
0.542806631665089
0.542806631665089
0.5368146940903409
0.5487282058092132
0.5487513092864781
0.5381731194034775
0.5415717997542375
0.5415717997542375
0.5460562959248579
0.5480224918138642
0.5480224918138642
0.5480224918138642
0.5492298456784452
0.5492298456784452
0.5537198824491807
0.5526261939226805
0.5522154062913447
0.546548128427048
0.546548128427048
0.5483016214725769
0.5486223799766846
0.5471594305426822
0.543200380397458
0.5315518227425537
0.5285009794987099
0.5321797062583943
0.5342843197284467
0.5228117030091199
0.5228117030091199
0.5200428462845804
0.5184960275792219
0.5184960275792219
0.5184960275792219
0.5284495264963905
0.5307275550588898
0.5290574890308358
0.5282951724700734
0.5420688854505888
0.546857888852682
0.5426032467931697
0.5445388530248795
0.5417290876264476
0.5417290876264476
0.538851024427308
0.5249173447221084
0.5250326437110103
0.5185062856610979
0.5109538038201539
0.5087264957819536
0.5159319266784931
0.5159319266784931
0.5114702477104766
0.5114702477104766
0.5085821768109021
0.513747928065259
0.5121218079289034
0.5128121917711774
0.5117663088879252
0.5117663088879252
0.51662898245739
0.5126870508196801
0.5126870508196801
0.5120849512011736
0.5094628988021248
0.5216414223156797
0.5301377885910885
0.5298792742217341
0.5319306146252019
0.5319306146252019
0.5320293147213032
0.5197644678027914
0.5228781640608653
0.5090433814947295
0.5115199696532996
0.5111992821133984
0.5111992821133984
0.5068355765141456
0.5117749514995168
0.5117749514995168
0.5066196662583564
0.507203401048933
0.507203401048933
0.5061810722325055
0.5090389423390321
0.5090389423390321
0.4801411555424473
0.4801411555424473
0.48639844573806623
0.4972108842444666
0.4972905420100038
0.47078438369047976
0.46556995286833497
0.4548550638432046
0.48357369893187313
0.4787119652124397
0.4781223660573503
0.4781223660573503
0.45930791157591333
0.4587765763768331
0.45492344769585114
0.45492344769585114
0.43848778568927144
0.43215903509103376
0.4199500130493792
0.41928381928864544
0.41928381928864544
0.41928381928864544
0.42099601131337655
0.41887256273934553
0.41887256273934553
0.41887256273934553
0.4193074673307742
0.4189761951071909
0.4189288274242494
0.4173120042101708
0.4446606752343276
0.45057104365747114
0.44674605014040353
0.44715467529893016
0.4459855927252583
0.4377066158148274
0.45515368646758914
0.45335428548505813
0.45335428548505813
0.45335428548505813
0.4583350832747201
0.45741185247949684
0.45741185247949684
0.4576585017072887
0.45832128548388823
0.46074827175907274
0.46074827175907274
0.46074827175907274
0.4588061492953276
0.45682884893877784
0.45682884893877784
0.45682884893877784
0.4603469914263172
0.4603469914263172
0.4603469914263172
0.4603469914263172
0.4604797105258078
0.46812379526709913
0.46500643999670144
0.46500782754553804
0.46746423116187413
0.464937521590668
0.4630660833727885
0.4593296837479103
0.46491487522826674
0.4487756602557206
0.4487756602557206
0.4479100321556717
0.4494703195091599
0.45328788638698053
0.4525830717486938
0.4525830717486938
0.4531786429417154
0.45299677643602115
0.45401546906723755
0.45330679649481864
0.45903710777608747
0.4613900963956043
0.4592721987650049
0.46283079388434806
0.4646907526500725
0.4646907526500725
0.45888948666282076
0.4583817376299842
0.46719730646654944
0.46719730646654944
0.47248176079097365
0.46579061667862226
0.4638326008492347
0.4638326008492347
0.46407809438641706
0.47152640752719593
0.47152640752719593
0.4685734632602171
0.45785486809094067
0.45785486809094067
0.45785486809094067
0.45245800795530583
0.45245800795530583
0.4604253997005501
0.4594221735004139
0.45343760561856444
0.45343760561856444
0.45379735747437183
0.45379735747437183
0.4327836837717177
0.4384077472813781
0.43885154800853077
0.43885154800853077
0.43826985865889756
0.4323768164768451
0.4323768164768451
0.4358518379795844
0.4351639869025791
0.4147499960156957
0.4154948847151429
0.4203913663482581
0.42065805764628295
0.4246682299940996
0.4246682299940996
0.4246682299940996
0.4119311158467473
0.4100680314147962
0.4100680314147962
0.4077649686629768
0.4077649686629768
0.4077649686629768
0.4077649686629768
0.41439036872940815
0.41439036872940815
0.4099906483484489
0.4099906483484489
0.4099906483484489
0.40939975074595586
0.40771288058339655
0.4063348099379058
0.4063348099379058
0.3889667544066672
0.3889667544066672
0.3889823421706608
0.3889823421706608
0.3889823421706608
0.38973298389341293
0.38973298389341293
0.3900565984149736
0.39686016556341325
0.39686016556341325
0.38691903199745475
0.3891710634825255
0.38687954699093746
0.37480948977919093
0.37480948977919093
0.3750578289826358
0.3780311880070164
0.37680878159299114
0.37680878159299114
0.3757183424445264
0.37140529267549743
0.3809474422220673
0.38329096857530914
0.3862813260979319
0.3862813260979319
0.39144573572449665
0.37903857648015016
0.3810963306168445
0.3810963306168445
0.3722941783616046
0.3722941783616046
0.3722941783616046
0.37228746923480754
0.3691702995299922
0.3599110200472696
0.36019363804863
0.36019363804863
0.36019363804863
0.36019363804863
0.3581515728696004
0.3581515728696004
0.35555601098513073
0.35322786418540697
0.3535237132461161
0.3521933909168785
0.3521933909168785
0.3521933909168785
0.3521933909168785
0.3521933909168785
0.3518151128663362
0.34736458846846713
0.34736458846846713
0.34736458846846713
0.3517555082673094
0.3517555082673094
0.3517555082673094
0.3517555082673094
0.35589870669251933
0.3614573994879155
0.35971905724810527
0.35971905724810527
0.3493203119501178
0.3390075262199597
0.3411228117722939
0.3412856526952236
0.3415163183658835
0.3415163183658835
0.34079894017476303
0.34062878761879545
0.3408176200810187
0.3408176200810187
0.3440575778036294
0.3440575778036294
0.3440575778036294
0.345136831701804
0.34660516827957505
0.34660516827957505
0.34660516827957505
0.35448723008420885
0.35448723008420885
0.35448723008420885
0.35381575036892043
0.35381575036892043
0.3521578325925006
0.3521578325925006
0.3521578325925006
0.348904569239671
0.34909046320229964
0.34723778930725996
0.34723778930725996
0.3468801317336285
0.35692243851161465
0.3639543686186236
0.3639543686186236
0.3645530143748071
0.3645530143748071
0.3645530143748071
0.3685652355472468
0.3658121434433911
0.36797393910966963
0.36797393910966963
0.36797393910966963
0.3736143851359367
0.3736143851359367
0.3804712606096111
0.37700036522101293
0.37438952758200256
0.37475295337903286
0.372772969627607
0.372772969627607
0.372772969627607
0.37347157145503335
0.37294137515692843
0.3650230881940972
0.3711586697848825
0.3711586697848825
0.37295563085211886
0.37295563085211886
0.3729716532416156
0.375093566807944
0.375093566807944
0.375093566807944
0.3703886561812486
0.3698126816100022
0.36989168696645386
0.3655850810222231
0.3678191470832033
0.3678191470832033
0.36744664432869506
0.35710189766475753
0.36489510717190005
0.36489510717190005
0.36487096798879864
0.3646568783222022
0.3643639630952416
0.36302040542850395
0.3597625180317979
0.3390075262199597
0.34521164540545335
0.3335965635836722
0.3303643456265252
0.3303643456265252
0.3303643456265252
0.3303643456265252
0.31721351910147133
0.31721351910147133
0.31721351910147133
0.31721351910147133
0.31721351910147133
0.31733526651264304
0.31733526651264304
0.3166049049166576
0.3103264742154825
0.28822325822620654
0.28822325822620654
0.28822325822620654
0.2825939263975981
0.2825939263975981
0.2825939263975981
0.2825939263975981
0.2825939263975981
0.2825939263975981
0.2825939263975981
0.2825939263975981
0.2825939263975981
0.2825939263975981
0.28247282512466687
0.2822362542618897
0.2822362542618897
0.2822362542618897
0.2575347111104928
0.2575347111104928
0.25380977709157526
0.24769920607564433
0.24302378008869802
0.24122859077919334
0.24122859077919334
0.2400374732876383
0.2400374732876383
0.2400374732876383
0.2400374732876383
0.23644340903111266
0.23644340903111266
0.23644340903111266
0.23644340903111266
0.23644340903111266
0.23644340903111266
0.23644340903111266
0.2300614256367806
0.2300614256367806
0.2300614256367806
0.22849852881050062
0.22100164589601104
0.22100164589601104
0.22084521232147425
0.22084521232147425
0.22084521232147425
0.22084521232147425
0.22018530080235085
0.218292669289486
0.22058124284912253
0.22058124284912253
0.22058124284912253
0.22058124284912253
0.22057671204653548
0.22057671204653548
0.2207438249419735
0.2207438249419735
0.2207438249419735
0.2207438249419735
0.2207438249419735
0.2207438249419735
0.2207438249419735
0.2207438249419735
0.2207438249419735
0.2207438249419735
0.2207438249419735
0.2207438249419735
0.2207438249419735
0.2207438249419735
0.2207438249419735
0.2207438249419735
0.2127937476604729
0.2127937476604729
0.2127937476604729
0.2127937476604729
0.2127937476604729
0.2127937476604729
0.2127937476604729
0.2127937476604729
0.2127937476604729
0.2127937476604729
0.2127937476604729
0.2127937476604729
0.2127937476604729
0.2127937476604729
0.2127937476604729
0.2127937476604729
0.2127937476604729
0.2127937476604729
0.2127937476604729
0.2127937476604729
0.20814558302357627
0.20814558302357627
0.20814558302357627
0.20814558302357627
0.20814558302357627
0.20814558302357627
0.20814558302357627
0.20814558302357627
0.20814558302357627
0.20814558302357627
0.20814558302357627
0.20814558302357627
0.20814558302357627
0.20814558302357627
0.20814558302357627
0.20814558302357627
0.20814558302357627
0.20814558302357627
0.20814558302357627
0.20814558302357627
0.20810977390233087
0.20810977390233087
0.20810977390233087
0.20810977390233087
0.20810977390233087
0.20810977390233087
0.20730257669795682
0.20698779584899085
0.20698779584899085
0.20698779584899085
0.20698779584899085
0.20698779584899085
0.20698779584899085
0.20698779584899085
0.20698779584899085
0.20698779584899085
0.20698779584899085
0.20698779584899085
0.20698779584899085
0.20289711166781882
0.20289711166781882
0.20289711166781882
0.19239837751086347
0.19239837751086347
0.19239837751086347
0.19239837751086347
0.19239837751086347
0.19239837751086347
0.19239837751086347
0.19239837751086347
0.19239837751086347
0.19239837751086347
0.19239837751086347
0.19239837751086347
0.19239837751086347
