1.7040345565051047
1.509185363544685
1.5250260069125172
1.5234797147443604
1.525044729585041
1.5349564899174861
1.5300950876041377
1.5384967772575666
1.5258440131061148
1.517168628180512
1.5182905213487505
1.535650305579573
1.5231411020445476
1.5342570963489182
1.5204610341922595
1.5251901128669292
1.5308161247203114
1.5348283047570443
1.5319685669921337
1.5294127323609934
1.5342379314108374
1.5342379314108374
1.5375437038988997
1.5300456859330773
1.5244521912416005
1.5239911767990213
1.5341203181211334
1.5329974156923087
1.528633015034275
1.5191799218273392
1.5193906606197027
1.521021897636808
1.521021897636808
1.5229339292070194
1.5183867649500067
1.5185555604008902
1.5152114940942354
1.5097451466712217
1.5286826446998352
1.500821430995127
1.4975276088652254
1.4980893417762775
1.5078430883476444
1.5112192528701758
1.4965551849063745
1.5132260468866239
1.511226820393127
1.4995664365016017
1.4911652882856454
1.4846635989695862
1.4847280896663821
1.4928823130853335
1.4927674935991901
1.4925158270391226
1.502028529050956
1.503393241783472
1.4873650362755761
1.4595117592637306
1.4519530999422254
1.4519530999422254
1.4584451855883906
1.4631164104198073
1.4643180190621037
1.4676369535686542
1.473924219914582
1.4654523200540588
1.4695013601485358
1.4636549454876633
1.465878020522017
1.4610801735256886
1.4610868549954548
1.4559913502776212
1.4527871592464192
1.4446842142796135
1.4446604603568027
1.4417610465828907
1.4343578622608217
1.4358327153567818
1.4358327153567818
1.4330219332296328
1.4342435740857693
1.4261299151762583
1.4148823651107059
1.416220758642434
1.4158405215295167
1.4112452140926852
1.4090631579252775
1.3986914808366548
1.3985006001635416
1.3967037180750514
1.4073877983620462
1.4065270435733257
1.4285532280851843
1.430913668891941
1.430913668891941
1.4113313797920395
1.3995273687439598
1.3975872457258443
1.4001969098330131
1.3995987467255024
1.3903889796003601
1.3903889796003601
1.3883304677658554
1.4009543034184218
1.403496559562968
1.40394785980499
1.3972535588016983
1.380095263740457
1.3711205485193099
1.366853883399782
1.3806342286203903
1.381484968166517
1.3857413680005293
1.3751745431921063
1.3732029392742706
1.3785680718973172
1.3476682884042512
1.3540261231314046
1.3567105069830303
1.3646536520724377
1.3633321365326545
1.3661479853357363
1.3562088412263176
1.3491367902471938
1.350148604327213
1.3716090561635057
1.383732043993159
1.3815785670838634
1.3871220124241024
1.37822881635272
1.3758575963768818
1.3761475186018595
1.3679546448436266
1.365056650288502
1.3406262828851272
1.343662593657015
1.3526894971660819
1.348694049094241
1.3457733294666676
1.320025991810988
1.3431815283191486
1.3381902234197713
1.3310425244954047
1.3274031536241473
1.3163205239880453
1.3085217285188269
1.3014215791019446
1.302781167943151
1.295901642871155
1.3148204394886827
1.3151458083715537
1.3218382669281201
1.3227763577122638
1.320968564304462
1.326608035178132
1.3285694661923402
1.340240606464561
1.3332396272748523
1.3309162929358223
1.3202340676655027
1.3140136893555947
1.322358757441144
1.319789603717094
1.3228422734288054
1.3008473431573877
1.3052613708862753
1.3057713314801436
1.3033089798905098
1.2850078426044227
1.2780941106025108
1.2565476980325412
1.2565521097474737
1.2440649389099905
1.2434831239115185
1.2451314693980997
1.2451314693980997
1.238195969326595
1.215821099813508
1.2165950761660387
1.2108642115709334
1.2059334697123405
1.2034165687505605
1.212108053560874
1.2125582767359
1.2172753152425608
1.2160907706857664
1.2196784412733879
1.2225056651245652
1.2228309804718678
1.2087146659671952
1.211399189743277
1.2085201635425038
1.2061998286302056
1.2162445835261606
1.2161604519434424
1.2230099527569354
1.2262230529495124
1.2262678430696763
1.2262678430696763
1.2244975042156625
1.2503901630655114
1.243957672272079
1.2403439222641015
1.2403439222641015
1.216774857897176
1.2170769120102836
1.22180375212074
1.226831083879664
1.2243692330594849
1.2255156782201209
1.2224924693688464
1.220514497945583
1.216029432277423
1.2143195785722676
1.2210971268296957
1.230133827229727
1.2305631762315625
1.2261853551617004
1.2327779672271795
1.2305520042910156
1.226021427594409
1.2264232419894092
1.22093057450768
1.2121457285109172
1.2116498726239984
1.2036543833252111
1.1961496275708021
1.1950861059844393
1.1961004644002382
1.1928256720821326
1.194813128753607
1.1976961960416133
1.2056935142629193
1.1960721367766758
1.1966971294025093
1.1946902660333603
1.1942239871102878
1.2168530553000791
1.2165376296438604
1.2278776420952997
1.2278776420952997
1.2350036781818776
1.2467618185130172
1.2545891409139305
1.2814511703971825
1.2808100245097642
1.2773748282348958
1.2870340843540025
1.2872402479320204
1.2772406749547538
1.261736791959737
1.2555076600784334
1.2432634591803855
1.2469129866221778
1.246445132385093
1.2376586486377699
1.2388183671074544
1.2395098177673267
1.2142542303241712
1.214707925234994
1.2112811120787237
1.2081105972920605
1.2092936114220243
1.2253433799712625
1.2153005794445966
1.224897027563327
1.2283467155393248
1.2283467155393248
1.2208855252840105
1.2035015260733801
1.2092186051348974
1.208745036045943
1.209789989811414
1.2102637735563182
1.21151301676864
1.206492415260151
1.196105720055395
1.184465139659851
1.1886579352828894
1.1878736574999695
1.1788111096540295
1.171748029288883
1.1581926866814374
1.1554572794224294
1.1844830250721277
1.1939353045081307
1.1891018266215456
1.1882465221091862
1.1949770344548973
1.182337042500678
1.1758548670413307
1.1774608760387097
1.1838037400443902
1.1890998244588495
1.198925007560432
1.1988899701290816
1.1937365417501582
1.1915551904614197
1.1940904804444334
1.18925492351264
1.1880141498012942
1.1890974575482598
1.185682030010847
1.18364978992446
1.183067828782049
1.1888545140653248
1.1899368034196938
1.20523711409842
1.2041915476920868
1.2041915476920868
1.187503271624396
1.1875524300508165
1.1670952298757078
1.1702859670375194
1.1704862554432838
1.1620325194809316
1.1620325194809316
1.1536883503350437
1.1571283178132363
1.1640793002045793
1.1638311652886177
1.1600090549777713
1.1606682728693836
1.1611732102942482
1.1529956201682827
1.1518754285517143
1.1511338184059898
1.1452094825436898
1.1378720435161143
1.1405755729754763
1.1370285662363793
1.1469347888913897
1.1315709493291795
1.131051663069329
1.131051663069329
1.131051663069329
1.142817215285951
1.1516245840314716
1.173186164591622
1.171935588058874
1.1716533967468106
1.1627734217045165
1.1627520214204488
1.1704135825824262
1.1698908724036936
1.1705628737942937
1.172786795815074
1.1708656309998897
1.1600066750287963
1.157237726801182
1.1391013868954014
1.1506479097775586
1.153587719027302
1.1549368374036497
1.1582938184251166
1.1581519261231032
1.1639542954106215
1.1636685785189445
1.1634625077729372
1.1554687903217613
1.1540905633872691
1.154259319089652
1.1629412805577488
1.1613299731727418
1.1617020532069395
1.1629114598665329
1.161593411429692
1.1617387214543684
1.1624171207824294
1.15425762409819
1.1577017013051927
1.1502418505013234
1.1525625234284549
1.1535013680823027
1.1664828027075922
1.166752965019297
1.1649899366371268
1.1725938718051252
1.173684910398685
1.1741992663485508
1.1635383808548438
1.1428535831398887
1.1259891626184302
1.1199264030926166
1.114378414316416
1.1161394068814443
1.1142234539043614
1.11679797085052
1.119673590195091
1.12380994615247
1.1344683269430262
1.1344683269430262
1.1352031163542184
1.1355864769396506
1.1287842452019008
1.1244351334975715
1.1240448290711516
1.1185715601830821
1.1205743661026406
1.1243852645299555
1.1153181606793408
1.1153146063469686
1.1088287363290825
1.1050967230517883
1.1202421531567321
1.1181402128718947
1.1314018744433474
1.1302696302820696
1.1443130611450842
1.147087200467859
1.1459727677287743
1.1532727079297342
1.1536045351523725
1.1444051255139205
1.1232228782996896
1.1319214483624942
1.1343940677052018
1.136392428750651
1.1267113727146147
1.1291746302959584
1.1165570198805872
1.1483752882262763
1.149147858546045
1.1219096975341103
1.126340627524878
1.1283479460672354
1.1502057482235295
1.1476772234139532
1.1505063963951312
1.1380995114799035
1.1384326104842124
1.1356433529918495
1.130814453372434
1.130734525345483
1.1222908180939548
1.1231941400254686
1.119917266749452
1.1239166783603676
1.125461222472265
1.1243658744349565
1.1243658744349565
1.1279926990751357
1.129609095156748
1.12757695266603
1.1218801396111557
1.1223402601900538
1.1223402601900538
1.1185702021331168
1.1233581133772599
1.1123780367124796
1.1242727585835162
1.1272553194462778
1.125098539967758
1.1228423523883648
1.1194467357710358
1.1163193624847942
1.1124162755803428
1.1285853048611696
1.1311542011089386
1.1247573539135995
1.1324553718835346
1.1320492231185886
1.134427534825022
1.133365535107734
1.1313145085904186
1.123531472063182
1.1419985087507685
1.1687773818294123
1.16634181639313
1.1706429595944423
1.1801060630625693
1.1726365475031977
1.1794669908250552
1.1837223062960391
1.1837243089888112
1.181074640207885
1.2007687642424492
1.2002129472450724
1.1995510453372893
1.193544016559417
1.204577449444116
1.2060109408946091
1.2069130770542333
1.207231133907825
1.2017498999111818
1.1836692700873188
1.1836772379828746
1.183572031480625
1.1917748125469438
1.1928501796718007
1.1929208843498254
1.1918531266126735
1.1990996565302265
1.2080056551534613
1.2081110546489617
1.198071703631273
1.198071703631273
1.196230483483985
1.1966983034241427
1.196695114799063
1.1940067318640393
1.18388081811762
1.1874198553535709
1.195613579389424
1.1954027477300666
1.1991047208982817
1.1941953007595396
1.193301034485604
1.180589461871538
1.183590899580497
1.1685539557224107
1.1763342241122678
1.19295915357465
1.188292879201885
1.1881938898713096
1.1787277737346786
1.1869923181674495
1.1856181946203381
1.1831317021749446
1.181155012986429
1.1808241505371013
1.1776421789638936
1.1766273370204603
1.175211393799601
1.177047662121667
1.1544645199131214
1.1522488313796095
1.1527109510206548
1.1365974576970819
1.1382155996683332
1.140530059668082
1.1519814989882609
1.1636272472911475
1.1660348958685574
1.1660217196725655
1.1681928527356555
1.1569081852961565
1.125152705011224
1.1398180409253234
1.1399258125693321
1.1405539893064434
1.1391106386550283
1.1272306236356242
1.13467786914855
1.138638960252955
1.127337136570557
1.1161934527477162
1.1236527996485564
1.1236527996485564
1.1252846769390596
1.100091265460048
1.0919634011196748
1.1124001877221448
1.1045492213101276
1.0998784148185545
1.0988568024276628
1.0932303183792735
1.103684917608545
1.1005324970433625
1.1005324970433625
1.0954723498612855
1.0932661786968967
1.0665569859921529
1.0554286559421113
1.0556904894096815
1.060581830176715
1.0579354692457623
1.054347626217186
1.054347626217186
1.0508410712395542
1.0508410712395542
1.045263808457091
1.0462241555625003
1.029670877451589
1.0495601194960498
1.0516042573057554
1.0538725648064076
1.0538725648064076
1.0594953833206535
1.034436193369938
1.0280896012190435
1.0290324449338049
1.0308667484952017
1.0304389488021533
1.0212025783542966
1.007870927201147
1.0316934652379037
1.0666366859250487
1.0767513714044368
1.0743445185858949
1.0847101787737363
1.0861476833274204
1.086750855950427
1.092116770075174
1.0977003466556923
1.0968244927646464
1.0940106699091317
1.1017343367422094
1.0828399834695284
1.0774857548641545
1.0741744223143515
1.0745012509664194
1.0836960970242506
1.0772924974328515
1.0825118586705775
1.108608046611583
1.128234220135419
1.1303646750537162
1.1186676869067527
1.1218118211301946
1.1263526047945696
1.1275633576239366
1.128307489468052
1.095328447146888
1.0891018678130393
1.0891018678130393
1.0693982705068414
1.0741696323181813
1.0710231303994113
1.0710837172389271
1.0676201075809781
1.0654129456806654
1.067105420268183
1.067105420268183
1.0884797174970644
1.0907523950547142
1.1125821118796635
1.120316219275418
1.1146025000128006
1.1129286520398574
1.1030814021232365
1.1143297822788125
1.1110449731281913
1.1110449731281913
1.112711464314139
1.112711464314139
1.112711464314139
1.1312915752920394
1.1325969124112742
1.1288651705846429
1.1288536696241027
1.1325797932916792
1.1333850475486542
1.1315462175235198
1.1403713922559646
1.1403713922559646
1.1327074550784042
1.1273801048728047
1.1351315547692675
1.132299784042201
1.1311062096376032
1.1287331496161257
1.1289745232775377
1.1231150905199145
1.1269181165902369
1.125368962438891
1.1190941865310333
1.1191176986846807
1.1192443823354794
1.117033940356705
1.1135039512647462
1.115795760039812
1.115795760039812
1.115795760039812
1.1033871752438678
1.1044804599883495
1.0984622586069388
1.113681176612728
1.1119277187354843
1.108245674962725
1.1094152389668506
1.115838117243662
1.1120419541415556
1.0999138391150998
1.083142630006078
1.097063559048673
1.0980058087210889
1.0967403815597567
1.096994818355372
1.096994818355372
1.0953592584443395
1.095563298029459
1.0970988538171795
1.0958116462222007
1.0936053467506648
1.0940021187208464
1.095783846583849
1.09420855811654
1.0995447129051819
1.0952842019128357
1.0976236061669662
1.0987815233101814
1.0902708720227856
1.0887244624958892
1.0919525969177308
1.1054258472961913
1.103499314091041
1.101940758482985
1.101940758482985
1.0982497853096294
1.098973057203825
1.0995297158150048
1.0995297158150048
1.1066370084601564
1.1152226080006824
1.11256745185843
1.1116298455776308
1.1125524646461302
1.1183855044809174
1.1150368192176834
1.1120754239528228
1.1161036129104247
1.1218373629782576
1.1167142899440192
1.1219232357458515
1.1136851089022108
1.132517767435821
1.139326806989432
1.1416622382323258
1.1486481571240204
1.1460821142321918
1.1747658125328433
1.1758514579905206
1.1876559074368256
1.182456773609108
1.1882932444783203
1.1887182449546285
1.1917221965220033
1.1873575153828095
1.1918448549635494
1.1902634090663338
1.1945889579996953
1.187692055873606
1.1877565342394683
1.1952431882382846
1.1968783350871406
1.1969353198523056
1.1957019612386446
1.1952872453914758
1.1952872453914758
1.2184913157356296
1.2245159289032808
1.2282389707604482
1.2253946865278835
1.2254699838116199
1.195541149946525
1.2029340355822573
1.1890170371245106
1.1879750861817993
1.1997995496298404
1.1997995496298404
1.2033710143873413
1.198820026889594
1.2012608488286178
1.1961578553852654
1.1685364754141954
1.1606127673771185
1.1648448186045175
1.1642721559034725
1.1624829063519908
1.1528693932993352
1.1528693932993352
1.1494712580784148
1.154033662919914
1.1397925952359584
1.116023256141589
1.1102510569670703
1.1086997959327698
1.1086997959327698
1.1039416103065975
1.1028166849126673
1.0866018924999405
1.0873715783962719
1.0806312449904156
1.0818642286766627
1.0818642286766627
1.0989396284270638
1.1133054738493882
1.1138337467311177
1.111413669121307
1.1101791852877028
1.1021269832713845
1.096250519090024
1.0979799208622145
1.1053575786317944
1.1053575786317944
1.1046243206090942
1.091852558555196
1.0917068341474283
1.0917068341474283
1.0917068341474283
1.0820106473252504
1.0820106473252504
1.0815847998358235
1.071708013741582
1.0745425680416623
1.0757294631987233
1.0732903545685906
1.0760403215897534
1.1051324980474382
1.1035655611564585
1.1009123130776257
1.1027150899414588
1.1102582392231022
1.1102911091500045
1.1057246405641756
1.1365658017200917
1.1382816431691323
1.149163238318859
1.1467987831547595
1.1605394174371593
1.147211134601008
1.1444536698441041
1.1444524652295016
1.143670439203096
1.143670439203096
1.1378628951439484
1.139563341488554
1.1488400569641977
1.1370196371898051
1.1400130450199542
1.1400220754946813
1.1656976231190945
1.1714427050013905
1.1707913331599173
1.1689578573602566
1.169338409354835
1.158551723777847
1.138447484618361
1.139387964401404
1.1478284813619306
1.1527605701989634
1.1508015117248978
1.1525453139069124
1.1525453139069124
1.1564877767126216
1.157657321521907
1.1572953577729368
1.155909125845703
1.1600507354343712
1.1633178650407356
1.1619975363788662
1.1416667200230424
1.1333742837730445
1.1362201911720866
1.1355699020382264
1.1355699020382264
1.1434529032695413
1.136466614339073
1.1360997750452064
1.138636147497344
1.1402193527497544
1.1502643776682118
1.1206203165756123
1.1192576894549555
1.121189057425143
1.098814169685143
1.1012287012743958
1.0853478899583058
1.0856129940755652
1.0856129940755652
1.0888258911536592
1.076011530031943
1.07941183610419
1.0937700950620788
1.1055273627249642
1.0967539243140338
1.089814765552233
1.091859137860759
1.091859137860759
1.091836159149908
1.0932247051938602
1.0938762902072718
1.0931014358586095
1.0858368846754967
1.0917682878471813
1.0885240111298862
1.0919084599966937
1.092408034280293
1.0926049591570703
1.0711045361733267
1.0707656027643675
1.0670923170565498
1.0676281753135268
1.0635971963766266
1.0565416522851059
1.0565416522851059
1.0556598558096586
1.0581900922645868
1.0644219509912036
1.0644219509912036
1.0630747100194968
1.0590499194961374
1.0526698723908023
1.0526698723908023
1.0461615300521951
1.0403935217404277
1.0432429511404278
1.0219437434921654
1.0302999163410336
1.0334545370880601
1.0259411329848207
1.025920028455048
1.0107598500228716
1.0107598500228716
1.0107598500228716
1.0203412380356802
1.0203412380356802
1.018727660880166
1.0266014978673461
1.0256893983630675
1.0246423214168152
1.0246423214168152
1.0313804359267322
1.02801488087583
1.0264856457663984
1.0127557439115846
1.0245206342662403
1.013142499054814
1.014917977429262
1.0148933904184243
1.01519637783399
1.015356634952531
1.0238963840244355
0.9931676795003258
1.0014103522788709
0.9955345750686234
0.9879109300071959
0.9765269362757073
0.9771536895017282
0.9718645297078373
0.9711224497037966
0.9767818916709731
0.9854586705797117
0.9875337283353911
0.9831565071060939
0.9943571321550553
1.004809744907857
0.9950752524215812
0.9940324684197693
0.9802988808869475
0.9810294203334773
0.989086520095
0.9862429268516366
0.9895734181037864
0.9808349801556827
0.9788769605676313
0.983330173701424
0.9830123660479251
1.0034557648930424
1.0024935612225312
0.9969188298868725
0.9928165985175289
0.9871419061022905
0.9899875948482217
0.9980130801394846
0.9980130801394846
0.9946863111966183
0.9941181374567498
0.9808452318080733
0.9718752998749632
0.9758367722705783
0.9578407880916866
0.9572548674753769
0.9416919367498066
0.9440909909314871
0.9473461308201425
0.9558768641176405
0.9549073711418006
0.9551894596462844
0.9431016958714055
0.9361981899174696
0.9311861115155782
0.912570681094596
0.913305733005046
0.9214083032451796
0.9214083032451796
0.929455127136716
0.9284403588594277
0.9315744699048022
0.9246284644794627
0.9204649802314369
0.9204649802314369
0.9089608027573628
0.9089608027573628
0.9067661280538403
0.9061635423864669
0.9061635423864669
0.9189515123518698
0.9050080078799076
0.9000850222439541
0.8995304524265979
0.8995304524265979
0.9065467454455947
0.9057029013275013
0.903900459752355
0.9126137968359912
0.9140254325501874
0.9150122494172267
0.9003459003276928
0.895344357146563
0.882020874676314
0.8870839595234704
0.886414683568316
0.8938280597967508
0.8954288932644859
0.8908830360358961
0.8817317923401311
0.8626668384410567
0.8489611797637798
0.8421407731851953
0.8422469845490143
0.8499355689123043
0.8549972381475077
0.8464586807833933
0.8570766659261485
0.857095828266143
0.8525604848663165
0.8499485273353279
0.8499485273353279
0.845245921535471
0.8501047239686375
0.8313909138567285
0.8347848600665616
0.8423253891262599
0.8516905769654854
0.8465125978968984
0.8336948800168014
0.8334537752288297
0.839579320515055
0.8419940411256629
0.8474570357768552
0.8398664600119076
0.8398664600119076
0.8339883707048412
0.8435859966748862
0.843378999992393
0.8427277573952304
0.8505966811656979
0.8511284415829237
0.8511284415829237
0.8509231450748
0.8680530395819439
0.8758792804766196
0.8720139222940937
0.8744169694162767
0.8734080635012202
0.8520401372372477
0.8585429253129695
0.8560116499619735
0.8524778573761692
0.8458978756064062
0.8587733765184241
0.8718129302365802
0.8723609600478568
0.8709802587555798
0.8755146317266909
0.8735416005209173
0.8660208032125921
0.8607716472154737
0.8502170040402082
0.8399766164334537
0.8522160701158411
0.8507045164972373
0.8507045164972373
0.875019044521239
0.8744881546631729
0.8657680323476725
0.8597771020192896
0.8597131562363212
0.8715117382333872
0.8711771392237413
0.8762215180455526
0.8762215180455526
0.8701366678022043
0.8699887928476348
0.8691117522598434
0.8579039170166924
0.8625346129036537
0.8635847478085947
0.8644424345533418
0.8658369451269257
0.8640869930280685
0.8552640704794682
0.8562361073093987
0.8589582965912642
0.8590502844754334
0.8600645514597136
0.8754645962165946
0.8767972087554602
0.8779617631232182
0.879125665617077
0.8770286581855518
0.8770286581855518
0.8770286581855518
0.8645126755798161
0.8641592913163144
0.8635609657910248
0.8628205559322359
0.8606155057740191
0.8663825669104998
0.867986192716182
0.8624258857041633
0.8616066966709994
0.8619525563934634
0.8586177082504516
0.8584309256051129
0.8584309256051129
0.8482257795729772
0.8504793601215557
0.8396842817650034
0.8386780909461466
0.8408889751895084
0.8512449671925786
0.8582594277992031
0.8582594277992031
0.8554984991022105
0.8548924359303268
0.8551986277162347
0.8510505540999461
0.8497119799799765
0.8555123514282107
0.8545814650521261
0.8356068784165505
0.8242906509676601
0.8204387498179487
0.8059536080237395
0.8080073519112713
0.7902824942541559
0.7741577973247413
0.7956228238445733
0.7863529208591226
0.7751344310969662
0.7645278614479193
0.7645278614479193
0.7605296645016109
0.7568670020158111
0.7567719553767593
0.7526334449109978
0.7619170257986498
0.763523146700433
0.7676996498715092
0.768212937958978
0.7680445345139628
0.7581927417373482
0.7518582836889077
0.7547832530801852
0.7541959600252889
0.7674766341502303
0.768930850510124
0.7707304985463905
0.7912198823690452
0.7877312354477475
0.7810980166256455
0.7882982428717046
0.7862150926306396
0.7856049752903588
0.7814514140441612
0.7712458711836502
0.7553467410158062
0.754887389058907
0.7529607581226363
0.7531490419585523
0.7490122027366641
0.7472064712383755
0.7376263296464222
0.7298053536818259
0.7294668079119768
0.7304791800514416
0.7302671517664122
0.7374830582741156
0.7378916794848929
0.7436712407605367
0.7169724096908944
0.7156280546861152
0.7133932136927182
0.6878509212177888
0.6931825135367332
0.6846204450353305
0.6884528289737949
0.6938184966559499
0.6784080953365718
0.6778642451617974
0.6778642451617974
0.6747331219210329
0.6779668805209343
0.6817719114897784
0.6820914430553381
0.6820914430553381
0.6825045945860256
0.6834046280987155
0.6788739483983737
0.6791708007477345
0.6792351590528661
0.6760910798369055
0.6754981160131827
0.6745286647196376
0.6729790156696651
0.7004140944038377
0.6725515812046291
0.6728727511767061
0.6742686117793711
0.6798115098874604
0.6763412486203014
0.6763402969501993
0.6766728790689146
0.6899780923748999
0.6761081216824348
0.6737523093323918
0.6949234742413458
0.7021156279160681
0.711696802030283
0.7118501001074603
0.7119368899855195
0.7117116551947366
0.7117116551947366
0.7117116551947366
0.7117116551947366
0.7104556936760923
0.7112315535374201
0.7007871972795255
0.6952614247307376
0.6962434395193274
0.7008448966119686
0.700566473371671
0.6970670663363822
0.6916835789793123
0.6916835789793123
0.6916835789793123
0.6916835789793123
0.7017514775083802
0.7017514775083802
0.701174611909526
0.7098773754187566
0.702117122569064
0.702117122569064
0.7038948915802234
0.702125630675518
0.702125630675518
0.705926656828615
0.7047289773598772
0.7126828009465161
0.709357096646027
0.7032244638064185
0.7021114741150594
0.7021114741150594
0.7021114741150594
0.7021114741150594
0.7020905585678495
0.7020705240492432
0.714038874932727
0.713910731499303
0.7103425452010295
0.7115006282528866
0.718263415194513
0.7348052906510535
0.7496826655816728
0.7496190041101747
0.7495239083361239
0.7494149586229171
0.7448727838624227
0.748719933394303
0.7404277370484913
0.7425140740740807
0.7293888443024052
0.7282413724816126
0.7373068907650276
0.7403060461686749
0.7385194628544214
0.7223523312361549
0.7212310000026316
0.7113257964742347
0.7113257964742347
0.717012948067132
0.7158636949001003
0.7111297220384518
0.7132802133694391
0.7195235376746044
0.7201179071369109
0.723363559314089
0.7213892478406698
0.7275260941448013
0.7310391670205724
0.7287814119013055
0.7354223470076141
0.7358500293589941
0.7355795054042721
0.7279562525460943
0.7255104493216132
0.7281378076438415
0.7347468349097386
0.7364714767901079
0.7291687770070296
0.7245236149935038
0.7347980122109484
0.7478777407999969
0.7535438881720926
0.7529923189289858
0.7491742550243669
0.7526280487091076
0.738638171819896
0.7323435567325549
0.7479265522986409
0.7418829392197446
0.7531343783052933
0.7325744462082129
0.7352657983537303
0.7440675921784061
0.735785013902208
0.7297413362590386
0.7345522321235693
0.7345522321235693
0.7354108285800591
0.7307518827989017
0.7401104801749228
0.7411509299063298
0.7171291998626625
0.7090210460051815
0.7089920845823926
0.717134264932996
0.7141092131298405
0.7259401228346878
0.7226304851465659
0.7225125346849929
0.7281092971631377
0.7457877585853484
0.7533907000105118
0.7548702130257924
0.7415127908623357
0.7417768950202005
0.7421129659429452
0.7421129659429452
0.7261115497064048
0.7262236156687751
0.7073950060459193
0.7059395403470319
0.7209558242706946
0.7250808420775806
0.722951032784754
0.7301880255390807
0.7336651161917489
0.7228136263811649
0.7226899058760274
0.7172545671656461
0.7175925921686632
0.7186409528698653
0.7127260805173804
0.7127260805173804
0.7097320225522967
0.689210520053932
0.6916360775062744
0.6951926991613315
0.6925528584259923
0.6918038646740073
0.7000772098695409
0.702693394020248
0.7071528198213825
0.7080657354616456
0.7042637612718258
0.6975869222306059
0.6975869222306059
0.6973477503380423
0.6962468260195454
0.6971770488981512
0.6977055672737891
0.6977055672737891
0.6903440805517557
0.7053061024188885
0.6978230398318336
0.6981435731693024
0.6998673503192738
0.700149337618717
0.6881827498747526
0.6882382042929531
0.6860055794530517
0.6997432153304101
0.6942293085237898
0.6795880749210487
0.6837548347959312
0.6914096124828347
0.6833797551155965
0.68645654303172
0.6934324874302282
0.6934324874302282
0.70194146534151
0.7062312765020402
0.7091313266974457
0.7098907326427687
0.7109130648552971
0.7109130648552971
0.70626242247084
0.6949390451329042
0.6949946957877993
0.694390211506657
0.6929455615156354
0.6906913010797848
0.6817032800689675
0.6817032800689675
0.6817032800689675
0.6910306946776629
0.6933006453059718
0.7015999520822443
0.6911878340801552
0.7165350900171892
0.7171661803510743
0.7151398084482535
0.7158852831010998
0.7276059438424323
0.7309100996493637
0.7306087662739918
0.7292554803458832
0.7325147732840223
0.7320507216494457
0.7349643631804971
0.7347857621538008
0.7258722920940397
0.7218212268967508
0.7233598365638708
0.7240633234277554
0.7249831027166903
0.7249831027166903
0.7254176974638715
0.7412965775805643
0.738052845460448
0.738052845460448
0.7400522659287788
0.7411222024038713
0.7427287054052631
0.7352702343094611
0.7322582485900431
0.740500865332121
0.7486920483416687
0.7323292193911753
0.7409511400644699
0.7295428594247185
0.7265742100934255
0.7253889953035112
0.7254425002116732
0.7351997238646365
0.7299259667196006
0.7207471557659606
0.7179608301292492
0.721119677808418
0.727606395818723
0.727606395818723
0.7157060831358716
0.7135556863909384
0.7001001070564355
0.6914941006760749
0.6947345949993041
0.6953277198918444
0.6941178320599117
0.6904001410020587
0.6966516829109193
0.684155970579741
0.6873062732153834
0.6930230376212102
0.6931018642655201
0.7024315715645183
0.7028647353838097
0.7028647353838097
0.703071124996017
0.70516610283297
0.7061414087319409
0.7061414087319409
0.7107520431659906
0.7246658834855606
0.7329407580580952
0.7323548683286872
0.7319265124459118
0.7306885559910257
0.7306885559910257
0.7255442641155654
0.7283847457566563
0.720759008669512
0.704218375326023
0.7123708541738671
0.7089707130658469
0.7125084420678937
0.7018934721838802
0.7005482702302614
0.7005482702302614
0.6960165059079575
0.6960262085661484
0.7003169741488934
0.6855879309564867
0.6875549230503258
0.6849701711850343
0.6804411898701623
0.6839559181778233
0.6777443981105284
0.6777443981105284
0.6786532712113421
0.6786532712113421
0.6696323273280113
0.679449051257735
0.6813132510259399
0.6503222961928643
0.6471123279654923
0.6471123279654923
0.6471543669243149
0.6379908350237894
0.6685291740189054
0.6685291740189054
0.6688393278428124
0.6688393278428124
0.6688393278428124
0.6813298192654478
0.683668541325352
0.688306736781107
0.70033692453701
0.6940795349465593
0.6986656187354535
0.6891969132840698
0.7108811343317988
0.7063647973615819
0.7063647973615819
0.710081829869886
0.6946384079673177
0.6950402554642482
0.6849531052659565
0.7110829205251173
0.7113483606203287
0.7053673903721662
0.7209228119664386
0.7182208424402152
0.7195531974622461
0.7314364544959828
0.7310851858167442
0.7306821513345603
0.7252188922676472
0.7252188922676472
0.7253033470369737
0.7230674266651984
0.730711071201947
0.7435158372867214
0.7438216234084197
0.7438216234084197
0.7319398878012227
0.7355403064245531
0.7357341623283005
0.7379240028701204
0.734210604484499
0.7346971659459143
0.7317780404291293
0.7401623302493906
0.7422720405598815
0.7429819035913455
0.7427909918334479
0.7421315140493483
0.7435559187907697
0.7431512434570761
0.7456944761444684
0.7456944761444684
0.7456944761444684
0.7454181068410468
0.7431074935813728
0.7431074935813728
0.7393162453975175
0.7419909919742729
0.7450679570119753
0.7430762906236159
0.7458196671190298
0.7381664613908399
0.7387078845617967
0.7383292940621057
0.7385399165632567
0.7385399165632567
0.7404141074904963
0.7404141074904963
0.7501034120707496
0.7620152897836279
0.7691384096238493
0.7691384096238493
0.7693596950585178
0.7763165066133116
0.7763165066133116
0.7755364727326055
0.779155730571806
0.7843106815808535
0.7843106815808535
0.7871727329345524
0.7871409274280716
0.7875116829331682
0.776593258344642
0.7766707568788193
0.7785493316321875
0.7785493316321875
0.7968545902877154
0.7929322387276702
0.7909200186186964
0.7898298254373175
0.7877700081260209
0.7837753295224258
0.7835919186808717
0.7832624816868261
0.7871675210523813
0.7871675210523813
0.7895855757931871
0.7895855757931871
0.7821554624230078
0.7811868923366543
0.7801718827801409
0.7801718827801409
0.769463761098448
0.7488131459143352
0.7496418807822433
0.7397731399329993
0.7381386258261957
0.7391718884632744
0.7225034817366208
0.7225034817366208
0.7309241879655021
0.7321885720425373
0.7321885720425373
0.7321053172952624
0.7323780514047621
0.7257068562964982
0.7338635624946988
0.7508337987622634
0.7439231669740939
0.7439231669740939
0.7247234556321597
0.7254069728701724
0.7320420570493232
0.7229640180905098
0.7076093911349552
0.7074697384791085
0.7077552467413502
0.7006395204475805
0.7006395204475805
0.7022150249074673
0.7010685971912225
0.6878398368599554
0.6881453710063135
0.6885516752140445
0.6788106585315415
0.6803081318223555
0.6795664832960046
0.6888080100378139
0.6873630617111414
0.6878564095479618
0.6790086204334588
0.6715473783646241
0.6610888870668712
0.6593038279917506
0.6535549488521525
0.6407398136357487
0.6143530194454331
0.6143530194454331
0.5976079379002457
0.6183917640525449
0.6183917640525449
0.618465467294453
0.6062800159556635
0.6065904434816219
0.6066472702341146
0.6068389332505059
0.6217685683578784
0.6187235260095985
0.6135889967677675
0.6393344240144484
0.6393344240144484
0.6421903364893568
0.6441267423802762
0.6441267423802762
0.6441267423802762
0.6435395356053718
0.6421766510021473
0.6449475164850885
0.6713399745441433
0.6702756936914128
0.6535892305648657
0.6535892305648657
0.6563317810877254
0.6566331739967445
0.6609146926013065
0.6599496804466858
0.6455375553535881
0.6469030744584601
0.6469030744584601
0.6606267414298934
0.6596612691508982
0.6477784410825684
0.643733426298324
0.643733426298324
0.6423140410861666
0.6423123998602701
0.6381699161790768
0.6510977807650431
0.6520372383139784
0.6678417121318605
0.6650839933914128
0.6693663190625435
0.6666131720520304
0.6690385991142083
0.6659108452066098
0.6685048909048655
0.6668164665033394
0.6667998465930048
0.6627991832633925
0.6634449091826241
0.6646912346761354
0.6653216440619009
0.6634650550190837
0.6699722715977844
0.6691766108187864
0.6699390202112248
0.6647768910960548
0.6651614003707336
0.6719271140433899
0.6742388454428843
0.6802194218516818
0.6858378602108346
0.6920211468952481
0.7104399577390851
0.705871919021565
0.7111742095989942
0.6999545263345702
0.6997793233327095
0.6991194535856227
0.6589588535520006
0.6591296155429843
0.6557715922176514
0.6513771555920571
0.6503643319604019
0.6503643319604019
0.6513265045418356
0.656991379396114
0.6589866694048769
0.6505615806038284
0.6526891858069415
0.6552017507465397
0.6519610696310602
0.6545291387029466
0.6538377524441333
0.6398161521177711
0.628069916995497
0.6249295040209961
0.632512432327242
0.632512432327242
0.635164796052631
0.635164796052631
0.6259402127172061
0.6286994781476843
0.6167590554462599
0.6167590554462599
0.6167590554462599
0.6185497187388672
0.6144747849024624
0.6134682804371138
0.6134682804371138
0.6195063735240338
0.6153263956095448
0.6152213587064922
0.5998497625172975
0.6026326073633853
0.6018758909245179
0.6011266711898763
0.5988874525439202
0.5988874525439202
0.5851543074856369
0.58443053876112
0.5789733542411012
0.5789733542411012
0.5847742825516649
0.5894997770156253
0.5894997770156253
0.5892562334567109
0.5892562334567109
0.5892562334567109
0.5908454259934005
0.5908454259934005
0.5949165452084728
0.5939496911603587
0.5646598881039985
0.5652965798646086
0.5666851731943886
0.5666851731943886
0.5505209539021592
0.5486905993352996
0.5556049025768504
0.5579580120604192
0.550133459144421
0.5550690555795766
0.5528812241505369
0.5528812241505369
0.5511969433541516
0.5511969433541516
0.5550158133933043
0.5549239690246143
0.5580602158240842
0.5615574327653348
0.564697099119306
0.564697099119306
0.564697099119306
0.5676275990865841
0.5628108390334897
0.5628108390334897
0.5670181766943843
0.5670181766943843
0.5708604815603319
0.5705590441867003
0.5666483104869123
0.5642737944213305
0.5642737944213305
0.5642737944213305
0.5656570583337205
0.5626568689914927
0.5771553031870427
0.5790755737749126
0.5727415309806219
0.5729101486947636
0.5714722485327844
0.5570817813383202
0.5570817813383202
0.5608303135346054
0.5608303135346054
0.547668036881453
0.5477247102660946
0.5515100367994955
0.5479784193087124
0.5459941115492136
0.5363034662630495
0.5346231127510906
0.5377616353333811
0.5377616353333811
0.5478998787179064
0.5478998787179064
0.5460909515738767
0.5443358318771011
0.5415658323569603
0.5438162627864478
0.5419322383766707
0.5475322603274675
0.5428019522580698
0.5428019522580698
0.5347332572299237
0.5347332572299237
0.5352774518541096
0.534632529030295
0.534632529030295
0.534632529030295
0.5381225341920128
0.5458585319509934
0.5453769166722934
0.5514114732797473
0.5514114732797473
0.5558364356636858
0.560770442685863
0.5655975296561087
0.567926617856684
0.5705314403535833
0.5698615884628261
0.5677682424469043
0.5677682424469043
0.5677682424469043
0.5677682424469043
0.5657848443274879
0.575907568039529
0.5717704688972575
0.5753236443314248
0.5779529598451852
0.5599263590553265
0.5643681448605136
0.5643681448605136
0.5693012766562588
0.5733786492713918
0.574426737893675
0.5737307427415809
0.5737307427415809
0.5736601015274951
0.5736601015274951
0.5820491978323983
0.5868585717162916
0.579408262863628
0.5837729349354026
0.5780685684307217
0.570610932672881
0.570610932672881
0.570610932672881
0.5694393611188505
0.5720838187319937
0.5707659064676587
0.5721216106921722
0.5721216106921722
0.5697144200881408
0.5695357718616335
0.5639758270609392
0.5496988585312729
0.5651329791236502
0.5449356827286462
0.5437943657431183
0.528743475530253
0.529783035885526
0.5352924569067024
0.505333655806951
0.5067691215972858
0.5155545051568676
0.5163657119720118
0.5230251829385735
0.504996956522532
0.5226232852010074
0.5154158782743432
0.5175454514795251
0.5175454514795251
0.5129112769864261
0.5123108697211485
0.526705167690321
0.526705167690321
0.5268050184890328
0.5268050184890328
0.5241768554093352
0.5236680156180298
0.5410410381329328
0.5219061188545582
0.5160754915227429
0.5178496703038786
0.5177543966711049
0.507059759133284
0.5077071677851717
0.519815469795577
0.5114809199261023
0.5275760536563715
0.5275760536563715
0.5275760536563715
0.5318357710513216
0.5317036666849162
0.5313246002933436
0.5313246002933436
0.5313246002933436
0.5320373625241082
0.5390581887612469
0.5405761546587278
0.5405761546587278
0.5384736961514178
0.5402891128314183
0.5367729500340257
0.5357622961569645
0.5392955265196784
0.5279938685603605
0.5288404868366031
0.5288404868366031
0.5288404868366031
0.5212233616251207
0.5223384124491617
0.5223384124491617
0.5212303426825837
0.5206724831592995
0.5202328154944195
0.516108127271061
0.516108127271061
0.5147515952088122
0.5147515952088122
0.513158140245664
0.5123373111963014
0.539720092409745
0.5389894943111537
0.5389926868392492
0.5372842983711331
0.5290052844792515
0.5305007839772359
0.5250641368497871
0.5398046237001142
0.5421438672340563
0.5483128724212797
0.5483128724212797
0.5320235930945252
0.5432409050205442
0.5447085001744317
0.5447085001744317
0.5541480046914505
0.5503511306622532
0.5541317025718637
0.560307788612371
0.560307788612371
0.5365745174622715
0.5363479033248093
0.539212017087052
0.5523733050109116
0.5529646462598246
0.5550337595005755
0.5655800650651858
0.5939275857175598
0.5928422594349716
0.5940050037524405
0.6040539446392491
0.6029721707869321
0.6029721707869321
0.6029721707869321
0.6135771880126195
0.6134848145709074
0.6150032270965594
0.6160764162702774
0.6155081854236376
0.6150838980832686
0.6150285252534332
0.6141410592563706
0.6141410592563706
0.6142734508574561
0.6194602409419413
0.6194602409419413
0.6051341202053029
0.6052186289955863
0.5924841478655571
0.5794247023972912
0.5782555125691611
0.5782555125691611
0.579101622696557
0.565679806145216
0.565679806145216
0.5655240705096948
0.552636812799181
0.552636812799181
0.5396659452206686
0.5381344330672623
0.5381344330672623
0.5381344330672623
0.5492187272564995
0.5492187272564995
0.5474859800845765
0.5605487150682942
0.5646218140637732
0.5487129193138361
0.5487129193138361
0.5391550842730211
0.5279447972972836
0.5203390939441781
0.5203248800097036
0.524992786758394
0.5206395146377342
0.5296921138332159
0.5147710870485395
0.5132204283901314
0.5016670585434341
0.49151036160651995
0.49497790560212196
0.49492919272978564
0.4942794720734024
0.4942794720734024
0.4965201042064766
0.49670988014908324
0.49670988014908324
0.4922182741419047
0.49338642557497536
0.4926313691435664
0.49115574666488193
0.4904003123343288
0.4886866945165302
0.48892868985221594
0.4790561056552258
0.4793709656352093
0.4793709656352093
0.4793709656352093
0.4793709656352093
0.4793709656352093
0.4793709656352093
0.47914622619704317
0.4807508846658492
0.48022277538387936
0.4783609036146989
0.48334564943494374
0.48348277711345045
0.4830796065062207
0.4830796065062207
0.4830796065062207
0.4830796065062207
0.4830796065062207
0.489186816986226
0.4982483405273973
0.5021467879735609
0.5021467879735609
0.4973671502034886
0.4958498825873835
0.5010202567451497
0.5028278114934858
0.5007292272847659
0.4980076275139363
0.49632249630698594
0.496284072872857
0.49302148036528476
0.49302148036528476
0.49302148036528476
0.49302148036528476
0.5032426179669075
0.46356964030713216
0.464208189813379
0.45424020266507864
0.45514760070121446
0.45695458196337385
0.45695458196337385
0.44636169533351544
0.44636169533351544
0.44769432400713827
0.4442733181691893
0.4442733181691893
0.43707954210386274
0.4407581416997831
0.4458099450806764
0.46108129698048733
0.46108129698048733
0.46088214257822113
0.4661651608847219
0.4667356412274194
0.43903152693128494
0.43982758564382485
0.43959314418778983
0.4413036771298747
0.4413036771298747
0.44148274358112866
0.4398757447342523
0.4303665978397709
0.41083116993192975
0.4093811260883453
0.4108694006014434
0.40870709431653246
0.40870709431653246
0.40708075151382506
0.4106300430667553
0.4106300430667553
0.4024183106365015
0.4024183106365015
0.4147742433651955
0.4141011156263773
0.43171490618244557
0.43171490618244557
0.4330355903032704
0.4339070783129352
0.4369404360290144
0.42883247455376833
0.42883247455376833
0.42883247455376833
0.41491893053088497
0.42262165567416937
0.44612700272501604
0.4461702720969606
0.4479022766213066
0.4419327965953997
0.44266519658529313
0.43806663095611204
0.43806663095611204
0.43606110235381584
0.43948453434668217
0.432487014080582
0.43160615026077265
0.42757066170474134
0.42767792992359027
0.42645323459994294
0.42677864988575004
0.42677864988575004
0.42241940195934174
0.42247976384641295
0.4209735757585274
0.4209735757585274
0.42843769536277865
0.42148364142399114
0.42148364142399114
0.4237502525923907
0.4219764712439936
0.42000107814159415
0.4194539522141416
0.4297109604526027
0.43071195378439614
0.42424793998604604
0.42424793998604604
0.4453767763115666
0.42376427698239955
0.42376427698239955
0.42376427698239955
0.42376427698239955
0.42376427698239955
0.4384605320433306
0.4384605320433306
0.42731366910664326
0.4208898766164493
0.41876813027329407
0.41876813027329407
0.41635093447859334
0.41635093447859334
0.41635093447859334
0.41768676759517787
0.424122258327732
0.4140536398328995
0.3988234713394746
0.3988234713394746
0.39748524887769254
0.39716899687578244
0.39697478442405626
0.3987631277016939
0.40017190785302703
0.39904279714869445
0.39904279714869445
0.3842653881294695
0.3811931222466094
0.3811338756049822
0.3799472172381146
0.38604602462309534
0.3882489382795755
0.38927839068501346
0.3867095361746037
0.387033051409139
0.387033051409139
0.386952949888699
0.38463183038034543
0.38463183038034543
0.3830761993624786
0.3822709771826511
0.3822709771826511
0.38104166281537255
0.38360278863612973
0.3895519580031529
0.3939598255714456
0.3939598255714456
0.3914260642956893
0.38905580272951196
0.38957705913252144
0.38947353189801714
0.3879185092249015
0.38577250811540187
0.398063202500787
0.3963068142565123
0.39295312297698376
0.3933402977378176
0.41718024054320907
0.414663721078597
0.4096605298476484
0.4096605298476484
0.4086472031080313
0.407693932564183
0.40815012993259864
0.4127000327512964
0.41392884196289426
0.4208304364380362
0.4208304364380362
0.4167627026066813
0.4167627026066813
0.42122803098063255
0.4220141636464773
0.4235954201222462
0.44063924618578404
0.4429100148333204
0.43210106782100977
0.43210106782100977
0.4397523311992303
0.4388211364892531
0.4408454502867594
0.43375406117740656
0.437153994172026
0.4364878199408707
0.41827603665372537
0.41827603665372537
0.4215160180548987
0.41520048436553814
0.41520048436553814
0.4160213762289151
0.4160213762289151
0.4160213762289151
0.4160213762289151
0.4166718805961167
0.39823787212311784
0.3922845633233573
0.392145585328914
0.39120009340961176
0.3925660160661646
0.3920095878900037
0.3985939324884505
0.3985939324884505
0.39863404753214476
0.3922784485091179
0.39329959972531386
0.39530755358083747
0.38235468982310017
0.38235468982310017
0.39372200421368636
0.3908477875203307
0.3908477875203307
0.3947821680773532
0.4048416120564028
0.40408474469015554
0.4041459048482905
0.40441042196215554
0.40441042196215554
0.40441042196215554
0.40441042196215554
0.40525720892385314
0.40575110143180126
0.40303534084692244
0.40275200101900865
0.3981908518541779
0.39723479610146706
0.39532911742214005
0.38569040444973535
0.38759560984341734
0.3836137147507639
0.3742520319492213
0.3742520319492213
0.37177671415989183
0.3698801133421164
0.3719008240213391
0.3719008240213391
0.3719008240213391
0.35660043287876986
0.3698074771571796
0.37360310522309537
0.37828056719297254
0.39013256912192
0.3880180594349517
0.35289539273094117
0.3580900944026935
0.3580900944026935
0.35669702902497274
0.35822414995444035
0.3803448091028681
0.35750802023964334
0.3570828191233333
0.3539300983554503
0.3539300983554503
0.3539300983554503
0.3539300983554503
0.3581486758418001
0.3397400475083911
0.33941496523645653
0.343259351025084
0.34149884873214464
0.34149884873214464
0.31952238813453027
0.32637430337025825
0.32671203448931285
0.34699862959079436
0.3469749760992725
0.3469749760992725
0.34739543543509444
0.34739543543509444
0.35611011052821095
0.3644753504612134
0.3753596843619651
0.3753596843619651
0.3753596843619651
0.3731811065372292
0.3734826897799335
0.3759851068488374
0.38208060997735105
0.36946880763815243
0.368732092242236
0.36762227393413455
0.36762227393413455
0.34812845663142844
0.3481862759192893
0.34736231147397584
0.34736231147397584
0.33271221068346113
0.32857443906584194
0.32377315165307635
0.3184594566557298
0.3184594566557298
0.3184594566557298
0.31056790975982895
0.3101792038880476
0.3101792038880476
0.3071410001239471
0.3071410001239471
0.3026548840670095
0.3026548840670095
0.2973989720672197
0.2973989720672197
0.28304782677221796
0.28304782677221796
0.28287160508723846
0.29582780690897187
0.2979782183188792
0.31291753632620134
0.31291753632620134
0.31291753632620134
0.31291753632620134
0.3130301300769022
0.31383945381786066
0.3131110047269236
0.31313909396885314
0.31313909396885314
0.31313909396885314
0.3142762017971281
0.3142762017971281
0.32486562209764325
0.32486562209764325
0.3207817858850798
0.3203926269306066
0.305427594331766
0.3082378597406331
0.3082378597406331
0.3070379846616252
0.30854198153766277
0.30854198153766277
0.30854198153766277
0.3122565192498598
0.3132067660223154
0.3239189809202005
0.32266328989586596
0.32266328989586596
0.3000011885007645
0.28545121128648127
0.28399263336017366
0.28467358550086774
0.28532972607846024
0.27362799732960025
0.29910099227188547
0.2985979136160469
0.2973783662593994
0.30431961161069326
0.3031879663473872
0.3164432045148941
0.3163036900879374
0.3163036900879374
0.3168959370779694
0.31628815546418143
0.3132110700036302
0.30988543395781637
0.29075707205176105
0.29075707205176105
0.2987528899467052
0.3001924865411196
0.2990376046998434
0.2990376046998434
0.29890618274227754
0.29457547507002196
0.29457547507002196
0.29457547507002196
0.29457547507002196
0.2815716752921699
0.2819179848749417
0.2724617510323255
0.2780513147845338
0.2780513147845338
0.279377088851792
0.28725536622192654
0.2830787456035182
0.2913834058114654
0.28204803534254536
0.27985386237178733
0.27985386237178733
0.30469584070930433
0.30276555942728295
0.3019216818648546
0.3039001683995959
0.3036054147429271
0.3070710629219842
0.3070710629219842
0.30549675265270493
0.30549675265270493
0.3051084613090568
0.2999630589984516
0.3026518210586417
0.3020276819500996
0.32701380482876674
0.32701380482876674
0.3381530658274649
0.3442449762764656
0.3491265635200568
0.3491265635200568
0.3491265635200568
0.3491265635200568
0.34923696516945085
0.3520578842679338
0.3473528392691224
0.3459436398976886
0.3459436398976886
0.3422894421645356
0.3422894421645356
0.33784571103063127
0.3447916662496569
0.3465056937791504
0.3450107981607568
0.3450107981607568
0.337488123691687
0.3485032934443454
0.35151956878324003
0.35151956878324003
0.32579288710274645
0.3257959807476165
0.3187421179710327
0.3205159894954221
0.32635798579155056
0.3253288554944588
0.32555467491898504
0.32555467491898504
0.32555467491898504
0.327050366098151
0.327050366098151
0.327050366098151
0.3179427514196251
0.320252832673437
0.31596783448952276
0.31596783448952276
0.3161950969648721
0.3161950969648721
0.3173952042575344
0.3173952042575344
0.3173952042575344
0.3173952042575344
0.3173952042575344
0.31682377666903017
0.31682377666903017
0.31667075020611063
0.31877349593157284
0.31877349593157284
0.31877349593157284
0.31912668381899606
0.30799876437004275
0.3159220188173841
0.31176103682928996
0.323368228165244
0.3219346481097363
0.32179079002422417
0.32179079002422417
0.2938240226092161
0.28641672304243293
0.28184234788557594
0.28184234788557594
0.27415128421039375
0.28610860961116963
0.286101248756744
0.2861486229867721
0.2861486229867721
0.2861486229867721
0.2868922550927055
0.28831104695266957
0.28831104695266957
0.2878132441471342
0.28268203244313395
0.2832803788198286
0.2904289799425224
0.2904289799425224
0.29037789400298875
0.29037789400298875
0.29037789400298875
0.29037789400298875
0.2924421497498678
0.2924421497498678
0.2924599061306753
0.2926739258606279
0.2899476075351632
0.289874742146074
0.291113884849168
0.2899033976681362
0.29493571881131897
0.29493571881131897
0.29423169408514466
0.2863301621303938
0.2875444220833302
0.2863604393752256
0.2863604393752256
0.2998663617461615
0.2998663617461615
0.2998663617461615
0.2998663617461615
0.3012136093126387
0.3012136093126387
0.3050951096360383
0.3050951096360383
0.3050951096360383
0.31543421546809736
0.31543421546809736
0.3157041459671018
0.3157041459671018
0.3200282549549065
0.33292719234853296
0.33134286750882563
0.33134286750882563
0.3288117887055322
0.32809796310108574
0.32976616004995246
0.32976616004995246
0.32467510034417985
0.31609969706719004
0.33749626364110136
0.3331182241933716
0.33136676044775437
0.3471993992451131
0.3471993992451131
0.3471993992451131
0.32486554889844227
0.32486554889844227
0.3421698095815715
0.3421698095815715
0.3421698095815715
0.33395576079066314
0.31732525628514363
0.31624129344666485
0.31624129344666485
0.31704824897605854
0.31704824897605854
0.3194022954359522
0.3194022954359522
0.31786657380242683
0.31352090724579956
0.31352090724579956
0.3189582062050604
0.3189582062050604
0.3189582062050604
0.3177605888166471
0.3177605888166471
0.31717916872957747
0.31774863513375673
0.32247204607572094
0.30614543221555607
0.30039040801033434
0.30039040801033434
0.30039040801033434
0.29931665504317156
0.29333597873005557
0.29874090938065617
0.27495692273646477
0.2525813117415479
0.24959828605122453
0.24959828605122453
0.25632556763730946
0.2556929095400605
0.2556929095400605
0.25496230241220524
0.2590541303072188
0.24260255596911873
0.24260255596911873
0.24260255596911873
0.24260255596911873
0.23679704667694604
0.2368103790041655
0.24039595170465464
0.2826946516766328
0.28600515800593773
0.28744809351280765
0.287586212616548
0.2869281777833795
0.2760408406802488
0.2760408406802488
0.27323957278146666
0.27315970187028965
0.27315970187028965
0.27315970187028965
0.281790633190922
0.281790633190922
0.2853346071654508
0.2853346071654508
0.28596309460461516
0.28245626002796226
0.28245626002796226
0.28245626002796226
0.28451498581766504
0.28451498581766504
0.29048384300257307
0.2950478635389337
0.2950478635389337
0.2881733939298628
0.29003489192668314
0.28835721708994977
0.286443241841539
0.28679931893629346
0.2867976455847476
0.2830907221123458
0.2830907221123458
0.2830907221123458
0.28319960505891345
0.28319960505891345
0.27535219479037004
0.27535219479037004
0.27535219479037004
0.27535219479037004
0.27535219479037004
0.2723246102678518
0.27402198790832916
0.2751295611472728
0.2751295611472728
0.27523330166222015
0.2749103884971811
0.27566307905107096
0.27566307905107096
0.27566307905107096
0.27388319782872533
0.27388319782872533
0.27388319782872533
0.2707765682285536
0.27135969911159563
0.27135969911159563
0.26960545778791817
0.26548140022480604
0.2658824233641851
0.27061554545926647
0.27061554545926647
0.2853416107410641
0.2853416107410641
0.28653055700754276
0.28653055700754276
0.28653055700754276
0.28653055700754276
0.28549953339869083
0.2806776645800788
0.2806776645800788
0.2806776645800788
0.2895844194648416
0.2895844194648416
0.2895844194648416
0.285091640250795
0.2884377591461277
0.29116622120680047
0.29116622120680047
0.29412125563285413
0.30832642215689615
0.3133273980645119
0.3156467546599482
0.3156584114435103
0.3156584114435103
0.3164212183512205
0.3161758886530602
0.316996716515341
0.32006181656027344
0.32006181656027344
0.32006181656027344
0.31916023497782614
0.3198174864904249
0.3198174864904249
0.3198174864904249
0.3205949131658573
0.3205949131658573
0.32196045492311726
0.32196045492311726
0.3164835351579597
0.3177656354986429
0.3177656354986429
0.3177656354986429
0.3118208457293563
0.3071890994671218
0.3172740364698303
0.3172740364698303
0.31198136624427103
0.31735120193286254
0.31735120193286254
0.31755189213306745
0.31755189213306745
0.3161431637480295
0.3158460173460971
0.3161945199836138
0.3161945199836138
0.3161945199836138
0.3161945199836138
0.31297412417316556
0.31297412417316556
0.3125570068906214
0.3117541692532508
0.3106540009562503
0.3106540009562503
0.3079219594168112
0.2830645891644823
0.2848808133067518
0.2814137655599201
0.28204301702445556
0.28119110434629363
0.28385062274702966
0.28385062274702966
0.2835994370384328
0.2893100925209574
0.2690748944249087
0.2690748944249087
0.2683755490950455
0.2648299247768078
0.2648299247768078
0.2724929353808453
0.27361743292248053
0.27361743292248053
0.2702799713017031
0.2702799713017031
0.26941177810581146
0.26941177810581146
0.26941177810581146
0.26941177810581146
0.2674935932637645
0.2674935932637645
0.26731310679013515
0.26731310679013515
0.26731310679013515
0.26559480482798997
0.27373758903242584
0.27134279102732733
0.264622246536913
0.2622337240118623
0.2622337240118623
0.2566324823483627
0.2566324823483627
0.2576197896266726
0.23794617789137995
0.24520417125435115
0.24520417125435115
0.24520417125435115
0.24520417125435115
0.2449607724318997
0.23749473700525944
0.23749473700525944
0.23971347051429653
0.24444695403100233
0.24444695403100233
0.24491990300595168
0.24491990300595168
0.2542988093296386
0.2543239908646849
0.25341438738687916
0.25341438738687916
0.25341438738687916
0.25341438738687916
0.25341438738687916
0.25341438738687916
0.25341438738687916
0.2519324836946933
0.2519324836946933
0.2519324836946933
0.2519324836946933
0.2519324836946933
0.25191234899631426
0.25191234899631426
0.25191234899631426
0.2504010312421474
0.2504010312421474
0.2504010312421474
0.2504010312421474
0.25164068501954723
0.25114713022187657
0.25482089907604877
0.25455108182429503
0.27181196291998716
0.27181196291998716
0.27181196291998716
0.2774199197308195
0.2730411362389843
0.2686594031627018
0.27071084990170574
0.27071084990170574
0.28099974794125315
0.28099974794125315
0.28181415208562166
0.28181415208562166
0.28181415208562166
0.27422421326097607
0.277538260189881
0.277538260189881
0.277538260189881
0.27720228871481234
0.27988385089739826
0.2793365515505685
0.2763155999392535
0.27505092557757
0.27505092557757
0.27505092557757
0.2745541488909151
0.27288779674618224
0.27288779674618224
0.27288779674618224
0.2830604709982602
0.2750903391669263
0.2643629738103413
0.2643629738103413
0.27264172684448396
0.2702007993981107
0.2702007993981107
0.2712844053189258
0.25964986695653347
0.25964986695653347
0.266599438237523
0.26586079155573583
0.265504046384429
0.265504046384429
0.265504046384429
0.2663953558432325
0.2769729303443746
0.2769729303443746
0.2769729303443746
0.2759630440531473
0.2759630440531473
0.27613744946831226
0.2983594908707326
0.29935754914614876
0.29935754914614876
0.29935754914614876
0.29935754914614876
0.29935754914614876
0.2368103790041655
0.2368103790041655
0.23541508321726726
0.23541508321726726
0.2302338793337352
0.2302338793337352
0.2302338793337352
0.2302338793337352
0.2302338793337352
0.23039982368748343
0.23039982368748343
0.23039982368748343
0.22806094041121064
0.22806094041121064
0.22806094041121064
0.22185481322220937
0.22185481322220937
0.22185481322220937
0.22185481322220937
0.22045425416868805
0.22026455478482332
0.20751814220106726
0.20751814220106726
0.20751814220106726
0.20751814220106726
0.20751814220106726
0.20751814220106726
0.20751814220106726
0.20751814220106726
0.20751814220106726
0.20751814220106726
0.20767279658870533
0.2034270475166777
0.2034270475166777
0.2034270475166777
0.2034270475166777
0.2034270475166777
0.2034270475166777
0.2034270475166777
0.1962946645694315
0.1962946645694315
0.1962946645694315
0.1962946645694315
0.1962946645694315
0.19356620288197154
0.19356620288197154
0.19356620288197154
0.19356620288197154
0.19356620288197154
0.19356620288197154
0.19356620288197154
0.19356620288197154
0.19356620288197154
0.1877854724486864
0.1877854724486864
0.1877854724486864
0.1877854724486864
0.1877854724486864
0.18773972356625906
0.18773972356625906
0.18773972356625906
0.18773972356625906
0.18773972356625906
0.1867598484369622
0.1867598484369622
0.1867598484369622
0.1867598484369622
0.1867598484369622
0.1867598484369622
0.1867598484369622
0.1781237098984988
0.1781237098984988
0.1762597730838852
0.1762597730838852
0.171832772722451
0.171832772722451
0.171832772722451
0.171832772722451
0.171832772722451
0.17092082628563393
0.17092082628563393
0.17092082628563393
0.17092082628563393
0.17092082628563393
0.17092082628563393
0.17092082628563393
0.16961147904233664
0.16961147904233664
0.16961147904233664
0.16961147904233664
0.16961147904233664
0.16961147904233664
0.16961147904233664
0.16961147904233664
0.16961147904233664
0.16748954529498994
0.16748954529498994
0.16748954529498994
0.16757612864498503
0.16757612864498503
0.16757612864498503
0.16757612864498503
0.16757612864498503
0.16757612864498503
0.16757612864498503
0.16761333987040294
0.16761333987040294
0.16761333987040294
0.16761333987040294
0.16761333987040294
0.16761333987040294
0.16761333987040294
0.1633961724008314
0.1633961724008314
0.1633961724008314
0.1633961724008314
0.1633961724008314
0.15627651525176361
0.14336375879455177
0.14336375879455177
0.14336375879455177
0.14336375879455177
0.14165506404604428
0.14165506404604428
0.14165506404604428
0.14165506404604428
0.14165506404604428
0.1391831908490066
0.1391831908490066
0.1391831908490066
0.1391831908490066
0.1391831908490066
0.1391831908490066
0.1391831908490066
0.1391831908490066
0.1391831908490066
0.1391831908490066
0.1391831908490066
0.1391831908490066
0.13687443715682773
0.13687443715682773
0.13687443715682773
0.13687443715682773
0.13342239684555768
0.13342239684555768
0.13342239684555768
0.13342239684555768
0.13342239684555768
0.13342239684555768
0.13342239684555768
0.13342239684555768
0.13342239684555768
0.13342239684555768
0.13342239684555768
0.13342239684555768
0.13342239684555768
0.13342239684555768
0.13342239684555768
0.13342239684555768
0.13342239684555768
0.13342239684555768
0.13342239684555768
0.13342239684555768
0.13342239684555768
0.13342239684555768
0.13342239684555768
0.13342239684555768
0.13225782734373484
0.12700147147209442
0.12700147147209442
0.12710200930142865
0.12710200930142865
0.12710200930142865
0.12710200930142865
0.12710200930142865
0.12710200930142865
0.12710200930142865
0.12769344136047048
0.12769344136047048
0.12769344136047048
0.12769344136047048
0.12769344136047048
0.12769344136047048
0.12769344136047048
0.12769344136047048
0.12200102699385361
0.12200102699385361
0.12200102699385361
0.12200102699385361
0.12200102699385361
0.12177388893193478
0.1218223462329574
0.1218223462329574
0.1218223462329574
0.1218223462329574
0.12158803334341729
0.12158803334341729
0.12158803334341729
0.11056245219700514
0.11056245219700514
0.11056245219700514
0.11056245219700514
0.11056245219700514
0.11056245219700514
0.11056245219700514
0.11056245219700514
0.11056245219700514
0.11056245219700514
0.11056245219700514
0.11056245219700514
0.11056245219700514
0.11056245219700514
0.11056245219700514
0.11056245219700514
0.11056245219700514
0.11056245219700514
0.11056245219700514
0.10859360517340058
0.10859360517340058
0.10859360517340058
0.10859360517340058
0.10501317626999555
0.10501317626999555
0.10501317626999555
0.10501317626999555
0.10501317626999555
0.10501317626999555
0.10501317626999555
0.10501317626999555
0.10501317626999555
0.10490975249130528
0.10490975249130528
0.10490975249130528
0.10490975249130528
0.10490975249130528
0.10490975249130528
0.10490975249130528
0.10490975249130528
0.10490975249130528
0.10490975249130528
0.10490975249130528
0.10490975249130528
0.09729457598937508
0.09729457598937508
0.09629771503271718
0.0943877535807618
0.0943877535807618
0.0943877535807618
0.0943877535807618
0.0943877535807618
0.09063710677999029
0.09063710677999029
0.09063710677999029
0.09063710677999029
0.09063710677999029
0.09037238492458166
0.09037238492458166
0.09037238492458166
0.09037238492458166
0.09037238492458166
0.09037238492458166
0.09037238492458166
0.09037238492458166
0.09037238492458166
0.09037238492458166
0.09037238492458166
0.09037238492458166
0.09037238492458166
0.09037238492458166
0.09037238492458166
0.09037238492458166
0.09037238492458166
0.09037238492458166
0.09037238492458166
0.09037238492458166
0.09037238492458166
0.09037238492458166
0.09037238492458166
0.09037238492458166
0.09037238492458166
0.09037238492458166
0.09037238492458166
0.09037238492458166
0.09037238492458166
0.09037238492458166
0.09037238492458166
0.09037238492458166
0.09037238492458166
0.09037238492458166
0.09037238492458166
0.07259239605004934
0.07259239605004934
0.07259239605004934
0.07259239605004934
0.07259239605004934
0.07259239605004934
0.07259239605004934
0.07259239605004934
0.07259239605004934
0.07259239605004934
0.07259239605004934
0.07259239605004934
0.07259239605004934
0.07259239605004934
0.07259239605004934
0.07259239605004934
0.07259239605004934
0.07259239605004934
0.07259239605004934
0.07259239605004934
0.07259239605004934
0.07259239605004934
0.07259239605004934
0.07259239605004934
0.07259239605004934
0.07259239605004934
0.07259239605004934
0.0740684464961314
0.060124678141705315
0.060124678141705315
