1.6518842296008505
1.4715436681879055
1.4705657615295185
1.4670150152812391
1.4530329309420102
1.4525709191295868
1.4259947231686128
1.4220755562661902
1.4044543435054866
1.4077423776678974
1.4106910144444578
1.4105919254799917
1.4116884835878345
1.4223773746171071
1.4273018206665877
1.4345075560941227
1.4264501074525693
1.4260450127894633
1.414622420813773
1.428721832702548
1.4352331079338008
1.4496895953550828
1.4549243655768211
1.4557440509273736
1.4490738310673204
1.4402072786138056
1.44068784010529
1.4414617626038146
1.4435697972648671
1.4439951629873469
1.4440239243823882
1.4434277818769026
1.444449466416645
1.4487167150579467
1.4449599472869794
1.4487279159073292
1.4403908839813628
1.4402399663528453
1.4402238585979563
1.4406272149631605
1.4425967980806238
1.4479147941564943
1.4475008995075065
1.4648444063078623
1.4642053660765366
1.467200849876807
1.4670166373039986
1.4708904706712864
1.465183851829027
1.4469968672104174
1.4454326643134123
1.445338013528555
1.4504243941964206
1.449999219330047
1.4662071845088078
1.4653283652599678
1.4655339517354722
1.4549742958808163
1.4591316396147438
1.4535404771035438
1.4557388066387085
1.4532537208285021
1.4530480932546643
1.4522177116402923
1.4445100152783243
1.4330222169387834
1.4330242232642196
1.4098421105734242
1.389601541964886
1.3789742358095693
1.3802635787496071
1.378343666689003
1.3751873092733262
1.3756875928151984
1.3672703393036025
1.368320052074728
1.3681942362471753
1.3669985298294762
1.3546033866601899
1.3564755532444261
1.3655409899200206
1.3414636459491551
1.364781655111146
1.358549728191624
1.3603725814680976
1.3619872942723952
1.3622089464863152
1.3656349573314932
1.3656069628243657
1.362483667861523
1.378419127803987
1.3759896099434148
1.3774129457848432
1.3797039597914869
1.3748728661565246
1.3750593492499144
1.3718568871605417
1.3550870323076898
1.3678991766488937
1.3631721215900865
1.3624791186223684
1.3634708795107007
1.3627577556183441
1.3618071279271546
1.3618880260825403
1.35567665947994
1.3382890861514474
1.3368893515144686
1.335737549908682
1.3400302631557663
1.3382214567845316
1.3382117841555699
1.3382117841555699
1.3561319444957902
1.3496864932348704
1.347720317606174
1.3445404374680061
1.3597562973917163
1.3604481445920327
1.3499521141432558
1.3516409737897275
1.3767330764813421
1.3735471432075659
1.3380789970281248
1.335024470795278
1.3379415606995064
1.3192439351557328
1.320578482988338
1.3208797188203987
1.3195147378309326
1.31578856523238
1.2961618666667658
1.3020135449317483
1.296671974290914
1.2985957532081245
1.3004198993818952
1.2921353655336103
1.292608825948212
1.2939543762164958
1.2936706618863538
1.2944585568317297
1.292706390671232
1.290842416530479
1.291660090019717
1.2915185885378582
1.2705887778517782
1.2688506868004357
1.2707548914785733
1.2617728534651638
1.2620996898719792
1.260306327859411
1.2620098934016284
1.2639924251164545
1.2544892355829946
1.2509718987755132
1.2532647740156178
1.2538079689875714
1.2529826296711613
1.2524012283264014
1.2591455362601975
1.2553353505799787
1.2432537941991209
1.2266119657535486
1.2155428286612784
1.2087727109546216
1.2118735001695147
1.2066593023634373
1.20491796397256
1.2002050498078765
1.1983881909015388
1.2115558132864144
1.208396508805257
1.2104887003772875
1.1843094030190617
1.185124021187789
1.2030618087375151
1.2012067296047302
1.206388171032419
1.194506661179866
1.1825642528631666
1.1963544346849857
1.2001922109544656
1.2025517399343497
1.2025517399343497
1.2086391704854758
1.2055624928610529
1.2129553532060717
1.212797946015269
1.200192575545682
1.2017774109820092
1.198021795958565
1.1988234272146745
1.2019354699613038
1.196213744361375
1.1934864041275397
1.1923529681593958
1.1930785695053228
1.198469097948006
1.1924000709069176
1.1913497697576787
1.207172678332197
1.2081103337415149
1.2033224642121851
1.2082679695898229
1.2088745651039032
1.2061859777047048
1.206145825931942
1.1932713863877162
1.1932713863877162
1.194671892517581
1.202794797710032
1.2079351717835727
1.2079497457433366
1.2153313663551981
1.2153313663551981
1.217234902495052
1.2275223986355408
1.228756108583438
1.2298188007686033
1.2322960918203751
1.2393111862696982
1.2482162548769895
1.2473823588440078
1.2465444598299107
1.240920865073433
1.2417018010574268
1.2403325003888652
1.2403325003888652
1.246666932585425
1.2225898275852733
1.2201804038371806
1.2116388381399552
1.2310704877986745
1.2310117484148047
1.2307925699081075
1.24710378041372
1.2476949958409433
1.2456970179286264
1.2437685821337783
1.243692631409474
1.2158150481922592
1.2166373663127903
1.2017146972010724
1.2048933349428983
1.1938222696290017
1.1953705237415333
1.192230884019754
1.1948582183865917
1.1923515039339605
1.2085902412658323
1.202093743425934
1.2013050387119957
1.2031617876053504
1.2032465744342955
1.213597161464149
1.2155013747855732
1.2044428202912698
1.2044428202912698
1.2051040081056856
1.2082519316471867
1.21372294624892
1.2154515234715753
1.2151563705622797
1.2013725996575808
1.1827766267809567
1.1819444697000203
1.1964167797785779
1.19806395008215
1.1804805236360705
1.184669498636954
1.1604325340550654
1.1608495610952008
1.1646726505268903
1.1657361697984643
1.1657361697984643
1.1626640508096906
1.1617052947680948
1.1571673155185034
1.1450311801796225
1.1476770378958272
1.173476786005656
1.1919626222203126
1.2165022234121279
1.2150580478604218
1.214084690635123
1.231494418550205
1.2310125496963773
1.2358055584045609
1.2539108393821228
1.2563479590141418
1.2631974698781654
1.2656601252674637
1.2625281526246903
1.2625181355792539
1.2660288402756485
1.2692453683201665
1.2654922479601103
1.2646747556335665
1.2666232806223285
1.2659268261681933
1.2714153295161061
1.2767995136618089
1.2912231773098335
1.2869957762499804
1.2650106450234588
1.2649521428755224
1.2649521428755224
1.265427122693258
1.264938367515548
1.273677377804066
1.2721063709816496
1.2721063709816496
1.2765649808019592
1.279734293733806
1.2806056205967267
1.2786340460831758
1.299079143946813
1.3099878926572448
1.3087051928684217
1.307872079557332
1.3013674383503915
1.3119763033784895
1.3147306993441905
1.3183716965223382
1.3208625898325113
1.3203343989994076
1.3209850165779733
1.3211806559078203
1.3201604638121094
1.32016862382383
1.296745490425519
1.2968206133167173
1.2983167162150355
1.2962276325700752
1.2794389444940828
1.2694988040662982
1.2753769160157518
1.2758231823693191
1.2757503630410139
1.2768894817373795
1.2776758871695553
1.2774099501361718
1.2720503457481254
1.2780740060535727
1.2800306673894386
1.2800306673894386
1.269834933667289
1.2676500824175507
1.2705377373112894
1.2720116979317009
1.2646879587176931
1.2550851157368372
1.2552035611661423
1.2596337835499318
1.266137417014708
1.2630560573795977
1.2769910208020996
1.2881001702509036
1.2881001702509036
1.2868483334873226
1.2865788572404622
1.2883243863061977
1.2887034601799785
1.2894560573861322
1.3048653133809989
1.314731497673204
1.311672635956612
1.3089292136095239
1.3124821383197411
1.310493896809018
1.3011619743273184
1.299540467196893
1.299540467196893
1.2992973988102225
1.2932625513640048
1.2946155726679858
1.3022280309033767
1.3027843596990312
1.2884947953610086
1.2963506104992781
1.270469469883653
1.2594226329387612
1.2527760353054265
1.2424333653195614
1.2465538852819391
1.2461931251614045
1.2467537907513673
1.2467537907513673
1.2603284349726784
1.2585484207660356
1.2586188033246843
1.2603980680898355
1.2658939597254526
1.266251227684661
1.2636821277235695
1.2616417583433182
1.2689442129351283
1.2727914821724793
1.273676110006119
1.2717605764327795
1.2592832779729015
1.2628851977440558
1.2607239473262828
1.2647154566746577
1.2647154566746577
1.2647154566746577
1.2646333299345456
1.2670837405550979
1.2422364964537864
1.2425466081311187
1.242465170794859
1.222169332984166
1.2183093022707046
1.2238137628695482
1.2229294833352649
1.228699621992579
1.2285034011361187
1.2263385968043023
1.2249867355123205
1.2235300238178048
1.2308735604210108
1.229451649063649
1.2508633132201215
1.2503919313565275
1.2406002652947299
1.2613334995133187
1.2613048593736689
1.2551699396287483
1.26607221950796
1.2557063016077559
1.267756261489939
1.2678242731848124
1.244939352392858
1.2428004695536579
1.2428181113661687
1.2444147295174026
1.2410590365232375
1.2412166617335063
1.2412166617335063
1.239708951268545
1.2384564485129121
1.2438624551629152
1.243015460980783
1.2479545745826
1.2562331431489517
1.2562331431489517
1.2507385992107072
1.2512073976436182
1.2532282767637342
1.2504582814381517
1.25393595491484
1.2547438291444104
1.2532046358689406
1.254962267752382
1.2537882617222282
1.2540600382934184
1.2270697000679662
1.233230530935402
1.1997483807498428
1.203168605452816
1.203168605452816
1.202491480439179
1.200763100498279
1.2106255126452412
1.2141439311884992
1.212406775272987
1.2134245481085932
1.213146290122298
1.1952816935417765
1.18991408244613
1.1856798557538206
1.186450632859907
1.186450632859907
1.1793716354533177
1.1794216762577696
1.1680856127645132
1.1657025740636782
1.1652259974594088
1.165078007758676
1.165057414191188
1.1640869538103917
1.143592639149316
1.145717682168811
1.145717682168811
1.145717682168811
1.149587263726011
1.1556285155321926
1.148047601193748
1.1587055532545212
1.1561747775247075
1.156316719843609
1.1408099187878016
1.1402952732600453
1.1402952732600453
1.1408622573685632
1.14554236359954
1.1451398416743908
1.1428129799056868
1.1412806689343193
1.1458458551623336
1.1224300663110984
1.1225685482240628
1.115418724792034
1.1143442290338565
1.1250185298450173
1.1253598247726049
1.1253598247726049
1.1253598247726049
1.121974998643667
1.1223529873763638
1.1140265674912277
1.1109675250734221
1.106142817241902
1.1014910225644268
1.1082619898993944
1.1082619898993944
1.0930783883263786
1.103296690907615
1.107822803333124
1.100920097472442
1.09870149750224
1.1055002948949701
1.108682788134341
1.1073877869884061
1.1129853612369098
1.1036028220147094
1.1083015699487864
1.1328424108070603
1.131952376555748
1.131952376555748
1.1345461688451748
1.133215321360599
1.1276132984461045
1.125933929171226
1.1251133709737313
1.1234697254622585
1.1264503901359588
1.1236957060853996
1.122816891919634
1.1120731328878888
1.1146985282377373
1.1146985282377373
1.1056150934266822
1.1054080849684689
1.1071545037286614
1.109332429505581
1.108333065763977
1.0989761172195858
1.093406948958557
1.0995212426058474
1.0829600114292395
1.0798322880252664
1.0773913830315633
1.0756100054988922
1.045316114400865
1.0471217519122387
1.0508799327062166
1.0642113993366218
1.0630867892064328
1.0699766975282143
1.0738122153933138
1.071947722024891
1.0728612029064994
1.0768443764824476
1.074078729003062
1.0844580429306847
1.0731354783404081
1.0728257458125485
1.0847306843249467
1.0585646650577316
1.0585646650577316
1.0566181015576825
1.0442241821174874
1.0461686776918433
1.0461686776918433
1.0323945529002587
1.0194609342154362
1.0315842175608454
1.032490699815367
1.027202515628328
1.035505892568173
1.035505892568173
1.0349118692517845
1.0486414905562143
1.0434846654988674
1.0470292518552216
1.0431031783474252
1.04427970848296
1.0459494460214103
1.031442863386539
1.0429927344945658
1.04156356037337
1.0248495612667021
1.027600709354579
1.0077478968974927
1.0051718581844182
0.9980801855828406
1.0015096092963884
1.0015096092963884
0.9907222086176491
0.9920651658712766
0.9920651658712766
0.969289894012279
0.9700456818436846
0.9696212382667814
0.976271192807021
0.9745247252718351
0.975031450201497
0.9763038127988609
0.9646717564998306
0.9644280819973831
0.9627635375255506
0.9632525736366083
0.961663709245783
0.961663709245783
0.9648557640147459
0.961531889200759
0.961531889200759
0.9608148593001001
0.9327379459192832
0.9462160032293198
0.9395839646429665
0.924610944759191
0.9247919428258534
0.9246818624022833
0.9250482241473835
0.9320050101124467
0.9354841499244906
0.9181433319635273
0.916464383535044
0.9179853498423264
0.9132308439294651
0.9194594006957987
0.9198063239590422
0.9214980306086484
0.9214980306086484
0.9214980306086484
0.9214980306086484
0.9214980306086484
0.9172335367906209
0.9160737987642548
0.9124804404140212
0.920357883507065
0.9191398382064989
0.911632052693659
0.9094152922432424
0.9086727597377938
0.909069157367657
0.9074694395471083
0.910257040322698
0.9059834249886127
0.9051539082638195
0.9084533568783225
0.9088381921314826
0.9088381921314826
0.9182704266305075
0.9153478273497379
0.9132692943422204
0.9150711971782378
0.9176043672406469
0.9096473727408056
0.9096473727408056
0.9065589984409484
0.9057754948841928
0.9105723416486187
0.9164982880921528
0.9086817803134526
0.9100501405131354
0.9042583518785358
0.902296938984936
0.8994797332798031
0.8985588256791276
0.8998232765243976
0.8915903508770222
0.8858377332034995
0.8972279379024278
0.8972279379024278
0.8767994109152378
0.8773606529614213
0.8826303123333344
0.8775890053757277
0.875606248348802
0.875606248348802
0.8772840195685082
0.8697395437734111
0.8685061353709618
0.8710600336551374
0.8668727663450562
0.8668727663450562
0.867184911943682
0.8685847457477404
0.8682187072759233
0.8682187072759233
0.861080788771197
0.8628594321070207
0.8711625071693255
0.8769012406263637
0.8779719510038771
0.8779719510038771
0.8765473804422854
0.8622197064744475
0.8579476566649039
0.8667394317482463
0.8681151239321687
0.8700686874972303
0.8700686874972303
0.872920455058458
0.8735038900575248
0.8736958527879227
0.8723785991029716
0.8711991709681701
0.8763564482950741
0.8801592905438951
0.8801592905438951
0.8799631844252831
0.8808164404278132
0.8808164404278132
0.8873774849228565
0.8873774849228565
0.8873774849228565
0.8905115333339277
0.8902684182355215
0.8885583552969633
0.8933862664111683
0.8933862664111683
0.8960899377629561
0.9026346839524079
0.9026346839524079
0.9000078403064825
0.9000078403064825
0.8860423745764844
0.879976549872079
0.8858004757357377
0.8837115166956298
0.8536719217993307
0.8445836222061333
0.8445836222061333
0.846407643023388
0.846452950123299
0.8417806641183133
0.8434095692847627
0.8433182222515802
0.846325582004686
0.8446186213189675
0.8446186213189675
0.8411714683440517
0.8439676875240292
0.8360728717580087
0.8345474690670862
0.8358371614471262
0.8358371614471262
0.8345804118275667
0.8366556501860387
0.8320609499598096
0.8270454419223918
0.8270454419223918
0.8277230496977402
0.833689076414226
0.8382557843497871
0.8426474487811368
0.8423987543556464
0.8396800605593313
0.8415472912749642
0.8393177803337808
0.8434434071525093
0.8601145120579434
0.8601145120579434
0.8574884575793927
0.8601659658131734
0.8601659658131734
0.8673383538344082
0.8723637782338687
0.8454240926463927
0.8405592721541024
0.834432282893386
0.8261409031857536
0.8223043563751391
0.8200736863157133
0.819884756888135
0.8119140443576058
0.8121095792507997
0.7946780872012108
0.7946780872012108
0.7925549146289178
0.7923470771624235
0.790046870090288
0.790046870090288
0.7863540854338448
0.7866400315079064
0.7873665287552545
0.781932995853687
0.7822946692716133
0.7819587504678571
0.7834048452309762
0.786993218426837
0.7908908283113184
0.788823417573644
0.7740329957126019
0.7871391420148774
0.7994291491079657
0.7994291491079657
0.7994291491079657
0.799290492124347
0.7973577408409039
0.7942293664010169
0.7654200209633358
0.7654200209633358
0.7723722158745808
0.77040626157076
0.7666011559779089
0.7630581917265105
0.7618645211025865
0.740548121296357
0.740548121296357
0.7403002144226815
0.7423702291365303
0.7423702291365303
0.7517877256855637
0.7517877256855637
0.7517877256855637
0.7507485436106069
0.7535976288575353
0.7588835428501081
0.7625090635801206
0.7539795820842259
0.7481718171537683
0.7481514780940555
0.750004506735551
0.7500516850831167
0.7492295587346341
0.7570062042457062
0.7570062042457062
0.7575223353482272
0.7669213510267736
0.764188742033985
0.7644742790289055
0.7630775993522
0.7689457852799495
0.7706713579602584
0.7755307490544886
0.7709679312220684
0.7567020632320043
0.753001330538283
0.735285257212308
0.7394878173362448
0.7373418381261548
0.7331443115008153
0.7338280118261675
0.732906189317382
0.732906189317382
0.732906189317382
0.7322196730025952
0.7407781759554498
0.7501626979955841
0.7533799266993184
0.7540066609639235
0.7540066609639235
0.7568019847653484
0.7427324341042113
0.7416964898656366
0.7416964898656366
0.7360664868491841
0.7312745482307906
0.7248184397596751
0.7248184397596751
0.709803572803668
0.7261455046117052
0.7429857888356309
0.7408604007280869
0.7408604007280869
0.7419578144064006
0.7342293488981187
0.7317175989134994
0.7326582466038121
0.7345495255410492
0.7354112631584827
0.7466194485325766
0.7466194485325766
0.747084259620908
0.747084259620908
0.7432170050867922
0.7423502540514393
0.7330054007376037
0.7270655457283542
0.7288490046696534
0.726496865366639
0.7211638466887862
0.7189786102396916
0.7299524878445476
0.7255162884868067
0.7257483732827341
0.7257483732827341
0.7114574994139965
0.713162624371377
0.7178788187547105
0.7173948452775908
0.7236358785536432
0.7229177506499981
0.7186252362201061
0.7181954930340428
0.7234248759674577
0.7234248759674577
0.7131210422173707
0.6923548032859448
0.6930946496470112
0.6954253359758789
0.687807667598494
0.6883581008556702
0.690970475179308
0.690970475179308
0.6835948904085847
0.6788958323038051
0.6657641903482536
0.6657641903482536
0.6613185024059239
0.6613185024059239
0.6634588119176849
0.6813798571194027
0.6758940629574608
0.6768402798118995
0.6701698457192605
0.6691341428124967
0.6679422329705581
0.6675224538393822
0.6695036882558014
0.6698418698827303
0.6787034974975144
0.6787034974975144
0.6839319232329889
0.6789461463471729
0.6789461463471729
0.6767201412172018
0.677561598798854
0.677561598798854
0.6775446566153432
0.6795523989352164
0.6727502850197161
0.6727502850197161
0.6729690569259636
0.67269186639656
0.6721094599338746
0.6596346858948444
0.6403515917749045
0.6424219206086614
0.6424219206086614
0.6463791287628277
0.638486386762961
0.639567738969228
0.6375945053152564
0.6402315795950247
0.6321448567035455
0.6310909707942322
0.6300819484762777
0.6303349799923517
0.6279886117516823
0.6268452569480165
0.6235361457665208
0.6193887776911298
0.6245075256295712
0.6245075256295712
0.6245075256295712
0.6142765516485568
0.6078522071250657
0.6063541051077103
0.6060081989971394
0.6090367442042052
0.6097053259344213
0.607291349652379
0.6053030996116682
0.6116643650217836
0.5996233821849766
0.6032055630002188
0.6023939884007888
0.6059638597811243
0.6059638597811243
0.6044615668444897
0.6044615668444897
0.6029182741617016
0.6029182741617016
0.6029182741617016
0.6029182741617016
0.6016882753227579
0.6078501593429022
0.5998221022074077
0.5926985227634356
0.5817873370310142
0.5792297158672578
0.5792297158672578
0.5677148506401815
0.5677148506401815
0.5660788361640294
0.5713104637957902
0.5712759914951397
0.5750563724765367
0.5795329846457175
0.5773568275729386
0.5773568275729386
0.5773568275729386
0.577769224288418
0.5781977104187686
0.5860516939297258
0.5855335076808111
0.5886826672768755
0.5855200393946478
0.5933132329051399
0.5854725944614783
0.6225107197444564
0.6224744662733026
0.6225757645397006
0.6190790919364805
0.6194532183274531
0.6194532183274531
0.6190661869883124
0.6084422824651029
0.6084422824651029
0.6020752650971365
0.6017109638488625
0.5795019218987544
0.5792331500870622
0.5799405267970708
0.5795533261604674
0.5831510159971524
0.582406974930154
0.5845482114865109
0.5748644307097391
0.5734558926202978
0.5869307453082399
0.583298186200006
0.5709612454503227
0.579182529252527
0.5800643534844413
0.5800643534844413
0.5888927538684663
0.5931809637799687
0.5631841065708945
0.5644501669366592
0.5630529293186488
0.5578024944916999
0.5588147831732745
0.5457261629967788
0.5457261629967788
0.5496138314882547
0.5496138314882547
0.5257944553018007
0.5248817858577057
0.5145971692268875
0.5142110759162942
0.5081833458091801
0.5081833458091801
0.5062739588673618
0.5019823938378776
0.5030935537633623
0.5055948241032613
0.5055948241032613
0.506601699646084
0.4968211585095307
0.4968211585095307
0.5010339048471473
0.49826160625257565
0.49539159070525957
0.49539159070525957
0.49523855090761876
0.49523855090761876
0.49523855090761876
0.49523855090761876
0.5025036121732244
0.5063420549203794
0.5073936556634814
0.5073936556634814
0.47068990542162314
0.5129270854042014
0.5255626801255775
0.5239040623206045
0.5283654451342799
0.5442733700988083
0.5480907143304505
0.5480907143304505
0.5480907143304505
0.5480907143304505
0.5480907143304505
0.5325925820656396
0.5325925820656396
0.5352660129006649
0.5352660129006649
0.5334410833759832
0.5358871308107671
0.5112109071747493
0.49897788863221415
0.4963601534778051
0.4963601534778051
0.4980850809800363
0.49808805314850024
0.4971815979345077
0.4830330266619693
0.49052962621688495
0.4882914019861678
0.4927160136664348
0.4926592382347894
0.4927809038645334
0.49280459055148074
0.4882497943733767
0.49010831018277956
0.49010831018277956
0.4823714627074734
0.47256571127062647
0.471745572806148
0.46905848342439954
0.46905848342439954
0.4693323411926292
0.47232512213018185
0.46490007653260895
0.4604216610598801
0.460722677999097
0.460722677999097
0.460722677999097
0.4614141111049623
0.46762582916154616
0.46762582916154616
0.45574074879840987
0.45574074879840987
0.4453553654455397
0.4453553654455397
0.4453553654455397
0.4440543301688951
0.4431127295140585
0.44521812221448215
0.4416195985477545
0.44648224036602197
0.44479498991577926
0.44526492869055856
0.44526492869055856
0.44457012939226564
0.4527098607847678
0.45429628431414215
0.4552297993511043
0.4440345941663154
0.43809556689236523
0.43809556689236523
0.4347984046394445
0.4433926539255842
0.4433926539255842
0.4472454176359224
0.45173924896434997
0.45697149198811243
0.4504918858461765
0.4451853159519369
0.4387975771734063
0.43809680723061134
0.44317592930519284
0.43966130674293813
0.43966130674293813
0.43715995879588243
0.43462701465412895
0.43462701465412895
0.43462701465412895
0.43462701465412895
0.4382570655505786
0.43495287907653496
0.4385782440563175
0.4385782440563175
0.4528993554324191
0.4528669217566626
0.4692365343207733
0.4658061797730021
0.4606128696662707
0.4611357296279459
0.45403979379150405
0.45403979379150405
0.4509941454594192
0.45589553977425235
0.4557784790235688
0.4578267431054464
0.4578267431054464
0.4578267431054464
0.4565164490764465
0.4565164490764465
0.4565164490764465
0.4625930322665682
0.4638373394977055
0.46960844471995977
0.4665392976224719
0.4633285557456984
0.45922301786101394
0.47649704547501065
0.4761117378083673
0.4761117378083673
0.46730474444739145
0.4836707429746063
0.4836707429746063
0.4826470776885747
0.4831817119779354
0.4791784052340446
0.4791784052340446
0.48101634033982
0.48733864818632944
0.48700476034634776
0.48700476034634776
0.48682766547125383
0.4808422535657496
0.48105472890181705
0.4840046637883934
0.46885851892815783
0.4738165056990158
0.4679496953683616
0.452807923884317
0.452807923884317
0.4410150787424145
0.4410150787424145
0.44271675334940036
0.44271675334940036
0.44216040086780983
0.43629462378462963
0.4354717400189513
0.4352406315900381
0.43834882621602966
0.43621908396944536
0.43621908396944536
0.43621908396944536
0.43954844450241876
0.43733725566982284
0.3997886529218777
0.398614969750238
0.388382746757551
0.3819655305589004
0.3835218447388497
0.3835218447388497
0.3689144484150906
0.3712592979166869
0.3725300991681089
0.37206988947208264
0.375784159351386
0.375784159351386
0.3773532371377692
0.3773532371377692
0.3773532371377692
0.3750499319589071
0.37426030967225316
0.3721287526348375
0.37092941757330145
0.37523349547999996
0.37601523532347336
0.37084146509875937
0.37084146509875937
0.3691798626408725
0.3713362045681866
0.3713362045681866
0.37419553161550956
0.37419553161550956
0.37419553161550956
0.3750284821197762
0.3761771505819511
0.37213236919823667
0.37777351578951035
0.37286189702467215
0.37286189702467215
0.3756601991106325
0.3756601991106325
0.3761740865453312
0.3761740865453312
0.3798149572230271
0.37966325094544723
0.37966325094544723
0.37966325094544723
0.37966325094544723
0.37966325094544723
0.37966325094544723
0.38058985557402025
0.3778628307910013
0.35080714691974196
0.35378630890728435
0.3532682954583966
0.3532907964990298
0.3473480470579923
0.3473480470579923
0.34305467482064744
0.347253844244983
0.346121270491982
0.33511195508554764
0.3450170199923528
0.3453441143941513
0.3436420954967841
0.34290900307386407
0.3428980676692802
0.3466664646114226
0.3466664646114226
0.34148806215781713
0.34171318492402747
0.3371782680107769
0.33751074436421036
0.34499988331799347
0.36059943104708736
0.3596714257172457
0.35802883054566514
0.36074947527617024
0.3634234843114255
0.3634234843114255
0.3632461690447261
0.36166426000221225
0.35794241415910627
0.35883786284325525
0.359690200612835
0.359690200612835
0.35495631333459726
0.35495631333459726
0.35623274072443334
0.35623274072443334
0.35748141901006675
0.35703089433759505
0.36442498229801856
0.36456244145067784
0.36367200504294916
0.3632876689195613
0.36296394783156083
0.36851643182790067
0.36788241807861616
0.36788241807861616
0.36788241807861616
0.36788241807861616
0.36788241807861616
0.36788241807861616
0.36788241807861616
0.36788241807861616
0.36788241807861616
0.3684653705802255
0.3684653705802255
0.3684653705802255
0.3684653705802255
0.36852365589006086
0.3699003359552919
0.3674940278569848
0.3674940278569848
0.3674940278569848
0.3678481933445581
0.3698072198950632
0.36513680319467856
0.37164076942586827
0.3732067208018974
0.3774899447018676
0.38201252733574165
0.37557947885828513
0.3616101659867944
0.3616101659867944
0.3616101659867944
0.3527007213174056
0.350485397114436
0.350485397114436
0.3566818512221996
0.3566044887620449
0.3566044887620449
0.3566044887620449
0.358269760307747
0.3611170668742833
0.3611170668742833
0.3611170668742833
0.361018789479549
0.3597712051456731
0.3551148768475638
0.36010413869325314
0.36559458275109585
0.36559458275109585
0.3620189140312598
0.3620189140312598
0.36255329166175776
0.36255329166175776
0.36531014435947673
0.36531014435947673
0.3675962484333225
0.3675962484333225
0.3675962484333225
0.36481624534529483
0.3573782193231865
0.3573782193231865
0.3573782193231865
0.3588772068169532
0.3560497574297434
0.35507657940945475
0.35512974949717485
0.35608750535318767
0.35674086380767894
0.3568032039460681
0.3285615908961675
0.3285615908961675
0.3268791579486541
0.3268791579486541
0.3268791579486541
0.3271437740828337
0.33199629547712883
0.33199629547712883
0.3344618861719566
0.3344618861719566
0.33239131361474866
0.33239131361474866
0.3286082266806609
0.3284522336202152
0.327631355995433
0.327631355995433
0.30980242004278613
0.30980242004278613
0.30980242004278613
0.30980242004278613
0.30980242004278613
0.3105121290834732
0.30438445433425004
0.303804721079716
0.29734381810851845
0.305907858101967
0.3013905336080786
0.3007125931309401
0.3007125931309401
0.29106084219561723
0.2910503791273113
0.2836349455435533
0.2836349455435533
0.281864341146882
0.28100577271948524
0.28100577271948524
0.2877864260747594
0.28612382672882725
0.28612382672882725
0.28513379108076886
0.2859713529634803
0.2859713529634803
0.2830866283475949
0.2881190763713085
0.2952373443647346
0.2952373443647346
0.2957668923551715
0.2957668923551715
0.295238206928957
0.3025547112675623
0.30312417053334867
0.3047300393789183
0.3047300393789183
0.3047300393789183
0.3044329215954211
0.302402347764092
0.29463640823416726
0.28867089781540206
0.28867089781540206
0.28867089781540206
0.281864341146882
0.281864341146882
0.27269423424391204
0.27269423424391204
0.27377638104915725
0.27377638104915725
0.27377638104915725
0.27377638104915725
0.2670710377289026
0.259065742891557
0.259065742891557
0.25086003227901765
0.25086003227901765
0.25086003227901765
0.2504141366550829
0.2504141366550829
0.24933996196964756
0.24822554450875117
0.24822554450875117
0.24822554450875117
0.24822554450875117
0.24822554450875117
0.24822554450875117
0.24671138920886998
0.2444095380765638
0.2444095380765638
0.2444095380765638
0.2279048568565439
0.2279048568565439
0.2279048568565439
0.2279048568565439
0.22410001943426255
0.22410001943426255
0.22410001943426255
0.22410001943426255
0.22410001943426255
0.22410001943426255
0.22410001943426255
0.22269150174027696
0.22269150174027696
0.22269150174027696
0.22269150174027696
0.22082206754497408
0.22082206754497408
0.22082206754497408
0.17932574393481449
0.17932574393481449
0.17932574393481449
0.17932574393481449
0.17932574393481449
0.17932574393481449
0.17932574393481449
0.17932574393481449
0.17932574393481449
0.17932574393481449
0.16321557275235926
0.16321557275235926
0.16321557275235926
0.16321557275235926
0.16321557275235926
0.16321557275235926
0.16321557275235926
0.16321557275235926
0.16248323907588408
0.16248323907588408
0.16248323907588408
0.16248323907588408
0.16248323907588408
0.16248323907588408
0.16248323907588408
0.16248323907588408
0.16248323907588408
0.16248323907588408
0.16248323907588408
0.16248323907588408
0.16248323907588408
0.16293471124802728
0.16293471124802728
0.16293471124802728
0.16293471124802728
0.16293471124802728
0.16296298708062143
0.16296298708062143
0.16296298708062143
0.16296298708062143
0.16296298708062143
0.16296298708062143
0.16096270690877237
0.16096270690877237
0.16096270690877237
0.16096270690877237
0.16096270690877237
0.16096270690877237
0.16096270690877237
0.16096270690877237
0.16096270690877237
0.16096270690877237
0.16096270690877237
0.16096270690877237
0.16096270690877237
0.15737199287684525
0.15737199287684525
0.15737199287684525
0.15737199287684525
0.15737199287684525
0.15737199287684525
0.15626036451192502
0.15626036451192502
0.1538691892957004
0.1538691892957004
0.15249593780899987
0.15249593780899987
0.15249593780899987
0.1533811982284008
0.1533811982284008
0.1533811982284008
0.1533811982284008
0.1533811982284008
0.1533811982284008
0.1533811982284008
0.1533811982284008
0.1533811982284008
0.1533811982284008
0.1533811982284008
0.15329523001598086
0.15329523001598086
0.15329523001598086
0.15329523001598086
0.15329523001598086
0.15329523001598086
0.15329523001598086
0.15329523001598086
0.1501070180337961
0.1501070180337961
0.14907635747147124
0.14907635747147124
0.14935623336854026
0.14935623336854026
0.14935623336854026
0.14935623336854026
0.14935623336854026
0.14935623336854026
0.14935623336854026
0.14828118448985875
0.14828118448985875
0.14828118448985875
0.14828118448985875
0.14828118448985875
0.14828118448985875
0.14828118448985875
0.14828118448985875
0.14828118448985875
0.14828118448985875
0.14828118448985875
0.14828118448985875
0.1474049562576558
0.1474049562576558
0.1474049562576558
0.1474049562576558
0.1474049562576558
