1.627347144710149
1.4587570589133372
1.4564867738106149
1.4496043772343903
1.4454900661426822
1.4469964508782784
1.4463637753692276
1.4529989541922632
1.458148529426589
1.4591783927687738
1.4598237704204784
1.4615231872856749
1.461223754579067
1.4501389429036464
1.4598832788110985
1.4595018541641414
1.4617819324616657
1.4577065480349043
1.4418854934457561
1.4509015006810657
1.427636448860439
1.4279345577140503
1.4208666414376456
1.4025361802433751
1.4136966199657937
1.4075770400448875
1.4076770017684508
1.4101897484644197
1.4172649553139969
1.4062840575882343
1.4045892133416698
1.3953869868739897
1.404276551061981
1.3920952357246104
1.3827312809314742
1.383304160552653
1.3843923142933534
1.381666554750084
1.3956943102745716
1.3960146912911084
1.395523952943493
1.3787563467167374
1.379169421196369
1.3786627392637452
1.3914945424541256
1.3830478544157314
1.3659707500438856
1.3646539388708552
1.3657344482261706
1.3666160042148825
1.3669705019850211
1.369013620884605
1.372693569547732
1.391647304626276
1.378191292742985
1.3954349950981941
1.398837272172382
1.4030564551056017
1.414166002740714
1.4142730861376869
1.423631679580157
1.422054895389792
1.418617159648309
1.425736938745925
1.4163137948927786
1.4123532192468504
1.4122489044448687
1.4079375058677122
1.4078085930379336
1.4074150034413528
1.4074150034413528
1.4074150034413528
1.4061994766032317
1.4139587507988371
1.4099670314375092
1.4055193638674421
1.4233632503061628
1.4259809587587866
1.4292418400348328
1.4418073725472935
1.4251728778690442
1.4120152111844255
1.4137072342648778
1.4137072342648778
1.4134325442918287
1.4096463593730932
1.4099562073731737
1.3858587348154812
1.382473263567595
1.3738344699753333
1.3635726527427108
1.3520575339388867
1.3436912993950103
1.3435779926432228
1.3499871099115954
1.3471317912498346
1.3462483851172666
1.3462483851172666
1.352112636062643
1.3463452967795289
1.3557373640351842
1.3587048104160602
1.3485092298642334
1.348590301043737
1.3471898897029932
1.3317054735136828
1.3222469978806892
1.3089013640602885
1.3017755209195938
1.3133621457373663
1.310644599021417
1.3203993446995312
1.3228897159707107
1.3221820662782324
1.3383986296901864
1.3169027936932727
1.3252226296178913
1.317000199509862
1.3166895824501277
1.3156589648971175
1.312571145697685
1.3114842787530847
1.321011016214853
1.3196692349427128
1.3202923188618045
1.3113423491063694
1.310702341595836
1.310702341595836
1.306755395649378
1.3081000393650888
1.3097618173827916
1.3078309621119981
1.32537243075335
1.3134309255804935
1.3187988469119132
1.3013203453057578
1.3016282485121087
1.3029537737662567
1.2965541358198716
1.3016732142645633
1.3020340317590704
1.2923910395202751
1.2698620193248413
1.259935764552844
1.2698728608073584
1.274371986198404
1.28125620840063
1.2820828919720206
1.27307522040888
1.2718978720439367
1.2732141968385802
1.2746583151129525
1.2791104538668947
1.2681340120423306
1.2709525119583132
1.2756409086598433
1.277094272455897
1.2778428275322666
1.2948121462441107
1.2933803212038877
1.2955433241473588
1.2933470273532386
1.300579523253217
1.302399185368405
1.2924780218681151
1.2926572175183526
1.2888723761217733
1.2811983184617894
1.2886234103251843
1.277340794657847
1.2786139813713344
1.2737589033331527
1.2653553619572822
1.2653553619572822
1.2689230542121015
1.2655989334505504
1.2627759907273288
1.2630293174276628
1.2739017166771542
1.260863014658781
1.2447512830080099
1.238758776125553
1.244208648574215
1.2331533572993176
1.2311647360575826
1.226930553131244
1.2279052802007757
1.2272664111509952
1.2439402919862148
1.2439402919862148
1.2430127157426953
1.2311489212305196
1.2267088163736235
1.2331201943651975
1.237592711674455
1.237592711674455
1.2438188953830944
1.2338496123941407
1.235463877218347
1.2332762874817547
1.225505450230581
1.2200926766557652
1.2210176391584429
1.2310380236082477
1.2300504240625347
1.219665390930921
1.2215752688624548
1.2205642262668155
1.225092837672106
1.225092837672106
1.2235214260940062
1.2257710178323797
1.2157296714981445
1.2226525209628927
1.2226525209628927
1.2226666402911208
1.2360241289431495
1.2371516433017564
1.2362482740746592
1.2377929049342613
1.2344388654242648
1.2323466915270305
1.233032065882233
1.2355256319223422
1.230110761971177
1.230110761971177
1.2283729744650416
1.227322671165364
1.2309466452836202
1.2309792851938732
1.248424722933677
1.2621920631649326
1.2627427811722325
1.2620378825715124
1.2642383063278453
1.2862722036513452
1.2862722036513452
1.2784653200874632
1.300224229722151
1.299201628574073
1.3003606471752918
1.2955528436883745
1.290947401732215
1.2926336232260252
1.2960072397548168
1.3019612707651749
1.2770301903923784
1.2801921346323604
1.2890314218789585
1.3039764417475634
1.3044692064720353
1.3038170817733794
1.3056026415515103
1.3142273835723106
1.313857666791634
1.3255099162805848
1.319749242883051
1.3328221398392088
1.3349814563342592
1.3446834200316347
1.342029923367812
1.3471732320091037
1.343525793443231
1.338750805096688
1.3309364462126034
1.3353017273234622
1.3256930177870647
1.3240275083360622
1.3240626776010558
1.3272439493671857
1.3295968229817092
1.33174510872003
1.3289839211393768
1.3265496114639042
1.3317652743687272
1.3364590601593196
1.3375495812371476
1.3325892682848817
1.3394307306640194
1.3325767918216147
1.3301060645681817
1.3301060645681817
1.332773022285309
1.343168207677429
1.344513078142536
1.3485436829968565
1.3434894814451557
1.3407019337280877
1.342308524944004
1.339374446576765
1.3400310422721395
1.3400310422721395
1.33126061594927
1.3372273506240053
1.335700049018552
1.339040340466267
1.314568239804505
1.3157995344313622
1.3163246052594952
1.3092502526789072
1.3093458806402969
1.311309556512689
1.3137308374946772
1.3147215342183793
1.340374836789216
1.349578489302216
1.335097968328073
1.3361305125790985
1.3368224498978822
1.3399697063483347
1.3310356273206116
1.3278175540696346
1.3294558927492783
1.3400196087546559
1.331071425315698
1.3269793568012944
1.3319616381920991
1.3340827163144793
1.3206557647482506
1.3251556469215418
1.325526833544752
1.334353776036916
1.3340834398040569
1.3379312739234792
1.350396899166432
1.3460242437887289
1.334029353881745
1.331013967194614
1.3321634926281478
1.3277154139294187
1.3277154139294187
1.325261197524869
1.3359125401704304
1.3410171831289617
1.3482615217349536
1.3475709623015084
1.3523364085440819
1.3460138161425674
1.344555962324535
1.3405191565559693
1.3444588225445757
1.342617751163802
1.3469898076840148
1.3458070441054766
1.3393383369318972
1.3340129105192515
1.3281689625456181
1.3151915900010878
1.3157276162078224
1.3159947559322132
1.3198104711666345
1.3075697325681457
1.311289956502152
1.3134859726884212
1.3072133017219836
1.306552648625079
1.3022263738753126
1.2754313092696394
1.2763603961465475
1.2756892696276183
1.2681359315504372
1.2699348645362898
1.2536215331507456
1.2536215331507456
1.259328492430078
1.2548957614299772
1.2629136130931446
1.2542977699446904
1.2533347967240995
1.2502218615361345
1.2491663359446952
1.258557523851754
1.2447289470722738
1.2510352432025873
1.241054730969881
1.2385445226035041
1.240557019346395
1.2322541446083413
1.2171885533256839
1.2098653079649788
1.2342167574562442
1.2356392749445066
1.250701265902889
1.2531249467493406
1.2528740750664544
1.2388597808722464
1.2420270904739192
1.2417712181795044
1.2229284896653674
1.2149056995857461
1.2274839708993521
1.211725614154644
1.2043511172109806
1.2110267482179657
1.209518065257991
1.1921155638792016
1.2082430332290763
1.2033882855698588
1.2003103434046156
1.1720337975218647
1.183743978424268
1.1854456311841495
1.1854456311841495
1.1849689040194173
1.1853075250754563
1.1901750460101417
1.188214924987114
1.1879955040006613
1.182553257877979
1.1841847250440407
1.1903085059811944
1.185798438700943
1.1737278294306237
1.161800927101366
1.1763674017524786
1.171911905298691
1.150092129825784
1.150649907018828
1.163456604475356
1.1659166220931725
1.1763808215347444
1.1798817832400235
1.1827347257362664
1.1867200924904218
1.1875358206450672
1.1800550590176335
1.2012815656301241
1.2097452067478258
1.2336748186597715
1.23453681065046
1.2436770511554731
1.2543615540498352
1.2527437042166325
1.2452013179948007
1.2399654063041514
1.2382157048153521
1.255116289902414
1.2487584038961665
1.234871785000981
1.2563478256797427
1.2667503062429422
1.2678344571869098
1.2660271397549139
1.2601241651454946
1.2703936646107752
1.2705909953318881
1.2697625176818397
1.2564718055851396
1.2411333950620989
1.230057128737156
1.2386302506875646
1.2521571510677296
1.260256373464059
1.2441661669769501
1.2285407625085978
1.2311860721471082
1.213090901894379
1.2104633782019256
1.2070441483279624
1.2265765377888918
1.233117146165632
1.2386542840722694
1.2341435641058076
1.2328314528095223
1.2334947256207982
1.242321130554715
1.242321130554715
1.2396991833886264
1.2397020376056112
1.2422705142335417
1.247780497255264
1.2429455739562727
1.2459677017838975
1.254592529500999
1.2456998199495402
1.2526969988557397
1.2499246501399146
1.2487102752362598
1.2484441588598145
1.2540085770037288
1.2540085770037288
1.2540085770037288
1.2514256938132866
1.2510180778465667
1.2515285865553765
1.2515285865553765
1.2460438834445031
1.2403749855300803
1.2391141091016653
1.2391141091016653
1.2472462543990803
1.2519372532221182
1.2682319817716488
1.266243814200596
1.2875477149142016
1.2627529834640105
1.260093865610453
1.260093865610453
1.259921680797499
1.259931935963805
1.2493790640161924
1.24937344451082
1.2444193778755754
1.2465963635091337
1.252607224530902
1.254473961375259
1.2529005003648355
1.2301777901057234
1.2301540091724383
1.2300676258806393
1.2261056611549168
1.2261056611549168
1.2205114018655685
1.221445888733068
1.2084001594246065
1.2076041097656165
1.1992087031990597
1.1982728226525978
1.2160015507206485
1.2160015507206485
1.1902596526291203
1.1902596526291203
1.1902596526291203
1.1902497611188838
1.190989395154082
1.1803832433587627
1.1904940351338795
1.1906598939910213
1.1906598939910213
1.189420977590302
1.1778129892040876
1.1778129892040876
1.1729075776616598
1.1729075776616598
1.1795162166538218
1.1783884955429111
1.1826326337204682
1.1878846185383232
1.186471235901441
1.1873141450457738
1.1872826096438498
1.1872826096438498
1.1891491017868394
1.1891491017868394
1.1838545786376748
1.1730782818995649
1.1757011975136749
1.168665157443706
1.168665157443706
1.167764110214292
1.1730681715303137
1.1796507407496393
1.1787238950909762
1.1769982447317775
1.179065677266715
1.179065677266715
1.1921358169126992
1.189824702358794
1.189734282535645
1.188427322239975
1.1774005175209732
1.1693613035458446
1.17478935895641
1.157917972708505
1.1590338452417266
1.1590338452417266
1.1595006080840564
1.1595006080840564
1.16238016179061
1.1544070573882275
1.154937892078362
1.1349148258555208
1.1349148258555208
1.1491566217907063
1.170652899711144
1.1864603752487335
1.186327469955558
1.1858448576877532
1.1789827169512677
1.1942097144162727
1.1995822271909622
1.202168460077018
1.2007470008438783
1.2140235915262407
1.2140235915262407
1.2138900021111558
1.2155746414059774
1.2135661935560318
1.2055060509014108
1.208820598216902
1.2051457525367524
1.207612548262312
1.1936371362941671
1.1942080154640875
1.1942080154640875
1.192554984183483
1.191977568301056
1.1871639511745031
1.203400463774572
1.2034084357892745
1.2149923131122229
1.2274042338865734
1.2282473674318672
1.2275168902109708
1.2255614291096935
1.2128165213107707
1.2147271260353483
1.209821230240434
1.1881558473368254
1.1920954770700718
1.1939794336203706
1.1898397486761252
1.1991318972320313
1.1990776834507468
1.2001069675303508
1.2001069675303508
1.2029740337900283
1.203196909443568
1.203196909443568
1.196979760836754
1.210152370890795
1.2107623549104967
1.2107623549104967
1.195208425092678
1.1952686060506101
1.1952686060506101
1.199423902082969
1.1975370874155997
1.1837474662015826
1.1837474662015826
1.178123848426343
1.1825984086102108
1.1879833467271537
1.1778636582221786
1.177215395821035
1.1685393930785668
1.167712441452218
1.1703608965023515
1.1769277176117356
1.1764591669359237
1.1741752678941113
1.1816934284165415
1.1816934284165415
1.1751730077610274
1.175411676904958
1.175411676904958
1.1749332613586196
1.1726714188708465
1.1692929326000385
1.1808530586850319
1.180322835460744
1.1695419931613276
1.1693397790554672
1.1676397597739825
1.1682932020405705
1.1742914335798627
1.179418820402652
1.179418820402652
1.179762920027608
1.1673248381541084
1.1682494079928456
1.16947008504712
1.16947008504712
1.1745170059937335
1.1680072561120394
1.178532660111426
1.178981003894079
1.1789486203192412
1.1817793008661555
1.1555648838961794
1.1588212788828753
1.1573666583617266
1.1579884826402975
1.1539471315795236
1.1435474217038935
1.1524341191174772
1.146555026058978
1.1282212068041215
1.1284179546593476
1.1236502797955281
1.1236502797955281
1.1149647230933935
1.1301322834591976
1.140092362533887
1.135534168622652
1.135534168622652
1.1366549710357807
1.116765681369189
1.117063722501933
1.117063722501933
1.117063722501933
1.1236729884387753
1.1060529641512131
1.108830243303734
1.1096026319986738
1.1294675720462082
1.129472656815435
1.1202563866366717
1.106957339115066
1.112899959071464
1.1118408932857897
1.110342907473597
1.1117302142628867
1.103580876822854
1.092010402475949
1.0865821302185388
1.093229414287196
1.0912866790878377
1.0924555392169772
1.09927767850604
1.0955182219360324
1.0946698016803746
1.0939936099379557
1.0830609904806305
1.0830609904806305
1.0874900313059899
1.0874900313059899
1.0944577303803487
1.0950533119206762
1.0732344030934178
1.0286171156215211
1.0290383149475693
1.0273476694861707
1.026920101726113
1.0432392786692726
1.043912837666131
1.0396900972667775
1.035994615431948
1.037932042940968
1.035681390903705
1.0359326967881275
1.020077259742992
1.020077259742992
1.0021192234734353
1.0028550008968167
0.9974648651676411
0.9972634176039887
0.9972634176039887
0.9941658743769987
0.9941658743769987
0.9941658743769987
0.9941658743769987
0.9946466192399864
0.9945619356181091
1.0079054896430235
1.0042197608920405
0.9994080214083321
1.0041882954748147
1.00316259051992
1.0024809758985103
1.0050614954359078
1.017372681141193
1.0113271672677975
1.0113271672677975
1.0019133195740224
1.0019133195740224
1.0019133195740224
1.0019133195740224
1.0085804074246556
1.0078858483188797
1.0103700594510479
1.0102367485775943
1.0128799042900365
1.0226833080888085
1.0060974275771895
1.006528589529291
1.0068580315664333
1.007430953814686
0.9690640761174428
0.9373736759046996
0.9373736759046996
0.9384437181761021
0.9384461717300135
0.9431574572384753
0.9431574572384753
0.9426333698075642
0.9447561761229427
0.9449760739842854
0.9449242406081171
0.9532518659482422
0.9665699676500216
0.9655269738933536
0.9455491688290593
0.9466463201117599
0.9381929184463655
0.9375134359750982
0.9375134359750982
0.9370111883551606
0.9363132219556777
0.9267504542916742
0.9220796347942057
0.9220796347942057
0.9164353140495575
0.9215366993404048
0.9332770816664003
0.9322897768646536
0.944512385431103
0.9521495445756424
0.9516066695507771
0.9377028489351854
0.9531799344614004
0.9521145971085626
0.9532438111094089
0.9534756440819553
0.9534756440819553
0.9534756440819553
0.9535316954450628
0.9535129330795232
0.9459932860213283
0.9459932860213283
0.9449872581356715
0.945712184391318
0.9459138249850767
0.9451060627448715
0.946250159457243
0.9435155881360107
0.9455532506066026
0.9461847240659197
0.9500875295537218
0.9535586352910265
0.953996947824909
0.9555301103802663
0.9506718839683228
0.9468886061499829
0.9359554201730348
0.9194631239287789
0.9190576449269313
0.9191570899267844
0.9209405029880632
0.9209405029880632
0.9209405029880632
0.9228690760878012
0.9228690760878012
0.9224026960382093
0.9028016486752481
0.9024092450676575
0.907100026826808
0.9071657957505617
0.8912703604633374
0.8912703604633374
0.8726239827811646
0.8716773683365139
0.8714618559082529
0.8703991652695438
0.8689187351829689
0.8771309521747551
0.8761430748666824
0.8761430748666824
0.878471554804934
0.8778509131415607
0.8778509131415607
0.8778278878188669
0.8825080794329803
0.8835403044514875
0.8805877214457856
0.8721434287773233
0.8669611066308446
0.8685658010383454
0.8574444120792506
0.8574444120792506
0.844936451275599
0.8448179175698781
0.8448179175698781
0.8206378447688163
0.8210386327246836
0.8217459697744092
0.8192887877600306
0.8195248054770516
0.8244620918589556
0.7959021359250624
0.7999555513325336
0.7999555513325336
0.8128713354090423
0.7993272299907264
0.7887250620099576
0.7885198076844396
0.7678097039889324
0.7707452223878344
0.7757922439119173
0.7633088279282382
0.7633088279282382
0.7633105357465122
0.7674441657635923
0.7752808908346378
0.7820577025530911
0.7672122790425929
0.757830529888983
0.7384065848691876
0.7384065848691876
0.738149686455744
0.7384870695066713
0.7384870695066713
0.7345691903806785
0.7342338366274902
0.7325655548994363
0.7325655548994363
0.7325655548994363
0.726980649885874
0.7270294428233882
0.7270294428233882
0.7270294428233882
0.7270294428233882
0.7268547137501574
0.7251720128417057
0.7295099766889824
0.7287175860681667
0.7289878072827206
0.7289878072827206
0.7284888442469581
0.7284595405516066
0.7284595405516066
0.7258561221340416
0.7380434990991271
0.7421609696266809
0.722469347442695
0.7282346247850572
0.7202446392681219
0.7202446392681219
0.7192766132612863
0.7228369006155384
0.7165490678843999
0.7168046017605787
0.719397126484393
0.7411379074578798
0.7395811567069077
0.7352908475833727
0.7310256477157043
0.7177050115403353
0.7177050115403353
0.7156669294850923
0.7092611172591208
0.7176088112247585
0.7328452798039399
0.7355024861383955
0.7379208534576487
0.7372358918118842
0.7478816493447323
0.7478816493447323
0.7478816493447323
0.749281708960971
0.749281708960971
0.749281708960971
0.749281708960971
0.7433833306315821
0.7433833306315821
0.7428709230694285
0.7397548193389409
0.7286246202932364
0.7237130181735547
0.7196160670290761
0.7210787689399676
0.7230603860812868
0.7227877405597648
0.7230431485920501
0.7230431485920501
0.7228832328392865
0.7281794094101784
0.7330427016527222
0.7330646800392281
0.7348900118575148
0.7471539021688347
0.7521386594128862
0.7472229285583583
0.7461492593743851
0.7461492593743851
0.7293784566411005
0.7055969295114289
0.7061354682174603
0.7061354682174603
0.707285759319283
0.7084522929669923
0.7091987396766817
0.715810307694928
0.7150394476199127
0.7104649743336524
0.7170130389420383
0.7170130389420383
0.7118878236016898
0.7260260707036826
0.7236369342733856
0.7236369342733856
0.7236369342733856
0.7270297782565283
0.7270297782565283
0.7277072511881132
0.7241787915228103
0.7242894197767523
0.7242110475714792
0.7180036512676817
0.7271034118183757
0.7344711586053159
0.7318833732908815
0.7318833732908815
0.7281265441709658
0.73170314208555
0.7317146078344982
0.7445110255833248
0.7510536007474411
0.7439089646956186
0.7374581630632424
0.7374581630632424
0.7328103749552569
0.733522314831641
0.733522314831641
0.7343501515424845
0.7261035718456205
0.7255578510798526
0.7247629871790054
0.7253240936734808
0.713374069220395
0.7134263870764715
0.7160186162734203
0.7163372023158806
0.7163372023158806
0.7120762987757132
0.708370334307397
0.7024337152576913
0.7043931616911521
0.7051849816297983
0.7051849816297983
0.7051849816297983
0.7051849816297983
0.7051849816297983
0.7066484481507994
0.7066484481507994
0.7066484481507994
0.7096638496393284
0.7096638496393284
0.7096638496393284
0.7096638496393284
0.7154722197523091
0.7122497972487726
0.7083271389659478
0.6988205365708479
0.6929366977097148
0.6929366977097148
0.6957478832573256
0.6875548835912695
0.6875548835912695
0.6855045409903311
0.6985288273724364
0.7036718139020823
0.7036718139020823
0.7049826809416319
0.7049826809416319
0.6991936872910594
0.704349299624995
0.6953498325089804
0.6953498325089804
0.6952147338091462
0.6952147338091462
0.6952147338091462
0.6961215890801288
0.684184792371832
0.6817464564640244
0.6817464564640244
0.6799449318360704
0.6855380975440413
0.6845489076909541
0.6896824369791321
0.6896824369791321
0.6803899564979897
0.6803485441101356
0.6803485441101356
0.6872369524637542
0.6869781954338375
0.6869781954338375
0.6873321153558097
0.6873321153558097
0.6704434020815836
0.6658092016625953
0.6672496228026333
0.6647586638052214
0.6638774613425786
0.6648249259770185
0.6648249259770185
0.6590433422909946
0.6673112244463207
0.6602014192808345
0.6524797485131083
0.6469254092800973
0.6469101254597042
0.6469101254597042
0.6463977279746291
0.6480996639339597
0.6441863015656975
0.6477739558916006
0.6474572097478194
0.6404860689114911
0.6371245306880914
0.6371245306880914
0.6371245306880914
0.6371245306880914
0.6351795816451795
0.6235575110415561
0.6264388069752594
0.625556190873563
0.6242843438171114
0.6242843438171114
0.6242843438171114
0.6246207207052086
0.6246207207052086
0.6162135403060941
0.6157839467869124
0.6138655598674879
0.6138655598674879
0.6173214110670902
0.6173214110670902
0.6174730436043958
0.6174730436043958
0.6174730436043958
0.6183369857808249
0.6183369857808249
0.6166822349759339
0.6045679058762539
0.6037314512088812
0.6040901192044159
0.607902615710448
0.60297515831112
0.6120836079199413
0.6229021971736539
0.6239604153453608
0.6194023356040411
0.6216622118538258
0.6217408032995791
0.6268020230588313
0.6416937088204208
0.6427600926837959
0.6253087838134782
0.6193004249281778
0.6193004249281778
0.6234746446892186
0.6234746446892186
0.6124032782529496
0.6120392223516679
0.6123708252467429
0.6123708252467429
0.6150578406334576
0.6150578406334576
0.6143772671194997
0.6143772671194997
0.6143772671194997
0.6154021804765027
0.6154021804765027
0.60867445706337
0.598986467822238
0.598986467822238
0.598986467822238
0.5934203782619113
0.5969009644078619
0.5984606552935343
0.5937954002765458
0.5937954002765458
0.5937954002765458
0.5937954002765458
0.5937954002765458
0.5922883204670297
0.5937669071859807
0.6018517889428293
0.6018517889428293
0.610578395274193
0.6196973157390174
0.6196973157390174
0.6088085910386684
0.6094091367116088
0.6080132528083958
0.6072447581932353
0.6053307933462897
0.6053307933462897
0.6139312607924416
0.6139312607924416
0.6049676823767248
0.6049676823767248
0.6049676823767248
0.6146007939151922
0.6163484792932784
0.6163484792932784
0.6170901351599052
0.5842263831427814
0.5809781757555669
0.5638734012641499
0.5638822272037711
0.5714335547400935
0.574581572480683
0.5734141330638028
0.5734141330638028
0.5680064041551546
0.566754228356271
0.5688493112515508
0.5557990677414416
0.5528320874652443
0.5567809115317494
0.5595275322101949
0.5617935545633659
0.5519600870000645
0.5519600870000645
0.5508788288506178
0.5488077272743791
0.5480038248093966
0.5489468523879726
0.5514341669447512
0.5515093193379189
0.5514956505273442
0.5524119414357463
0.5397986586609471
0.5407374257996478
0.5415700663109431
0.5415700663109431
0.543080079475812
0.543080079475812
0.543080079475812
0.541462138976908
0.5503294319962413
0.5448161385755299
0.5400997294758219
0.5423571983605214
0.5336100166719022
0.5336100166719022
0.5336100166719022
0.5063256772016997
0.5063955726599111
0.5217676168631555
0.5217676168631555
0.5191049135715996
0.5191049135715996
0.5113053279426245
0.5133192085919367
0.510781193419363
0.5014441076106101
0.4976717023728002
0.4890877835677563
0.4890877835677563
0.4890877835677563
0.4820441911196404
0.497834623989953
0.4851328365717178
0.4848422111448322
0.4848422111448322
0.4848422111448322
0.4848422111448322
0.4842232685739226
0.4823363091009349
0.47133769765391464
0.4716659139747525
0.4684112776835637
0.46653480816904264
0.46176838734153924
0.4759131354313795
0.4759131354313795
0.453997249758817
0.453997249758817
0.44963007323969784
0.4495798172953229
0.45146478724881267
0.44399461247337246
0.44399461247337246
0.44395378493493937
0.4558165284493255
0.4595510428888422
0.4508013096907605
0.4508013096907605
0.4508013096907605
0.45086414305651284
0.4513475387706081
0.4513475387706081
0.4397625008811437
0.4397625008811437
0.4397625008811437
0.45093931783707264
0.44345115791718975
0.45093797430296023
0.45093797430296023
0.44567594936001026
0.4505561284589454
0.4505561284589454
0.4505561284589454
0.45309635893127387
0.45309635893127387
0.45047497649842905
0.451138021805516
0.4503995834153558
0.44949561632331464
0.44949561632331464
0.45814347471284533
0.45814347471284533
0.45814347471284533
0.44897670388521543
0.4548860045661359
0.4567116705793977
0.4567116705793977
0.4567116705793977
0.45748980301092684
0.4573246697268825
0.4573246697268825
0.45718419402568616
0.45720097978027596
0.45350693260030583
0.44910872844360394
0.44910872844360394
0.44977499712347374
0.44977499712347374
0.44977499712347374
0.43585565196421705
0.43738331665266283
0.43738331665266283
0.43048112601494287
0.4119910385837071
0.4100996444450542
0.4117237627297383
0.4137834203823713
0.42264030178181483
0.42264030178181483
0.4214729519915747
0.4214729519915747
0.4147081675319462
0.42150396999519374
0.4226208080802192
0.4095117685690524
0.40122044645779037
0.40122044645779037
0.3934979269848202
0.40103950838187996
0.3933446898509618
0.3804595942961018
0.37817679179929264
0.37895172924558124
0.37895172924558124
0.37895172924558124
0.37895172924558124
0.3830653362631736
0.3830653362631736
0.3830653362631736
0.3830653362631736
0.39033357435461796
0.39033357435461796
0.39033357435461796
0.38967500826469825
0.3907358180228317
0.39253914623804104
0.4102239211960415
0.4025588130503833
0.40146437135061397
0.3986102740141819
0.3986102740141819
0.40312731182228967
0.4251876414698763
0.4178683293243142
0.4178351007465538
0.4178351007465538
0.4107296349337978
0.410017112882487
0.4119523596950775
0.40518975027208015
0.40518975027208015
0.40518975027208015
0.381392375295902
0.3798479538337283
0.3798479538337283
0.3878797942955585
0.3878797942955585
0.3648952182768651
0.3648952182768651
0.3688044563494607
0.36704587912419806
0.3678420114687778
0.36478283056685173
0.36478283056685173
0.35729455904228163
0.3645771638905513
0.36381596538487143
0.36370038171946156
0.36558589726408464
0.36558589726408464
0.3738869975099211
0.37601476571008113
0.3993466845048177
0.4109253563207959
0.39187441142122303
0.39563872030873287
0.39563872030873287
0.39563872030873287
0.3850416652696374
0.3850416652696374
0.3850416652696374
0.3850416652696374
0.3850416652696374
0.38814293447499737
0.38814293447499737
0.37985258235375435
0.37097133255317793
0.36937031439019635
0.3751114229200003
0.3751114229200003
0.3523000805415703
0.3523000805415703
0.35865300202398465
0.35865300202398465
0.35765789912721563
0.35765789912721563
0.35765789912721563
0.3616452325569116
0.3631083463488797
0.36644092850317356
0.3591238596890467
0.3591238596890467
0.3570652350692388
0.3570652350692388
0.3570652350692388
0.3570652350692388
0.352190988608752
0.35217600554172485
0.34831500300512064
0.3503315472623334
0.3514889966282135
0.3514889966282135
0.3514889966282135
0.35748856382246846
0.35748856382246846
0.34084731151725367
0.34084731151725367
0.34084731151725367
0.31440328413326313
0.31229151449058856
0.31229151449058856
0.31229151449058856
0.315126682502821
0.30607882225306493
0.30541838213002104
0.3041651600765167
0.3041651600765167
0.3043141448594091
0.3002906523926057
0.3033766733166779
0.299396746298912
0.2985886215592209
0.29934363294066935
0.28859654744683494
0.28859654744683494
0.2886891127751363
0.2886891127751363
0.28138651369012596
0.28138651369012596
0.28138651369012596
0.28138651369012596
0.27933708629260845
0.27933708629260845
0.27933708629260845
0.27933708629260845
0.27933708629260845
0.26987756577078126
0.27177233055805133
0.27177233055805133
0.25744195966927635
0.25744195966927635
0.25585488433223563
0.25585488433223563
0.25585488433223563
0.2484352056461152
0.2484352056461152
0.24114142571166886
0.24114142571166886
0.24114142571166886
0.2387166135561605
0.22661020938786985
0.22630813636467342
0.22630813636467342
0.22630813636467342
0.22630813636467342
0.22630813636467342
0.22630813636467342
0.22630813636467342
0.2261621699839217
0.22467182142737863
0.21573654402488804
0.21573654402488804
0.21240310467205287
0.21240310467205287
0.21240310467205287
0.21240310467205287
0.2135444713709728
0.2063310930307939
0.2063310930307939
0.2063310930307939
0.20602828480490373
0.20602828480490373
0.20483459581600785
0.20483459581600785
0.20483459581600785
0.20483459581600785
0.20483459581600785
0.20483459581600785
0.20483459581600785
0.20405514484013398
0.20405514484013398
0.20405514484013398
0.18895022187463767
0.18895022187463767
0.18895022187463767
0.18895022187463767
0.18895022187463767
0.18895022187463767
0.18504965564802633
0.18504965564802633
0.18504965564802633
0.18433318182032507
0.18433318182032507
0.1830497074018952
0.1830497074018952
0.1830497074018952
0.17892893596323003
0.17892893596323003
0.17892893596323003
0.1790050517748155
0.1790050517748155
0.1790050517748155
0.1790050517748155
0.1790050517748155
0.17726550038422692
0.17726550038422692
0.17726550038422692
0.17112443177108272
0.17112443177108272
0.17112443177108272
0.17112443177108272
0.17112443177108272
0.17112443177108272
0.17112443177108272
0.17112443177108272
0.17112443177108272
0.17112443177108272
0.17112443177108272
0.17112443177108272
0.17112443177108272
0.17112443177108272
0.17112443177108272
0.15738631751560941
0.15738631751560941
0.15738631751560941
0.15738631751560941
0.15738631751560941
0.15738631751560941
0.15836917452673444
0.15836917452673444
0.15836917452673444
0.15836917452673444
0.15836917452673444
0.15836917452673444
0.15836917452673444
0.15733716171553486
0.15733716171553486
0.15733716171553486
0.15733716171553486
0.15733716171553486
0.15733716171553486
0.15733716171553486
0.15733716171553486
0.15733716171553486
0.15733716171553486
0.15733716171553486
0.15733716171553486
0.15733716171553486
0.15649008489207467
0.15649008489207467
0.15649008489207467
0.15649008489207467
0.15649008489207467
0.15649008489207467
0.15649008489207467
0.15649008489207467
0.15649008489207467
0.15649008489207467
0.15512430074598724
0.15512430074598724
0.15512430074598724
0.15512430074598724
0.15512430074598724
0.15245517879402215
0.15245517879402215
0.15245517879402215
0.146120753503193
0.146120753503193
0.146120753503193
0.146120753503193
0.146120753503193
0.14505287078818144
0.14505287078818144
0.14505287078818144
0.14505287078818144
0.14505287078818144
0.14505287078818144
0.13024291860742604
0.13024291860742604
0.13024291860742604
0.13016479565137043
0.13016479565137043
0.13016479565137043
0.13016479565137043
0.13016479565137043
0.13016479565137043
0.13016479565137043
