0.0466667 0.039879620908442714
-0.0866667 -0.08485245861541946
-0.3733333 -0.33417716205992454
-0.1533333 -0.14788813489510372
0.0366667 0.045667329665949996
0.0066667 0.023506713355209763
0.7633334 0.7865171360185691
0.61 0.638932267426363
0.3833334 0.38926851241379495
-0.28 -0.3132936487717798
0.56 0.5760315851143989
0.1633333 0.14388014088601941
0.1266667 0.10105465328291263
-0.71 -0.7527697651039956
0.9666667 0.9895307997331171
-0.86 -0.8795313465545205
-0.59 -0.5798242414782702
-0.2366667 -0.2628019188563964
-0.4033333 -0.41389546774710684
-0.7566667 -0.7470015331240853
0.7133334 0.7647350665774019
0.4233333 0.4824534692834889
-0.2933334 -0.3042706222580935
0.72 0.745606203120968
-0.9666667 -0.9640833454597325
-0.9966667 -0.9876684715547761
0.9833333 0.978299112069805
-0.6666667 -0.6685188773438526
-0.17 -0.18580975925581134
0.9 0.9200217533176034
0.03 0.02552925678674134
0.27 0.2782966011356482
