0.0466667 0.035864979305574196
-0.0866667 -0.08667224582785557
-0.3733333 -0.3756787931886728
-0.1533333 -0.14299026998495717
0.0366667 0.07715555044551803
0.0066667 0.023609543529862054
0.7633334 0.7214332261806139
0.61 0.5907013921896813
0.3833334 0.3854260092063526
-0.28 -0.2974220443038803
0.56 0.587408220199535
0.1633333 0.13265291113548425
0.1266667 0.09070883271115762
-0.71 -0.7801925437459166
0.9666667 0.9790119390898524
-0.86 -0.882043766176377
-0.59 -0.5914666649526865
-0.2366667 -0.2679502865064671
-0.4033333 -0.4385907988930324
-0.7566667 -0.7671788237003625
0.7133334 0.7453711841682857
0.4233333 0.44643145681644564
-0.2933334 -0.3213588542499242
0.72 0.7154419632087174
-0.9666667 -0.9466805786386601
-0.9966667 -0.9934825611955784
0.9833333 0.9837394355750018
-0.6666667 -0.6726930608851562
-0.17 -0.16852673614635488
0.9 0.8979078833007075
0.03 0.03197889578823565
0.27 0.2784296552961851
