0.0466667 0.053415424887767404
-0.0866667 -0.0738402134319523
-0.3733333 -0.3729762657011179
-0.1533333 -0.1669993818947325
0.0366667 0.028941971511932896
0.0066667 0.028507918052504466
0.7633334 0.7514762658595613
0.61 0.5915724797291766
0.3833334 0.398722444975426
-0.28 -0.3108061140447835
0.56 0.5673665076675393
0.1633333 0.14169987465516837
0.1266667 0.12001501961572747
-0.71 -0.7107570498815947
0.9666667 0.9747681333282909
-0.86 -0.8713333434816861
-0.59 -0.6015027635543501
-0.2366667 -0.24342887257646217
-0.4033333 -0.4346792031529318
-0.7566667 -0.7515679002499068
0.7133334 0.7122964077505802
0.4233333 0.43872849303331346
-0.2933334 -0.3231768352186235
0.72 0.718773249467668
-0.9666667 -0.9709542163064742
-0.9966667 -0.999410212098516
0.9833333 0.9859444587131083
-0.6666667 -0.650544049854238
-0.17 -0.17506906426344487
0.9 0.9038656035554824
0.03 0.0604464436651041
0.27 0.27264469979313544
