0.0466667 0.049887714486502144
-0.0866667 -0.12323996409894106
-0.3733333 -0.3717898205448132
-0.1533333 -0.14337794533244533
0.0366667 0.03272462200144292
0.0066667 -0.00784177299707417
0.7633334 0.7296817986902282
0.61 0.3166118781987975
0.3833334 0.38892691810073315
-0.28 -0.20134948910910394
0.56 0.5811752565506738
0.1633333 0.00727057027298228
0.1266667 0.21498813959914354
-0.71 -0.6763603689840334
0.9666667 0.9204090691346514
-0.86 -0.7872349827190308
-0.59 -0.5628585075301106
-0.2366667 -0.3946243523018841
-0.4033333 -0.42152938872313855
-0.7566667 -0.7816523322003465
0.7133334 0.6687711711490723
0.4233333 0.40068433405965387
-0.2933334 -0.2736462141032633
0.72 0.6262711329654183
-0.9666667 -0.8415506441186766
-0.9966667 -0.8915136409512282
0.9833333 0.9864796863142975
-0.6666667 -0.6666200986625183
-0.17 -0.19843826391243946
0.9 0.8289013900764214
0.03 -0.04568697959421761
0.27 0.18504874906828483
