0.0466667 0.03610373553516372
-0.0866667 -0.013354838530263202
-0.3733333 -0.38079361106863485
-0.1533333 -0.1697964621994557
0.0366667 0.07539621003780594
0.0066667 0.007891191140015241
0.7633334 0.7043423840585356
0.61 0.5566975745312666
0.3833334 0.3972260196324292
-0.28 -0.27684159167337785
0.56 0.6186353832016871
0.1633333 0.1601628096163637
0.1266667 0.146325523457212
-0.71 -0.8071369527911159
0.9666667 0.9574697295869619
-0.86 -0.8572815838385223
-0.59 -0.5960623057396849
-0.2366667 -0.3079279291853185
-0.4033333 -0.46909852969448007
-0.7566667 -0.7560343499386359
0.7133334 0.7837116088907432
0.4233333 0.4103848072601259
-0.2933334 -0.3244308763099804
0.72 0.65792701054973
-0.9666667 -0.9435917669459776
-0.9966667 -0.941210563558977
0.9833333 0.9677169137975514
-0.6666667 -0.6880981891234731
-0.17 -0.17103788110405987
0.9 0.8832071981578254
0.03 0.06473366731183264
0.27 0.2086478772224627
