0.0466667 -0.2042442591572578
-0.0866667 -0.041813822569969905
-0.3733333 -0.5391496646858336
-0.1533333 -0.09477667900758105
0.0366667 0.007391301793956667
0.0066667 0.041713877019520895
0.7633334 0.7143437336290651
0.61 0.5809945733140078
0.3833334 0.3711855308881123
-0.28 -0.28323100590314976
0.56 0.24926311474684823
0.1633333 0.21196168761975565
0.1266667 0.17767315868619626
-0.71 -0.7738399544917607
0.9666667 0.8013206956621555
-0.86 -0.9187507541511588
-0.59 -0.5556594714836695
-0.2366667 -0.2570174046428794
-0.4033333 -0.37733115520929594
-0.7566667 -0.7452032304577108
0.7133334 0.7338311947567944
0.4233333 0.49355568386570325
-0.2933334 -0.2977460011299175
0.72 0.8359627317675389
-0.9666667 -0.8513037263740063
-0.9966667 -0.39815660256138274
0.9833333 0.9400309982308697
-0.6666667 -0.507749830998879
-0.17 -0.19799422069416978
0.9 0.8654643588228361
0.03 -0.00835941786541683
0.27 0.2370095869280844
