1.687092062772998
1.6079689600492766
1.6147680700208438
1.6157609324587172
1.6012931461315802
1.6012931461315802
1.6063609054186463
1.604364156873413
1.6079844718738934
1.6079844718738934
1.6193506720951825
1.6216930776784855
1.627027348711225
1.6088315804618563
1.5886648008345516
1.583494548253116
1.5886381259033453
1.5886289039420485
1.5995346257705043
1.5995346257705043
1.6012252113306356
1.600316502962088
1.599189381855801
1.5988714571428682
1.5966497272124414
1.5991824010911853
1.603660391991424
1.594359223705511
1.5948884442800721
1.5874794706877204
1.5851039107450604
1.5757557848032078
1.555509366552159
1.5435625605385361
1.5406443284816702
1.5406443284816702
1.556829800053124
1.5546719535317315
1.5458272768276249
1.5409828046891663
1.5317705724854604
1.525150107560881
1.5077648505469667
1.5133023993970445
1.5120577603431478
1.5246717823918954
1.548301775515956
1.5495839422124822
1.5494836106173873
1.5472719886108144
1.5387642396201993
1.5362391210667838
1.5329746928256958
1.5530631803825223
1.5732751622965098
1.5719395716174307
1.586865543111279
1.577117758338415
1.577117758338415
1.5790259076599555
1.5751482566260793
1.576012322153628
1.5751407398755979
1.5805735788256985
1.5840856622100317
1.578185628417952
1.5719200725371396
1.5695789109059837
1.572135542105846
1.564423054952541
1.5681286591582575
1.5626458197738473
1.5652832526496663
1.5676652540450282
1.5758516737476347
1.5727464475482973
1.5778721559288686
1.580070375440887
1.5725344147212492
1.5654191978040894
1.5402290546478843
1.5316548396884153
1.5312270368665764
1.5409128664462322
1.54411615094047
1.5428098678999083
1.5405879741168385
1.5428444505998908
1.5280366642658878
1.526737927295253
1.5319524775806705
1.544342697582136
1.5539521529334936
1.5535059693059348
1.5794126613976627
1.5681353899850585
1.5681353899850585
1.5625156775925142
1.5747820008192783
1.5741320440904762
1.5634470464985033
1.545251242191099
1.547022926369372
1.5510545109021943
1.5472783141485087
1.5395701723054682
1.5424870775064146
1.549737706427428
1.5404800338629578
1.534176813941404
1.5326411960607202
1.55107838206424
1.5495518340999719
1.548837935643716
1.5489284470505575
1.5425033990843042
1.5369388778831485
1.5381934246334776
1.534428965188389
1.5507048373069034
1.5513490641806862
1.5442707664850126
1.5411534854393971
1.5478725371731406
1.5471976796211862
1.5471408088287217
1.545503302696703
1.557077095512601
1.5588525666656465
1.563617604927095
1.563617604927095
1.5484849916232915
1.5479521762942887
1.541546275232387
1.5261341278600635
1.5138735341170844
1.5009122555181926
1.5004889138563475
1.5003840395752142
1.5028973382090782
1.5087343153257147
1.5011961786725176
1.482179064493916
1.4684305539670293
1.4495450556918519
1.4512100434058395
1.4506067670689362
1.44890105526222
1.4609668839637202
1.4469024740596668
1.4333821575230767
1.4326683126416246
1.4591704753411894
1.4468956813531964
1.442245760363179
1.4424013457833798
1.450608132477115
1.4577238612791463
1.4549466656927932
1.4564412452569329
1.4690819235669965
1.4630940499772966
1.4630940499772966
1.4797306353664321
1.4815928429640632
1.4802757059201685
1.4617444438764247
1.4586404102782606
1.459558361451477
1.4607450448791066
1.4663162756908374
1.4678871564159965
1.4686657533823175
1.467525482218546
1.4711019788849835
1.4716165743892236
1.4676511413361506
1.464659849979759
1.4623618828734766
1.4705775241175678
1.4503546726876755
1.4421033241476375
1.4462684766544789
1.4328464732921378
1.435524867561023
1.4276265866772824
1.4320945301192778
1.4181577954088629
1.4309530663206187
1.4176388677012646
1.418164980066724
1.418813269008563
1.4233729268938478
1.4218630573437996
1.4268670010912097
1.4280375604339088
1.4365133467270848
1.4344173406485636
1.4262423477704878
1.425267705852512
1.4230245669683166
1.4213385443360649
1.4262915395458473
1.42661664683319
1.4280503032744678
1.4337737426150696
1.4293154010606197
1.4292857263358607
1.4408877070782986
1.442867872565098
1.4462417060276784
1.4460444841609408
1.4460444841609408
1.4603466001145697
1.467330211376834
1.4725787311046539
1.472319627869183
1.4665671683306998
1.4700325697867471
1.4684283152447597
1.4842689294806422
1.4878070980958724
1.4860457199231456
1.4860457199231456
1.486842023542701
1.4822533344899376
1.4770973206426337
1.4979914391776983
1.500568473001357
1.495295108081295
1.4927058653536929
1.5021804940964492
1.496819945820506
1.5029006083173526
1.502083041427105
1.4962890848426498
1.502759452854086
1.4981318495228089
1.4920946524716552
1.4907662819999743
1.4724373693001136
1.459317316761702
1.4599743105841247
1.4388735361787433
1.4111165146381033
1.4000357821429892
1.4087915639528903
1.4204596418834026
1.4230882377131104
1.411496771343899
1.407173168966273
1.4039256751268219
1.4241304844265237
1.431377413272419
1.4235323492330447
1.4235323492330447
1.42864069901569
1.4309665628463673
1.442865397978481
1.4349539252232686
1.4322218315301125
1.444038007531499
1.444038007531499
1.4427468460124586
1.4427360520102572
1.455109771988577
1.4604151360087796
1.4612664863905163
1.460334925277847
1.4599438868714827
1.4615606671571257
1.4599994972429027
1.4696483387314163
1.4662353641997474
1.4672469717892687
1.4665875121400664
1.4696244457014538
1.4542890471743408
1.4588158204750805
1.4487173919327185
1.4442083149083997
1.437018038845278
1.436898207716797
1.4221081540281562
1.4228207478373829
1.4207314029124443
1.418986948201492
1.406966082058109
1.4078294575054324
1.4048793812689415
1.403793763947477
1.402875667312357
1.4034945801616612
1.3980178649587487
1.400621865546006
1.4024243490358164
1.3989115187571448
1.4014712716514084
1.3982391073213838
1.4004055458733091
1.3967812524669392
1.4121924295517683
1.4037209095323164
1.3989610890290334
1.3862054302738631
1.3716713076956564
1.3695616717738832
1.369302619818656
1.3748884747716072
1.3684101639364787
1.3657467954738773
1.3699846857608853
1.3752202510789586
1.3848134667167276
1.380753638558133
1.380753638558133
1.3875657521005942
1.3692859374177235
1.3704836430744407
1.3773536992473447
1.3755608736173064
1.3755608736173064
1.3693822143205956
1.368393194020353
1.3612019762495369
1.3612019762495369
1.3405483442286672
1.3348041973386064
1.3309318014607734
1.3311976982713145
1.3394517111371065
1.3494839860140115
1.3454800121960493
1.3475191741751629
1.3472600713961143
1.3442307499141644
1.3452138721645672
1.3452138721645672
1.3452138721645672
1.3439450401190298
1.3438214985413288
1.3523165848813876
1.3510618429308978
1.3550393398390461
1.3538427448438084
1.3564917709944977
1.3423068835208476
1.3367999863618463
1.334725404323513
1.339007280467271
1.3390238111670547
1.3548336855722218
1.3581934091420793
1.3683278392094023
1.3554054512233158
1.363944390933672
1.3520456304564055
1.3379520250961545
1.3379339431123694
1.3611033193282442
1.3552564415948114
1.3704443885819917
1.363498566259478
1.3708546648020319
1.3580925253346223
1.356181039928068
1.3545068138025296
1.3497349501626625
1.3406171792665988
1.33459663539213
1.3300637895603447
1.336224636701411
1.3374880246279621
1.3462663280013631
1.363326040781983
1.3653638433857147
1.3653638433857147
1.3619964313206536
1.3536538466865544
1.3443393351960493
1.3443393351960493
1.3320631813596657
1.3035092959150347
1.3012611824401974
1.3033736166961922
1.3047137081141995
1.314860290123107
1.3111576956977093
1.308631643997643
1.3080841688308444
1.3187973309034116
1.3355575387499272
1.3451659072333095
1.352533979907181
1.3547064347653877
1.361827430230568
1.367365793214259
1.3738323844192162
1.375076206111647
1.3863098007027097
1.3746816355884837
1.3535679986339213
1.359224349367273
1.3595515719665727
1.357602487056236
1.3565159503925976
1.3571989416924128
1.3724105104051245
1.3734724916523153
1.36640306988704
1.354117189311472
1.3406398337541416
1.3731765944300613
1.3731765944300613
1.3880952700946667
1.3880952700946667
1.3969936409173616
1.393966524930731
1.3971610636991807
1.4092397111357693
1.4099649702828274
1.4098253356380617
1.4099944162233402
1.4202590022886599
1.4217104893034618
1.4270541650361737
1.4268697394312264
1.4265451582992175
1.4220903194428778
1.4261421465397255
1.431160358512555
1.431726346674375
1.4411314333739342
1.4405057267732426
1.4393751342136745
1.4347218444412706
1.431716286110076
1.4432848363856634
1.4330094937847029
1.4360984727031156
1.4534074959054668
1.4563507155191453
1.455186666020211
1.4640793221497042
1.4640793221497042
1.4645036884302913
1.4644087253727447
1.4676586524826534
1.4667615117480817
1.4806090284849438
1.479299219103814
1.4758262390496992
1.479662536432243
1.4788532430572132
1.4746217017383731
1.4682394375967422
1.4501588889082637
1.4475217030804937
1.448121169832816
1.4539044934370313
1.4539044934370313
1.4651409854912667
1.4530121025117373
1.4572416595155397
1.4585489902892457
1.4585249259176731
1.4593925067098126
1.4593331146727597
1.4802451051265204
1.454661990030415
1.449507413178675
1.4416507515993044
1.4398015125412742
1.4369145331588824
1.4364496515604348
1.4357684881938617
1.4389061673530226
1.4326091972203963
1.4290761873809597
1.4396767847980358
1.4396767847980358
1.444398150283761
1.4432844847589417
1.4439547787993456
1.4336091935492246
1.4256568341780156
1.429025444863268
1.4283131707414842
1.429393792181142
1.4281633184718687
1.426879811463412
1.4244215167859893
1.413746803179395
1.4200523797306672
1.4238629718873663
1.41603227780446
1.4230784689151732
1.4230784689151732
1.4051436688672536
1.4168630731120766
1.4168630731120766
1.3939472677393672
1.394012518723536
1.3984696916821544
1.380987841025059
1.379128872420324
1.382711742733043
1.382711742733043
1.3704839738112413
1.3721489648143046
1.3588238020862384
1.3585463864606036
1.3545736126262566
1.3441329077845425
1.3548483408648597
1.3548619485966182
1.3410357072205565
1.3336380421820897
1.3434573536662717
1.3475088352642266
1.3334766575886776
1.3400993967323358
1.3344164684484887
1.3279837745883045
1.3282059258421788
1.3381620889287777
1.3537233494321395
1.3537233494321395
1.3683060747481735
1.3696291142902963
1.3668507069418947
1.3612712661234982
1.3724632580220306
1.3670598034256494
1.3686737379630924
1.3843804994678734
1.3766997403961874
1.3739256667733515
1.3724159942704022
1.3697535945896804
1.3659916893129618
1.376478225443762
1.3789829179365862
1.3806767720696083
1.3696055170999366
1.367163345130554
1.36605826622386
1.3539907239268676
1.342074160175797
1.3602446688341732
1.3733584695501873
1.3623696683544502
1.3623696683544502
1.3641969213227907
1.3451218299941115
1.334944089873614
1.3441860377550117
1.3478941323313856
1.3429918780732197
1.334030683734597
1.3256425608675912
1.3338243250460453
1.335949238058831
1.3521700145555187
1.3399045127681681
1.3410721589885355
1.3417810559250738
1.3481739158428356
1.3564057278662167
1.345645444987422
1.3458012679650126
1.3430324097308024
1.362431694465623
1.352736042618019
1.3523651586110061
1.3509304898753187
1.3400020010063396
1.3392605349877027
1.339276677501954
1.3336048340357716
1.3329479248285143
1.3329479248285143
1.3323223884793094
1.331602033397108
1.3237062128543513
1.3255503039567134
1.3368249398972003
1.3504713765619076
1.3578290278387126
1.3699272057817515
1.3699272057817515
1.3699272057817515
1.3755396417994157
1.3940399269010493
1.387523809759485
1.3814417542705733
1.3840075389258912
1.3840075389258912
1.3672473306792996
1.3775577458405583
1.371576159460103
1.3672000978317211
1.3567724114321384
1.3498857806044897
1.346592497118387
1.346305613003656
1.3456580844818555
1.3475999802833527
1.3487952168603
1.3355453703602982
1.3359243355403347
1.3359627189829297
1.336569682656356
1.3378191294461361
1.3251866976063573
1.3227117750602
1.3226897132964983
1.3269698182112584
1.3269698182112584
1.3245524213520667
1.3236367649913539
1.3242717317398915
1.323455965488285
1.3036794300402614
1.2903225458658603
1.2939963280666045
1.2854764641953462
1.2938592434686473
1.290768296381547
1.2917957535966755
1.3037668805877283
1.3018164928642648
1.3247942695512291
1.3272612538351873
1.3152434897395235
1.3127591569456274
1.3106212183043013
1.3207449618646812
1.3333200780319179
1.3369092951129393
1.349308122738927
1.349308122738927
1.3498949142805596
1.3659921314413783
1.3643669474454814
1.36431100360698
1.3631109993275023
1.3631109993275023
1.3585775007161194
1.3593726135524506
1.352378506637954
1.344909019996983
1.3342353820714723
1.331734670622085
1.3400614394406336
1.3400614394406336
1.3393854943995815
1.3398578330387605
1.3430044228964921
1.357209563133558
1.361946840759074
1.3573487760905505
1.3583243304454788
1.3496357609548608
1.3488363307138271
1.3440022399159064
1.337688214524412
1.3281638950291093
1.3330156045548267
1.3364434313021274
1.3551451239959718
1.3547249507665584
1.3547249507665584
1.361773984458674
1.3572916715701133
1.354931111878507
1.3561768145318287
1.355387358159065
1.354698677477192
1.3535796782923477
1.356417525463442
1.3529668042837566
1.351922004439115
1.350472774770874
1.3565987884836053
1.3535908364314206
1.3547627547874876
1.3528970947279901
1.3596529432500695
1.3638849964184288
1.3638849964184288
1.3857972780215873
1.3791012380581635
1.383659234971047
1.380531479965591
1.3759565096969362
1.3749017803512062
1.3749017803512062
1.372683970561561
1.3683955465129543
1.3652504414355764
1.3680534972715541
1.3680534972715541
1.3680534972715541
1.3825582465247352
1.373452903365796
1.3738468313426762
1.380390775054581
1.3870755792851435
1.3926024239356012
1.404132397695938
1.4054477758908381
1.4054477758908381
1.3981855895296957
1.3981123160447018
1.3793214392996223
1.353609722683245
1.355542053933677
1.355542053933677
1.3592261724104482
1.35803022265386
1.370438385394225
1.3754048556223422
1.3777242576279707
1.3776551337085643
1.3690847970433617
1.3701807009267195
1.360618303984166
1.3605175837824932
1.362552773780281
1.362552773780281
1.3576815651604828
1.3619634653087187
1.3593740545841877
1.3621683386773369
1.3555350583138612
1.3555350583138612
1.351095361920345
1.3577020983011947
1.3521913064161133
1.348447459947505
1.3466428150259016
1.3336564259776345
1.3336564259776345
1.3260310175447974
1.3302939174281243
1.3367586223229224
1.343843339881948
1.343843339881948
1.3254623257503133
1.3219060075677582
1.3196988109166061
1.3295453657844176
1.3224984221924445
1.3232991776188356
1.3226078168677244
1.3240190577928208
1.338028684745023
1.3433090628651745
1.3424052785114025
1.338809224853899
1.3408345655570622
1.3442704174795082
1.3471926357007675
1.3452117300943172
1.3490865309504814
1.3490865309504814
1.3607764110285687
1.3607764110285687
1.3571398082951596
1.3632852294894748
1.353841245325126
1.353841245325126
1.3568210872721047
1.3568210872721047
1.354569635710338
1.351527792699718
1.349258555848936
1.349258555848936
1.3492694185677996
1.3492694185677996
1.3435646316977516
1.3717816773988245
1.3759599891386722
1.3759599891386722
1.3815621063557606
1.3876520433204353
1.393515874837205
1.3955100025444334
1.3879811674936329
1.4025933720967203
1.403752301249274
1.4168633470631344
1.4089516535252027
1.3880986887127507
1.3741115449507157
1.372810611908694
1.369376808463204
1.3760501880925535
1.3760501880925535
1.375187507429297
1.3778801985884956
1.3753514938175815
1.3733904957089529
1.3737968466122386
1.3747475780256044
1.380164864214373
1.4098828227922622
1.4139951343938584
1.4114368456749893
1.4192280103072008
1.4205239547781405
1.4189154003910807
1.404871508567593
1.4075091686851446
1.4098532488109092
1.4099926271190744
1.4099926271190744
1.39220461442137
1.3875298823055369
1.3841747536304976
1.3802531548942087
1.3831037600747136
1.383821074965117
1.3826940904460203
1.3848682877880716
1.3843264314596704
1.3762509116270003
1.3841549540190938
1.3836607346079246
1.3642527890906784
1.3642527890906784
1.3316405528152393
1.33081685810803
1.333420744405539
1.3327204635555516
1.3237722571321229
1.329554110786502
1.3259504851417587
1.330595115171064
1.3267941625377826
1.3266998852758638
1.335585832351059
1.3321821456732
1.3375248261297183
1.3371398489425335
1.351824377877126
1.3555095616258068
1.3537037959818514
1.3678647590354744
1.3745816643128095
1.3745816643128095
1.3615809611922687
1.3615809611922687
1.3583526901339167
1.3623512632610038
1.3504219793633436
1.347457177349466
1.3501224320873018
1.3586386641084205
1.3586386641084205
1.3314988313596028
1.3295532709112492
1.3295532709112492
1.3305060685276582
1.3303159171357046
1.305371791378727
1.305371791378727
1.3071190672805468
1.3087228303548697
1.3100649680418073
1.3100649680418073
1.3019145068392821
1.3168162574920035
1.328331847130453
1.3233525427815376
1.3233458229101063
1.3190810391117063
1.3143856915728849
1.3158932088863304
1.3165807185813878
1.3148090884876802
1.3240315741611368
1.318668572115691
1.3237255617363208
1.320070757828261
1.321025026434919
1.321025026434919
1.3164958957219588
1.312596004334401
1.3112407373453048
1.2983201703904796
1.2983201703904796
1.2987695819301925
1.287162421754222
1.294983162112954
1.29218839158152
1.2865479538654607
1.2832533205092551
1.2798025618774078
1.27914580669799
1.2887772210859478
1.2845004200291963
1.2841516425582422
1.2881913038405715
1.290405578261645
1.2807876504653355
1.2808291161842573
1.285548286605415
1.285548286605415
1.2755110318706107
1.2755110318706107
1.259189311093513
1.2581846962846859
1.2477492027851271
1.2480130124603068
1.2262470613096224
1.2226846866274133
1.2256772151458077
1.2326054356728275
1.2143022452871304
1.2143193447108855
1.2178994692987095
1.210483943711954
1.2022701910043718
1.2024641667237819
1.1984550210508587
1.1863870804611292
1.1909775255612831
1.1989732409413767
1.1873593454731413
1.1873593454731413
1.1812894464051982
1.1813388620888599
1.1693901318018431
1.1812773988984224
1.1663265440117292
1.1562575748295933
1.1585520347663738
1.158232162611956
1.1552006264654933
1.1503227646313647
1.1557860996377278
1.1515204297122121
1.1493718774635735
1.1496937079966976
1.14834097223188
1.1463193389091046
1.1456311037357112
1.1350461145353856
1.1350461145353856
1.1350461145353856
1.134382359007822
1.132023278140477
1.1427060261562332
1.1419705728458573
1.141867134224715
1.1340630068535116
1.119903293362888
1.1163036029996103
1.1046807829773044
1.104386073124863
1.104386073124863
1.1075897957309653
1.1235750819837036
1.1153965573542115
1.1168094468482428
1.1232933991572445
1.110560945670467
1.110560945670467
1.110560945670467
1.1094042276320166
1.1107740072286179
1.117326876330068
1.1192461340966526
1.1182501782325331
1.1186345022947255
1.1176678404509952
1.1525332635272818
1.160141603625525
1.1616406638011871
1.1616406638011871
1.1632281066129864
1.1716963101671258
1.1716965599841915
1.172349311654616
1.174381933413126
1.1748584928840664
1.1748584928840664
1.1733966440134729
1.1733966440134729
1.176671492116084
1.176671492116084
1.1757815975549917
1.179380546989278
1.1734419943213135
1.1718561586761846
1.1495108600060306
1.1490289559497053
1.1268897523641486
1.1269801983210883
1.1269801983210883
1.1147336544696735
1.1147336544696735
1.1058560493557543
1.1165674274712614
1.1179987870250574
1.0992074195577732
1.098050518069588
1.094648074578471
1.095023651072823
1.1041945018666388
1.1005407662135753
1.1014657985787073
1.103321811677969
1.103321811677969
1.1083663747105676
1.1083663747105676
1.114102571526149
1.1114720190424507
1.11509088082907
1.1141342488563442
1.117720880783814
1.1177643256432936
1.1259223133905614
1.1259223133905614
1.1219164576584488
1.110923059143679
1.1092214764393218
1.1097557765836243
1.1080349934040938
1.1053173084759438
1.1056765320592754
1.0950620050927693
1.0950620050927693
1.1021479196178585
1.094581302090537
1.0960680295351437
1.0862782474505144
1.0862782474505144
1.0836514438439733
1.0681482057176002
1.0678694446138979
1.058171362783889
1.0583605703783008
1.0579147141142207
1.0579147141142207
1.0540179286060198
1.06899909888204
1.07328978777417
1.07328978777417
1.0688336034500219
1.0775220843129394
1.0775220843129394
1.0776307942194652
1.070035574776356
1.0710624184038868
1.089885100894498
1.0824841073102978
1.0759961444860282
1.08433137976871
1.0842094351417764
1.0842094351417764
1.0755640566170648
1.0752462789805948
1.0726083375230955
1.0726083375230955
1.0725916889281455
1.076201735733803
1.0769614669910341
1.078213336659757
1.0768317648102674
1.0771998010216546
1.066227411264754
1.0660139200256407
1.0622756048369406
1.0634626086080305
1.0629455313855174
1.0562455603090015
1.0524907967430803
1.0467174881848387
1.0142842221751422
1.0068691089859714
0.9967508844507067
1.0027695203737528
0.9960116692673581
1.00046840675977
1.00046840675977
1.00046840675977
1.006871372180822
1.0160964638754364
1.0143792365516713
1.0299276401136621
1.0304229736337853
1.030718149681608
1.030718149681608
1.0322876340211173
1.0290963934711077
1.029377261585675
1.0535557247891911
1.0535557247891911
1.0535557247891911
1.046122689743498
1.0515385452380563
1.0420514798290428
1.0455371415679364
1.0464463039285028
1.0481174558943274
1.0486328883266476
1.049223233597368
1.0467032758234747
1.047075782240473
1.0494637534489297
1.0305508827942016
1.0420778166483615
1.0555741148087099
1.0493544929923404
1.0527046794735115
1.0512414401864558
1.0510789783060208
1.0510789783060208
1.0495564379309084
1.0468331815649772
1.038687140477616
1.0386389053813543
1.0383400216514749
1.0383400216514749
1.032576668900936
1.0309408877624127
1.0424327281997492
1.0526552062981502
1.0527790666185137
1.052857995664052
1.051236426898906
1.0474441311792713
1.0420589694802105
1.0420589694802105
1.0419326622625962
1.046521668818783
1.0459575242886827
1.0408628541805423
1.0522723713080968
1.0601682053605674
1.0601682053605674
1.0521798298197311
1.0515742872211906
1.0515742872211906
1.0549485175924915
1.0524629025097452
1.0524629025097452
1.0533857103400635
1.0387084804673719
1.0369337140585877
1.0362160046665292
1.0475563741222305
1.0475563741222305
1.0475563741222305
1.0475563741222305
1.0293131493113117
1.0280382115411293
1.0375865889146572
1.0391129423986234
1.0445116483965233
1.031867255841201
1.0355649647941108
1.034554999297675
1.0329596508216203
1.028367043336355
1.0180033304504388
1.014734321151148
1.0147465698985196
1.0112216890261083
1.006824557289632
1.0038494724466278
1.0038494724466278
0.9980508625818855
0.9972900801281296
0.9808677948315428
0.9963551506298234
0.983661271470842
0.9866939798108906
0.9842994451357815
0.9969114541658803
0.9852780500621429
0.9837798276893335
0.9837798276893335
0.9633368525356512
0.9650711028607512
0.9500790124736097
0.9521496131861307
0.9600048841545826
0.9600048841545826
0.9478115898018934
0.9487602089602482
0.9479352108735103
0.9468405528830772
0.9411030626201866
0.9294733382967814
0.9333017696173773
0.9291173801105659
0.9291173801105659
0.9320311522281997
0.9203498871077367
0.9173913273457528
0.9208665996402456
0.9271416202533845
0.9251562607775091
0.9256889942631452
0.9454284428721159
0.9450262154530382
0.9431349706973575
0.9431349706973575
0.9431746733466051
0.9336970215227073
0.9486468540772589
0.9489530234285244
0.9496828585361226
0.9484785593309759
0.939198564897826
0.9401353920359169
0.9424156206403141
0.9422480788593283
0.9415709704353666
0.9116070397228277
0.8990877006344618
0.8974359532006979
0.8974359532006979
0.8967766950078284
0.9058407717034533
0.9045291896333574
0.9043072248145976
0.9045674176623539
0.8929465639983262
0.9050054765307497
0.9107148406000733
0.9134249379318022
0.9171707686622332
0.9213716734256046
0.9203687575972307
0.9183995300532227
0.9240082941860441
0.9235583228542051
0.9231736197391398
0.9266819290443293
0.9309377536125719
0.9251155631641781
0.9254971441744821
0.9224950220232504
0.9174079466111396
0.9196302713016796
0.9196302713016796
0.9173065832941701
0.9179692555549993
0.9166419240708025
0.9166971204856595
0.900970102119644
0.8988281731624708
0.8988281731624708
0.8988281731624708
0.893075345089361
0.8969854336569136
0.8873214812083147
0.8881881380195099
0.8938534794330409
0.8909591987296457
0.8888819120926849
0.8876669976216349
0.8862218814165679
0.8855313210929378
0.8659936084522654
0.8808160497094342
0.8804418018471879
0.8920822065039706
0.8943013876463486
0.8918699462365535
0.8924552674888901
0.8972851645809679
0.8972851645809679
0.895852344082927
0.8930052622085004
0.908927439508804
0.9100189742918361
0.9042885243051918
0.8993995037481882
0.9019198447273941
0.9006743288294471
0.8984302546950198
0.8984302546950198
0.8984302546950198
0.8995253110143164
0.9115743425610963
0.9099622753175698
0.9075041855158069
0.9012531434360329
0.9014414374569744
0.9025927256427808
0.8828755285129138
0.8878324388329403
0.8861577411562191
0.8848077243441257
0.8855163501085007
0.8903700216999232
0.8920457980472486
0.8920457980472486
0.8956666681875884
0.8973539717314539
0.8991053430125044
0.9028544363445351
0.8986054622193851
0.8971607678734315
0.8912882582975808
0.8955361391917815
0.8972565251998202
0.8921915817162054
0.8921915817162054
0.8862939436054323
0.8974731965575746
0.8974623599015774
0.8958987367540112
0.8956016504501336
0.8923591114291669
0.877623796943275
0.8763596862958181
0.8832323184483918
0.8800876569077102
0.8808342110479881
0.8800952595211685
0.8556754042596552
0.8573727688307745
0.8573668453799551
0.8484393858842941
0.8366700679437417
0.8372862231275643
0.8333480496738694
0.8308344340751928
0.8330240056588165
0.8362747008036917
0.8385477294554821
0.845355544243291
0.842801432802145
0.8505565785543304
0.8505565785543304
0.8505565785543304
0.8472937555673336
0.8498284458644446
0.8492901364508771
0.8452783797799293
0.8454647717086625
0.8450828594303115
0.8447799547130944
0.8447799547130944
0.8468305615839303
0.8505268957977943
0.8450224414380658
0.8650964414676572
0.8684261667391925
0.8725946206535944
0.8725946206535944
0.8744723098087833
0.8699084757750598
0.8791231366743175
0.863332339132601
0.856296407855732
0.8551160467366192
0.8493147127185431
0.8493147127185431
0.8499658032509351
0.8506195656880896
0.8506195656880896
0.8475152908032647
0.8274668406546997
0.8282231699400857
0.829092749427622
0.8255706634369323
0.8194296545877643
0.8144119793821449
0.8222202394031901
0.8136086453037135
0.8055099452409898
0.8081433670527315
0.8060598838990438
0.8089731099496006
0.808208100358701
0.8097117296019185
0.8097117296019185
0.8097117296019185
0.7995838659238849
0.8122274183775589
0.8029850549716668
0.8053020087523108
0.7869973697148062
0.7859332566810457
0.793636633831905
0.7967772491207651
0.7902469980272396
0.7889090665416388
0.7888247633480574
0.7955309382506394
0.8018193886776801
0.8020102827243817
0.7987655733439012
0.7982830460234833
0.8124131524293746
0.8124470501807571
0.8177125112689526
0.8177125112689526
0.8179362053303628
0.8179362053303628
0.8203639582778336
0.7790648330207373
0.7786396690402481
0.7713363649074093
0.774180755337732
0.774180755337732
0.7494049219597542
0.7436560281152828
0.7484369584359362
0.7462616626973623
0.7458767052447284
0.7607668808806892
0.7598965197583587
0.7633844747976494
0.7620837100864185
0.763708219387838
0.7674689397640931
0.7555932474592874
0.7565053258287339
0.7565053258287339
0.7536646870702347
0.7525145671014998
0.7585258395094391
0.7422813638492485
0.7322615266922751
0.7208793978289018
0.7199426708755401
0.7242703009157224
0.7242703009157224
0.7188747249627209
0.717676244118451
0.717722217082085
0.72317587648046
0.7280578029476041
0.7298784693747337
0.7200934011253828
0.7137839648024358
0.7137839648024358
0.7141976601873079
0.7052182358852023
0.7136536564538017
0.7338805123004893
0.7199313796947626
0.7379352502189439
0.7406826575113287
0.7413844101014856
0.743723464426201
0.7474718306456867
0.7445456972758031
0.7599672545365355
0.7596854331474779
0.7596065035045609
0.7567744453904325
0.7508811764999638
0.7508668020911562
0.7508668020911562
0.7402541794701716
0.7265146273843409
0.7346976387800471
0.7366903223501617
0.7487110893411952
0.7511239074306031
0.7659164127022874
0.7685692395889496
0.7690782784139355
0.7753808871546816
0.7787682398414056
0.7801672602242155
0.7791444879059383
0.781630517996
0.8014927287436389
0.8101263588366125
0.8119886172315071
0.8051123274318978
0.8051123274318978
0.8044216889408297
0.8044216889408297
0.8044176933688367
0.8122285846040476
0.8159576877316557
0.8092188794096139
0.8107306122591661
0.8104978671412337
0.804183339172536
0.8056607897940427
0.8015423803679652
0.801150242578439
0.7870074939975831
0.7870074939975831
0.7684972670963521
0.7685662732184312
0.7692986727326331
0.7683863710954315
0.773641172654409
0.7712643399771403
0.7807491912735819
0.7798474400877755
0.7798474400877755
0.7798474400877755
0.7564694884797594
0.7733265401241366
0.7676228392754967
0.7676228392754967
0.7613626410232848
0.7661434318010578
0.7652915015300882
0.7607227812506039
0.7567029288540361
0.7554577250035799
0.7433577351599396
0.7390190726456202
0.7393052916972467
0.7564209539184485
0.7578649833793815
0.7569414104891021
0.7542343390740596
0.7604865757147274
0.7476947657593216
0.747202129604555
0.7385220865492287
0.7383357111356242
0.7383630515041746
0.7354472345048725
0.7354174098679669
0.7386014395874889
0.7405591804433252
0.7366324101689773
0.7338111184429837
0.7341494590186392
0.7271439194453875
0.7259649278809578
0.7231660519448908
0.7231660519448908
0.7240273032424639
0.7254320204436496
0.7296800920625784
0.7394007626134983
0.7413270600961239
0.7440618401986825
0.7440618401986825
0.7451578837978696
0.7492830571246091
0.7492830571246091
0.7492830571246091
0.7246256037138338
0.7177281200464616
0.7199263050514954
0.7222230659971572
0.7263380480445049
0.7286857286904143
0.732928368259644
0.7336765969776564
0.7348600746433969
0.7348600746433969
0.726214472892322
0.718963702644039
0.7018635645724519
0.7149928641727897
0.7149928641727897
0.7117750001607737
0.706946876078995
0.7027998067968597
0.7043248594651034
0.7027936432331112
0.7061640494172053
0.711067299587776
0.7118630645241375
0.712060715313432
0.704531334044827
0.6993955638569052
0.6993955638569052
0.6993955638569052
0.6993955638569052
0.6993955638569052
0.6993955638569052
0.7000502053495984
0.7006625285168162
0.7006146174904995
0.7082561679894063
0.6802353883675675
0.682181427215832
0.656048466036585
0.654472515712246
0.6544388973056767
0.6603111562277383
0.6591670373833614
0.6479065363643705
0.6480975499155206
0.6561397085516906
0.657862187921883
0.6581043668549323
0.6585776363193541
0.6600445055646934
0.6518367717094273
0.6508741613962113
0.6508741613962113
0.649242495551261
0.6501725884510305
0.6501725884510305
0.6504418925074449
0.6706258324787437
0.6683186258329725
0.6708220864822825
0.6696528074507131
0.6700337951669271
0.6700337951669271
0.6685395216825901
0.6685395216825901
0.6684526839068052
0.6684526839068052
0.6682043267523
0.6624401450609171
0.6640823246933323
0.6521825278506921
0.6521825278506921
0.6564979278203522
0.6583280680277326
0.6583280680277326
0.6530839988733991
0.6455663245530631
0.6456005687144356
0.6547910616685483
0.6547910616685483
0.6500084599463315
0.6494406714382278
0.6281786247906105
0.6115772907499483
0.6115772907499483
0.6262055102826127
0.6173682952080737
0.6174952728602839
0.6207077288994888
0.6344386619106294
0.6254257903099013
0.6109768921782089
0.6087315845403067
0.6175384106412328
0.6175384106412328
0.6175384106412328
0.6213640403759524
0.615221483391572
0.6145227504611767
0.6018538182755809
0.6053635094319092
0.5999968501982837
0.5821766550304641
0.5821766550304641
0.5752777993435634
0.569957847417339
0.5768635819052618
0.5812753665248548
0.5782321987937586
0.5782321987937586
0.5759746014295354
0.5759746014295354
0.5787053393910848
0.5672786533473931
0.5672786533473931
0.5841355383186554
0.5748636211423717
0.5657094893789963
0.5657094893789963
0.5657094893789963
0.5657094893789963
0.5896632363675547
0.5839901607713587
0.5939320477594319
0.5903263024951795
0.5903263024951795
0.5901502554685187
0.589458367985745
0.5852402933801688
0.5875569456062457
0.5835562354628603
0.5963460894082148
0.5930332717791925
0.594032402078173
0.594032402078173
0.5820682914398432
0.5780114359899645
0.578013842526327
0.5885770546718305
0.5885770546718305
0.5872047072668882
0.5821711431230188
0.579002509645895
0.5748616000726885
0.5749614773033822
0.5746916654009855
0.612947217031836
0.6098164563731824
0.6198823383434457
0.6198823383434457
0.63072161973441
0.6342785260650697
0.6330896692010076
0.6422219883569295
0.6447072240446419
0.6437627008988484
0.6517133045417618
0.6520114038246828
0.654730788447296
0.6517789579292358
0.6411273108597021
0.6411273108597021
0.6411273108597021
0.6334560851428701
0.6384421318570835
0.6452440941745188
0.6448042187253925
0.6448042187253925
0.6459690772500025
0.640702282833753
0.6437711512310894
0.6300056111540918
0.6300056111540918
0.630028137833425
0.6277353234063525
0.6417970422958417
0.653491976172215
0.6364530109917242
0.6367992901874265
0.6413940913913136
0.6390799481459518
0.6403042144126975
0.6403042144126975
0.6398699107646084
0.6379505836730092
0.6379505836730092
0.6342203835413708
0.634598500264486
0.628517307562749
0.6333108802340772
0.6333270668713749
0.6390114217005334
0.6383286149790989
0.6312500479330809
0.6312500479330809
0.6312500479330809
0.6325880227352617
0.6326259752625187
0.6308341716008017
0.6308341716008017
0.6221394163640376
0.6221394163640376
0.6221394163640376
0.6141602671115747
0.6197970501251989
0.6163455289481934
0.6109942327516622
0.6109942327516622
0.6092384168666999
0.6002952092747817
0.5997253877155371
0.5721901723136062
0.5630504069774743
0.5586962951157949
0.5772240084555885
0.5755930582284725
0.5715314055383363
0.5715314055383363
0.5715314055383363
0.5650493053186454
0.5650493053186454
0.5646875211860064
0.5646875211860064
0.5646875211860064
0.5646707265715998
0.5640074498654934
0.5676652404277038
0.5645688123257172
0.5645688123257172
0.5640342946120145
0.5636313511666603
0.5636313511666603
0.5635488813222772
0.5635488813222772
0.5635488813222772
0.557250427317571
0.5491620910380709
0.5495953515244311
0.5495953515244311
0.5511957536397444
0.5511957536397444
0.5516121735535449
0.5517911131279297
0.5517911131279297
0.5502225464426843
0.5527093903892202
0.5523894857532602
0.5566838352160265
0.5622340567379831
0.5464958498936378
0.5629949661775778
0.542744308857021
0.5428703700922004
0.5428703700922004
0.5424605542949603
0.560709242851217
0.5802778480577131
0.5802778480577131
0.5802778480577131
0.5808134254952665
0.5808134254952665
0.5815189989788543
0.5765472087459108
0.5749494788473993
0.5715364707732474
0.5655191487246461
0.557459075563245
0.5558770809063552
0.5558770809063552
0.5480883414561416
0.5570709947044737
0.5562354278555195
0.5548754182731866
0.5548754182731866
0.5625519997060042
0.5566829772110015
0.5498809373178487
0.5500543573172453
0.5684554974560962
0.5684554974560962
0.5688206052509156
0.5688206052509156
0.568437210190303
0.5704733792559519
0.5703815767464776
0.5703815767464776
0.568784935597025
0.5775297086407563
0.5780823587339796
0.5804890452168415
0.5842455513052687
0.5850016615612229
0.5817110259405454
0.5920884863574695
0.5956664239812213
0.5956664239812213
0.5973435792312041
0.5976486590328116
0.6041744975458436
0.6213930725666696
0.6282700667763823
0.6282700667763823
0.6329141603633873
0.6362365833735766
0.6567430761731089
0.6611067069417492
0.675664022019562
0.6675822868149762
0.6646398049103899
0.6704052920355087
0.6765303503600838
0.6724857093650269
0.6770880775270649
0.668178161194581
0.6779827601116044
0.6779827601116044
0.6780497869640654
0.6766442022564677
0.6759386383372669
0.6752606444433782
0.6619354173219522
0.6619354173219522
0.6619354173219522
0.6647837397629996
0.6589914906662857
0.6593566162553364
0.6593566162553364
0.6516102535730414
0.6516102535730414
0.6375852586499798
0.6372094466651305
0.6349949856716751
0.6391739790731095
0.6393228296020866
0.6393228296020866
0.6393228296020866
0.6318882564826155
0.6318882564826155
0.6283557293449694
0.6265233007688615
0.6296295077308862
0.6236497622689862
0.6409486538075343
0.6410939266430289
0.6318357161475177
0.6269842904556481
0.6261971454726398
0.6267645841493955
0.620988117613141
0.620988117613141
0.6159708713721616
0.6191523597532453
0.6191523597532453
0.6148072284161303
0.6152164181036173
0.6158858677077766
0.6117745647740598
0.6152503370625712
0.6151014580127091
0.6151014580127091
0.6060363379160322
0.6042429274216098
0.6080049133015186
0.6080049133015186
0.6080049133015186
0.6078853765122608
0.6072553293067727
0.6017058406398768
0.6000860009929428
0.6000860009929428
0.6000860009929428
0.6004163507142826
0.5887875005238097
0.5878650680000592
0.6091950805601964
0.5947547837357211
0.580129228622715
0.5702797807567278
0.5705917489308415
0.5705917489308415
0.5767540534620101
0.5767540534620101
0.5767540534620101
0.5706740371382397
0.5696865835470406
0.5696865835470406
0.5661936960179674
0.5537110976372126
0.5589029294234534
0.5620005861078248
0.5620005861078248
0.5611428588856325
0.5611428588856325
0.5423611180759448
0.5544628154952141
0.5544628154952141
0.5531945971103666
0.5562266995883827
0.556779809253832
0.5412056317110195
0.5429659370646182
0.542616138994568
0.5526701916799884
0.5549911077579489
0.552346803222563
0.5594957868001292
0.5580235733829546
0.559125815555532
0.5439499297232488
0.5439499297232488
0.5439499297232488
0.5385075644674959
0.5402384245870752
0.5335727068290858
0.5335727068290858
0.5296752186917218
0.5296752186917218
0.5340739546833551
0.5277944496619196
0.524945296638572
0.524945296638572
0.5249394028614247
0.5306018319171376
0.5307218947365434
0.52880498300447
0.527251307938804
0.511767073252067
0.511767073252067
0.5118538669961066
0.5067169754555804
0.5009771671918539
0.49287407171068753
0.49423444323514365
0.4966032575158112
0.5047418854674316
0.5047418854674316
0.5047418854674316
0.5067891431290142
0.5252867847446689
0.5205890421143233
0.5100638941007919
0.5118339745792251
0.5118339745792251
0.5124981521202988
0.506001137231124
0.5064651468933437
0.5037827398754141
0.49422659939462377
0.49728021316988624
0.49728021316988624
0.4938083996113558
0.4931758485895152
0.5001047770619722
0.5035817131486882
0.4980806802146394
0.49595221142713214
0.49639027692215715
0.5029551950311714
0.5029551950311714
0.49996400098427957
0.5053327529700294
0.5053327529700294
0.50830960078463
0.5081622053924848
0.5081622053924848
0.5081622053924848
0.5078138573494003
0.505408949747771
0.505408949747771
0.5054115042126794
0.50541787245458
0.5051920524377438
0.5057917337341999
0.5057917337341999
0.5038672123952971
0.5040768006871574
0.5040768006871574
0.48137843053742485
0.48137843053742485
0.48137843053742485
0.48103868316279463
0.4809591881374543
0.481289540683421
0.481289540683421
0.4827238640485866
0.4825343915436351
0.480029785847427
0.4820771134905517
0.4820771134905517
0.482173311519063
0.48656214758159255
0.4865083085970892
0.4917903970877889
0.4933296892144045
0.4930101021008075
0.48190843559599056
0.48190843559599056
0.48190843559599056
0.4838078831919842
0.4876498780458952
0.5132794486613205
0.5304532192654412
0.5327571632738065
0.5267178656405255
0.5267178656405255
0.5262169006495088
0.5217951637313437
0.5198721377332227
0.5335153855636439
0.5338283151421747
0.5339197983594092
0.5385360941686811
0.5413028229184734
0.5413028229184734
0.5413028229184734
0.535032902337071
0.5125962670246902
0.5065315957450979
0.5030553204758326
0.5029912868533993
0.5029912868533993
0.5029912868533993
0.5054185243918259
0.5123081485694322
0.5042548141151786
0.5042548141151786
0.5042548141151786
0.5111259602942244
0.5095762142036909
0.5096325605518011
0.512618085266646
0.5149561209321064
0.5149561209321064
0.5144192448119891
0.5144192448119891
0.5081083138488003
0.5081083138488003
0.5188883071300202
0.517340305875702
0.517340305875702
0.5154550960222398
0.5154550960222398
0.5134880380545169
0.5134880380545169
0.5054464361986992
0.5082668805954029
0.4839031452047221
0.47966592822192106
0.4985376338195141
0.4859360446141054
0.4859360446141054
0.4869796320267651
0.4741136926973059
0.4743088634352362
0.4743088634352362
0.4743088634352362
0.474977769936899
0.47795725488158947
0.4817905515472534
0.4813131407667471
0.48516330958158704
0.46104029427105414
0.46104029427105414
0.45846712324373234
0.45846712324373234
0.46560611114949535
0.46560611114949535
0.4642904774162496
0.4618765892857053
0.46207682852519577
0.46207682852519577
0.4635976864939984
0.4685401596473723
0.4685401596473723
0.46624127854419567
0.46624127854419567
0.46624127854419567
0.4659099725513323
0.455620710630841
0.4640748492373346
0.4640748492373346
0.4647650482099817
0.4867996094925774
0.4803508950952182
0.4803097942655118
0.4763723197154761
0.4763723197154761
0.4639260718186486
0.4682108023646327
0.4682108023646327
0.4656480168522707
0.46807968859175153
0.46664956062627067
0.4608139194055131
0.4541971755024653
0.4482714594513061
0.4482714594513061
0.44877511146845067
0.44862867656886923
0.4570611217759609
0.4604570839356695
0.4568476341470678
0.4568476341470678
0.4568476341470678
0.46126371544505373
0.44558562468619506
0.4456102628533081
0.4456102628533081
0.44886747318093073
0.44328158026233666
0.44328158026233666
0.44328158026233666
0.4464275838650342
0.44895844840843274
0.4481499142337257
0.4481499142337257
0.4464195402547681
0.44612291604788473
0.4449042212291325
0.4426051376735963
0.4426051376735963
0.455618733999068
0.455618733999068
0.4420086836689155
0.4420086836689155
0.4425448110920834
0.44713026614085954
0.4466003067409935
0.44063122324513077
0.44830564106406356
0.44706469266291615
0.44683751560356055
0.4491550762480768
0.4491550762480768
0.4491550762480768
0.4491550762480768
0.4491550762480768
0.4495064957219573
0.45096665965586913
0.45096665965586913
0.4534301789860289
0.4556304963714525
0.4533856772841577
0.4533856772841577
0.4618944588105812
0.4659422612421421
0.4659422612421421
0.46563550340160464
0.46563550340160464
0.4661779070860273
0.46635740991002145
0.46635740991002145
0.47201957098440256
0.47723045362075683
0.47481709346632195
0.4730497354159955
0.4538945018500774
0.45740046579103605
0.46241298897095695
0.4621138230979853
0.4621138230979853
0.46805280062116283
0.4719431113616568
0.4716336937554507
0.4615299056356744
0.4615299056356744
0.4563202322966681
0.4563604848733293
0.4551091976256478
0.4551091976256478
0.4438319816465721
0.44351596762312095
0.44609612139263866
0.45199807875100545
0.45199807875100545
0.446308965090216
0.446308965090216
0.4462181606798797
0.44741235785299754
0.44741235785299754
0.4401553671159625
0.4401553671159625
0.4401553671159625
0.43263588428264943
0.4309229865797255
0.4396883000765708
0.4526204359262925
0.44589612411960217
0.44495403444132
0.4672011348706805
0.4674861172215915
0.4668140149600908
0.4668140149600908
0.4692303555300739
0.4692303555300739
0.45768379429714895
0.4561084974994657
0.4460135538700037
0.44658408388852433
0.4393103469602985
0.4412212115583437
0.44458913221734553
0.4456644031450928
0.44863007115081316
0.4369332003268969
0.4181515438543006
0.437236881513242
0.41154676923901573
0.41154676923901573
0.4090539616988178
0.4090539616988178
0.4090539616988178
0.40981939100115583
0.40981939100115583
0.40516586682057404
0.4040707796950017
0.4008327118444808
0.40377416282496137
0.3931092776249954
0.3931092776249954
0.3931092776249954
0.3838905742106431
0.39885463858528947
0.39108909856377866
0.39108909856377866
0.3987312672586216
0.3968971173688546
0.3937180720729262
0.3983134887941865
0.3983134887941865
0.4011278614063969
0.406190834502573
0.406190834502573
0.406190834502573
0.40650649194112276
0.41370095430253134
0.4165255826861611
0.41715508351983027
0.41914513863372455
0.41462242142783656
0.4210530074982736
0.4210530074982736
0.4210530074982736
0.4249591910931928
0.4249591910931928
0.4214281114082549
0.4214281114082549
0.4205948088416976
0.4205948088416976
0.41744953074504154
0.41744953074504154
0.41804137226758237
0.41804137226758237
0.41804137226758237
0.4095680687529255
0.4095680687529255
0.4119658627622917
0.4077301387185389
0.4084937094806477
0.4084937094806477
0.4084937094806477
0.4210607926110545
0.42114826336263456
0.43106040393211714
0.43106040393211714
0.4282790876797056
0.4300528109506371
0.4313302378794547
0.4278169927249861
0.4461623466050071
0.4461623466050071
0.4461623466050071
0.45248104252398214
0.45248104252398214
0.45248104252398214
0.44228630701972105
0.42281165840046186
0.43079072752814224
0.42988816227687476
0.42339249027534953
0.4242521895763573
0.423712624464219
0.42632290380586496
0.42632290380586496
0.4261739994808783
0.43223708656979243
0.43223708656979243
0.43223708656979243
0.42181087715884824
0.40382849652328745
0.400526766524229
0.39223578643101903
0.39454106773310754
0.3854691622949967
0.3848079567252516
0.38209448582527406
0.38220849965132564
0.38144944174892764
0.38144944174892764
0.38144944174892764
0.38144944174892764
0.38144944174892764
0.38615428227021636
0.3929079831865627
0.3929079831865627
0.387283227644819
0.38632286346942657
0.38632286346942657
0.3876332584467609
0.38442247998444984
0.3842219650085192
0.3845263597810764
0.3825810514725708
0.3820676543318712
0.3826013721181775
0.3803075015481549
0.3786481262899173
0.3786481262899173
0.3860765744020031
0.3860765744020031
0.3873392189681511
0.3873392189681511
0.3873392189681511
0.39040791567564276
0.3814909978619105
0.3822544162197596
0.3822544162197596
0.38020762603225583
0.3793530391435624
0.38271286599782933
0.3603734649034406
0.361823619110535
0.36477735827882357
0.37386137591913565
0.3721662069374726
0.3644161509564861
0.3644161509564861
0.3623156260558442
0.3623156260558442
0.3709526568075359
0.3678532514430958
0.3559159361102648
0.3540377567625372
0.3540377567625372
0.3557443532436156
0.3557443532436156
0.35542213165852315
0.3561491399726608
0.3561736610972974
0.3561736610972974
0.37221014333796876
0.36988598058493577
0.36988598058493577
0.36763969368165944
0.368156508738318
0.3648344481829244
0.3943098551871381
0.3973439273957829
0.39379973401296525
0.39379973401296525
0.39540264249281937
0.4004032456708938
0.3873062746793783
0.3859747185833561
0.37218317567131126
0.3781288020927337
0.3781288020927337
0.378299320704591
0.3772863658510887
0.36426120295081627
0.36426120295081627
0.36426120295081627
0.36890762560109647
0.3689397728472274
0.3706705214570622
0.352473675799067
0.358529685771144
0.3557574775370969
0.3413235620084143
0.341291692586032
0.3384423040823241
0.3364840750907279
0.339226269373264
0.339226269373264
0.3397168032288622
0.3353402444914543
0.3353402444914543
0.33363496711930785
0.33363496711930785
0.3403512058156153
0.34525920225874585
0.3387200338820016
0.3382262605234167
0.3382262605234167
0.33890179023187417
0.32666813188656163
0.32666813188656163
0.32666813188656163
0.318510915256949
0.32330652845311747
0.33735986093069664
0.33544875167075067
0.33544875167075067
0.33730149365511913
0.34491117789311726
0.354349616487356
0.354349616487356
0.3538877158347089
0.3538877158347089
0.3538877158347089
0.355157235038543
0.3655949957139394
0.3655949957139394
0.3655949957139394
0.35513895189761074
0.3504599796209861
0.34402352206461445
0.3419445933763799
0.33892283941909845
0.3348703455426907
0.3429443405505872
0.33996411133202536
0.33996411133202536
0.33182251958448583
0.33324463938613647
0.33324463938613647
0.3324995809014066
0.3253405706568876
0.32597365773189424
0.3167550368677931
0.30511675261341453
0.3058855366703873
0.3144707857199927
0.31369270973424696
0.2988272692545627
0.2988272692545627
0.2988272692545627
0.3155311928712417
0.3142503097001283
0.3146216560143246
0.315644069278323
0.3055118521886511
0.3055118521886511
0.3055118521886511
0.3055107189141596
0.3060794212189259
0.30668135389665924
0.30669074914176475
0.3068256139689538
0.3068256139689538
0.2945434420775899
0.28776997533591475
0.2875763633108561
0.31294049961933235
0.31294049961933235
0.3125736965862288
0.30436987970959956
0.3005484384723387
0.3005484384723387
0.3005484384723387
0.2895110968475665
0.2908078031844401
0.28798531580470904
0.2880746509383859
0.28484065847601403
0.3101032368338955
0.31016699315166935
0.31025571796767454
0.32088085465358573
0.32093836505078993
0.32240378761337435
0.325518501921388
0.3228670358885541
0.3228670358885541
0.3028173271302797
0.293650368489959
0.29617378753836815
0.29617378753836815
0.29617378753836815
0.2952907197548184
0.29371283914643753
0.2974097602839374
0.3003560709400486
0.3047918298967489
0.2960565531019806
0.3020294403737406
0.3024749482646828
0.3035991386160376
0.3042755984513961
0.30804123061940275
0.29664272083525284
0.29641751258571797
0.29641751258571797
0.2874336842939813
0.2874336842939813
0.2916075405743179
0.2916075405743179
0.2916075405743179
0.2916075405743179
0.2916003982246448
0.2916003982246448
0.2916003982246448
0.2919344038387674
0.2948521083817376
0.2945554452447501
0.2945554452447501
0.29375249855464436
0.29647680649206515
0.29244123026295277
0.29430413661276983
0.2980437291120527
0.2980437291120527
0.2984125045913486
0.2984125045913486
0.29740779819515195
0.2983556253672354
0.3055446083164716
0.3039050299840153
0.308267668714603
0.3119088057313822
0.30703214627023306
0.30570368601490994
0.31385057573637115
0.31405831443139104
0.31424538860948126
0.3106077592087395
0.3106077592087395
0.31105475062077387
0.29924182183363457
0.29924182183363457
0.3009956291405055
0.3009956291405055
0.3051090466757203
0.30675006594386
0.301770151665382
0.2941762783014876
0.28543741492942026
0.2890762948390605
0.2869924493040814
0.2939690377892647
0.2818272981901781
0.2818272981901781
0.2827381305196505
0.2756786582447353
0.2932217906067031
0.30236121710182806
0.30367759346093787
0.3056090102845112
0.3056090102845112
0.3060446491960712
0.3060446491960712
0.3060446491960712
0.30663898139761886
0.30663898139761886
0.3112374689996399
0.31798270233997655
0.3153290354766209
0.3153290354766209
0.3153290354766209
0.3243508219701911
0.3297097673750162
0.34315765111340235
0.34315765111340235
0.3388927412643974
0.3388927412643974
0.3341425659123987
0.3321033652194806
0.34120480119385477
0.3430400946084959
0.35582700200799183
0.35582700200799183
0.3459131286832577
0.3399036190445026
0.3426557814630029
0.34207292666965955
0.34207292666965955
0.3396944083383334
0.3396944083383334
0.3396944083383334
0.35268649664557133
0.3554944792087605
0.35234521102516686
0.3539650130311417
0.3459814938622485
0.3347091412729644
0.3404171815427293
0.3404171815427293
0.34107107288174454
0.34107107288174454
0.36175222368787746
0.36072514026435676
0.3598144569982092
0.3574844843482821
0.3574844843482821
0.3574844843482821
0.35932532314719406
0.3567853815165286
0.3567853815165286
0.3607135963310722
0.36769304796163993
0.3672606973193281
0.3580389470419111
0.35990059683426456
0.35990059683426456
0.36508344439078755
0.3829046977677696
0.3802561421084918
0.3802561421084918
0.3802561421084918
0.38046107849601135
0.38046107849601135
0.39302226429992393
0.38092649684044155
0.382111551912721
0.382111551912721
0.3659153696207354
0.3659153696207354
0.36516852861806726
0.36516852861806726
0.358505715289582
0.3441720317774099
0.3441720317774099
0.3410816195549058
0.3296833464534195
0.3304144122149361
0.3391544159184195
0.33493787204769204
0.33496060691588714
0.34097373780859086
0.3387778066391322
0.3387778066391322
0.3387778066391322
0.3456421202506792
0.34473783374770545
0.34922203161353255
0.34922203161353255
0.34922203161353255
0.34711756830699647
0.34715960857304695
0.3458669411032858
0.34241689242021434
0.3439883146169288
0.34754230485183224
0.34754230485183224
0.3509503740349854
0.34163683734063205
0.3494982530721928
0.3494982530721928
0.34111134637382984
0.35042113385132523
0.34962170047200547
0.3487027859919192
0.35832955830408963
0.35832955830408963
0.3617351700513202
0.36169052158300696
0.36169052158300696
0.35837961749529457
0.35837961749529457
0.35837961749529457
0.36530335552211834
0.36484124477056873
0.3339132232715066
0.3322197308310589
0.3322197308310589
0.33273186457047405
0.32644866510243875
0.32644866510243875
0.32644866510243875
0.3259312443031558
0.3259312443031558
0.3214659848543968
0.3214659848543968
0.3214659848543968
0.32077695988228183
0.31775194004128793
0.310797215329799
0.31258944664961114
0.31520678912064776
0.31520678912064776
0.3116902582580794
0.3142741645628546
0.3096538330662337
0.3096538330662337
0.3096538330662337
0.30741623110104044
0.3002144601099094
0.2957848961520677
0.2957848961520677
0.2869203989643539
0.2915306546999738
0.2915306546999738
0.26763560296772193
0.26763560296772193
0.2681000507436753
0.2681000507436753
0.2681000507436753
0.2681000507436753
0.2681000507436753
0.2681000507436753
0.2589730569464095
0.2589730569464095
0.25778110281576383
0.25317746434337435
0.25209589255037207
0.2690095667343257
0.26582470973638245
0.26582470973638245
0.26634799612237703
0.2558526487166935
0.2558526487166935
0.2558526487166935
0.25466256911593094
0.25466256911593094
0.2581459201873577
0.2581459201873577
0.23786014160591396
0.23710976779289886
0.23710976779289886
0.23718707983524182
0.24276609785648234
0.2440019505339568
0.24223367084629865
0.2398507938033628
0.24091433783307156
0.24070407676306227
0.24070407676306227
0.2383938760070302
0.2383938760070302
0.2383938760070302
0.23948784379832416
0.24463390162684248
0.24506237782095477
0.24506237782095477
0.24506237782095477
0.24506237782095477
0.24506237782095477
0.24506237782095477
0.25188081536945917
0.25218621675639735
0.2405716855154139
0.2456289743459349
0.2456289743459349
0.2513660268090444
0.2513660268090444
0.2513660268090444
0.2513660268090444
0.2513660268090444
0.2513660268090444
0.2556265269664492
0.24200508717349195
0.242189306070296
0.242189306070296
0.242189306070296
0.242189306070296
0.23918778219667453
0.2404521718434193
0.2392208776685465
0.2303434427930927
0.2303434427930927
0.2303434427930927
0.22900762777217432
0.22900762777217432
0.22900762777217432
0.23207927463328265
0.2337816774029816
0.23170584487531432
0.23170584487531432
0.23170584487531432
0.23170584487531432
0.23170584487531432
0.23170584487531432
0.23131828081699973
0.23541140949606076
0.23541140949606076
0.23432065450122602
0.2347524494384184
0.24117216458897067
0.2368150531108622
0.2391260985257937
0.2391260985257937
0.24878576256202214
0.25039682147054554
0.25039682147054554
0.25039682147054554
0.25039682147054554
0.25094949346245987
0.24945840998952176
0.25002354556850087
0.25002354556850087
0.24803935325805998
0.24803935325805998
0.24803935325805998
0.2479630300752028
0.23805759753742473
0.23887739961378868
0.24026618644864592
0.24031095532925295
0.24031095532925295
0.2464799366484143
0.23837932581791324
0.23837932581791324
0.23219828424381414
0.23641787180515902
0.2277721855967826
0.23338716163826193
0.23338716163826193
0.24261401973822536
0.24261401973822536
0.24618051756220727
0.24618051756220727
0.24471502058052563
0.24477053234428914
0.24477053234428914
0.24477053234428914
0.23704822507763007
0.23676616082684349
0.23676616082684349
0.23676616082684349
0.23234203366598336
0.23131233957955977
0.23131233957955977
0.22748198571676118
0.22737729952132546
0.23112814241509996
0.22671814935280923
0.2218790239684414
0.233875438199852
0.23439956067161413
0.2218790239684414
0.22184725794231475
0.22184725794231475
0.22184725794231475
0.22184725794231475
0.22184725794231475
0.21562976549534774
0.21562976549534774
0.21385069736729653
0.21385069736729653
0.21385069736729653
0.21385069736729653
0.21385069736729653
0.21385069736729653
0.21385069736729653
0.21385069736729653
0.21292907229719563
0.21292907229719563
0.21292907229719563
0.21292907229719563
0.21292907229719563
0.21292907229719563
0.209693481907618
0.209693481907618
0.209693481907618
0.209693481907618
0.209693481907618
0.209693481907618
0.209693481907618
0.209693481907618
0.209693481907618
0.20725753129520294
0.20725753129520294
0.20725753129520294
0.20663396633104086
0.20663396633104086
0.20663396633104086
0.20663396633104086
0.20663396633104086
0.20663396633104086
0.20663396633104086
0.20663396633104086
0.20663396633104086
0.2015282027360567
0.2034946642464343
0.17662710555664438
0.17666545923810634
0.17666545923810634
0.17666545923810634
0.17666545923810634
0.17666545923810634
0.17666545923810634
0.17666545923810634
0.17666545923810634
0.17666545923810634
0.17666545923810634
0.17666545923810634
0.17666545923810634
0.17666545923810634
0.17666545923810634
0.17666545923810634
0.17666545923810634
0.174523341495907
0.174523341495907
0.17459150983038232
0.17459150983038232
0.17459150983038232
0.17459150983038232
0.17459150983038232
0.17459150983038232
0.1585824512941521
0.1585824512941521
0.1585824512941521
0.15822247890214827
0.15822247890214827
0.15822247890214827
0.15822247890214827
0.15709731988978523
0.15709731988978523
0.15709731988978523
0.15709731988978523
0.15709731988978523
0.15709731988978523
0.15485734652812708
0.15539539308029485
0.15539539308029485
0.15539539308029485
0.15539539308029485
0.15417448422493982
0.15417448422493982
0.1511674909402926
0.1511674909402926
0.14564961852853187
0.14564961852853187
0.13641979089086573
0.13641979089086573
0.13641979089086573
0.13296204955776098
0.13296204955776098
0.13296204955776098
0.13296204955776098
0.13296204955776098
0.13296204955776098
0.13296204955776098
0.12860575171394828
0.12860575171394828
0.12860575171394828
0.12860575171394828
0.12860575171394828
0.12802158739203912
0.12802158739203912
0.1277120455428643
0.1277120455428643
0.1240938768636228
0.1240938768636228
0.1240938768636228
0.1240938768636228
0.1240938768636228
0.1240938768636228
0.1240938768636228
0.1240938768636228
0.1232699112137081
0.1232699112137081
0.1232699112137081
0.1232699112137081
0.1232699112137081
0.1232143428164194
0.1232143428164194
0.1232143428164194
0.11855102638053645
0.1184137407169126
0.11831368909950603
0.11831368909950603
0.11831368909950603
0.11831368909950603
0.11831368909950603
0.11831368909950603
0.11831368909950603
0.107420616248936
0.107420616248936
0.107420616248936
0.107420616248936
0.107420616248936
0.107420616248936
0.107420616248936
0.10603309617130978
0.10603309617130978
0.09910591230092959
0.09910591230092959
0.09910591230092959
0.09910591230092959
0.09910591230092959
0.09910591230092959
0.09910591230092959
0.09910591230092959
0.09910591230092959
0.09910591230092959
0.09910591230092959
0.09814716505044109
0.09188762010843159
0.09188762010843159
0.09188762010843159
0.09188762010843159
0.09188762010843159
0.09188762010843159
0.09188762010843159
0.09188762010843159
0.0840362679170809
0.0840362679170809
0.0840362679170809
0.0840362679170809
0.0840362679170809
0.0840362679170809
0.0840362679170809
0.0840362679170809
0.0840362679170809
0.0840362679170809
0.0840362679170809
0.0840362679170809
0.0840362679170809
0.08499461616994919
0.08499461616994919
0.08499461616994919
0.08499461616994919
0.08499461616994919
0.08499461616994919
0.07532033382285576
0.07532033382285576
0.07532033382285576
0.07532033382285576
0.07532033382285576
0.07532033382285576
0.07527980075135307
0.07527980075135307
0.07047410801735687
0.07047410801735687
0.07047410801735687
0.07047410801735687
0.07047410801735687
0.07047410801735687
0.07047410801735687
0.07047410801735687
0.07057033063626363
0.07057033063626363
0.07057033063626363
0.07137192548432818
0.07137192548432818
0.07242784136873824
0.07242784136873824
0.07242784136873824
0.07242784136873824
0.07242784136873824
0.07242784136873824
0.07038290839708064
0.07038290839708064
0.07038290839708064
0.07038290839708064
0.07038290839708064
0.06963290246951663
0.06963290246951663
0.06963290246951663
0.06963290246951663
0.06963290246951663
0.06963290246951663
0.06963290246951663
0.06963290246951663
0.06963290246951663
0.06963290246951663
0.06963290246951663
0.0680771824027382
0.06735598173382179
0.06735598173382179
0.06735598173382179
0.06735598173382179
0.06735598173382179
0.0664716330366732
0.0664716330366732
0.0664716330366732
0.0664716330366732
0.06524652497599252
0.06524652497599252
0.06524652497599252
0.06524652497599252
0.06524652497599252
0.06524652497599252
0.06524652497599252
0.06524652497599252
0.06524652497599252
0.06524652497599252
0.06524652497599252
0.06524652497599252
0.06524652497599252
0.062437486634239044
0.062437486634239044
0.062437486634239044
0.061002918280314955
0.061002918280314955
0.061002918280314955
0.061002918280314955
0.061002918280314955
0.061002918280314955
0.061002918280314955
0.061002918280314955
0.061002918280314955
0.061002918280314955
0.061002918280314955
0.061002918280314955
0.061002918280314955
0.061002918280314955
0.061002918280314955
0.061002918280314955
0.061002918280314955
0.061002918280314955
0.061002918280314955
0.061002918280314955
0.061002918280314955
0.061002918280314955
0.061002918280314955
0.061002918280314955
0.061002918280314955
0.061002918280314955
0.061002918280314955
0.061002918280314955
0.061002918280314955
0.05947922620484591
0.0614153053763375
0.0614153053763375
0.0614153053763375
0.0614153053763375
0.0614153053763375
0.0614153053763375
0.0614153053763375
0.0614153053763375
0.06148069760033088
0.06148069760033088
0.06148069760033088
0.06148069760033088
0.06148069760033088
0.061271236207260334
0.061271236207260334
0.061271236207260334
0.061271236207260334
0.061271236207260334
0.061271236207260334
0.061271236207260334
0.061271236207260334
0.061271236207260334
0.05932008650393501
0.05932008650393501
0.05932008650393501
0.05932008650393501
0.05932008650393501
0.05932008650393501
0.05932008650393501
0.05932008650393501
0.05932008650393501
0.05932008650393501
0.05932008650393501
0.05932008650393501
0.05932008650393501
