1.5456362110235216
1.378922843043951
1.3779924919049167
1.3778333681268522
1.3768077141928945
1.3794161714333761
1.377551478066611
1.353089050530154
1.351338841618552
1.351333327794949
1.3540322642051654
1.3540322642051654
1.3537931095417943
1.3576941424701603
1.3532406991933434
1.35432606989562
1.352622897630752
1.3572881259382004
1.3570383411655818
1.3519082762015817
1.322607343728421
1.2965775329057452
1.2995157422052899
1.309425611643235
1.3163181011436758
1.3168734317977246
1.3193894464405604
1.3145971022148568
1.317792942573497
1.3049387501180107
1.3052157161354987
1.3019709675761095
1.308317295439478
1.301490390674607
1.3017530903346595
1.3166285716925636
1.3154315332793882
1.3002910200946807
1.3002911182226484
1.296259519497689
1.2964581086854743
1.3108443670755185
1.3155511354190883
1.321595662638711
1.315502806168076
1.3248299506414232
1.327497069320879
1.3269025874035303
1.3360119053724278
1.336835546146858
1.3249242430293005
1.329848165905117
1.3250830109116913
1.3302489793890817
1.330235505961848
1.3313063665497016
1.3311008931344719
1.3215949843523087
1.3206818640601776
1.3310213847734198
1.3428553632314513
1.3428553632314513
1.3381287444624514
1.3414343890289389
1.3296353178106455
1.3388101870590159
1.3393253260687918
1.3348424375816923
1.3358571667616734
1.3427080800661984
1.3556314536083505
1.3303571368982596
1.3331867871757714
1.3175412943967775
1.3195831554919453
1.3186388445651067
1.3220847964430218
1.3232001773759132
1.3154579883583926
1.3030197705691742
1.2985326321770365
1.2887851149667502
1.2870821573815783
1.2821750851255131
1.2844112410225645
1.2787692784360614
1.2774622712644972
1.2781321756241402
1.273094602825256
1.2722416406750752
1.2784189159976749
1.2581580811297297
1.266696340210754
1.2637592975337149
1.2644561321533527
1.2621447491129627
1.2633651967527004
1.2394452366056903
1.2298585464661353
1.2273602379221498
1.2243482403862742
1.2249517633078755
1.222400083096817
1.2219720321199248
1.2221209491737894
1.2212708383587758
1.2112569429242264
1.2162514757895457
1.218915710955434
1.2121933151033546
1.1918728985406
1.1936395540192393
1.1973777785592536
1.1984413641822222
1.1871477207264662
1.187164466622678
1.187224927623006
1.187224927623006
1.1798130738644033
1.195488041825936
1.1871194659138093
1.1869176683199412
1.1878937065526283
1.2015884840615116
1.1996448486094118
1.1996448486094118
1.2055633535399835
1.2055600806536886
1.2124675365586763
1.198255266973019
1.183657160049289
1.1837346757380853
1.1837346757380853
1.181477456823553
1.1829824112685292
1.201238136196066
1.1992298056787496
1.198778143068517
1.2003245495831998
1.2012383328592415
1.2000975293911955
1.1733475991061064
1.1733475991061064
1.1792550935214399
1.1741685812180707
1.1768897564271859
1.1768410641695557
1.1882211041846051
1.181190858547782
1.1843629422703286
1.1878930011060276
1.176094795774392
1.170699852250399
1.1713200711656306
1.1808878038304529
1.194363691118289
1.1945535211099199
1.1950195868207367
1.1945662567431958
1.1853446153092182
1.1847892449401043
1.1824020287608124
1.1616314263512866
1.1726961691140763
1.1735950121478116
1.1744846998922307
1.1796992724777797
1.1805952386563008
1.1569061699068455
1.158748339976425
1.1559883566999785
1.1555119159740148
1.1600116066130273
1.1775505652154032
1.1882176563155584
1.1958387723571409
1.1986804053333042
1.2010408990461345
1.2036878784260365
1.210830227049475
1.2297978395479667
1.2314622536933624
1.2342360739758533
1.2349582025047543
1.2359499109337029
1.2583908190230468
1.2489269546085995
1.2356023882887912
1.2381516120433576
1.2433799984466158
1.2437837934974834
1.2428241518838574
1.2447099018322552
1.2447099018322552
1.2449536163092316
1.2487306361321293
1.2413677162026704
1.239797444937109
1.2393133887402026
1.2295341564630375
1.2392297141478976
1.2305886205248135
1.2186026825355445
1.217311102533323
1.222455546835512
1.2146026547964346
1.2146026547964346
1.2177872234635176
1.2259549004515016
1.2255166529879633
1.2167817193789292
1.2123432369723415
1.2187732121415116
1.2298206266490428
1.2286763475474538
1.2299112308209836
1.2304367305965498
1.2302891492730252
1.2215822579407756
1.220248690253132
1.2218851398667567
1.222017636795071
1.2194412679111626
1.2209188709476593
1.2214871015817963
1.211425410095636
1.2154217201403013
1.2157781394992853
1.2081951667027504
1.205801741476088
1.205801741476088
1.2056617159292247
1.2056399587224063
1.201087344066404
1.2181473512853047
1.2145247255510636
1.2141219286426368
1.210579478093682
1.1792854455149244
1.1763980146397364
1.1925125692169576
1.1870330926849453
1.1838335402904365
1.1847356219912297
1.1832101996508828
1.1830449108524272
1.1787805029475324
1.1794891377557544
1.1816782098292156
1.1930606882059525
1.1911363217787925
1.1864846933488935
1.186548015424717
1.1850307719821964
1.180643656305744
1.180643656305744
1.180643656305744
1.1798948828611686
1.1813667997120223
1.1803415048556913
1.1836356186553745
1.1882768548408738
1.1887015986820264
1.1911779630340396
1.196410651911448
1.2055780109464596
1.2061232555143724
1.2068453846637284
1.207386816668431
1.2028130011359446
1.2070157606699379
1.2058461175853592
1.2057911632781386
1.1873830376367678
1.1965026316638185
1.1753406953161036
1.2083507690975581
1.205121447722414
1.2016239699817646
1.2078568324485803
1.2078568324485803
1.2055137612059001
1.2077287439326536
1.2096899832125942
1.2111605921513546
1.2034076941848146
1.208824060992758
1.1796002462006137
1.2018201857475221
1.198436911994747
1.2015190177564092
1.2061424372250213
1.212706389028869
1.212242083301327
1.212242083301327
1.2068607862467944
1.2069760342841254
1.2308674357595626
1.231146633323559
1.2255154011128024
1.2233496157401142
1.2222336664462115
1.2201266480740627
1.219786760268464
1.2221048006295834
1.1834510592108327
1.1791679037768008
1.1724859233161045
1.1561122377168724
1.163664905712304
1.1862164785579177
1.1787199459493793
1.1772616115746959
1.1772616115746959
1.1770382275325122
1.152082906340092
1.1437078136339165
1.1428044209042987
1.1380279393697073
1.142021536675789
1.1507544818101507
1.1485726151628184
1.1493782285071865
1.1431914256086513
1.1384576383891676
1.140408997428462
1.140408997428462
1.1426196962055324
1.1430908915203986
1.1415395770825976
1.1408152436212553
1.1477719921629868
1.1450298115257107
1.1520543051506238
1.1599255994370525
1.1607649505259883
1.1589605453094367
1.1705952777620579
1.17544378195586
1.1543842303273775
1.160669142329688
1.1573391080835564
1.1580374766613106
1.1490955463186274
1.1367201268848914
1.1054587625297845
1.1121205630509752
1.1390511411411042
1.1390511411411042
1.1561069324461235
1.167783669016614
1.1600955860036548
1.154549520795027
1.1425717602604801
1.148515233887142
1.1477970440064662
1.1447824379897775
1.145059588934545
1.1352146852429728
1.121620177529497
1.1245341668389068
1.1060062090149458
1.1005737805134075
1.1027594617584542
1.1037883775909447
1.1010175640922208
1.0935483544254818
1.0938635634304124
1.0836668552980095
1.0722034879904387
1.060418862196357
1.0658479622152452
1.0658479622152452
1.0704691404882085
1.0696931284836668
1.063032135981077
1.0457454512344133
1.0457454512344133
1.0444993818251704
1.0444993818251704
1.0415974072354486
1.049667783637122
1.0404246409349878
1.040277278309587
1.0202289713145758
1.0205702822759553
1.0225024633371378
1.0228757985752952
0.9986163885564312
1.0002851151775347
1.016533659835705
1.0162689899379824
1.0156362048010223
1.0170457358240728
1.0254917102169918
1.0254917102169918
1.0366815438542538
1.0292191015433243
1.0301330237201116
1.031434036940221
1.0337308759658437
1.0344082165540562
1.036111038821946
1.0406926180787979
1.0335406446764976
1.041606556074309
1.0372668830765635
1.0335267376558464
1.033166129930601
1.032249922930524
1.032249922930524
1.0441222995626724
1.043214777078259
1.039433452060721
1.0281148974302246
1.0278314789394878
1.0278314789394878
1.0246199181348479
1.0275857965628934
1.0271086195464518
1.0253216256771713
1.0188566517980966
1.02548066300036
1.0248331284180074
1.0265451719597276
1.00880695221579
1.0121265424471102
1.0120906641445697
1.012005147132339
1.0006677373634023
0.9958396734638191
0.9970105740039629
1.000348560241313
1.0009456949601339
1.0017576959450734
1.0081731190155527
1.0081731190155527
1.0062761549995363
0.9746492242902671
0.974692318854354
0.974692318854354
0.9656444908401671
0.9541499310916584
0.9554355465558682
0.9526656845676517
0.9370553617591364
0.9321031924819259
0.9311525481278237
0.9311525481278237
0.9385906225252365
0.9385906225252365
0.9387113188200986
0.9281696788404791
0.9301806569543721
0.9492009902131148
0.9608587120347657
0.9446918849181195
0.9448436634800907
0.9256028379600434
0.921412198258617
0.9246376564369978
0.9253184375660598
0.9324746194782377
0.9340144537666295
0.9327552469323133
0.9307249341179101
0.9307249341179101
0.9355708386113536
0.9468694134906888
0.9281753379669374
0.9281753379669374
0.9281753379669374
0.9320299675872447
0.926916182037213
0.9267500350131072
0.933946096753181
0.933946096753181
0.9195536521072012
0.9195819403990233
0.9312576064003484
0.9250200305543484
0.9192812166141608
0.9217248385416019
0.9217248385416019
0.9186098434948409
0.9179174384190033
0.9161259199752805
0.9172574872176802
0.9230400175812318
0.9098014419010191
0.9101884305284843
0.8981478461755147
0.8940776051116022
0.9012639203015851
0.9012639203015851
0.9110254496287216
0.9117729535312635
0.9117729535312635
0.9110277367709877
0.9104969681282995
0.9126504305930022
0.9126504305930022
0.9206624318362415
0.9223599539751975
0.9223599539751975
0.9325302910267138
0.9167428147398413
0.9103394977908889
0.9103394977908889
0.9104950350436064
0.9076692213527877
0.905883895255253
0.8909183207681335
0.889350199597171
0.9030835438618701
0.8870950724756507
0.8982212927727659
0.8977028313101952
0.8977028313101952
0.9171562481152289
0.9236576125517549
0.9166911901526869
0.9245603023805024
0.8963973491582289
0.9178895276965336
0.9349499665053916
0.9423332932379476
0.9651629069847122
0.9677678710178215
0.9692474132927105
0.957967172736341
0.957967172736341
0.9565253796382207
0.9568797712139339
0.9737665784850212
0.9533954901672802
0.9553840603905857
0.9553840603905857
0.9483265577903971
0.9465363436829937
0.9312773365897994
0.9287531139788039
0.9116304215747202
0.904717046035631
0.9146106411640872
0.9295483829323656
0.9619667429278276
0.9442937708793248
0.9442937708793248
0.9346378327845403
0.9274542843397486
0.9333812220704619
0.9387392003122652
0.9384937278420012
0.9404172853496653
0.9308122707806544
0.9336352242335343
0.9321985056639222
0.9306390112260883
0.9279555145216963
0.9385327326121085
0.9441469538140663
0.9361971399988094
0.9169455044273219
0.9221766370646479
0.9147047490173105
0.9123665752349509
0.9136574236820896
0.8980846833654162
0.9052228467164809
0.9081975143702052
0.9108475867822573
0.9091203772831021
0.9241541774960773
0.9210881008923215
0.9247066803628772
0.9157567524323708
0.9058881562135842
0.905412963097442
0.9013597834108507
0.9036429535924752
0.9036429535924752
0.9202222074711529
0.9205769705171422
0.9151668053965739
0.9101969417802177
0.9112665766263366
0.9112665766263366
0.9269059897784006
0.9351445453542354
0.9302641444401004
0.9374458052369886
0.9405003256219405
0.9353006592309476
0.9399822227473478
0.9402748867436956
0.936517833736747
0.9345526800170382
0.933672509288469
0.9574833172354793
0.9575990076480371
0.9556044643789652
0.9642930647785546
0.9642930647785546
0.9632916182643086
0.9632916182643086
0.9631209933160606
0.9615203755200716
0.9614308470741383
0.9623320193251336
0.9624082093738396
0.9624509642506107
0.9358744373251858
0.9524571965471114
0.9499468545217526
0.9566960597315969
0.9566960597315969
0.9535882678142569
0.9598272237261631
0.9626866967409786
0.9605740248072472
0.9761387183310679
0.9746861881439559
0.9886219936284456
0.9821527911451368
0.9816837429308386
0.9821466532369062
0.9821466532369062
0.9654189768521969
0.9628039304671313
0.9667123337187915
0.9666796591326287
0.9666796591326287
0.9443694242912523
0.9377882597975047
0.925275665101848
0.9244906434008493
0.9244906434008493
0.9331933417194516
0.929044823401633
0.9357799367311863
0.9331733887895209
0.9379731957441312
0.9270352158866874
0.9270352158866874
0.9243551625936773
0.9177171805042138
0.9177171805042138
0.9272099877597388
0.9272162062613862
0.9272162062613862
0.9211658122917595
0.922016139743482
0.9240601321361727
0.9258987461452878
0.9306953548384455
0.9306953548384455
0.9323652430606422
0.9323652430606422
0.930291222960882
0.9270584545402252
0.9294302158939299
0.933242202418531
0.9362282775642782
0.9350704765220155
0.9350704765220155
0.9192714899601169
0.9072098163486881
0.9070432257316771
0.9014791026447712
0.896645811028848
0.896645811028848
0.8984975253822837
0.9056266743043826
0.9061745205793598
0.9036137234993729
0.9141215061100982
0.913027616638286
0.9096347898956876
0.9039154168577563
0.9029399727358693
0.9098336760056551
0.900814554267327
0.9008914878924627
0.8953760073623256
0.8935308600265592
0.8935308600265592
0.8840880453893298
0.8811385732250222
0.8811385732250222
0.8811385732250222
0.8782630574101541
0.8854931917188323
0.8854931917188323
0.8850909332406331
0.8857358482472656
0.8857358482472656
0.8784556088152887
0.8784556088152887
0.8683755733485083
0.8702209710053502
0.8702209710053502
0.8790438828524124
0.8800312850688924
0.8794138038549614
0.8787820273409038
0.8842460553888501
0.8828062627578794
0.8705084826441175
0.8704289454507971
0.8641880908048803
0.8661259478619343
0.8629666276121866
0.8545411657950763
0.8394145590919125
0.8467677878540512
0.848723074094992
0.8449836136413147
0.8434633369309896
0.8389277701931451
0.8369179906816746
0.8377068820760407
0.8367192958072649
0.838267429425233
0.8398420426552958
0.8173317401832055
0.8163588922755168
0.7879857868911713
0.7873730303737932
0.7872005219872903
0.7837302478225538
0.7768683467707515
0.7735891539048556
0.7840119645144891
0.7784899954408393
0.7699485744455661
0.7873803088382884
0.782019481653028
0.7917472736172141
0.7929902333268365
0.7827063681199014
0.7714569952766928
0.7705830336436146
0.7649840862635607
0.7637487570808643
0.7678929248061875
0.768332519478325
0.7683425351049163
0.7650421006152047
0.7684946210808732
0.7566192631693553
0.7531613879760937
0.7496106614057148
0.7362429878517882
0.7362429878517882
0.7363175747337115
0.7379501007394862
0.7321837624830085
0.7409488011372617
0.7398999712336805
0.7389513976447519
0.7389600002995548
0.7397201834206476
0.7397201834206476
0.7434799272107168
0.7300957724979685
0.7300957724979685
0.7329408571169891
0.7433286744971146
0.7401233989419331
0.7423980471428395
0.745689794630105
0.744811133333206
0.7450505140630548
0.7622586768046498
0.7656982787649674
0.7629311473647177
0.7627445191159161
0.7617644999954954
0.7617644999954954
0.7639470147739821
0.7627030478115994
0.7627030478115994
0.7616823346186057
0.7616823346186057
0.7619303764132336
0.7615636999182627
0.7513193826485232
0.7548626317224297
0.7492529746115011
0.7492529746115011
0.7494815962838525
0.7490206356724813
0.7584275989301471
0.7584275989301471
0.7584275989301471
0.7581400135422489
0.745926316854917
0.7374767564928009
0.7287360693717617
0.7283948546952271
0.727137495049044
0.7268698137502576
0.725618638138336
0.7236906296848903
0.7233709635298148
0.7234432504959833
0.7212490194785967
0.7217628421451818
0.7290390073940002
0.7314697296923643
0.7220645095138877
0.728131279643019
0.729998390767467
0.7317849244315281
0.7317849244315281
0.7327054890446997
0.7433876414721368
0.7433876414721368
0.743277497165649
0.7459475636295441
0.7495513055538512
0.7499474395848913
0.7499474395848913
0.7526424175287137
0.7520439987316643
0.7485113866329955
0.7366828039273718
0.7366828039273718
0.7404444394178177
0.7484050493887751
0.7538634232795565
0.7517426427024466
0.7491436727919768
0.7484403847924719
0.7461108307037432
0.7472586394327119
0.7478432534199383
0.7457746931527542
0.7436396519047102
0.7415445000769282
0.743029642143127
0.7407466119155607
0.742200457830288
0.742200457830288
0.7307330197223214
0.7291677112436981
0.7240415263331882
0.7274902815962211
0.7278670910632979
0.7286923977238507
0.7269388949841362
0.7248973498495697
0.7246996143254957
0.7210223138474608
0.721253296193332
0.7148842178665051
0.7148842178665051
0.7150101246367037
0.7213859253641166
0.7078969727239014
0.7056468615173285
0.7028649671277454
0.7049370354351664
0.7081581315331978
0.7079045191919447
0.7079045191919447
0.723167987960161
0.7189142423288394
0.7151688685417452
0.7151688685417452
0.7152448799431992
0.7152448799431992
0.7152448799431992
0.6986734193971937
0.679006553506197
0.6544881192773397
0.6570299321798999
0.6550091305182002
0.6550091305182002
0.6549984303941919
0.6532937661832208
0.656077756829522
0.6606867021267174
0.6718263611380818
0.6739390396066856
0.672514478336904
0.6716470251647161
0.6723149907575445
0.6734084843785201
0.6683052799214136
0.680399667911635
0.6781888050100632
0.6658045845285105
0.6658045845285105
0.664231875021102
0.6694980783772353
0.6694980783772353
0.6591675136121725
0.6615493458859146
0.6615493458859146
0.6606121574645445
0.6508659722493092
0.6520300934730471
0.6613216466847299
0.6613216466847299
0.6621438361172988
0.6650689408409898
0.6650291573788116
0.6407350081883671
0.6237394701265109
0.6237394701265109
0.6276154528418458
0.6322867472578333
0.6275187072044035
0.6275187072044035
0.622303852004586
0.622303852004586
0.6215943699881178
0.6208063569269429
0.6243521911958314
0.6207160944552146
0.6205881267635268
0.6217745115176276
0.6213537362056047
0.6268167062865476
0.6344780375842706
0.6277363417447588
0.6373117207285668
0.63735722112011
0.642473771678178
0.636966085734291
0.6368974285111705
0.6368974285111705
0.6347992461122065
0.6315194565552976
0.6384638895833876
0.6394934406626713
0.6404756412850338
0.6403934619469924
0.6304851031325965
0.6311627612389129
0.63458446558143
0.6349027679275975
0.6388923864448578
0.6384850945913185
0.6348629785288779
0.5933978352499706
0.6062531424528863
0.6026778143329513
0.6239352617228074
0.6275101937756732
0.6228660498980633
0.6243159459836141
0.6150376381738913
0.6150376381738913
0.615036125819689
0.6123369104815534
0.6130060163461597
0.6147762040031357
0.6186968350982603
0.6186968350982603
0.6591493352166012
0.6596888083756233
0.6596888083756233
0.6594584418460839
0.6602469696922421
0.6590729775486588
0.6582202480684861
0.6636448042764967
0.662734821521045
0.662734821521045
0.6620935174713978
0.6557454656950378
0.6586676456910701
0.6585701715010781
0.653367824027837
0.6587333363749847
0.6587373417156425
0.6620643609651536
0.6613971549591623
0.6645571402322029
0.6520127974732248
0.6386877744011414
0.6335437117885931
0.6303522011318176
0.6311295138929839
0.6313612514139869
0.6310018107432088
0.6310018107432088
0.6317453740417796
0.6370884115830746
0.6370884115830746
0.6370884115830746
0.6370884115830746
0.6371952035709081
0.6323457349678949
0.6323457349678949
0.629082971101649
0.627395841972533
0.625157002410416
0.6076785164683851
0.6142858649499497
0.6142858649499497
0.6142858649499497
0.6183560577434373
0.6184342222371865
0.6184342222371865
0.6184342222371865
0.6250102109631656
0.6250102109631656
0.6217202789940443
0.6211892407103231
0.6229746815631046
0.6237602136567004
0.6345309580179364
0.6390245563937674
0.6398055147704461
0.6393591668256898
0.6397116820242366
0.6411768966864911
0.6404613373215112
0.6404724516927437
0.6400529929417331
0.6354317902093305
0.6237691512392867
0.6283650323047281
0.6283650323047281
0.6030466384993827
0.5944348019937663
0.5958038478534755
0.5887739108612253
0.5888590448930208
0.5937940507623274
0.5808141645388066
0.5810858435966105
0.5707050762820804
0.570124127975066
0.570124127975066
0.5770288468188145
0.5770288468188145
0.5794607371999985
0.5842242845363234
0.5849180514953786
0.5916854451541168
0.5916854451541168
0.5897386921818717
0.5897386921818717
0.5840224525322915
0.5840224525322915
0.5874658289293656
0.5859799500187284
0.5897698002574364
0.591551941404546
0.5889997859661412
0.5895268646561309
0.5743877940294657
0.5726283994877063
0.5719377808625082
0.5719377808625082
0.5711160208357718
0.5675301619026417
0.5675313640112969
0.5676391537290105
0.569390301494205
0.569390301494205
0.569390301494205
0.569390301494205
0.569390301494205
0.5673000001978845
0.5677370024532007
0.5683799945591348
0.5683799945591348
0.5608478471251944
0.5608478471251944
0.5676390442411905
0.5673288485991704
0.5673288485991704
0.5671437359080035
0.5671437359080035
0.5671437359080035
0.5671437359080035
0.5664202239015125
0.5668934830106785
0.5658961905711073
0.5665849132364656
0.572454085359609
0.572454085359609
0.572454085359609
0.5725821995065201
0.5725821995065201
0.5725821995065201
0.5723411498866157
0.5713586032664733
0.5802977378976653
0.5779287418399879
0.5779287418399879
0.5733510045788631
0.5678874430269142
0.5679510294896164
0.5677030684698949
0.5788072420012179
0.5788072420012179
0.5788072420012179
0.5781907653090108
0.5724227317884966
0.5724227317884966
0.5724227317884966
0.5737492391291771
0.5684083187103711
0.5684888965990469
0.5727746083270381
0.5727746083270381
0.5727746083270381
0.5727746083270381
0.5727746083270381
0.5726919565499671
0.5713906444863655
0.5725832116564911
0.5725832116564911
0.5725832116564911
0.5711679550513171
0.5635240592869026
0.5607047747383164
0.5582705441351776
0.5630863162834174
0.558050624817505
0.558050624817505
0.558050624817505
0.558050624817505
0.5644156692877513
0.564135296577107
0.5639638748706192
0.5589625093546917
0.5589625093546917
0.5589625093546917
0.5589625093546917
0.5589625093546917
0.5496173837289394
0.5496173837289394
0.5492013630939135
0.5462889034849272
0.5462889034849272
0.5477231520329299
0.5491917269581764
0.5491917269581764
0.5491917269581764
0.5480675993233671
0.5505499628058611
0.5626670937372218
0.5594966593456938
0.5612639542228696
0.5612639542228696
0.5645765382542318
0.5645765382542318
0.5645765382542318
0.565525407611111
0.5701221474505637
0.5656059451013384
0.5673195341059796
0.5646808749580657
0.5672029034873445
0.5597034501347893
0.5506596761999256
0.561928711303014
0.5656822871698244
0.5656822871698244
0.5621573244108143
0.5621573244108143
0.5594357044119388
0.5589680326173816
0.5589680326173816
0.5642322251887589
0.568879222132806
0.5710904397666389
0.5308575459746877
0.5303797715446118
0.5303797715446118
0.5311632600445311
0.5311632600445311
0.5289087983910081
0.529294187772524
0.529294187772524
0.545200405589385
0.5470509434540816
0.537857596882292
0.5364124372881626
0.5445521808898057
0.5467437798568064
0.5467437798568064
0.5467437798568064
0.545786991469164
0.5455688704991934
0.5440526857427048
0.5483579825575425
0.5490853086997849
0.5511688830825616
0.5511688830825616
0.5511688830825616
0.5511688830825616
0.5463429508974037
0.54866149846808
0.566556820347785
0.5627176471568572
0.5638098898144864
0.5638098898144864
0.5638098898144864
0.5638098898144864
0.561961033022877
0.561961033022877
0.5595212333968009
0.5595212333968009
0.5593719595239538
0.5601305816081869
0.5643642479242056
0.5531115026541876
0.5526707223810878
0.5526707223810878
0.5526707223810878
0.5526707223810878
0.5505712017211998
0.5505712017211998
0.5508900118041943
0.5467718099475909
0.5467718099475909
0.5457479560770586
0.5434546520707644
0.544616691849728
0.5375810555131716
0.526543840808705
0.5284235426420266
0.5284235426420266
0.5284235426420266
0.5336829151806393
0.5336829151806393
0.5292163253058828
0.5244891752977932
0.5200741120497093
0.5247676877069304
0.5247676877069304
0.5248192347186204
0.5236123838436576
0.5236123838436576
0.5354872552476181
0.5354872552476181
0.535171486549353
0.5368431274932991
0.5166610291420899
0.5188864206740089
0.5188864206740089
0.52043302885077
0.52043302885077
0.5105698652158844
0.5057211057252039
0.5081024586749142
0.5085926367884833
0.5019337012879567
0.5019511482788779
0.5017363240081564
0.5017363240081564
0.5017363240081564
0.49862262135574653
0.5007713359389385
0.5007713359389385
0.5010263950908814
0.5037619906282159
0.5027035633997435
0.5073881873150375
0.5073881873150375
0.503792421742146
0.49442255617635833
0.49442255617635833
0.4943541658359691
0.4943541658359691
0.4912093633256929
0.49531202925636475
0.49531202925636475
0.49531202925636475
0.49531202925636475
0.48919960108624
0.4895752420343123
0.48680763289241086
0.48680763289241086
0.4830418006959533
0.4830418006959533
0.4830418006959533
0.4900388840891922
0.48944428178566174
0.48944428178566174
0.48944428178566174
0.48944428178566174
0.4848974330273871
0.4844623492372776
0.4850628324052917
0.4850628324052917
0.4850628324052917
0.4849008364844076
0.4871945748538771
0.4736252872233955
0.4734898331798398
0.4727499371511622
0.478935598971255
0.478935598971255
0.478935598971255
0.478935598971255
0.4761697151232785
0.4767146815668732
0.475873409112719
0.4754134906246648
0.4754134906246648
0.46798563505581664
0.4683325085488597
0.46845894748513933
0.46845894748513933
0.4649522050938162
0.4649522050938162
0.4649522050938162
0.4668436023409388
0.4652714124994848
0.4652739035075379
0.4652739035075379
0.4652739035075379
0.47315199151418724
0.47315199151418724
0.4684325575830926
0.47038632503376976
0.4690234111448943
0.47344955349780005
0.47659580108408217
0.47659580108408217
0.47600340094284466
0.47600340094284466
0.47976171182884453
0.4796190754435645
0.4785277818816186
0.4785277818816186
0.4785277818816186
0.4785277818816186
0.4785277818816186
0.41875401976049087
0.4131333233003999
0.4191079962701732
0.4191079962701732
0.41864213447174065
0.4173897823681021
0.4178275103572036
0.41206447663974355
0.4014250413080179
0.35253997493991035
0.3539922233247637
0.3520703740076083
0.3645198150272325
0.3645198150272325
0.3632744825231271
0.36262337079654133
0.36262337079654133
0.3644840889709153
0.36400079325420703
0.36400079325420703
0.3619773006378621
0.3619773006378621
0.36113325251852674
0.36162336106183074
0.36705454850764124
0.3359467778755228
0.3337158178709346
0.3337158178709346
0.3337856947385621
0.3337856947385621
0.334590739687877
0.33226672904132293
0.3315334913234948
0.3315334913234948
0.3315334913234948
0.3315334913234948
0.31867464400615053
0.3113395199509718
0.31108144920816777
0.3197080031901842
0.3197080031901842
0.3197080031901842
0.3201927471432692
0.3191923412668142
0.31961913828971794
0.31961913828971794
0.32480456266816177
0.32616961617546064
0.32616961617546064
0.32895036413400847
0.32895036413400847
0.32895036413400847
0.33004087856254705
0.3273313130059922
0.3273313130059922
0.3399312462545783
0.3399312462545783
0.3440651346130766
0.3524114857288414
0.3530996851415427
0.35232020671976644
0.3593024556149633
0.3593024556149633
0.3523420073313518
0.3392356212173688
0.3392356212173688
0.339238253611449
0.3443201832698588
0.3285687695130756
0.3235988265341427
0.309365624844222
0.309365624844222
0.309365624844222
0.30950060774777244
0.30950060774777244
0.307762340126722
0.3027493117690026
0.29394945949001094
0.29306875623018463
0.30319927184439416
0.29595565976492466
0.29657939791302973
0.29657939791302973
0.3010269362612678
0.3010269362612678
0.30118805693597367
0.30118805693597367
0.29219715841371435
0.29126183188979593
0.29087655009754615
0.29087655009754615
0.29087655009754615
0.2916392676658411
0.3004908518657911
0.30162246755760913
0.30162246755760913
0.3002812528925223
0.29365422634544314
0.2946027171190576
0.2905772913194695
0.2905772913194695
0.29219715841371435
0.29219715841371435
0.29307225038955886
0.29307225038955886
0.28830953706858453
0.28830953706858453
0.28830953706858453
0.28830953706858453
0.28830953706858453
0.28830953706858453
0.28830953706858453
0.28830953706858453
0.28830953706858453
0.2869335016858578
0.2772943159163437
0.2772943159163437
0.2748382120594614
0.2714130700335966
0.2714130700335966
0.2714130700335966
0.2707837015344114
0.2707837015344114
0.27041793121876334
0.2618996366518236
0.2618996366518236
0.2618996366518236
0.2618996366518236
0.2618996366518236
0.2618996366518236
0.2618996366518236
0.2618562158232255
0.2618562158232255
0.2618562158232255
0.25255468709219825
0.25255468709219825
0.25255468709219825
0.25255468709219825
0.25255468709219825
0.25255468709219825
0.25255468709219825
0.25255468709219825
0.25255468709219825
0.25255468709219825
0.25255468709219825
0.25255468709219825
0.25109334492647467
0.2502113660387897
0.2502113660387897
0.2502113660387897
0.24550805771530773
0.24539216124757732
0.24484427872117528
0.2448295609970476
0.2448295609970476
0.23951379403874784
0.23951379403874784
0.23951379403874784
0.2421059703016459
0.2421059703016459
0.2421059703016459
0.2421059703016459
0.24170982630441826
0.24170982630441826
0.24170982630441826
0.2412966417352021
0.2412966417352021
0.2412966417352021
0.2389383917746762
0.2389383917746762
0.2390095238001133
0.2390095238001133
0.2390095238001133
0.2390095238001133
0.2183966010599688
0.2183966010599688
0.2183966010599688
0.1817953001864494
0.1817953001864494
0.1817953001864494
0.1817953001864494
0.18102510903747018
0.18102510903747018
0.17546070113990084
0.17546070113990084
0.17546070113990084
0.17546070113990084
0.17546070113990084
0.17546070113990084
0.17546070113990084
0.1690900649092893
0.1690900649092893
0.1690900649092893
0.1690900649092893
0.1690900649092893
0.1690900649092893
0.1690900649092893
0.1690900649092893
0.1690900649092893
0.17017776325991865
0.17017776325991865
0.17017776325991865
0.17017776325991865
0.17017776325991865
0.1680521779613915
0.1680521779613915
0.1680521779613915
0.1680521779613915
0.1680521779613915
0.1680521779613915
0.1680521779613915
0.1680521779613915
0.1680521779613915
0.1680521779613915
0.1680521779613915
0.1680521779613915
0.1680521779613915
0.16796615264373718
0.16796615264373718
0.16796615264373718
0.16796615264373718
0.16731531061493526
0.1581167031348777
0.15237115490675718
0.15237115490675718
0.15237115490675718
0.15237115490675718
0.15237115490675718
0.15237115490675718
0.15201945946714532
0.14897746333760567
0.14897746333760567
0.14897746333760567
0.14146884737543483
0.14146884737543483
0.14146884737543483
0.14146884737543483
0.13501072951891344
0.13501072951891344
0.13501072951891344
0.13501072951891344
0.13216288301031037
0.13216288301031037
0.13216288301031037
0.13216288301031037
0.13216288301031037
0.13216288301031037
0.13216288301031037
0.13216288301031037
0.13216288301031037
0.13216288301031037
0.13216288301031037
0.13216288301031037
0.13216288301031037
0.13216288301031037
0.13216288301031037
0.1321372624504883
0.1321372624504883
0.1321372624504883
0.1321372624504883
0.1321372624504883
