0.0466667 0.038130719044889405
-0.0866667 -0.07660996601328346
-0.3733333 -0.3773823905559266
-0.1533333 -0.15916053750755477
0.0366667 0.028547728448682974
0.0066667 0.019560815178204495
0.7633334 0.7368179228828433
0.61 0.5889482800415762
0.3833334 0.3723898930772634
-0.28 -0.30984730035367164
0.56 0.5683203642423797
0.1633333 0.1685350731221028
0.1266667 0.10892147690904685
-0.71 -0.7313718166626983
0.9666667 0.9955847610125934
-0.86 -0.8798079968860112
-0.59 -0.5825817995167293
-0.2366667 -0.2734879418604798
-0.4033333 -0.4430143536539106
-0.7566667 -0.7396346533195448
0.7133334 0.7446556445989732
0.4233333 0.4322055882122363
-0.2933334 -0.3056153357973773
0.72 0.7314741853979563
-0.9666667 -0.9449278221109338
-0.9966667 -0.9971854334234678
0.9833333 0.9643595655395101
-0.6666667 -0.6561239620718416
-0.17 -0.1916323613194333
0.9 0.9030424936275425
0.03 0.020152083218198225
0.27 0.2460405550821818
