1.6389593201342585
1.476319411821251
1.4808410046987328
1.4826542114849453
1.4818941531010277
1.4786497832117829
1.4772242996844969
1.4737338510736406
1.4757950697987905
1.4716840976680328
1.4708068759817394
1.4662191585138156
1.4667342354856312
1.466244363151039
1.4654565364933558
1.4660984476553285
1.464916548927193
1.4652020769963123
1.4604199278307015
1.4614851358193532
1.4528244149626786
1.4499145457595226
1.4536686992632215
1.4505732803525355
1.4517453218557965
1.4465782028308731
1.4460095311610242
1.4429141070027112
1.4435416766809575
1.4412141865021095
1.4433621064145252
1.4406417553968969
1.4422972603309347
1.4420010467292803
1.4425488696925775
1.441136997994024
1.4396540794359571
1.4328106247687185
1.4295271439618609
1.430914775644668
1.4298022324303996
1.4322995447112992
1.4325337525925654
1.4294180389505238
1.4285515694267645
1.432265866581084
1.4343715230006446
1.4295508363892284
1.4285388378469752
1.4302354596441842
1.4291687268245394
1.4262326601695459
1.4201713458343754
1.4209704937059309
1.4176286515968786
1.4210691392671575
1.4217613548105024
1.4217018957719867
1.4206134806202537
1.4242015902169243
1.4203468403322812
1.4185032770257382
1.4193411709044434
1.4188706613849977
1.416229929748561
1.4150046919611696
1.4149460960005729
1.4137978339467407
1.4189678046535448
1.4198643407386002
1.4218340003118626
1.4167694099158226
1.4123857449561141
1.411777718839279
1.4116833132723297
1.4115497871889517
1.4126542673895337
1.4127337742824682
1.413139205842876
1.4127355310828427
1.4086474507170677
1.4044831613965567
1.3981825946052848
1.397324148781705
1.3967844775855358
1.3962802371011183
1.3951795489403047
1.3904655136619963
1.387874884591405
1.3828506730355332
1.3840227082429772
1.380146771259525
1.3799078094399404
1.3790091115613679
1.3799086595999
1.3820674444488266
1.3783380740928004
1.3747527953618266
1.3745678853071595
1.3723646534504392
1.372546349473901
1.3703559599381212
1.3684794720419746
1.365841228809618
1.369210072319659
1.3670101241604597
1.364157207530069
1.3640296084528072
1.3621831543097147
1.3639640372657065
1.3613938676292632
1.3634309600523409
1.3644114497842994
1.3636529590049253
1.3624399129196205
1.362419526613963
1.3635877273162886
1.358575953587909
1.3573930289940077
1.3563633765440293
1.3560767192933745
1.3569049462649907
1.358062012260303
1.3537820367303426
1.3547248719491474
1.3531512341307033
1.3549641371840386
1.3526968603248277
1.35497848050708
1.3497153276832834
1.350243928397579
1.3508390561988757
1.3501773851416616
1.3484742661902547
1.352479242831811
1.3525160024325023
1.3516880050274407
1.3477229610103563
1.3458556954253325
1.346655788924705
1.344449306827421
1.3405072736497914
1.3360075744507873
1.3436019888033761
1.3394150012064117
1.3372369099898986
1.3357498372929073
1.3350793401257863
1.331959405373563
1.3278141818765727
1.322297353823931
1.3240370145250735
1.323390799953623
1.3220109255227608
1.321904681219371
1.3218217823653098
1.3189565511165178
1.322336427880149
1.3198137591409067
1.3198670601732267
1.3145896374354378
1.3113174550448827
1.3088163095789258
1.3070356078129344
1.3085008233821906
1.3058707945284538
1.3049005622464207
1.3034936479568562
1.3017239586564702
1.3005407445697608
1.2994479371571024
1.2975775116423869
1.2990741908998595
1.2998587154436454
1.3015437717461311
1.3003906260484375
1.3025240442929122
1.3035886475862593
1.3044971731540158
1.3040687205563157
1.3053293812304407
1.3042953971346816
1.3061960311267697
1.304006600673074
1.3026785225162347
1.3049236668063966
1.300824176936542
1.3009589147303573
1.3009792579946562
1.3007997714163912
1.3009797573575907
1.2988142552105522
1.297454794103412
1.2989606428891052
1.3002880643532646
1.2993073312448558
1.2961842938376062
1.2951808741202373
1.292931982978891
1.2934063844510342
1.2951506248809976
1.2906835132331014
1.2926891045166335
1.2925472568518022
1.2949688759506823
1.2902765444599715
1.2877150393853376
1.287488649107706
1.2911432255979247
1.2926043614887048
1.2928071639848517
1.293048298186815
1.2917051580013976
1.293449249291881
1.2976509807365744
1.299979892311532
1.3012329853661633
1.301654454080921
1.3028359343783167
1.3050023993268671
1.3071756147634352
1.307549622641891
1.307966139116364
1.312237328385685
1.3119818198194604
1.311617825057772
1.3118555455756808
1.3120326818084944
1.3123614712855185
1.311544551990336
1.3101015285974402
1.316013983120264
1.3148979336172517
1.3152509526169522
1.3139514214237105
1.3165282701312184
1.3168777644112173
1.3131572666140152
1.314714967676875
1.3117236074140681
1.309168345835292
1.3102079509193572
1.3091051660392912
1.3102068072594484
1.3074976919413417
1.3111976429800667
1.310160052558222
1.3012854983717872
1.2987207648341754
1.2969243170523774
1.2981685718912641
1.2977552511806523
1.2988198619348292
1.3021944767282085
1.2993485681143664
1.3011657307032911
1.2999536290506382
1.3001106407641116
1.3001680498272266
1.3029637428079655
1.3054571617538062
1.3032910491135596
1.3001664957487729
1.295280182335148
1.2976566363941124
1.3005459144371403
1.2990099050628487
1.2984802284553503
1.297350834061143
1.2981317816031175
1.297820766390672
1.2950195342854318
1.290307319788874
1.2866472122137838
1.2886487477445734
1.285563856362583
1.2888012816924843
1.2866992631560907
1.2861969436332255
1.2849068390853227
1.2806084055100595
1.282224633256131
1.2826837330613137
1.2775086713228716
1.278332112360176
1.2745357755620546
1.2744822124345059
1.2685674172059571
1.2694477362385463
1.2686747065027324
1.267644058347693
1.2667004825641013
1.2707552470278327
1.2714504096616903
1.2673418392270093
1.2646921676466671
1.2607682189595377
1.2623557792596087
1.2621059393957934
1.2629119873591497
1.2628660406657108
1.2611114787617632
1.2626973420552399
1.262356708998897
1.2638983982427057
1.2610624427743455
1.2550492790583638
1.2524802177557501
1.2467728014595447
1.2445574059757862
1.2444438200965149
1.2443385871474202
1.2485889623456181
1.2500596469871081
1.2458461414113828
1.2407113429102357
1.2386772757640787
1.2370307570041659
1.2424268432121512
1.2434476480276089
1.2435913470651137
1.2444636472153463
1.2404569980905333
1.2375423652364748
1.2388875089739648
1.2374694430998985
1.2346934987985227
1.2301621871324098
1.2303267987641393
1.2302510497367203
1.2263904318028205
1.226208192587162
1.2254353001737157
1.223146815375388
1.2234154112163602
1.2203973906800685
1.2165427556841877
1.2205617859313738
1.2184498995929751
1.2137303919274405
1.213232064683297
1.2183031336553927
1.2170901774411558
1.2149699097406494
1.214174607076238
1.2103391509678363
1.2132222117888722
1.215938788761376
1.214375532147375
1.2155119403473313
1.211168705456989
1.207683619479201
1.2074985174930006
1.20581810618339
1.2057746474921776
1.2060243540153528
1.2051405412327925
1.199548966497188
1.1971700543265609
1.1980728964004903
1.1971338498843263
1.1930908219736527
1.1880092000145077
1.1915757807278158
1.1917378113321886
1.189901349952279
1.1895559117104089
1.1870991948217289
1.1846674972083147
1.1828720951616993
1.1804809023945815
1.1818839602479456
1.1806735843973009
1.1830937288268775
1.1826763666810174
1.1828865316289932
1.1798605391322894
1.1755369523140087
1.1739837581388373
1.171798418201159
1.1720806163614337
1.1723351666573303
1.1748530767901104
1.175987800193936
1.1716045095216256
1.1666478599172208
1.169148975008564
1.1734307540015692
1.1728896646541567
1.173166193109856
1.1757342496548464
1.1730348474539454
1.1745557836092906
1.1731720880712289
1.1753546766670688
1.1758198960364779
1.175517804245052
1.176108140934231
1.1709882564840295
1.170370629119298
1.170002914459332
1.169415558360309
1.1702067913523104
1.1708741913913325
1.1671831148751233
1.1670967501111642
1.1691516299226263
1.1679492164995666
1.1674339229225332
1.1659123763789334
1.1687963597166382
1.1692223374269015
1.1681944505214088
1.1670930428249022
1.1649475710602393
1.1660817605319311
1.1653020916790724
1.1642045985479312
1.1640558490769484
1.160816404589311
1.161379918513265
1.1599995127202098
1.157822090613166
1.1557382532772624
1.1533224755084883
1.1508474509808573
1.1529420958652858
1.1512769409220638
1.1498423728233393
1.1481878353734976
1.1431462575443294
1.1461659567356695
1.1468098842044254
1.145509086739771
1.1438408725586986
1.145863649977906
1.1470440741404755
1.1465913868196718
1.1377364777063894
1.1374297772685433
1.1364812867479441
1.1399020902333614
1.1432333147920004
1.142243249106863
1.14369032030014
1.146875863053395
1.1475386576960747
1.146627415455425
1.1459739612611284
1.1420963908672854
1.1426553629533234
1.1450575656908566
1.1449915184532555
1.1445711458889385
1.1465062629171645
1.148424241699757
1.1466765332494735
1.1463064459515437
1.1444900995315606
1.146734060139816
1.1493292328375602
1.1456568220972125
1.1462858335154475
1.1448023014813151
1.1405753389714266
1.1380446287762023
1.1361939899275524
1.1345206193410513
1.1344406392398603
1.1337808661393385
1.133467892610239
1.1339488708099117
1.1349785336471094
1.1338124702296564
1.1343142261349244
1.1332241281399111
1.1295034994969253
1.1271702862347148
1.1258622490766261
1.126490145606931
1.1245090774702309
1.1247278978002215
1.1235362629782835
1.1222611100407045
1.1229262724099902
1.1225012405073347
1.1252701045684406
1.1244341352940892
1.1270480184588492
1.121433414812269
1.1213523073824485
1.1236972933925704
1.1271102597210518
1.1239271379937663
1.127600751958441
1.1219356953232
1.1209884099831369
1.1221866257850825
1.1218504868335675
1.1216192132006255
1.120404328466591
1.1197378143246695
1.1236591798139277
1.123021861314527
1.1236626844443152
1.124938839496348
1.1233628621728837
1.1208166667194015
1.122661962453464
1.1228255633145054
1.1234720957974804
1.1189269616805078
1.114818589705167
1.1117748536262586
1.1052991704018849
1.1025033286400987
1.102935448617147
1.100322618983411
1.0991363753944727
1.1024162154118329
1.1009809022707246
1.1016345197960873
1.1018878455392735
1.0994063806035588
1.1013004857683806
1.0988444669699915
1.101143388335179
1.104962399757367
1.1025692096585007
1.1046559337177588
1.1055110958358498
1.1058124448041977
1.1059499293435167
1.1013323566870308
1.1032578061926541
1.0969694824741105
1.099170913294701
1.098586116476202
1.0981350831290266
1.0977825487241344
1.095349865075042
1.0905635099050577
1.0880177362468957
1.0871196476885585
1.0833158405315948
1.086051944788065
1.087245843582155
1.083278540885161
1.082343221620635
1.0803384590784337
1.0826806279526109
1.0852520301961157
1.083428762705724
1.0833264540111593
1.083715219570491
1.0820740870730394
1.0835625152625756
1.0778332562227368
1.0757985424066885
1.0736177566007739
1.0680968002961424
1.0679760380030865
1.065951899721455
1.0614721020351197
1.062984422160684
1.0620853963029502
1.063367917713816
1.0639421091771184
1.0648881722168044
1.0688612357052418
1.0681800004992685
1.0620576226038974
1.0612326991706456
1.0594570779194599
1.0601618344310224
1.0617777987898909
1.0579006527027583
1.0574822528942183
1.0576363897318002
1.0572369529110737
1.0577008276829019
1.0577541139816398
1.0593563142515001
1.0629048358439053
1.0607353232865449
1.0650187690741677
1.0628323097606767
1.0622724382070896
1.0627857292991651
1.0602056066698347
1.0569994773129534
1.0561390708857246
1.0605855807107278
1.0608462964852066
1.0577988106340253
1.0565442646123366
1.054354291426865
1.0546154596530946
1.0568160731768552
1.0559452237162308
1.0574353371902065
1.0559812154589427
1.0580104141138842
1.0607315087805966
1.0611037779372172
1.058812691753801
1.056144513550413
1.0540871134613294
1.0509929455822649
1.0459480859485077
1.0511943306549598
1.0501760390051937
1.0491393196553287
1.0483808402539516
1.0483724458260923
1.0504772008040497
1.052013667501328
1.0531346822611083
1.0522023842325567
1.0518962038992874
1.050856094586552
1.0538434942905457
1.054120706442934
1.0516439891413811
1.0494357188318029
1.050829095952261
1.0517037430593
1.0509060192816138
1.0467373826882034
1.0451234580582949
1.0453733654038118
1.0471548036081093
1.0454728259793407
1.0410973189870307
1.038120989391862
1.0362266892429532
1.035693588437915
1.0351039801111834
1.0359182753937193
1.0302869241919974
1.025426091081599
1.0205374022473628
1.0191855141630204
1.0173254988070661
1.0157950126415793
1.0174328525606877
1.0144882648510938
1.0122237490777353
1.0168809641672418
1.0210690606313766
1.0195399304600241
1.0172423855470631
1.015364812671939
1.0135105417410883
1.0117012526721603
1.0115478664468314
1.0119608790394732
1.0076480765912108
1.0090414936883214
1.0046206520614471
1.0005638444416183
1.0008090278153203
0.9990177486730907
0.998838064072457
0.9961265240710967
0.9980123319418139
0.993625735881662
0.9901040317303224
0.9878243784874565
0.9845451127622615
0.9847509572356395
0.9823342873446401
0.9815739664532618
0.979855065019503
0.9788819044375334
0.973966384488957
0.9702167927557456
0.9677999957689611
0.9666179456634405
0.9615981150634649
0.9608103925540903
0.9598241111836862
0.9592507702506732
0.9581502862103628
0.9545313460606915
0.9535380578380321
0.956224468522753
0.9520374306074487
0.9480393779094586
0.9450133969261264
0.9440949206465004
0.9473135953234106
0.9443575471592395
0.9426163119664107
0.9394153148498564
0.9429884765190877
0.9412800716835905
0.9412530828177621
0.9389250432550847
0.93636054472556
0.9317481142900407
0.9360492198619044
0.9371874411719968
0.9351816257190235
0.9323405717489136
0.9303499262955975
0.9336731977197734
0.9338991980670814
0.9333486872694706
0.933389218066442
0.9319081088612233
0.9314372243180074
0.9295257786590572
0.9278275279138917
0.9262068903417873
0.9286015327483487
0.9291411041068575
0.9283175807018649
0.9286122061390298
0.9241767456168283
0.9188490464145891
0.9170255526743126
0.9155874753257901
0.9150920656743546
0.9133737442652989
0.9111903386971647
0.9104956174233511
0.9063068778006436
0.9057794598722164
0.9003322986549366
0.8925895024582342
0.8907550069537169
0.893927834368565
0.8918290159424822
0.8880952104075804
0.8863051712574428
0.8893051617002996
0.8899309014485567
0.8933584530687355
0.892761515502101
0.8919360168296084
0.8909471923352801
0.8921214209674895
0.8901127432425584
0.8856359573397142
0.8883990757573914
0.8872731471116053
0.8862623386325676
0.883959841346093
0.8835732547374523
0.8829796627551787
0.8814180271900582
0.8775060201872245
0.8756907327283999
0.8726282737974593
0.8716057854125246
0.8732693963704076
0.872492086372007
0.8695619160404149
0.868226143007735
0.868507413509303
0.8634852482713351
0.8649166561387872
0.8656490343132164
0.8600155087287128
0.8587330638733341
0.860564383676077
0.8624490797434573
0.8589308273476399
0.8568427718947305
0.858350383954007
0.8556201917302039
0.8542474598045349
0.8567896977602452
0.8534878930387203
0.8549364428689163
0.8534269848476981
0.8489341957505641
0.844163838914131
0.8457031789599725
0.8481440254240988
0.8458556772616156
0.8449141314445674
0.8466850451733399
0.8464501153120094
0.8449459304884727
0.8453582099911205
0.8425133240004058
0.8444577119148949
0.8424739253545376
0.8343121433581071
0.8355731797344179
0.8343142031171358
0.8346102101583908
0.8324921951580254
0.8293015951697857
0.835825038885728
0.8380774010508751
0.8378670963342604
0.8346427109046614
0.8412492484771722
0.8426893166385712
0.8461883965502404
0.8459012332757189
0.8500231508200455
0.8470516301691429
0.8437221091554739
0.840357124168696
0.8384718176928703
0.8379915338672573
0.834803850377716
0.8384442368906223
0.837428446862271
0.8368850652801338
0.8395532761585137
0.8351148643364843
0.8341687470154084
0.8328072359233915
0.835117857206558
0.8381036995489325
0.8387215995315109
0.8421158826113994
0.8403070835187065
0.8389541061468684
0.8393395144419422
0.8393735358321773
0.8352182173066737
0.8342038134567323
0.8338405435481399
0.8345942144842782
0.8346853358668451
0.8338370752622565
0.8353016751863909
0.8331453514927137
0.8302662365537656
0.8295100547950376
0.8289900817412402
0.8298861393903552
0.8260412201506467
0.8254494824338174
0.8208058826736009
0.8183089428363097
0.8199391115477409
0.8214887172003434
0.8230351180107356
0.8211121756994194
0.8189963485258224
0.8150290657548955
0.814107142444158
0.815770107582386
0.8142638410193912
0.8124884921600868
0.8131413821394975
0.813106442665446
0.8105182743931778
0.8083950025268963
0.8041359984774598
0.8001742588783094
0.7971384973762877
0.7930851109072223
0.7907705883666116
0.7911664898962144
0.7902520631813718
0.7878933482309683
0.7875864482395373
0.786137771559494
0.7817550744105642
0.7862722696567495
0.7839053490123908
0.7814092254852566
0.7792243142230427
0.7787445128891521
0.7789224539232682
0.7738647256443232
0.7708181887663128
0.7684210204734045
0.7611092903888989
0.7597263348789991
0.760879930116207
0.7590014833778356
0.7608579170933387
0.7577474439264557
0.7602889268820578
0.764749410386313
0.7656746918638234
0.7634184844181291
0.7578022780080207
0.7559057067739745
0.7554341668712918
0.7528933697476148
0.7529767843881582
0.7555285212328451
0.753462820858419
0.7518034740857655
0.7512640582075396
0.7490247480656673
0.7482558494607771
0.7459483495591942
0.7453109148204109
0.7448095897056177
0.7398391397071731
0.7378111768530958
0.7348347248615061
0.7291883337754792
0.7305874431110891
0.727360880079721
0.7271666315530474
0.7290570860168788
0.730574663828451
0.7266879761055985
0.7244260812931349
0.72380397152278
0.72431271523518
0.7240175100003279
0.7217360115037913
0.7175915466564553
0.7177138307742424
0.7169388291227916
0.7122165592243274
0.7095708444497921
0.7095503379350051
0.7041211114049918
0.7057489493323
0.7101317639318655
0.7106738870829463
0.7131645173686028
0.7146951523422016
0.714247890122026
0.7129842446829542
0.7150265275431043
0.7164884912585316
0.7185757414453304
0.7191599347435955
0.7215108382295035
0.7198434816451968
0.718245416992674
0.7176701642945414
0.7133955899592435
0.710277743000301
0.7136814064278407
0.7125527116110442
0.7126750666545696
0.714646025779305
0.7139155159175578
0.7143696311987945
0.7159300419921883
0.7132922839872211
0.7061012003549798
0.7032781102034474
0.6976268967164589
0.6994325393160324
0.6988972190589062
0.6972706637929158
0.6978053123043493
0.6981776652644669
0.6974162236841865
0.6970323009532121
0.6949379062343416
0.690783509264594
0.6920956310097672
0.6954084035124577
0.6974022001264261
0.7001076276383802
0.6992653585389618
0.6982284811225787
0.6981051978781561
0.6946181698204138
0.6962969385977433
0.6948048874815583
0.6912545602803831
0.6929822667842129
0.6954230454141875
0.6906914072555134
0.6896256146768988
0.6876300937433492
0.6883947855319665
0.6884546223605554
0.6845389931180664
0.6862241559876587
0.6864077500375321
0.6831796523713196
0.683077862385652
0.6801958525234297
0.6774160437670546
0.677881558215038
0.6771846062731683
0.6789599086574205
0.6790861782899408
0.6807128404671767
0.6794518069823523
0.6799437589879681
0.6778227324605298
0.6781889326589685
0.6770762674186181
0.6759159272127098
0.6766809173373128
0.6762057729787483
0.6745216843068869
0.6726951974982854
0.6712528325391787
0.6701697626809887
0.6666042036670816
0.6654802091339458
0.662925840387783
0.6585862491755389
0.6595762127408238
0.6589479297429929
0.6580470038486453
0.6564134969447525
0.6558889089219937
0.657183482101893
0.6583368400275822
0.6598533753724446
0.659379028912493
0.6583600425823857
0.6586242461275925
0.6596650339814076
0.6602107248291441
0.6598562180303265
0.660597638931095
0.658323487032004
0.6569869797695909
0.6548840686491866
0.6564989170953784
0.6564544075833202
0.6571176512522356
0.6555903393751825
0.6573084517028911
0.6533972357793368
0.6512019042165555
0.650082265829976
0.648050836888566
0.6477568657665391
0.6427568252849344
0.6412592061674492
0.6398823026806586
0.6398122694794878
0.6393570740914649
0.6407833546598285
0.640055070259647
0.640727143741934
0.640952506724166
0.638129654195472
0.6379254177999331
0.6382782910759429
0.6378505068821914
0.6376708910325549
0.6345193078946226
0.6316001648676755
0.6294836050653037
0.6286040298978917
0.6276740806971913
0.6238369527147507
0.6189106407881251
0.620449541318006
0.6203264460742939
0.6192147623974311
0.6167509260349217
0.6133997484866125
0.6201700823731474
0.620439983770747
0.6199385635181233
0.6176434157933227
0.6165056444835391
0.6166550458664913
0.6156982459660294
0.6128914062826384
0.6106049087537109
0.6107253722837858
0.6088444862383011
0.6082775723994598
0.6078970636067937
0.6059822346533057
0.6064142337032985
0.6062002675958825
0.6071690941995395
0.6061678809150526
0.6058015661637062
0.6053711231622945
0.6048744379348814
0.6033758953310855
0.6039506329860698
0.604306886200138
0.601866798907098
0.6006504361300554
0.602744983191114
0.6008249644676562
0.6008802178146551
0.5994320570503657
0.5995170954005686
0.5983795087466152
0.5976120715655138
0.5971710072963784
0.5963318984454962
0.5980740080993736
0.5989293645853487
0.596106963679092
0.5946460191291394
0.5902138117789314
0.5894811504877382
0.591107835444748
0.5903675271828518
0.5860061824455493
0.5822898114045937
0.5771478992057459
0.5773265021599783
0.5783389258834184
0.5781114172283327
0.5729434884780449
0.5731804657608266
0.57269519335911
0.5722987599021754
0.5715296060394055
0.5675132809423307
0.5696821125976145
0.5712075508160892
0.5725582261092462
0.57180947098109
0.5729287913053885
0.572372864791013
0.572091905310295
0.5738077251938906
0.5731362600472234
0.5724257559734707
0.5711779202299899
0.5713237091579679
0.5701313780747321
0.5675263486240162
0.5637434617755612
0.5628427426641471
0.5628920525837315
0.560943083902018
0.5595454554633388
0.5585228287067593
0.5588021110992363
0.5587000521081016
0.558263099151441
0.5576827998965482
0.5582419522972533
0.5570439297901866
0.5539605229161904
0.5512848706562608
0.5482518611026079
0.5465401353703118
0.5442638601908717
0.5479802268917175
0.5472205760378992
0.5418732713878669
0.5422191178679601
0.5424064199514802
0.5419675515433126
0.5403078641756356
0.5411467378279567
0.5401963459772606
0.5413621441072505
0.5401517114511936
0.5370285552979469
0.5349563549988547
0.5358809744978387
0.5359791355893776
0.5369103534851798
0.5352814303448408
0.5320872021280947
0.5284044435890585
0.5290335789744003
0.5288853216889854
0.5265098773930275
0.524826436483683
0.5268826655619934
0.5265268743637394
0.5224495933831613
0.5180916991508873
0.5167704214369165
0.5165206993355465
0.521482857456158
0.5190923074903073
0.519408753431395
0.5211256286367294
0.5188178955963291
0.5177956260790306
0.5132368327461299
0.5087911930732805
0.5043474341759568
0.501975263618396
0.49624450566706485
0.4944675200283698
0.49459905749227107
0.49586561088225684
0.495114991104119
0.49058554263192633
0.4892335470203998
0.48741031116356465
0.4876461548161874
0.488266262947616
0.48665094489041677
0.4853412152698561
0.48636722785148656
0.4828736492622525
0.48087744794583687
0.4800258949953274
0.48106046059543167
0.4796170615801601
0.4826984998485079
0.4832294983358996
0.48253291638534207
0.4829252741357231
0.4835558790138289
0.48040767524180206
0.48074039364661997
0.483209543614141
0.483304384704945
0.48160274313753043
0.4796080874118032
0.4786836418113151
0.4794004004869258
0.4786241846962386
0.4776041506344968
0.4754100089266952
0.47520407304336726
0.47231273915521
0.47428705194281945
0.4762041729681702
0.4754654620528399
0.4755294156304094
0.47288496946266756
0.47045730707495725
0.4706552982052693
0.47084480229061193
0.46580544855633466
0.46141773146235526
0.4605339188144638
0.45620489171154316
0.4574738122222525
0.45675465965650536
0.4575967423960258
0.4559793254486868
0.4567485225131514
0.4556262891732629
0.456027613801773
0.45556613654671824
0.45731911600352726
0.4553913601617772
0.4546359736175377
0.4581420775659841
0.45716058263207177
0.45762839200640915
0.4572958167553722
0.45771060770907174
0.4581260146975967
0.4563096196898274
0.4570324827719701
0.45480005717784494
0.45451752129332784
0.45312114056688096
0.4520515679159837
0.45278352540755307
0.45112828751222017
0.4516026264148344
0.4499780090086579
0.4472541769050092
0.44587353184106593
0.44628220451491823
0.44495871299956596
0.4436059364457523
0.44470997672449364
0.44310922596292074
0.44378822339496776
0.44005716971378617
0.4412795021395331
0.43853390631118583
0.4372478666338079
0.4361104918190673
0.43807814876544837
0.43775435404940655
0.4375528564200758
0.4384042297543546
0.43975108994088796
0.4403274619067045
0.43858971618534587
0.43642473532700166
0.43652885967341987
0.43692570120760443
0.4368343927914434
0.4376345433900662
0.437360724619658
0.4373278132203895
0.43615260477011386
0.4361557468775675
0.43495877100737895
0.4344230312661034
0.434002684544884
0.43378653604816864
0.43359762743544145
0.43463317573861887
0.43194309685071686
0.4301740620495445
0.4285415715801899
0.42791937594231744
0.424206103169462
0.4235628448924369
0.4232066163742839
0.4243530846731122
0.4223079891407463
0.4219659032028732
0.4220102066781638
0.4218612872225246
0.4213645943932193
0.4194593640727141
0.41984649683588604
0.4170021284535764
0.4175352667931314
0.41801917975929853
0.4171411013960416
0.4152152737118521
0.41502095713760145
0.41591568322056266
0.4132419626458329
0.41181511689205663
0.41041694256815753
0.4097600626587471
0.4078954009301605
0.40965610778855177
0.41079116126245435
0.4077724458644469
0.40805265312802674
0.40193488184829074
0.4016479908658167
0.4020857491325097
0.40336077836180023
0.40275853290565033
0.4036480335461368
0.4038658973945758
0.40389397718219866
0.40384976817452073
0.40331999850851685
0.4029982513027993
0.40327037110909647
0.40243930819122625
0.4006954311572627
0.3981169560533506
0.3967095435943076
0.39943914558867477
0.3979434614241696
0.3975325818401775
0.3976898976268777
0.39914863789426647
0.39709019679768554
0.39579490412844825
0.39378395208567796
0.3943796269116141
0.39362639312947334
0.3947239100326496
0.3941209581992525
0.39291941922956586
0.39380195713925453
0.391899953898221
0.39194436610335914
0.39134872813371985
0.39178999156923944
0.3911166481590084
0.38947980555004125
0.3904366581908151
0.3923228830797446
0.39283827792687986
0.3877369612004142
0.3859998141951014
0.3843897699952222
0.38361465371450815
0.3845871528841072
0.38405995457502107
0.38287180407120763
0.3826144092108608
0.3831124651607766
0.38253202414795184
0.3829490392209737
0.3822010035631882
0.38175953884382924
0.3801672650134603
0.38225881128083555
0.3836960979853235
0.38345648999439064
0.3824563277743367
0.3822277401752486
0.3826631684425592
0.3800873140038646
0.3802535170055286
0.3798326680385267
0.378335390782761
0.37735073159848564
0.3772133823399756
0.37384724413160375
0.37372689833771155
0.3740226685639694
0.37344929654548836
0.3749540482069843
0.3762538940256576
0.3755060888386573
0.3721733356810265
0.3737518942109574
0.37366513270789337
0.37455404792309765
0.37586213697679016
0.37538439323968326
0.3738512213985626
0.3738411780421405
0.3762545250486614
0.3734078269983954
0.36962554019546773
0.3692535521583048
0.36376072927015735
0.35955700627769427
0.3570083515600389
0.35690722716783796
0.35674580018648905
0.3549540230771445
0.35407886536951017
0.3533068425983377
0.3526044646768271
0.3526480373386471
0.35245333205554374
0.3515711669075132
0.3479409731105757
0.3473323785825059
0.34720040597518526
0.3479400186860673
0.3468930474311985
0.34538248568816865
0.3445735801756228
0.3446410236942814
0.3454829873292161
0.3394707686294435
0.3382708599559758
0.3370259881485785
0.3366075178007818
0.33573297586956924
0.33698058055638797
0.33384487774686017
0.33478947856392266
0.3341824311119391
0.3324542482137581
0.3259095920396524
0.3250749533352558
0.32305612078667434
0.32148726472691896
0.32003162626951454
0.3192665486985077
0.318822997321229
0.31465781490631795
0.31432488205976206
0.3134280190511986
0.31295136573416793
0.3127490013789853
0.3114063555940265
0.31109954111648325
0.30852140774150183
0.3057810532127169
0.3000254459987558
0.2977464657914711
0.2960732301349044
0.29372071987391657
0.2911353243381355
0.29033055318155504
0.2894997915687273
0.2862647689262226
0.2860551374631935
0.28519186519777906
0.284054165663632
0.2837174835719289
0.28211600033302553
0.2821038902057324
0.2797186412153342
0.27918597365667236
0.2792622930008701
0.27464051529716127
0.27420723595885094
0.2735013094932722
0.2720055719121905
0.2713921047535948
0.26996083576384833
0.2690315596970264
0.2680187758661274
0.2670853868676298
0.2645686860050422
0.2599551122228972
0.25943849268231134
0.256054815299398
0.2539985832149833
0.2539985832149833
0.25421159460941745
0.25358721594362804
0.25154557800263266
0.24990187245078266
0.24736941967535056
0.24730225203067704
0.2465210975937287
0.24341168325475243
0.24324872968044792
0.24317952978605936
0.24307893626955188
0.24307893626955188
0.24307893626955188
0.24098179364492717
0.2407925304936407
0.24100576577921942
0.24063235172107172
0.23983171322814564
0.23883188880698986
0.2385956107306785
0.2385283452832767
0.23814009263149769
0.23784933766667055
0.237044718815834
0.23590053071575343
0.23383923844173898
0.23383923844173898
0.23345378429404623
0.2297936542066943
0.2283002111068142
0.22763058143350895
0.22763058143350895
0.2265136664875893
0.22605411633830386
0.22453406193598086
0.2238730615058604
0.22333487694503837
0.22261377598203097
0.2204649047154917
0.2204649047154917
0.21757481230223635
0.21627706509265904
0.21637430421907294
0.21604453732807408
0.2159642086047872
0.20924808301975703
0.20974788791357116
0.20777757993871662
0.20777757993871662
0.2074589528508053
0.20554177122784673
0.20526140693376468
0.20546628639767522
0.20556457209878776
0.20557126141729026
0.2050292914439181
0.20475329042230342
0.2037611817457477
0.20331136776796602
0.20331136776796602
0.20306953351148177
0.2030116372209017
0.20093651235303608
0.20083205828088904
0.19989765419414085
0.1989395756579842
0.19891047535921308
0.19314719297651234
0.1931385904447469
0.1931385904447469
0.1931385904447469
0.1929326544314986
0.19281627122651548
0.1916799821663485
0.18933977506590943
0.1888746518053266
0.18589363165010073
0.1858900507379762
0.18579835557447436
0.18579835557447436
0.1854457876975461
0.18492522267798256
0.18483394270035303
0.18444707327794746
0.1829509787005925
0.1829509787005925
0.18269142108700048
0.18269115956954832
0.18174762005298603
0.18175246939566664
0.18175246939566664
0.1800735289047593
0.1790786248797229
0.1790786248797229
0.1790786248797229
0.17897966125457707
0.17708892621989175
0.1767899445125614
0.1759204267185987
0.1748763453703817
0.17485238570988754
0.17347032209818009
0.1704722894533721
0.16843800762652633
0.16843800762652633
0.16760933756366975
0.16726486438326932
0.16721106390538282
0.16705944909827491
0.1670459577857905
0.1670459577857905
0.1670459577857905
