0.0466667 0.03662883724786503
-0.0866667 -0.08516366130466979
-0.3733333 -0.38579001218620335
-0.1533333 -0.15456532167631837
0.0366667 0.019956475823513176
0.0066667 -0.018151900354554357
0.7633334 0.7451438897992236
0.61 0.5439038723702169
0.3833334 0.3802139447699984
-0.28 -0.2878370135048345
0.56 0.5516450336344996
0.1633333 0.15109566513262218
0.1266667 0.09073585616800853
-0.71 -0.7343560705167187
0.9666667 0.9646143132426004
-0.86 -0.8618929066185138
-0.59 -0.5795751824815842
-0.2366667 -0.24106531693520972
-0.4033333 -0.40429969340173605
-0.7566667 -0.7574353614937472
0.7133334 0.7122670142105314
0.4233333 0.40874342170179295
-0.2933334 -0.3069779120804942
0.72 0.7010158253990662
-0.9666667 -0.9476615437730135
-0.9966667 -0.9949680093221765
0.9833333 0.979191742557555
-0.6666667 -0.6552720457066332
-0.17 -0.1386579601058756
0.9 0.8683792584871682
0.03 0.018098573005901952
0.27 0.24717859445232676
