1.607742155889468
1.3843375788144703
1.3843375788144703
1.3836312280132814
1.3874323044401011
1.38407562345408
1.377351355533486
1.3853791118178234
1.375773280513884
1.372681762177688
1.3700935220018045
1.3624054262819103
1.368002513415774
1.3687346780010188
1.3724054428202346
1.3733830775651816
1.3703381751028074
1.365414347112506
1.3446538928367682
1.3657995470468827
1.3532406797505765
1.334924826319997
1.3463627874002781
1.348936204419632
1.3458185999931553
1.3386102735967478
1.3319237734252136
1.320405880609614
1.3368479809838092
1.3378194813200661
1.342333161193583
1.342333161193583
1.3414697014378656
1.3419235645579484
1.3357035035641935
1.329510538621229
1.3380055963410835
1.3238054150299394
1.318044837592582
1.325270794886704
1.3144358764816
1.3216552307258478
1.3166377778991625
1.3221240340168836
1.3149081207370048
1.318799368310753
1.326935235402047
1.3237488913521844
1.3092352753975272
1.3284751118659288
1.3296531369692706
1.3163703149750738
1.3145306499406115
1.314132570045944
1.3191061489368885
1.318680432786794
1.3170991749914167
1.3310233805604585
1.3179501600890224
1.316334767948299
1.3090396024044628
1.319159300455282
1.3274465091151986
1.3256189204275608
1.3250939698512438
1.3335607932809295
1.3397465548152598
1.3404154924981238
1.341876834832784
1.3546768300568524
1.3537539991004914
1.3432757061864309
1.338946162602269
1.3335140811219384
1.343004743006637
1.343004743006637
1.3311703467591085
1.3329655315323645
1.3374669361361187
1.3229861465780912
1.3187849453064773
1.3157682947201907
1.315896074959397
1.3092485786335541
1.312521415872021
1.3144738059677594
1.3148347908197833
1.322558190156135
1.3118818575868663
1.3122685577666784
1.308593407104287
1.298383317061705
1.2982045777231817
1.2879653935299207
1.2836445633451188
1.285996547349389
1.2841799660687065
1.2868353401732455
1.2868684201836005
1.277815102209326
1.2780863611757831
1.2705160860398625
1.2642906696959921
1.2519600991715842
1.2542494971067264
1.2542494971067264
1.2582580461963728
1.2655359308491483
1.2597057171026949
1.2532971356741793
1.2532971356741793
1.2602469618993803
1.2595951848736433
1.2540524558684805
1.2677420257300538
1.267780537013439
1.2669260539290008
1.2662489028011823
1.2740877541810396
1.282039753596739
1.2752443646416354
1.2651314443713837
1.264463592489722
1.2415217177783995
1.244359608272291
1.2499972129662695
1.2416813118458998
1.2442251596685825
1.23429172880308
1.2287807651232545
1.2457582731513799
1.2382661962694472
1.260363168315514
1.259684750874199
1.2645380561259443
1.2726986595406917
1.273111190761148
1.2751229291941895
1.2838331592306618
1.285830894162358
1.2830828489091526
1.2845212528732852
1.2840858078891193
1.307736922470875
1.3078768793059936
1.306490874541166
1.304529532038608
1.3218438272890556
1.3252957929944098
1.3231540870271579
1.3111839783606283
1.3236734149196783
1.3239632760645492
1.317484030408093
1.329730287579748
1.3378393301395985
1.3417464084858848
1.3349169798997813
1.3354187234398613
1.3309768173132
1.3337757222711961
1.3346059461128899
1.3344464578292656
1.322725543017123
1.339563625409147
1.3440563863166515
1.3403960506830341
1.3415287147394768
1.3414490599044784
1.3321992741227615
1.3426922323495505
1.3457064334280902
1.3475108518593768
1.3485337918872755
1.3484647248324602
1.3445668295868796
1.3474383295741779
1.3445550568016846
1.3481469499833476
1.3478442782025066
1.3627378441013047
1.3630194221095493
1.365157030223517
1.3660608978140625
1.361422935518858
1.353359292336651
1.347132824608802
1.353952460167596
1.3363495211477878
1.3409852520356145
1.339435260181676
1.3285529239656924
1.3218369748494148
1.321192082382152
1.321192082382152
1.3238601487238149
1.3238601487238149
1.3238208348779574
1.3136613781982853
1.320999659131975
1.320999659131975
1.315105908543432
1.314818994799673
1.3192892948491763
1.322385733359215
1.3031852659277092
1.3041999325381368
1.305784798310726
1.3142415799396405
1.322056097080686
1.321520686915651
1.3170910990091012
1.3171829549453473
1.3104639976367665
1.3109575649609508
1.3222573788112824
1.322425148629709
1.3287642092949128
1.3275466070793267
1.3229022316927805
1.3229022316927805
1.3239752809209773
1.3256613239019486
1.3471498385708935
1.3508231779263067
1.3538476784107873
1.3454766203964448
1.3426314605279748
1.3602890577050486
1.3360893516899337
1.3289359150143973
1.3375639761972424
1.3324784908611866
1.3302236896183426
1.324358892561973
1.327122926878708
1.3287689364436535
1.3367264782507757
1.3364358802702943
1.3364358802702943
1.3358314301696927
1.3364929849750244
1.336897885268997
1.3374128298358303
1.337403967505844
1.3514529168373206
1.3439910426950914
1.3439910426950914
1.3324997702256463
1.3198777088889673
1.314816084453898
1.3119414805013139
1.3127657307670226
1.3139670075069085
1.3159819484665727
1.3146117678663338
1.3114990493045877
1.3261221235106386
1.325972882399936
1.3065027753829117
1.3110984031382702
1.3142179927348971
1.2971895422033157
1.3017675320305708
1.3093309363801848
1.301557359944473
1.3038633295825708
1.312042311748845
1.3100988369717752
1.3245903765021985
1.3313191716381911
1.3366210690737055
1.3189464952379992
1.310749091217998
1.3168871111460865
1.31553101360427
1.31553101360427
1.3082644973738329
1.3003463700629896
1.2907075983609892
1.2974084743656848
1.2873596528827869
1.2873713758796461
1.253997637983156
1.2585614731517707
1.256389225209143
1.2547740000945056
1.2306294565780798
1.2298793951718403
1.2304331661283987
1.2393898834215045
1.2394918813387288
1.2394110226602109
1.2397614396789733
1.23253674929263
1.226110889373579
1.2288682370551158
1.238676637885309
1.2374748813725784
1.2506314055360408
1.2378029645653619
1.2214309078868817
1.2164214984800719
1.2192660799098307
1.2173553182353845
1.226967865117062
1.192903631991871
1.1929154851751054
1.1940218176037438
1.1940218176037438
1.1960639165904652
1.1968686715455519
1.2023830490475174
1.2046343627844691
1.1788438680324964
1.1883785076946556
1.1912122439996973
1.1921533590513504
1.1992163057185745
1.1992154858418727
1.1877594473110733
1.1724765542841986
1.1752763373985071
1.1831141849420714
1.1801990453849343
1.1778477635316342
1.168986986762352
1.1618026675492
1.1686458925109875
1.1550546369646353
1.1508500267835844
1.1569780624893324
1.1487821171543744
1.1488326827787088
1.1319503388786798
1.1271283175675102
1.1274260951411674
1.1404159657463595
1.1377205153307384
1.1479452315141458
1.1417295190314125
1.1544633244523925
1.1490940492044257
1.153392597509704
1.1613095030332525
1.1533204292842854
1.1411286084640166
1.1519594061866656
1.1486519388416168
1.1488101610804171
1.1387419348102445
1.1324294882144148
1.131448384127981
1.1448394036935001
1.1501567232485554
1.1350262016698214
1.1350262016698214
1.1345334098768607
1.1196520895911228
1.1207884146994282
1.1139126798633119
1.1131231886080761
1.1117388536939945
1.1137082090594437
1.1246766210455958
1.13446299216921
1.1345442625449345
1.1343033029867873
1.1343763292774365
1.1363198704509672
1.1358458556158444
1.1356417843122628
1.1410532331595282
1.1409644642907244
1.131514216266921
1.1343942272361855
1.1332250149954524
1.1314040543168467
1.1444571079765236
1.1475038912699598
1.135610233136416
1.134433575962643
1.1476570628224885
1.1467644854053214
1.147831989665667
1.1461539810649155
1.1448054044278224
1.16741162185289
1.1595226635469713
1.1598154468208484
1.1859582085230507
1.1966352942200498
1.1958863677541938
1.1876797552984533
1.1963065581976318
1.209032253317855
1.2099842827119152
1.2188823590966613
1.1942694090031545
1.1942694090031545
1.1936323734013916
1.1936330096176573
1.197590463266468
1.190874964723739
1.1871463274409395
1.1801437538267352
1.1801437538267352
1.1821704818807026
1.1815152876559867
1.1582826067035068
1.1593030197006682
1.1457237216498615
1.1457237216498615
1.1388255299210353
1.1351351409966668
1.1344402134381644
1.1369222111671473
1.1370468151708732
1.1530886479419633
1.14874761547125
1.1459760196435318
1.147722758339724
1.1348543311610755
1.1427065228030495
1.1471979184222356
1.147540221338141
1.1529860707312671
1.1529860707312671
1.154033627850502
1.154033627850502
1.1542137288654846
1.1630225315284672
1.1686717304872898
1.169546039297915
1.1692962598181833
1.1685203218163085
1.1675993298060359
1.1897533534112308
1.1955335536347913
1.1849176753311286
1.1833123408321535
1.1833123408321535
1.1836709022942993
1.1906268894160517
1.1922449954487546
1.1967983142818492
1.2045672454944103
1.2059146476955562
1.204657685944253
1.188574995036864
1.195692701247128
1.1952670428571484
1.1953470332733167
1.198485095961769
1.201382718221146
1.201382718221146
1.2003769051139974
1.220856308016021
1.2294992435571286
1.2244173514591405
1.2135239199418588
1.214314422048342
1.212116330823625
1.21403707308494
1.2231086843991503
1.2124361090384221
1.1975487963536438
1.1975487963536438
1.1975487963536438
1.1987031813091917
1.194207236119485
1.1945324844395089
1.19245191434412
1.1789414147015653
1.189785209636495
1.1925082310633794
1.1869307791264123
1.1878039186943548
1.1746208439984591
1.1664430202385803
1.1603686108660043
1.155762341311066
1.160655046194554
1.168684327340541
1.168684327340541
1.166340006916305
1.1692534626044813
1.1787881222797283
1.1816458463730368
1.1691061456352787
1.1744333259825612
1.178995343043288
1.1857032902044098
1.1815403954775912
1.1967384860595667
1.186023344041872
1.1831868972488595
1.1910430478674903
1.1979183430824738
1.1976357589103088
1.1928561278699454
1.1725379619697296
1.1737306551932518
1.1695397952544702
1.1719122749480928
1.168551389540083
1.1798853418964783
1.1858339500148922
1.1847582635126008
1.1845930454097773
1.1893620528705353
1.1669572096406902
1.1615288777457495
1.1520765830277793
1.1332899734596154
1.133327963137291
1.1343952469218928
1.112342504123702
1.0994210184231008
1.10743007919183
1.10743007919183
1.10743007919183
1.107503768717645
1.125445771210002
1.1224800923937588
1.116123972299534
1.1163539249562917
1.1201033521882318
1.0982971499300032
1.1135984169217557
1.1135984169217557
1.1127530396794303
1.1077836816288664
1.1022765297716803
1.1022765297716803
1.1039758106269986
1.1147684862554486
1.1302398740150317
1.1180170876418458
1.1249098141722624
1.1408500147329546
1.1298572943807084
1.1130620676709575
1.1144177937733404
1.1144177937733404
1.1269879182802671
1.1150153384407648
1.114544599222738
1.104424062211554
1.1047856020708933
1.0967955218256071
1.0957712036261462
1.0968047596443506
1.09969450880271
1.1011227933021706
1.1138245244602754
1.1173558150027776
1.1179235308111215
1.1036883092697176
1.084671254470175
1.082745318737287
1.0848613115612358
1.0848613115612358
1.0926024020705616
1.0865440212990987
1.0857847455859742
1.0874226278630355
1.080032842748645
1.0756769921278082
1.0808462928092275
1.0772344885954945
1.066396963854718
1.066396963854718
1.063432917278287
1.0472103166431481
1.044666772231579
1.0589323713004584
1.0589323713004584
1.0700469452729184
1.0649331179372015
1.0628099361665206
1.0751740614024492
1.0808134776025184
1.0808134776025184
1.0798657737130013
1.0813750257875272
1.0813750257875272
1.085651152975972
1.085651152975972
1.0771569239135648
1.0720000695217402
1.0720000695217402
1.0747679886668025
1.0732803330870853
1.061330520777403
1.0571925673821025
1.05671844316278
1.0567426220321392
1.0622668174507073
1.05873447878047
1.0569704505103594
1.0569704505103594
1.0514690796017963
1.053792307970807
1.053792307970807
1.0491522959114215
1.034926665795159
1.0312034065032372
1.0312034065032372
1.0195267023735424
1.0339582191166563
1.0351018122043287
1.0327175638565878
1.0201285650280643
1.022580402069
1.0343288243752782
1.0366660729984578
1.044901544625055
1.045718249716715
1.0456404273898292
1.0391427272561677
1.0391427272561677
1.0400259115865818
1.0302272327827673
1.0313721141713525
1.0313721141713525
1.0406625874205493
1.031672707221912
1.0338066367008163
1.0161910034496469
1.0161007238685638
1.0271353420098777
1.0278177283321797
1.0280466199665113
1.0159761667746914
1.013503636048267
1.0095823197333587
1.007705179189062
1.0018628562451664
1.0021258727573465
0.9990920903905596
0.9985536445498522
0.9910962262030654
0.9894323855470435
0.988803795596152
1.0048996457232906
1.0025068546158955
1.0053705045173358
1.0199201534745246
1.0410656582204634
1.039528585111217
1.0394409540164484
1.0236908720377083
1.0185444866874713
1.020353361731173
1.0180753225437957
1.0119964144674214
1.0145854277370714
1.0181189842845162
1.011684096609059
1.0070325618786287
1.0070325618786287
1.0072810989392054
1.0133443783303766
1.0133443783303766
1.0137356031293763
1.0133350206023077
1.0167746280470527
1.0093285491058097
1.0063122308266175
1.0086546684817403
1.0029153752196789
1.01392489881073
1.0128381262921073
1.0045227425088887
0.9930101954364937
0.9896972532876434
0.9896972532876434
1.0060534562983454
0.9827430998090207
0.9827430998090207
0.9827430998090207
0.975537301767083
0.975537301767083
0.9761792239663711
0.9761792239663711
0.9731403177513559
0.977851130230412
0.9785885016620682
0.9782143260992384
0.9784911816762513
0.9784911816762513
0.9726809756584653
0.9725444485350735
0.9697141574685147
0.9694553342347132
0.9653344202536613
0.9653344202536613
0.9653344202536613
0.9760407837163598
0.9398099338111541
0.9396446547589522
0.9613448218880788
0.9613448218880788
0.968472060381244
0.9664973366283973
0.9661400004667497
0.9615685273908056
0.9610685542562551
0.9611996768277256
0.9700903845793545
0.9731200620579653
0.9711181911581827
0.9702812040599845
0.9639187390035528
0.9702922160363667
0.9694172821479933
0.972942205516096
0.973301998564559
0.973301998564559
0.9715678341103265
0.9786662282750304
0.9858965899215804
0.9858965899215804
0.975547992908097
0.9786466690489879
0.9786381080804311
0.9872710246370329
0.9884510344547633
0.9808273508703732
0.9808273508703732
0.9886993169486863
0.9899845226385448
0.9782419595748002
0.9705330676697147
0.9705330676697147
0.9746272787141832
0.9935981020962333
0.9922385252409243
0.9914704412034544
1.002053088660021
1.0019375407118514
0.992038290473914
0.992038290473914
0.9585309909808235
0.960904401348957
0.9718262064529091
0.9740424970008459
0.9701080412849814
0.9687756587369869
0.9656218282830844
0.956043685512519
0.9560259250681429
0.9560259250681429
0.9605100708443776
0.9605100708443776
0.9603567613776911
0.9618612859507457
0.9427409396338076
0.9427409396338076
0.9427409396338076
0.9388824703922649
0.9375132667186572
0.9349531865832019
0.9349531865832019
0.9336137273472218
0.9267673438682533
0.9268073075585012
0.9210880361776211
0.9099194359109344
0.9120113597210623
0.9047157885842839
0.8892753201147511
0.8911412906821978
0.870891698742187
0.8649097392581732
0.8704955943448381
0.8677831679567505
0.8677831679567505
0.8666390056489061
0.8647924172914693
0.8689931256786358
0.8633953143520532
0.8633953143520532
0.8651898687176355
0.8558308530807484
0.8648819240928869
0.8637463593313305
0.8657723295774233
0.8657723295774233
0.8428695635599277
0.8430959308236898
0.8481102273539084
0.8652294952361024
0.8635610391952359
0.8482028322463443
0.8488429276997763
0.8488429276997763
0.8498139687084986
0.8498810566807407
0.8498810566807407
0.8525494616205593
0.8656003062715597
0.8655147571083814
0.8723238812808355
0.8716443105418502
0.8620629336449871
0.8611768589716837
0.861213736316721
0.8621126271089095
0.8686691493078825
0.869234226899526
0.8585285286530977
0.8660041964662482
0.8660041964662482
0.8603489292420117
0.8603489292420117
0.8575318604978879
0.8515433815908807
0.8606331313105088
0.8561493568913601
0.8652149905992415
0.8603965358957307
0.8598678025986198
0.8598678025986198
0.8674957291293004
0.8602524242580728
0.8692306731096621
0.8705428167030203
0.866157296034429
0.8720088803745207
0.8660519329515234
0.8670618730875035
0.8707532839585413
0.868403622847646
0.8619382525080314
0.8651823303827709
0.8663549844798594
0.8650431145610418
0.8616307388530828
0.8584659688520901
0.8371734116773059
0.8371734116773059
0.8453257800283565
0.841661104868198
0.8415078418422244
0.8413281376734032
0.8410062066342846
0.8419230764347161
0.8376530179666161
0.8376530179666161
0.8411601099151561
0.838339548609238
0.8327492271345769
0.8217191100313841
0.8282296722693727
0.8285532828816737
0.8271019885286861
0.8268958652043115
0.8230936930958065
0.8176978909072231
0.8180450967791142
0.8203767377398925
0.8228357563309655
0.8223588190654918
0.8214246616090358
0.8241695159916852
0.8278202669680009
0.8143023633144267
0.8236956233029994
0.8236956233029994
0.8161679409582565
0.8013555215821803
0.8013555215821803
0.7929681071477319
0.7988593530429792
0.7922534193263302
0.7886528630060469
0.7895941519470445
0.7859310932810156
0.7901753858169783
0.7771869544291693
0.7769787412237755
0.7808539094791253
0.7805296492299058
0.7756139702992871
0.77373523382537
0.7812947314075024
0.7807076392278143
0.7843607132718252
0.7850269804581556
0.7848025062289372
0.791339593961744
0.791339593961744
0.791339593961744
0.7884846951085414
0.7887951626259717
0.7755762778015409
0.772333045283646
0.7719318372618568
0.7719318372618568
0.7897828324162226
0.7897943750765343
0.7682160149668289
0.7675235207638333
0.7546437159387116
0.7692767204220204
0.768835241905355
0.768835241905355
0.7752888557557587
0.7750715107021168
0.7678564456402095
0.7678564456402095
0.7678564456402095
0.7784856735281473
0.7670025927530458
0.7735883209256544
0.7770095165237042
0.7721003279361673
0.7682724310550885
0.7600670123485812
0.7417934470402899
0.7477515528533144
0.7350412999556247
0.7327475763485087
0.7327475763485087
0.7351191307258413
0.7361657518183008
0.7127636410283538
0.7217741979432097
0.7228886349522722
0.7257095267214603
0.7231838822036323
0.736114242259865
0.7293292384653595
0.7357610762154777
0.7345513650501228
0.7345513650501228
0.7182924774187076
0.7182924774187076
0.7201209586011786
0.7207764299029555
0.7231795776980189
0.7212574307084468
0.7212574307084468
0.731556510552482
0.7268484944056322
0.7292277665935438
0.7292277665935438
0.7365030558672605
0.7365030558672605
0.7449090942473037
0.745031007879814
0.745031007879814
0.737026143538242
0.737026143538242
0.7447776061567661
0.7333098096048033
0.7234869466151155
0.7234869466151155
0.7234869466151155
0.7224552525180872
0.7224806822092258
0.7183168789860035
0.7183168789860035
0.7082094202764595
0.7082094202764595
0.7082094202764595
0.7157686990596033
0.7075281724805181
0.7184885650086555
0.7200245227709141
0.7150444770826522
0.7069213456158219
0.6926276954637491
0.6890394400768933
0.6890394400768933
0.6671477916959211
0.6612101701019434
0.6667495348815932
0.6534997971163542
0.6556495986703108
0.6468686067267942
0.6420405461130559
0.6420156352033664
0.6420156352033664
0.6548423296980311
0.6548423296980311
0.6548423296980311
0.6496258945467556
0.6526288977286931
0.6491033370845928
0.6488687684015352
0.6495560318421562
0.6470015105837975
0.6470015105837975
0.6411056963427637
0.6364330122724564
0.6355888779023684
0.6269174266291418
0.6265448332286332
0.6265448332286332
0.6170724121002907
0.6184056890946683
0.6175062661478636
0.6251242923458866
0.6290583601165094
0.6289631727540231
0.6385344016897004
0.6385344016897004
0.6385344016897004
0.624435868893741
0.6252907622260778
0.6184251580384127
0.6184251580384127
0.6182343956877756
0.6182343956877756
0.6182343956877756
0.6198994765264537
0.6210679097588478
0.6210679097588478
0.6225076979196136
0.620095313695257
0.6249929854215602
0.6132112706000298
0.6212301306932261
0.6161480749901497
0.6161480749901497
0.6128177177561411
0.6128177177561411
0.6072048034780694
0.6072048034780694
0.6024606930549559
0.596793993974059
0.6011530624820356
0.5961472127088241
0.5961472127088241
0.5992236279964936
0.6004565981905284
0.6002718429614415
0.5956198114316097
0.5971976077274688
0.5962950895434349
0.5962950895434349
0.5962950895434349
0.5962950895434349
0.5962950895434349
0.5927121142720314
0.5882782805628282
0.5882782805628282
0.5858368719073368
0.5858049883987212
0.5835405442085952
0.5869561072726304
0.5868843180427152
0.5872204352961635
0.5908589024076721
0.5834146813144707
0.5815371335058787
0.5815371335058787
0.5816693687435038
0.5852513680497969
0.5872699001005193
0.5902355669430351
0.5995365340777657
0.599573255279896
0.5907118573915008
0.5850567507633826
0.5850452939291655
0.5849164090152671
0.5829230331338668
0.5824148415014465
0.5819549071329208
0.5832252342380936
0.5832252342380936
0.5832252342380936
0.5823621432217065
0.577748184030485
0.5693328144233811
0.5679188822122839
0.5697041183702697
0.570889441121502
0.570889441121502
0.5695479767817678
0.5486817665272727
0.5501005214791905
0.5501005214791905
0.5464238359013611
0.5408836669314123
0.5408836669314123
0.5404258827648053
0.5335434537143458
0.5363965605892611
0.5373672832378741
0.538375386279931
0.5376121598580819
0.5363523531493175
0.5282037126307761
0.526680939018996
0.5274301434603761
0.5274301434603761
0.5274301434603761
0.5169513169961434
0.5144100337070409
0.5140468448722412
0.5141560137222024
0.5099675259860875
0.5160670153931961
0.4976491246192508
0.4976807997789579
0.4985032773019341
0.4985032773019341
0.4914602326280848
0.4914602326280848
0.4958268585163607
0.49573135362529397
0.5030311746273727
0.5080083185907561
0.5068715312541959
0.49933740737738297
0.49933740737738297
0.5040059466675104
0.5052152253278787
0.5052152253278787
0.5004454795574703
0.5004454795574703
0.5004454795574703
0.5004454795574703
0.49197152644913306
0.48904246317048783
0.4871182470253145
0.4836977603787486
0.47234057235044785
0.4757948771166992
0.47552968166856385
0.47565080071048504
0.4747625940219447
0.4747625940219447
0.49307957971262223
0.4965402073224471
0.4948614089294839
0.4948614089294839
0.49448763128086365
0.48471213870903246
0.4842367093445557
0.4999583946538555
0.49118949420201147
0.4851640812862717
0.4851640812862717
0.4771154768437803
0.47474221788139115
0.47510327765690114
0.47402415335808107
0.4829601090133398
0.4850127134450221
0.4850127134450221
0.4850127134450221
0.4850127134450221
0.4850127134450221
0.4850127134450221
0.4896919304199011
0.4896919304199011
0.4879642979273545
0.4834452676418583
0.4834452676418583
0.47860398881159716
0.4788148705803739
0.4788148705803739
0.4783608101604252
0.4790611809574177
0.4790611809574177
0.4797628886824678
0.47940066088010097
0.4826199151460346
0.4826199151460346
0.48139490556248776
0.48139490556248776
0.4988582087741616
0.4998394753439276
0.4998394753439276
0.4974297572121697
0.4974297572121697
0.4974297572121697
0.49714334446490194
0.48958963355025803
0.4880389414166852
0.4910242268049144
0.4923584673214335
0.4878316481157122
0.4877523409942843
0.4814276393629512
0.4831753161944499
0.4814578675532976
0.4815031606142033
0.4853470877007304
0.4831810484586876
0.47843285885211057
0.47890722761735455
0.47999343358256713
0.47999343358256713
0.48425443100994764
0.49525603886874614
0.49525603886874614
0.4988080858410076
0.4988080858410076
0.4988080858410076
0.5137508272642715
0.5137508272642715
0.5137508272642715
0.5137508272642715
0.5145246846031292
0.5029825552896379
0.5029825552896379
0.5030648624242742
0.5030648624242742
0.5064410938314244
0.4971586311290357
0.49871748808706895
0.497821858206871
0.49669500589646814
0.5013854204478128
0.5013854204478128
0.5013854204478128
0.5013854204478128
0.5013854204478128
0.48735731958695455
0.48603540221404246
0.48603540221404246
0.4760582004421979
0.4777843350566076
0.47916358654002644
0.4795722387346821
0.4795722387346821
0.4817388968717323
0.4817388968717323
0.480393625493805
0.48068950758105333
0.48068950758105333
0.48068950758105333
0.47918599965570835
0.47918599965570835
0.4821232396054354
0.4821232396054354
0.485381023838363
0.48542682354101513
0.48542682354101513
0.4815355645789878
0.48486100677486854
0.49155290489860415
0.49155290489860415
0.49103441182389385
0.48227882590611587
0.48227882590611587
0.48227882590611587
0.48227882590611587
0.4824274220198758
0.4824274220198758
0.4896517028990615
0.4893737857783379
0.4893737857783379
0.4893737857783379
0.4748614581308464
0.4595259321887302
0.4595259321887302
0.4516040001928438
0.4490714682751005
0.4500003031071035
0.4500003031071035
0.4500003031071035
0.43548008408724354
0.43548008408724354
0.4433640902068159
0.43931899657472
0.44467555518714963
0.4446442169936421
0.4474905321817412
0.4474905321817412
0.4411941443630963
0.44106626305630386
0.42780746318980467
0.4349918069935948
0.43440143926532276
0.4380139224585603
0.43832928340620775
0.43832928340620775
0.435856473865269
0.43924313285428435
0.44610478831647854
0.445101722864945
0.4467572331739688
0.4502377067813762
0.4465617459145091
0.4465617459145091
0.4465617459145091
0.4375613383820167
0.4340777983828209
0.4349359980220272
0.4349359980220272
0.4362663930388489
0.4358596356554786
0.4361155446784968
0.43301790577827504
0.43301790577827504
0.42525682705015866
0.42525682705015866
0.42525682705015866
0.424142386172667
0.42444429266893396
0.42325371690865354
0.42325371690865354
0.41965558493466737
0.4194638156123702
0.4194638156123702
0.42050543834099
0.42171216178212506
0.42171216178212506
0.41956096577238344
0.4202711104971173
0.4199395507737942
0.4204037112342589
0.4204037112342589
0.41507708779782937
0.42646209441473276
0.42646209441473276
0.42646209441473276
0.42646209441473276
0.41614074470324836
0.41614074470324836
0.41614074470324836
0.41614074470324836
0.41614074470324836
0.4178980793352136
0.4285205914145623
0.4309386877157642
0.4309386877157642
0.4309386877157642
0.4318891474855472
0.4302972260102815
0.42978496963045215
0.42417044646609003
0.42285376583659756
0.4218981175952024
0.4224807511483072
0.4201568593709013
0.4198379026750109
0.4198379026750109
0.4197680037977843
0.4197680037977843
0.4321540389302874
0.42765020071962767
0.42765020071962767
0.4282267488361773
0.42979694122669093
0.42979694122669093
0.4309164658917173
0.4309164658917173
0.43217404321916475
0.43217404321916475
0.43244458765970395
0.43243172296840354
0.43424798769682266
0.43424798769682266
0.4386150844460016
0.43604014262038066
0.43516337137708866
0.43516337137708866
0.43516337137708866
0.4375732062132198
0.4413382097967492
0.4459399880047094
0.4461828091262971
0.4450894664153237
0.44811579140167773
0.44652931328976014
0.43914788130966803
0.4388701155821281
0.4384835490285375
0.4384835490285375
0.4384835490285375
0.4384835490285375
0.44301040300213695
0.43761558980276294
0.4375008141444472
0.4380957044353526
0.4381323246294838
0.4381323246294838
0.4420717472863106
0.4420717472863106
0.4420717472863106
0.44176996779885896
0.44176996779885896
0.44536230830178386
0.44536230830178386
0.4472278823445387
0.4465473762198377
0.4465473762198377
0.4429848628877311
0.4024671161081227
0.40602082170353
0.39854352170625607
0.39854352170625607
0.39809713474962855
0.3891663094235976
0.3889357342079232
0.3889357342079232
0.39222101700023826
0.39222101700023826
0.3619076602589268
0.3619076602589268
0.36191778330076096
0.36191778330076096
0.36191778330076096
0.35922525281980006
0.35922525281980006
0.35909403972258647
0.35909403972258647
0.35863171817093936
0.3394582903400286
0.3394582903400286
0.3409530813671358
0.34028952392260325
0.34028952392260325
0.3377197291415707
0.33812450292184776
0.3417164976296804
0.3338202210058018
0.3338203371695333
0.3338203371695333
0.3338203371695333
0.3338203371695333
0.3338203371695333
0.3354889084482999
0.3354889084482999
0.3354889084482999
0.3312063579699993
0.34533264098545535
0.34533264098545535
0.34533264098545535
0.34533264098545535
0.3412336687763177
0.3312063579699993
0.3304984756632765
0.3335520178526278
0.33319037394805295
0.33319037394805295
0.33319037394805295
0.3317149695516516
0.3317149695516516
0.3317149695516516
0.3310044677807503
0.3310044677807503
0.3310044677807503
0.3310044677807503
0.3310044677807503
0.3310044677807503
0.3310044677807503
0.3310044677807503
0.3310044677807503
0.32394542663597303
0.32394542663597303
0.3187027796328913
0.31642706002024107
0.31642706002024107
0.31642706002024107
0.31642706002024107
0.31642706002024107
0.31642706002024107
0.3130602391032102
0.3009371355241857
0.3009371355241857
0.3009371355241857
0.2966715881976324
0.2966715881976324
0.29097241242753236
0.28732669141736
0.28732580013332537
0.28383945937784566
0.282380213778835
0.282380213778835
0.28212876442992046
0.2804054219526644
0.2710715319676881
0.2710715319676881
0.2572203432515624
0.2572203432515624
0.2553691728941828
0.2553521675738113
0.2553521675738113
0.2553521675738113
0.2553521675738113
0.23716436834930973
0.23716436834930973
0.23283072484023762
0.23516229805009514
0.23516229805009514
0.23516229805009514
0.23357491579498907
0.23044717416274224
0.23044717416274224
0.23044717416274224
0.23044717416274224
0.23044717416274224
0.23044717416274224
0.23044717416274224
0.23044717416274224
0.23044717416274224
0.23044717416274224
0.23044717416274224
0.23044717416274224
0.23044717416274224
0.23044717416274224
0.22240098565437638
0.22240098565437638
0.22240098565437638
0.22240098565437638
0.22240098565437638
0.22240098565437638
0.20874069042938864
0.20874069042938864
0.20874069042938864
0.20266095329098532
0.2015581905576556
0.2015581905576556
0.2015581905576556
0.2015581905576556
0.20229725820908248
0.20229725820908248
0.20229725820908248
0.20229725820908248
0.20229725820908248
0.20229725820908248
0.20229725820908248
0.20229725820908248
0.20229725820908248
0.20229725820908248
0.19868246002017034
0.19868246002017034
0.19868246002017034
0.19868246002017034
0.19587881707934998
0.19587881707934998
0.19587881707934998
0.19587881707934998
0.19587881707934998
0.19587881707934998
0.19587452175607453
0.19239718731546562
0.19239718731546562
0.19239718731546562
0.19239718731546562
0.18495525446631664
0.18495525446631664
0.18495525446631664
0.18495525446631664
0.18495525446631664
0.18495525446631664
0.18495525446631664
0.18495525446631664
0.18495525446631664
0.18495525446631664
0.18495525446631664
0.18495525446631664
0.18495525446631664
0.18495525446631664
0.18495525446631664
0.18495525446631664
0.18495525446631664
0.18495525446631664
0.18495525446631664
0.18495525446631664
0.18495525446631664
0.18495525446631664
0.18495525446631664
0.18495525446631664
0.18495525446631664
0.18495525446631664
0.18495525446631664
0.18495525446631664
0.18495525446631664
0.18495525446631664
0.18495525446631664
0.18495525446631664
0.18495525446631664
0.18495525446631664
0.17433979013778608
0.1713499730644825
0.1713499730644825
0.1713499730644825
0.1713499730644825
0.15398260180023055
0.15398260180023055
0.1489579343247303
0.1489579343247303
0.1489579343247303
0.14551320252072608
0.14551320252072608
0.14551320252072608
0.14551320252072608
0.14551320252072608
0.14551320252072608
