0.0466667 0.03598953410974948
-0.0866667 -0.08582567785424505
-0.3733333 -0.36473348018349044
-0.1533333 -0.15353445096590607
0.0366667 0.05476938251508984
0.0066667 0.03225946264273902
0.7633334 0.7777638423326491
0.61 0.649266055325244
0.3833334 0.38331904731212224
-0.28 -0.29287637934720445
0.56 0.5875808247580201
0.1633333 0.1552023428086858
0.1266667 0.11916588167344389
-0.71 -0.7361240134724281
0.9666667 0.9736444473739266
-0.86 -0.8679879881114237
-0.59 -0.5754768030461266
-0.2366667 -0.25961809352789644
-0.4033333 -0.4021941686971748
-0.7566667 -0.7726979501474638
0.7133334 0.7321891433533873
0.4233333 0.44629074681839576
-0.2933334 -0.2973639048601315
0.72 0.744077274865838
-0.9666667 -0.9434100593898297
-0.9966667 -0.9999850898060731
0.9833333 0.9517140495147891
-0.6666667 -0.6635242913552482
-0.17 -0.17583282221605412
0.9 0.9264253868132941
0.03 0.041525956261368124
0.27 0.2681712851054275
