1.5956508284710402
1.461726262117528
1.4652583314254015
1.4670396639509458
1.466223971869283
1.465627396082109
1.4595839282570684
1.4611722818352197
1.4573068524601192
1.4776929640576044
1.4765218122521646
1.4844165836796908
1.4964323630430556
1.494682165715986
1.4917881891054505
1.4908890329834992
1.4947940980501615
1.4890256549953171
1.4878324474136029
1.4935767468560563
1.4935767468560563
1.498531354620496
1.4945913875283223
1.4920429410678164
1.4821638168886015
1.4669746547112683
1.4686873682621921
1.4725459542768795
1.469697841437135
1.4625521854335386
1.4575466209910988
1.4495908472866852
1.4531697120046612
1.4502608655958475
1.442595576453372
1.4429684269887604
1.4446570634310827
1.444611413569494
1.448989136366051
1.4493116956700194
1.4486988335939839
1.4475741776362172
1.4477025023941275
1.440034137130677
1.447581498598271
1.4545786559101352
1.4545786559101352
1.4411093614695836
1.468801113957955
1.4695735811774768
1.4623503918664416
1.4673533017118643
1.4779042512258116
1.4779344187339616
1.4756251500070126
1.4776159124092247
1.4904219848938267
1.4909779589569119
1.4979245174425313
1.4994385480470345
1.5196763014239638
1.525973768098419
1.5222764683696166
1.5222519915836457
1.5228703829316512
1.5227348889062304
1.4995777913638788
1.4924508689533167
1.4902453266420381
1.4898383636144206
1.4737063925544454
1.4817961451583264
1.4782566041190948
1.4771672101164652
1.4820702533074899
1.4715427390034792
1.4756677637845488
1.4860530841238304
1.4832287707376355
1.480920448269031
1.4831582781943553
1.477894950911171
1.4881241123199103
1.4911113584523377
1.4855069848257358
1.4813258431153906
1.4813258431153906
1.4874400505096619
1.4868654576756857
1.4771809444801443
1.4771859327596757
1.4562407566027802
1.4610286311138914
1.4621407512705722
1.462771231645614
1.4685101293429395
1.4631018588665203
1.4699289128065143
1.4693811463321729
1.4478940048750197
1.4482386284409858
1.4237461401540046
1.4328973515330288
1.418256370560701
1.424387264718287
1.4512398440252343
1.4545608026783705
1.454749260955081
1.452131788084333
1.455447251736245
1.465559683876952
1.4668032709220395
1.4667346093224314
1.4513911952055887
1.4538293210082642
1.4422772358454088
1.437870695564899
1.4438936203217243
1.4388978715583625
1.4415050062842005
1.4352800474572833
1.4411418409984904
1.440816430715085
1.4463636575452565
1.4498365002667952
1.4498365002667952
1.4414449979616202
1.4399107246909608
1.4578944059972607
1.4546815659693062
1.462856782712434
1.452802493299546
1.4543527040724082
1.4536999775994701
1.4373909083071392
1.4338803969409855
1.435387280448636
1.4404530938053544
1.4441948551237385
1.452356088954174
1.4525879869877723
1.4519098162704367
1.4652630400983964
1.4684945052819434
1.4792604661764448
1.479275795633987
1.4671875730472086
1.469349537458168
1.485527279037121
1.4883410483911956
1.4645366223895193
1.471081227802642
1.472122138563558
1.4724027109386169
1.4719973746836448
1.4508553952886756
1.4421391528743257
1.4457364509703896
1.4457364509703896
1.4502559363316943
1.4628664995710827
1.4628305256868477
1.4506239776975143
1.4468532247243633
1.4513065619249654
1.4504541006183873
1.4625405385012915
1.4625405385012915
1.4685114451438088
1.4681431125847066
1.4641088398787394
1.4513809782387457
1.4610727308847253
1.4730073267014565
1.4703520066503388
1.4743138700972866
1.4743138700972866
1.4716272827538734
1.4706953862050223
1.4683713644624456
1.4587777680244087
1.4563551842955589
1.4558491877512318
1.4575457812848263
1.4559697601000139
1.456258827368668
1.4486404005391977
1.4486429913175913
1.4488247266133616
1.4416419145787254
1.4463503048493263
1.4424538192396232
1.441963233563913
1.4367012943262507
1.4204917746765375
1.416873959650707
1.4189476324820811
1.4315799732675112
1.4315336532726985
1.431848908321804
1.4372974501149804
1.4405013631775598
1.4414131221198339
1.4404673004948407
1.4403105116593244
1.4358411553630517
1.4325133954731784
1.429987731578889
1.4374106621646108
1.4388601588057215
1.4438785232754203
1.4433353383031764
1.4477649432161988
1.444900083399828
1.4544902671997293
1.449368033087631
1.449095671292545
1.4621942385942723
1.4745470041704192
1.4846943017901608
1.4815631498203041
1.483099058956403
1.4742499136982041
1.4740645008376605
1.4740645008376605
1.4665374884117068
1.4826184248260936
1.471959815514294
1.474569632119397
1.4774085659178622
1.485978742040102
1.483338966060268
1.4846007871005975
1.4889794088952943
1.4844416718667979
1.4816519845887222
1.4827602317128645
1.4755989362104223
1.4789500541617318
1.4737795968081018
1.474902221498569
1.4769932675598256
1.476973088786437
1.4727796792832322
1.4653660995969098
1.4646381563222606
1.4733518057244772
1.465134303420896
1.4702875365369663
1.4727168986286263
1.4733125594117251
1.4737739402656456
1.4759035626899932
1.4695242009356841
1.4652544213692638
1.4622555590983553
1.4643765164785856
1.4874809112865672
1.4871523897541619
1.4875382177748964
1.4850466178053718
1.5016384246211607
1.4917023440550585
1.5040973953316135
1.5011645328794374
1.4917402641817668
1.490581437525618
1.483888256138538
1.492558536851409
1.4832376325146766
1.4856113632418149
1.5002423356908399
1.478145987420951
1.4628847586998095
1.4685229270531763
1.4685229270531763
1.462079372122775
1.464677197127383
1.463500920587682
1.4822369096396382
1.4830432962667486
1.4993286153274437
1.5118783604099955
1.5074943583159761
1.5094057446483722
1.5094057446483722
1.5055793242661948
1.5110958952572144
1.5085763232717895
1.5044298459757164
1.5088556280679823
1.4904026748862942
1.4904557484337324
1.4884287799929434
1.4884287799929434
1.4837732771883958
1.4765448005653565
1.4734310019287225
1.4652648811349478
1.458074734670159
1.4504722643047017
1.4522367681616277
1.4404124257159712
1.443915225253446
1.435037346129321
1.4495932146603372
1.4551971528758618
1.4546262546881317
1.4469223740478738
1.448296175162761
1.4474307282136916
1.439612970046972
1.442059934131478
1.4338652603079252
1.4326278345020353
1.4433877181980128
1.4343746006395799
1.431347938855508
1.4281783611588703
1.4323149797570096
1.4321172432318294
1.4389345651319871
1.4335530267408332
1.4440240708368142
1.4474981681244605
1.4523800071821866
1.4607833268570642
1.4584068835713087
1.4552965816444365
1.4563780647038187
1.4576484165377601
1.4620801347492636
1.4707266732823054
1.4733704579299212
1.4763172884572926
1.468987131834869
1.4629632733252251
1.4391933148190457
1.4376613610422893
1.4329537376427668
1.439521550796695
1.4389564650765894
1.4459198699564357
1.45274266478112
1.4543661041613636
1.464769483757231
1.4609232000656265
1.4570934184401254
1.465828444610233
1.4642901685152299
1.478105260432487
1.4773093774632817
1.476957423053711
1.486955403467937
1.479785969511538
1.4783278106015005
1.4799449131472173
1.4799449131472173
1.460774765315797
1.4592854443293486
1.464848001310223
1.4490117701860137
1.4422011385598341
1.4410920812486565
1.4451700488156585
1.4462859095660403
1.4437195060324368
1.4454509238045141
1.463826009494178
1.4606212592326122
1.4602149410744225
1.4597001041134414
1.4597001041134414
1.459721443243595
1.4715735914837058
1.4669442716370855
1.467727712304184
1.4639084156546858
1.4641377903155832
1.469897808695368
1.4663121321727415
1.4634677011948498
1.4554749199880228
1.463951074871544
1.4647666170757092
1.476652821916533
1.4855368830041635
1.5001312788750296
1.501637449956441
1.5082760112129585
1.4925773731597984
1.4942349894867861
1.4960217346613436
1.5052954582882399
1.504200229175358
1.5045117171435203
1.5045245812468802
1.4942170729864446
1.493485757802723
1.49317852081283
1.5044192541087844
1.4953466651718672
1.4943440649600703
1.505080745084411
1.5025282499376003
1.5072222704788707
1.511232672754554
1.495721565256357
1.495254748361462
1.5031265729650476
1.49638985825894
1.4994630917327412
1.4968770901738966
1.49776499422934
1.4972941047393948
1.489983441764429
1.4939397754806067
1.5051886237146905
1.5135456440599766
1.506192314845293
1.5104413724550079
1.5049243866299271
1.5128874811039752
1.512228950323938
1.5093573550673762
1.5067648596680188
1.5174480935638843
1.519726370365151
1.5135251580147957
1.5129047082907916
1.5011180843344807
1.5014477165545468
1.498032040570958
1.4937912379066527
1.4935408353008712
1.4935408353008712
1.4984727831452263
1.4952752531080442
1.504081232496066
1.5158098860726852
1.4917878687694426
1.489717920635932
1.499151896594023
1.5035896118333347
1.5007388857678532
1.5015389919859283
1.4961623074372823
1.5058128154918922
1.5083048968322712
1.5072074640675366
1.5061376300671505
1.5126856314484123
1.5138988466848966
1.5165199567657626
1.5149501435879478
1.5149501435879478
1.5145664604091384
1.509088739527682
1.5047494350112158
1.506192355011646
1.4943208236495047
1.5022854404505837
1.494528763091362
1.474757112188969
1.473415020692247
1.473415020692247
1.4791397890418214
1.4652172590171775
1.4652172590171775
1.4630188554443506
1.4610124901062151
1.4543156643609598
1.4510690176993812
1.4385792899524752
1.4331784660173452
1.4461161068234754
1.4412885265078992
1.4435376198462466
1.442476416569405
1.4447506308725298
1.4674771374451507
1.4797286558536533
1.4785291959075388
1.483080721889864
1.4861986657368675
1.4815276608868557
1.4864288545312219
1.4770310708720547
1.478064589192369
1.484799676974759
1.4857442462016237
1.481650965921214
1.4791262204623112
1.4766146131973623
1.4696432578459304
1.4622185644650463
1.4614881789482341
1.4489382924420184
1.4496515958705778
1.4570833996859502
1.4303876868552572
1.4280360739506852
1.4263926659341173
1.4262907573069783
1.4302522036531824
1.4227167071356366
1.4202197838006136
1.409773171701203
1.4016682070336122
1.3937561066579194
1.4043323746717715
1.4248841674041892
1.4209858532034105
1.4201409513602004
1.4320132783486552
1.4298902800391906
1.4286667370643815
1.453711140284446
1.4528936411520674
1.434015402480599
1.4121976671102525
1.4161428144610357
1.4252483177304587
1.4167501963438318
1.4094159470223506
1.3923670719092647
1.4014375844725662
1.39820828948514
1.3916890906036838
1.3916890906036838
1.3773859968901463
1.3788421775163788
1.3750030315526154
1.3714834813498984
1.3673061096997168
1.3730922018276337
1.357090524679978
1.3658256769864103
1.376146048403003
1.3662349022149167
1.3689494326125147
1.3770472288155258
1.3614948768469264
1.368017532536742
1.368017532536742
1.3610479297795999
1.343890090481615
1.3411834592687202
1.3411834592687202
1.341685162321944
1.3332968466009414
1.3444032074113914
1.340428395096808
1.3404321104576362
1.34043916118042
1.34043916118042
1.34043916118042
1.3436303735355795
1.3470428399622167
1.3428192813203494
1.344325687453235
1.3487838346330363
1.3485643191990369
1.3556959424888326
1.3556959424888326
1.357673116950389
1.3684468451503065
1.3414679380410481
1.3416038861251565
1.342162585216226
1.3246258553805446
1.3246258553805446
1.3246258553805446
1.3248791695149902
1.3265013334553892
1.3233077697455444
1.3233998335246897
1.3180440959500497
1.3184279243483938
1.316894929130161
1.3071246380402848
1.3113167779926742
1.2958369925552424
1.2963142112629709
1.3003498171765404
1.3003498171765404
1.3034829163939916
1.3150817030690516
1.2882494733899108
1.2918615717084552
1.3040742544882242
1.3031471080563444
1.3150942868242668
1.315587071203376
1.3274680559617364
1.337088445782032
1.3325849340759455
1.3325949079692947
1.3218151536531746
1.3271866727441999
1.3083919994012958
1.3010697235079172
1.2947275671625764
1.2863133059544805
1.2863133059544805
1.297152177892128
1.2958363494413359
1.3117917891896704
1.306784136077688
1.3136683569783982
1.31921585575663
1.3125958232078543
1.304765352651449
1.2985817731208302
1.2985817731208302
1.2985817731208302
1.3145732428392736
1.3130300033947686
1.3207584737131264
1.3234520553466305
1.3385226086497157
1.3332129078169634
1.339072076151114
1.3563410655172077
1.3415775947660948
1.332496794628887
1.3224303786918634
1.330142509514689
1.3234687305383974
1.304564638873052
1.3020435931131833
1.3147899179728106
1.3333904401534304
1.3392029079490828
1.336060684703411
1.3326794373450217
1.3393760416532832
1.348216716548552
1.3270795289108361
1.3191844848490866
1.3243483777384912
1.3125275486097576
1.3124805281961964
1.3222676553348707
1.3230782388147446
1.3222943504525217
1.3312048738298843
1.338987302996104
1.339891587858627
1.3403287941988828
1.3303646818439305
1.3506634420220431
1.3479164614254857
1.3493640959710103
1.368254193848588
1.368254193848588
1.368254193848588
1.3718395753109622
1.3724240590497276
1.373562917122169
1.3845282424278575
1.3783974396009022
1.3792173153408978
1.3826896945359395
1.3832549563635939
1.3757752147599085
1.3700864427549921
1.375506777169871
1.375506777169871
1.3761943396695748
1.387934583421487
1.3814951424610504
1.3795030291548018
1.3799585131416725
1.3629409889364503
1.365212540795891
1.3626144541123946
1.3518294782109546
1.3657387452819578
1.3715687998185617
1.3686185741601677
1.3691543770187056
1.380724340753349
1.3815705098595599
1.377226559397574
1.377226559397574
1.372901833177962
1.361971142976537
1.3657154257587305
1.383788748861035
1.373139033931542
1.371732439712845
1.371732439712845
1.369715984602837
1.3669212230291414
1.3635175592755417
1.3549183531054818
1.3549183531054818
1.3503928132523786
1.3599039232556915
1.3557654334885272
1.3713590400456661
1.366124498307121
1.3659906179969372
1.3524507808518749
1.3443559931085693
1.3325669561458038
1.3327345016308483
1.339012905970101
1.3305511973531758
1.3222533891055186
1.322182595792027
1.3277282521840281
1.328691540676126
1.3186774354178177
1.3225609503163553
1.3256394453863924
1.3256394453863924
1.3247316130421056
1.3222452848742903
1.3280843086459182
1.3215586701991113
1.3379908974999408
1.3351964743573608
1.341957322448013
1.3402428467647274
1.3460898678076507
1.3455114195482294
1.3455114195482294
1.3473396474683716
1.3603933696972024
1.3619208851712086
1.3619208851712086
1.3533767654424782
1.3300926476924335
1.3307836540223743
1.3274585652702258
1.316071577182506
1.3017580993780427
1.3017580993780427
1.293328525307618
1.2959528317535152
1.2923682278076545
1.2909432398838792
1.2825203229488944
1.2823707383565779
1.2823707383565779
1.2818033706396228
1.2798211692333576
1.27965733198023
1.273581647511866
1.2358459076262838
1.2358459076262838
1.2389202789853724
1.231892205505065
1.2076686617239676
1.2052497352031177
1.2062330397604066
1.201106622180401
1.201810919573282
1.2091244795018867
1.2053857442230378
1.2009581922953096
1.195834131181768
1.1971091640797489
1.197236776859691
1.1804024943856195
1.171699948884762
1.1717236410639231
1.170941782410295
1.1683780799185057
1.16467869625553
1.16467869625553
1.1566416004534772
1.154590840885269
1.1669828586087092
1.1350011650339031
1.1350011650339031
1.1495850167418054
1.149076423289749
1.149994643368872
1.1607022667191034
1.1596071181919396
1.170569231885987
1.1598756145034261
1.1981778233671598
1.1806882309551041
1.1715179527131225
1.1717677071239623
1.1500482786559174
1.140687076968488
1.159309998071231
1.1583487192797837
1.169459088955543
1.1707511578233611
1.1707511578233611
1.1707511578233611
1.1742607921208037
1.1798933747178073
1.1800561492264916
1.1631167329229128
1.1573861614459948
1.1569817859278628
1.1536541891625867
1.1597569479355163
1.1413499324313168
1.1375780699687086
1.136584245182493
1.1333763316038243
1.1328725392798236
1.1327053032787369
1.131305849491032
1.1198851660234732
1.113658143344792
1.1164149912864485
1.1161787745916665
1.1081311392781672
1.1009598728253287
1.1043193500934387
1.0917501324298444
1.0917501324298444
1.085367511833003
1.0873166671457206
1.0873166671457206
1.0889133611989399
1.0905934462362528
1.0905934462362528
1.09097674840662
1.0978527626910977
1.06503184407094
1.0590511386627155
1.0588614495831545
1.0588614495831545
1.0556359430799258
1.0559814636765235
1.0497232465586817
1.047131524929284
1.0405193673709237
1.023555283245356
1.0078044129096484
1.0078740185867643
1.0054270419675009
0.9979224726082424
0.9981129785535483
0.9911412798340342
0.993260361689476
0.9940507893010087
0.9943044346069178
0.9964576822911492
0.9951826637615443
0.9936565441336519
1.0064914473730755
1.0041876688132343
0.9901619502678985
0.9901619502678985
0.9913215396535408
0.9904730925317295
0.9893430337273054
0.9872995819440565
0.9872995819440565
0.9875800209151846
0.9875800209151846
0.9910817047229068
0.995675600178593
0.995675600178593
0.9804033920292488
0.9804033920292488
0.9811326512482912
0.9798175022414135
0.9724842886789239
0.9828889232414941
0.9931747189800246
0.9931747189800246
0.9821569240196844
0.9820846189448531
0.9817562923189019
0.9812990263663037
0.9762142672760085
0.9760636349959878
0.977271806184409
0.9745383332843043
0.9875269073625469
0.9878201091121486
0.9797857369507972
0.9890245928403993
0.9889897477641519
0.9889897477641519
0.993257155646201
0.9879327978283956
1.0077060883905535
1.005149551464033
1.0007380731588915
1.0007380731588915
1.0007380731588915
1.0011944838501279
0.9983558732520634
0.9983688824567893
1.0071738415799918
1.019188306029081
1.0218610916904054
1.0421608640490512
1.0421608640490512
1.0481869211881194
1.0481790612429458
1.0499224051056972
1.0499224051056972
1.0496549192996396
1.048673412495829
1.0177858766533032
1.025464110861137
1.0260740116226268
1.0004939898791112
1.0020444953972003
1.0001527615034014
0.9994810252524715
1.0107294317578348
1.0261385824626443
1.0259338814700423
1.024963487693049
1.027006829689439
1.0281988763487668
1.0312655237426835
1.0290815801663378
1.0290815801663378
1.0290815801663378
1.029483189590016
1.0315009153389356
1.029787000696922
1.0335430617674906
1.0222650272145235
1.0279931478865794
1.0281120501640824
1.0289597545227671
1.0286580686321867
1.0252809829513905
1.0248294566811105
1.0236234105597304
1.0392842575242698
1.037486520115757
1.0362175172848715
1.0348504159439802
1.037113019262701
1.0371719612228385
1.0248096403995495
1.0252920377684203
1.0051453998128803
1.0073429540299232
1.0072740305366037
1.0039868430198173
1.005189861628523
1.0096111049437368
1.0132778693259503
1.0029061553219838
0.9998055063272785
0.9965642280944479
0.9964027063154257
0.9904887619649421
0.9897410505182918
1.0009679417184445
1.0014074752406787
1.0135838286236152
1.0127953163604348
1.0134942605031185
1.0131297638557633
1.0141176427707368
1.0141176427707368
1.0228729429270718
1.0228729429270718
1.0146452764914138
1.0164912442588927
1.0325009739949422
1.034486870097901
1.0196686830339299
1.0198834090479276
1.0220589809878338
1.023618928380345
1.0395560861377553
1.0407400301340313
1.038867287368632
1.0389283550380717
1.0164185649213116
1.0186791085499833
1.0217362906505902
1.0213211802545425
1.0138964146409433
1.0122798728057847
1.0125673161787
1.0126224589199753
1.0303041861930329
1.0132586511662018
1.0118112474088636
1.0131910551962442
1.0145251927536347
1.0119763108610798
1.0050808203163404
1.0003939469407732
0.9971594033753941
0.9840006261940465
0.9830977097901602
0.9796201408270031
0.9806557688357036
0.980135112888707
0.980135112888707
0.9768778522299216
0.9768778522299216
0.9756677324802341
0.9658744581807995
0.9658744581807995
0.9590369338368043
0.9503668254709564
0.9510067816078821
0.9516841568627243
0.9532898142550199
0.9733541592634365
0.9632545616073168
0.9604328076894338
0.9604328076894338
0.9578847392200857
0.9560223611400646
0.9813067663042291
0.9840092849809073
1.001734122186077
1.0017729752569051
1.009855283833999
1.009855283833999
1.0078787685317891
1.0096538862317816
1.0036278246630475
1.00152091425753
0.9989206299726697
0.9713993130277857
0.970043966179711
0.9696484793057358
0.9960509023520645
0.9956335985866681
0.9993086735633412
1.0019004444217792
1.0076009020617585
0.9905959674683913
0.9905959674683913
0.9946619054788207
0.9916712832945895
0.9841455468045647
0.9897390861227143
0.9884609036731138
0.987163482009515
0.9929914018639038
0.994743333954528
0.9929867528253519
0.9881724726175551
0.9862845357136238
0.991494051387712
0.9850649818256029
0.9825737266540546
0.9825737266540546
0.9825737266540546
0.9825737266540546
0.982689865887721
0.9880524233424542
0.9904607388374111
0.9904607388374111
0.9927757123461829
0.990385810213014
0.9872631264109837
0.9845859775534671
0.9896727121335237
0.9922869476188687
0.99431365694909
0.9994563440998278
0.9975730411906569
0.9987577472523548
1.0055678912566388
1.0078606863016955
1.0045255047069492
1.007833364306432
1.0054928199915514
0.9702756399875433
0.9706447123160651
0.9789454463166252
0.9844363168683267
0.9835175966862686
0.9846746157388283
1.0120273815381313
1.0120273815381313
1.015407074950384
1.0144854376028525
1.0144507892598627
1.0150448510152863
1.0150448510152863
1.0150448510152863
1.0164338047258163
1.0163736299796469
1.0148210789738685
1.0189572699153964
1.019834779180609
1.0152278233769758
1.018045428812318
1.0280128642306579
1.022855333983037
1.022855333983037
1.0292563237585333
1.0245488081272986
1.0239923531236355
1.0228729163451253
1.026274396785235
1.026274396785235
1.0268618306475163
1.0392458050499178
1.0385656749399745
1.0377092337160787
1.0359904296824354
1.0311169460926022
1.0309465102194688
1.0387868416738588
1.0383683134339732
1.0300854414940643
1.0307913338133907
1.036556726269107
1.036556726269107
1.0381877257930165
1.037662783033174
1.038109469305043
1.0441775860414553
1.0218962609079791
1.0218962609079791
1.0211649159537781
1.021906619729254
1.0236579221442579
1.0189360222602466
1.0219234978504645
1.0181751920607591
1.0171402217849896
0.9726085716647107
0.9751435367117612
0.9830387617953087
0.9814838815306082
0.9980387012690088
1.0182508767725784
1.018449590213325
1.0294959534658907
1.032776055122238
1.0430754822607446
1.0430754822607446
1.0413610387846124
1.0392809844786874
1.0348688778748991
1.0317804518840854
1.0325944030446739
1.0325944030446739
1.0297212413516967
1.024885371256332
1.024885371256332
1.0281389931924372
1.024204913912102
1.0224922295356784
1.0225380513350786
1.0231305792876766
0.9892170488693435
0.9810570947125903
0.9790312431517961
0.9766686118069652
0.9787631216457477
0.9766078508541858
0.9700337500057695
0.9617696348783308
0.9637939692555342
0.9636207131161069
0.95168452472347
0.955539981725393
0.9206583438410398
0.8957028814598968
0.8899929384620211
0.8759461486255801
0.8823522547588217
0.8795813839460329
0.8740092824538639
0.8734104883495334
0.8707980643640275
0.8707980643640275
0.8713550566257738
0.8779819847579631
0.879746603683468
0.8810464390815606
0.8810464390815606
0.8838901877627796
0.8837863356629225
0.8664233969719622
0.8670395288041665
0.866599784348814
0.8616865238067302
0.8556102656012713
0.8538513523769168
0.8630225381888457
0.8664390875963384
0.8576376887560115
0.8576376887560115
0.8468389812133891
0.8465608039392939
0.8466031544452841
0.8120691335950053
0.801444051784535
0.801069908545423
0.7956336405020702
0.7980458106343409
0.7977506577426087
0.7977574330262592
0.8167818447180718
0.8167818447180718
0.8177832508665442
0.8177086585572305
0.8212200683133207
0.8212200683133207
0.8212200683133207
0.836555405873274
0.836555405873274
0.836652384078885
0.8281932797724123
0.831624368064525
0.8582253036759173
0.8576439179519952
0.8552676358524457
0.8486809767832102
0.8394590186792591
0.8405951884037665
0.8405951884037665
0.834305426355151
0.8367157533819973
0.8338731069755052
0.8308131131868479
0.8313632628193819
0.8358163628000153
0.8459637934324958
0.8456755395754622
0.8456755395754622
0.8456755395754622
0.8432540459392575
0.8361695907284776
0.8445490335129902
0.84480949774951
0.8659239836299725
0.8815978764352822
0.8750341319351087
0.8737048212678253
0.8737048212678253
0.861355320158193
0.847108643707449
0.8441807043255363
0.8435222280746927
0.8435020879282397
0.8436029244601622
0.8226125737637142
0.8378450756808961
0.8379933729091017
0.8472158329842789
0.8508255469195406
0.834269172052125
0.8390675233512083
0.8541082033693325
0.8531854361567269
0.8387127683876198
0.8403873012044802
0.8438890791027462
0.8422509827904971
0.842756153463774
0.842756153463774
0.8369216468834265
0.8375069632126724
0.8415810561413838
0.8416662022912111
0.8317951606279194
0.8306344155250153
0.8306401751041933
0.8346208821349551
0.8425264003928196
0.8350761680827327
0.8371439750424491
0.826142832333922
0.8250205467716908
0.8236631624693685
0.8261204523785655
0.8268140177962399
0.8246819040619597
0.8246819040619597
0.8312634457828423
0.8368042498342536
0.8366940805957779
0.8726703991305393
0.8837662107662771
0.893287319508234
0.8930440752163722
0.8862399391653603
0.8899157105415897
0.8871457542311892
0.8895439698976116
0.8898047768565824
0.8898047768565824
0.8875153748302216
0.8895265727145688
0.8840551716956242
0.8840217022808583
0.8858413554313084
0.8858413554313084
0.8816940230200321
0.8781865642073247
0.8732141217814717
0.873915591993299
0.8840985484824295
0.8936681738852157
0.8944650130773923
0.8954766717630303
0.898496593204856
0.898496593204856
0.8986026390642239
0.9019444486501843
0.9083363419846322
0.9066148274543897
0.9035352684756367
0.8892787354652756
0.8931293517234218
0.891567413174577
0.8891737222965798
0.8883894326035244
0.8857651691035008
0.8904044391645903
0.8901978791948933
0.889242105576198
0.8892668463083746
0.8892668463083746
0.8890415931129166
0.8860080654490375
0.8865844840369236
0.8983665940618578
0.8933265420190046
0.8836117961623148
0.8786005118231587
0.872395318992437
0.865746320141265
0.860362434805342
0.8604454063899237
0.862938020552021
0.8621766586970548
0.8626710953066343
0.8626710953066343
0.8635387521766326
0.8567043378766277
0.8617321689377565
0.8609438682986553
0.8609438682986553
0.8690351619347632
0.8670179077668506
0.865674192530876
0.8701445905064633
0.8707705645981584
0.8726463945583682
0.8756575645641584
0.8756575645641584
0.8768036799260965
0.8768036799260965
0.8775157784091411
0.8775157784091411
0.8769367374705552
0.8794309790072652
0.8766818318118704
0.8721581375746489
0.875207937245837
0.8793118153995735
0.893665527667645
0.8919479072869669
0.8914064030463672
0.8906082883855347
0.890885668233367
0.8902994470127268
0.9174243232008569
0.9194073696164733
0.9039360869325774
0.9049992084891014
0.9049886212708436
0.9071125268478133
0.9064072700850061
0.8965455357801522
0.8679506985266516
0.8703425661682364
0.8690234760714488
0.8789184020207054
0.8676086182252234
0.8730493228126072
0.876063862588282
0.8653486323007791
0.8644541818048923
0.8610574444434279
0.8673216150486549
0.8673216150486549
0.8673216150486549
0.8608523992277354
0.8712760570914064
0.8722559742302021
0.8729986140086944
0.8715496104716185
0.8745929899276443
0.8650287338116556
0.8650287338116556
0.8673898933439597
0.8691028623362239
0.8656233522755356
0.8642166711685131
0.8613400038769939
0.8593891211602777
0.8563210976109439
0.8549448043075154
0.8587723734128005
0.8448174657550135
0.8448174657550135
0.8472063550341913
0.8433328903055115
0.8420609734798157
0.8439732031253897
0.846329475564283
0.8455098245046914
0.8455098245046914
0.8488965773449113
0.8501848383564163
0.8469191964951408
0.8458682251441619
0.8481579101365635
0.8275489229072954
0.8281990133856374
0.8238803025244043
0.8250747746072921
0.8301773759521681
0.8252528912428165
0.8427474296435137
0.842366646262577
0.8464151918310587
0.8464641514285666
0.8464641514285666
0.8477741526532941
0.8443127451913988
0.8400954412766073
0.8401499454664751
0.8366612489246537
0.836676851399367
0.8455421931154627
0.8504366422275569
0.8188184478014302
0.8190713911476291
0.8170398511374374
0.8224126300162645
0.8160496485511783
0.8160496485511783
0.8232207060876283
0.8260141839182732
0.8265912177563701
0.8237717282229701
0.8130140078186562
0.8154527081954623
0.8159957508320828
0.8178174080893259
0.8178174080893259
0.8167050705031148
0.8140817298011078
0.8058964608026812
0.8035358157045231
0.8088192687822962
0.8108563219061028
0.8118484128727176
0.8066980345020041
0.8066980345020041
0.8050878671776359
0.8033396293825249
0.8102524891159059
0.8087480696795222
0.8104176679456861
0.8155276966431877
0.7996904836930678
0.7982835034013122
0.7903376273808856
0.7903376273808856
0.7903376273808856
0.79168983852737
0.7891511345832426
0.7973878201983539
0.7941652764871345
0.7872036403075775
0.7856321439163769
0.8199932903531924
0.8210839738138193
0.822241025370028
0.8243319386349788
0.8175076402601241
0.8224473372676603
0.8251308247427516
0.8223250609360722
0.8270931189962325
0.8227272854291978
0.8214939902336789
0.7897035219847621
0.7854633219515105
0.7810862477712356
0.7767544263413192
0.7766942918351774
0.7777696470133327
0.77102368088171
0.770827060449016
0.7681935732184517
0.7681935732184517
0.7678827772129851
0.7678827772129851
0.7690717837688706
0.7482544766278526
0.7473430716909344
0.7542934391827305
0.7574466589078565
0.7502668352403777
0.7609377979431091
0.7609377979431091
0.7670851915057099
0.7684841791293688
0.7642057932999683
0.7571269824375794
0.7571269824375794
0.7559517054874313
0.7589892455094984
0.7589892455094984
0.7590755598971719
0.7742561984881512
0.7735969628268958
0.7746238754542475
0.7730499870401312
0.7722917898293166
0.770872830410702
0.7535002647716313
0.7535483202765519
0.755877438389527
0.7559464448667224
0.754855387520933
0.7552095476674162
0.7635659132517941
0.7635543066824191
0.7628377530687099
0.7628377530687099
0.7646983668335793
0.7646983668335793
0.7643429488816508
0.7643429488816508
0.7676277305090492
0.7674319477877377
0.7684494534932121
0.7666052417189816
0.764274829041589
0.7516967030977555
0.7546012019799677
0.7554838789066128
0.7625727117106341
0.7625727117106341
0.7648218652640664
0.7602402202183663
0.7543486313929337
0.7620679844368962
0.7643403236651845
0.7643403236651845
0.7738794946860997
0.774195334819645
0.7657714891535513
0.76560775282308
0.7739562240643845
0.7755979169317777
0.7665755633990834
0.7579485819296066
0.7564034993618648
0.7564034993618648
0.7564034993618648
0.7500994542194436
0.7511970591471778
0.7511970591471778
0.752678082752889
0.7530031130697395
0.7530031130697395
0.7530031130697395
0.7505271965748531
0.7505116574029776
0.7498616118565327
0.7517909018323341
0.7515125069838208
0.7545464765541021
0.7524752875030741
0.7417392642149465
0.7408665443239022
0.7408665443239022
0.7376927900254153
0.7409566651104448
0.7586500396235734
0.7601197057128801
0.7605101903347166
0.7620916390596353
0.7786503157022783
0.7841183361079269
0.7841183361079269
0.7837997252856188
0.7864097471675507
0.7844010095128756
0.7779923636487357
0.7773859359606659
0.7804696711450083
0.7809147316526074
0.781518520913353
0.7914435617452258
0.7863223479158126
0.8078822893836575
0.811393931034836
0.811393931034836
0.811393931034836
0.8094623341064999
0.8161911929406325
0.8078970201817782
0.8078970201817782
0.8080412169949039
0.8080412169949039
0.8014527972663479
0.8055184208416113
0.8111571485036628
0.8134807389943278
0.809344965741449
0.8085297378640266
0.8068625539031797
0.8170734924701336
0.8164290860883521
0.792216953027802
0.7922060024117648
0.7923165097841153
0.7923165097841153
0.7923165097841153
0.7936021186250705
0.7954018965442051
0.7819527710558908
0.7784236209845948
0.7781009183799831
0.7775005468982173
0.7832278508930953
0.7518580819274433
0.7463720520640266
0.7463720520640266
0.750058165371072
0.7510123244392457
0.7800161456455866
0.7726973600042281
0.7877961951134523
0.782315306220004
0.7893548932547478
0.760142227050175
0.761375043315637
0.7598612740183782
0.7577439577299326
0.7574759483272232
0.7645552130218565
0.7623664698450427
0.7615890884136493
0.7284353688641717
0.7284353688641717
0.7217909516683436
0.7192271802547138
0.7216305449580973
0.7247947282884305
0.7289856580573404
0.7289856580573404
0.7291345587355116
0.7080638082707132
0.7015656640647954
0.7187328354731644
0.7187328354731644
0.714044160729938
0.714044160729938
0.7112380704588364
0.7023880605775914
0.7073670702728256
0.6975741638633154
0.7223222450641715
0.7235520176215188
0.7235520176215188
0.7142870116527243
0.7141931026738575
0.7143192519559419
0.7176028168517644
0.7176028168517644
0.7176028168517644
0.6986938916721409
0.7086593012715214
0.7107978571755947
0.7107978571755947
0.6980787566896681
0.6777661590967364
0.6670649825125016
0.6664374524150838
0.6688539204122188
0.6825550934112377
0.6825550934112377
0.6912211374692016
0.6914568862717869
0.6949302674576397
0.6915434217333751
0.6906139289874794
0.6979814408856834
0.6946390733235237
0.6946390733235237
0.6978834699952509
0.6978834699952509
0.6976994906587631
0.6976994906587631
0.6976994906587631
0.7000910181464195
0.6975595255378589
0.6954354480553465
0.7020346093728786
0.6924159765749037
0.691304801630681
0.6906510739859918
0.7016593602819592
0.7016593602819592
0.693733838684748
0.6946826197580439
0.6945636871758254
0.693586006706676
0.693586006706676
0.6932080559024025
0.697721034931647
0.7019525553451175
0.6850933387317567
0.6871874263548183
0.6893242586560467
0.6882990426176981
0.680749739688319
0.6862375972991877
0.6710227679707207
0.6792604791743317
0.6764297891653429
0.6764297891653429
0.6785012368566739
0.6709685484147664
0.6819307528132907
0.6823300728009146
0.6790358169076528
0.6527722659111141
0.6527702454057751
0.6509515613047654
0.6514182503697112
0.6514182503697112
0.6512615075661108
0.6419761098588663
0.6327508813475067
0.626071360593565
0.626071360593565
0.626071360593565
0.626071360593565
0.6265907249879529
0.6263133205719498
0.627347949301321
0.627347949301321
0.627347949301321
0.6257822675578444
0.6267112395828814
0.6238472889802035
0.6104963031924748
0.6128067085400081
0.6100141671243448
0.6125646157794961
0.6164009053332159
0.6142463763685473
0.6139865853802385
0.6136938166465766
0.6089599143289038
0.6101971392905184
0.6104021395013215
0.6181293163038972
0.6273290554503042
0.6210357323903024
0.6191888508375197
0.6191888508375197
0.6172557272226814
0.6179397943651923
0.6119976400258752
0.6135374739842083
0.6048249342924419
0.6122524391752265
0.6149355693976724
0.6227615493559758
0.6223911717760915
0.622464307235128
0.6142830837917084
0.6134014339909849
0.6134014339909849
0.6000373412775831
0.6015228005488139
0.6015228005488139
0.5976225040595906
0.5914443123033376
0.5862728797171533
0.5870365424335869
0.5844749480865077
0.5830751632109561
0.5830528340583733
0.57772562710921
0.5790191261519982
0.5790191261519982
0.5875303298393426
0.5875303298393426
0.5872739611177672
0.5761860114284649
0.5799912835991339
0.5871397223862644
0.5871397223862644
0.5739436120602243
0.5751617154722235
0.5751617154722235
0.5756259518240756
0.5756259518240756
0.5715033769537918
0.5626856837020503
0.5626856837020503
0.5369525873268548
0.5370610091610712
0.5388070851767596
0.5388070851767596
0.5388070851767596
0.5377038895179894
0.5427626921067383
0.544075282137718
0.5553356657755333
0.5594721340122333
0.5566521862832229
0.5450239423018546
0.5450239423018546
0.5576307320786362
0.5594568279301902
0.5526310340286417
0.5526310340286417
0.5526310340286417
0.5485690220010663
0.5485690220010663
0.5482289768672479
0.5468746827311299
0.5404448003975644
0.5225224447215351
0.5162487245529762
0.5155904074811853
0.5206442436754877
0.5206442436754877
0.5185831330828264
0.49805130481862225
0.4943404742862383
0.5182668268134618
0.5145277056240721
0.513069673410923
0.5163263918562055
0.509594740238996
0.49752794306151993
0.4894864104587647
0.48911081975361775
0.4949162897942749
0.49270410362193634
0.4958094360448917
0.49927569462466714
0.49557181216684437
0.513635826390671
0.5090691456825408
0.5038135751362202
0.5038135751362202
0.5038135751362202
0.5148845909288502
0.5148845909288502
0.5148845909288502
0.5241152930353329
0.5218104689487418
0.5193782109778337
0.5211575915984481
0.5211575915984481
0.5206088783865874
0.5211771927259461
0.5198134707577444
0.5181003922698584
0.518108012108811
0.515028766689931
0.5285282386041087
0.5285282386041087
0.5285256891322855
0.5452280891108469
0.5349618150840562
0.5121993206025655
0.5121993206025655
0.5316738620365409
0.5316738620365409
0.5156250091208987
0.5156250091208987
0.5156250091208987
0.5125738298677417
0.510306562341456
0.5103276603477437
0.5103276603477437
0.5103276603477437
0.507643683602872
0.5057663437036847
0.5140909674153152
0.5142596957410146
0.5288563649587182
0.5288563649587182
0.5228485926423322
0.5092319814612417
0.5108755220085678
0.5027757469677452
0.506408062010043
0.49921166635311054
0.4978535787037978
0.4960241943341226
0.5037968984543012
0.5051109275958026
0.5051109275958026
0.5011186880875137
0.5104176389896921
0.5248213003070584
0.5213271842045123
0.5213271842045123
0.5213271842045123
0.5364546898421776
0.5291587726315262
0.5311337455982564
0.5312119264451026
0.5312119264451026
0.5252449304923855
0.5252449304923855
0.5252449304923855
0.5250974958173089
0.5205940252820698
0.5181658912086187
0.5221557954878159
0.5166924157469426
0.5171497236731012
0.5265476885122686
0.5254688678638597
0.5286267714063612
0.5325558504459581
0.5332129870353152
0.5332129870353152
0.5332129870353152
0.5390425548296415
0.5414515197499032
0.5394173942021631
0.5314745370334217
0.5314745370334217
0.5362520637483243
0.5426830902883875
0.5426830902883875
0.5441389140868129
0.5441389140868129
0.5408397759366809
0.5344990412247108
0.5311588512071689
0.537879306570229
0.5252688049512116
0.5201482817904789
0.5205243748186775
0.5214491346107718
0.5297471776572712
0.5209307953865926
0.5209307953865926
0.5211806693796661
0.5286500121858777
0.5286500121858777
0.5314182701266089
0.529393529759489
0.528830961475487
0.5370294694281242
0.5379120734782666
0.5405876935564691
0.5405876935564691
0.5382699080740404
0.5310211520389935
0.5310211520389935
0.5303047188906993
0.532994407754696
0.5441483606629587
0.5370136543975244
0.5370136543975244
0.5372757556878293
0.5535668612124078
0.5535668612124078
0.5588362312455153
0.5628124051440037
0.5602376033568038
0.5709187427980498
0.5709187427980498
0.5671558309374624
0.5689983091166299
0.5574710616235722
0.558701990263123
0.5593698281981647
0.5696831750834132
0.5634543555627229
0.5626630447238684
0.5518020896084468
0.5518020896084468
0.5490519216232105
0.554072344645038
0.554072344645038
0.554072344645038
0.554072344645038
0.554072344645038
0.5523897251108632
0.5375101309016732
0.5480520074549512
0.544024873670766
0.5439602542139975
0.5330072047375917
0.5242788293590283
0.5246556968762159
0.5246556968762159
0.5246556968762159
0.5246556968762159
0.5150579835312646
0.500732205257297
0.5070690452812803
0.5157875248944207
0.5181214766478432
0.5182213011962179
0.5138841348190737
0.5150981979350281
0.49605429018799296
0.48565773540389257
0.47567859962623094
0.4770733512935878
0.4770733512935878
0.4799374768458457
0.47919835649057685
0.47919835649057685
0.47482272273539783
0.46285023568251654
0.4725028199369543
0.47619455229074836
0.47105814288447373
0.4697951357941814
0.4697951357941814
0.47154689183301673
0.4467427499213678
0.4452642431293215
0.4452642431293215
0.43228568755384666
0.42561366633470077
0.42561366633470077
0.42731578433559086
0.4335232586413346
0.4335232586413346
0.4320488753705756
0.43052045911094405
0.426719557604086
0.4302311482506634
0.4177537427812013
0.40696547630643337
0.39831583247588703
0.3744062030476396
0.3665947917670425
0.3628080574116398
0.3628080574116398
0.3628568222035039
0.3634097727654183
0.3572112835752543
0.35356298722025953
0.348810869974844
0.3430771263382329
0.3430771263382329
0.3248879459780595
0.32330584532058526
0.32332268284759885
0.3129276252201008
0.3129276252201008
0.31169323184634534
0.30974914386715596
0.3106348516212066
0.31145332818605026
0.3162778288990261
0.3122806211952742
0.31566634175873015
0.30510879587322515
0.30510879587322515
0.30652632397698854
0.3082368131585797
0.305505710655835
0.32378506573476334
0.32997261189511334
0.3399332044965749
0.3497719178227055
0.3545269115971882
0.3545269115971882
0.3575379399826408
0.35456819653168803
0.3564239936242722
0.3613806036914791
0.361330766029125
0.36078822086024875
0.36267666538760357
0.36267666538760357
0.3624792250945029
0.3624792250945029
0.36245002198633236
0.361518943592986
0.35537540117983046
0.35537540117983046
0.3483466530646538
0.3483466530646538
0.3516239786336195
0.35134000741515276
0.3514362291971064
0.3608259281262193
0.3610029804784892
0.36057026060179936
0.37161463485487584
0.3729461157982861
0.3771857009912696
0.37038861620557056
0.37038861620557056
0.38171853723569177
0.38326841547854557
0.3813575715473994
0.3760481927311733
0.3700076566396951
0.36611657330909386
0.3652746039847441
0.36528692392034284
0.3527980328170034
0.34916499675447016
0.34701637000684477
0.34641845959778556
0.35250179592343317
0.37426634417567195
0.3779534340915012
0.37897203238066157
0.37897203238066157
0.3820909536454636
0.38998704118168404
0.3863198828185608
0.3766487136300591
0.3766487136300591
0.38235259613857314
0.37969302398243604
0.37966728287131096
0.4036214490984836
0.3934077007093364
0.41329426414504
0.42954251652270165
0.42838895111850667
0.42838895111850667
0.429881616897363
0.4465748711840541
0.4465748711840541
0.4465748711840541
0.44677659160685423
0.44681542294550664
0.44681542294550664
0.45864902695402626
0.4558017283069559
0.4564951351221139
0.4531778231950124
0.4500830277560334
0.4522991342654108
0.45030250308811887
0.4528504573780581
0.4528504573780581
0.4528504573780581
0.4513917068651867
0.45353368556150175
0.45632143828372557
0.4570559071938614
0.44442491271982093
0.44442491271982093
0.44442491271982093
0.44372157201294565
0.4432467273873611
0.4501861755225856
0.45257143473776246
0.45193439327999035
0.4503475767585961
0.45157948701780265
0.45304760729302007
0.4609364876703289
0.44027682286661485
0.439837700178699
0.4428810528141033
0.4428810528141033
0.44730217809384354
0.44730217809384354
0.4471803098897971
0.4471803098897971
0.44965984480267046
0.44965984480267046
0.4487332367090011
0.4681624279952029
0.4617897343282184
0.4617897343282184
0.4617897343282184
0.4617897343282184
0.46729770543417415
0.46729770543417415
0.4587743678656899
0.4729747367726604
0.4792747422473621
0.4792747422473621
0.48072625236726224
0.4869056882279924
0.48599949905978884
0.48547249909878604
0.48547249909878604
0.4870820482045622
0.4888779872343694
0.5008999917126642
0.4945102949706678
0.49702514961336053
0.4963912171349097
0.4964466581955353
0.4948515326895442
0.48417117378014296
0.48385651723674644
0.4831849238439131
0.4831849238439131
0.4831849238439131
0.4777381525648528
0.4790211901634282
0.49445048547602555
0.49445048547602555
0.49819615801946326
0.4958338690990709
0.495569951832074
0.495569951832074
0.5038994265962232
0.5023534945305983
0.5041395100434054
0.5052294307184652
0.4938246963322436
0.4825292738716683
0.4825292738716683
0.4746095672605745
0.46781289736216475
0.46742130862547326
0.4678696301019207
0.468492450248588
0.4680547407142918
0.47279680956001474
0.47789912739738305
0.4778857831542503
0.47697308915618297
0.47697308915618297
0.47697308915618297
0.47697308915618297
0.47697308915618297
0.45537250659420553
0.45341764021935255
0.4547794800620445
0.4547794800620445
0.4548886140699196
0.4392042939580105
0.4392042939580105
0.44077525947218654
0.44077525947218654
0.44077525947218654
0.4398749704037201
0.4388311808557167
0.43093745331140565
0.4320992419611785
0.43212697385063115
0.43212697385063115
0.43172037788640655
0.43696350463981765
0.4371104497470657
0.4371104497470657
0.4371104497470657
0.43306194904644313
0.43391881149668426
0.4371196190272688
0.4371196190272688
0.44932954560786564
0.4449991849593873
0.4426575119982561
0.4426575119982561
0.4426575119982561
0.4426575119982561
0.4306747004212052
0.43067146305512766
0.42680854077637154
0.4217277319017759
0.4282074471011662
0.42083309061879914
0.4217029896981416
0.4212685948278552
0.418145964569964
0.418145964569964
0.42022164339168416
0.4135904360736719
0.40529449437448606
0.40529449437448606
0.40538177067142644
0.3952401258343973
0.3914210810799551
0.3914210810799551
0.40049237650850594
0.3977011539767489
0.3835552276622154
0.36901196699245703
0.3710811483642207
0.3637243274241053
0.35964622474526314
0.36389010692481544
0.36389010692481544
0.3613320706404424
0.36119432286473896
0.3777688182660141
0.36216465240731843
0.36241989040858186
0.36241989040858186
0.36743056210229513
0.36743056210229513
0.36744851648317245
0.37705749130200017
0.3770265473312362
0.3770265473312362
0.3770265473312362
0.3770265473312362
0.37956944721846175
0.3843385527260699
0.3884203665023159
0.3884203665023159
0.38401690837010327
0.3821399047130037
0.38177253053208005
0.404533247954041
0.4047384176906676
0.40726610393245194
0.40726610393245194
0.40726610393245194
0.40315911463535664
0.4039086363070736
0.4039086363070736
0.4039086363070736
0.4198178327161737
0.4210867658949352
0.4291003800991543
0.41868294419888996
0.4264587286820774
0.4264587286820774
0.43874337588884527
0.43874337588884527
0.43402013210832535
0.43402013210832535
0.44276597519390104
0.436834776620169
0.44130844467232183
0.4401391172787871
0.423243259467251
0.42684855836864993
0.42684855836864993
0.4189870450580164
0.4166959464383067
0.41923567515805815
0.41923567515805815
0.41923567515805815
0.41923567515805815
0.42010960603379827
0.4213765358497538
0.4230935152175482
0.4272978511846743
0.42759294114653623
0.42446613097635477
0.42446613097635477
0.41989659161413406
0.42089299494221344
0.41742903257977715
0.41766184165124237
0.41763991711943094
0.42752542026100887
0.4296470573480579
0.43027907432256657
0.43027907432256657
0.4359515416100222
0.43611676366574864
0.44706298004821765
0.43207724950987353
0.4233977560496564
0.39125887701867057
0.39125887701867057
0.391105730399672
0.37799665674997285
0.37997286581583045
0.37643626283436116
0.3846802314709984
0.3805398218989245
0.3805398218989245
0.37856447040716984
0.37805132145832043
0.3816459979048405
0.37846805440594466
0.3802507500640805
0.3845913690316472
0.39171195331004166
0.38898416997157625
0.3858310529850077
0.3858310529850077
0.3858310529850077
0.3858310529850077
0.39205017426989314
0.39885736096844154
0.39885736096844154
0.39885736096844154
0.39454622728995214
0.38816318498390734
0.39107616999664985
0.39107616999664985
0.39107616999664985
0.3878766968731412
0.3915197897094589
0.3915197897094589
0.3915197897094589
0.37860410894084556
0.3775096847532397
0.3802288254130596
0.3802288254130596
0.38386224773481414
0.38386224773481414
0.3926356524159704
0.3926356524159704
0.3955237357579586
0.3916832705374834
0.38696234986312683
0.38696234986312683
0.37137025003922036
0.37502611879365194
0.3704618248035281
0.37300599499079484
0.3640394826493528
0.36656130083665145
0.3592254728888079
0.3592254728888079
0.3650822130257659
0.37000021683367607
0.380782569981817
0.3808112758269161
0.38336765349137714
0.3834999498865276
0.3834999498865276
0.3834999498865276
0.38237897644969404
0.3832232846524243
0.37179951915985193
0.37179951915985193
0.37179951915985193
0.37179951915985193
0.37179951915985193
0.37179951915985193
0.37179951915985193
0.3744501711204968
0.3744501711204968
0.3744501711204968
0.3674772974635298
0.372279153852319
0.3663740568022087
0.3666344791977927
0.3666344791977927
0.3656685758922323
0.37227139819457744
0.3785333932365714
0.3785333932365714
0.37849745524428585
0.3757404810151532
0.3757404810151532
0.37686460849295245
0.3853853640655101
0.3746534276175433
0.3728318239406301
0.3782270780926518
0.37375883227973633
0.37375883227973633
0.37391045043238963
0.37391045043238963
0.374822789191418
0.374822789191418
0.374822789191418
0.36911896782272513
0.37067259315289347
0.3727361497696002
0.3727361497696002
0.3775240527551007
0.37465399088098583
0.37465399088098583
0.36442366232133344
0.36442366232133344
0.36442366232133344
0.36442366232133344
0.3736357385442317
0.3630227155319057
0.3629888422593161
0.3667297285784501
0.3667297285784501
0.35892072572732964
0.36107206539524844
0.35415574553123774
0.35415574553123774
0.36803747620611504
0.35699418031257163
0.35699418031257163
0.3631199760309974
0.3630970914070051
0.36402921376053166
0.3705663481807718
0.3523005507664551
0.35820562890537383
0.35883782351745597
0.3747746708104091
0.3747746708104091
0.3533442705081036
0.34593294308778105
0.3405340099707285
0.3496560978973955
0.3496560978973955
0.3496560978973955
0.3454049558783075
0.347030182138266
0.347030182138266
0.35211771717672746
0.35211771717672746
0.3524314221052657
0.3524314221052657
0.3572289518271358
0.3583001888811963
0.3583001888811963
0.35770840589769504
0.3514113175617121
0.3514113175617121
0.3514113175617121
0.3535296098191689
0.3511438394896172
0.33423576959423706
0.3178434881940338
0.3178496845366077
0.31784506792372974
0.3185672217612851
0.3204185869643689
0.33839980819695664
0.333076201340547
0.3212400267194286
0.32205285337166745
0.3221204315819202
0.3221204315819202
0.3221204315819202
0.3222256529217729
0.3168552994377875
0.3157365158699415
0.3152398046852996
0.31139832606156914
0.3111572610836413
0.30298511787119503
0.29145447620098863
0.29145447620098863
0.29145447620098863
0.2905874436143933
0.2905874436143933
0.2905000274568669
0.3064160228806515
0.30796888608132067
0.30627926306777775
0.28658211568250075
0.29744788668478006
0.2991209882978662
0.27755350719559824
0.2846574689849557
0.2846574689849557
0.2894639197328162
0.2894147037841087
0.28924523827816473
0.2925589496280465
0.2926917378230928
0.28015778499039967
0.2836517457085295
0.2836506901512427
0.2836506901512427
0.2836506901512427
0.2836506901512427
0.2872626444661904
0.28276188904819716
0.27968378571648844
0.27968378571648844
0.29272943469272417
0.29272943469272417
0.29727839830985736
0.29727839830985736
0.29727839830985736
0.29750842833772845
0.29806198081316704
0.2992679954464319
0.2992171216110253
0.2992171216110253
0.29201529010216354
0.29201529010216354
0.29201529010216354
0.3002182893671415
0.3002182893671415
0.3089662614383855
0.3089662614383855
0.3059442267717797
0.3059442267717797
0.32573644566203824
0.32573644566203824
0.3237430597201544
0.32010151848798746
0.31007489122108983
0.3147129425396654
0.33904443415045943
0.34408954298153394
0.33662546744431504
0.336426204105198
0.3319607731881983
0.33820588623804454
0.33820588623804454
0.34176941631242963
0.34460929580491123
0.34863193459595804
0.34863193459595804
0.34863193459595804
0.34863193459595804
0.34926472749979665
0.34227047626295737
0.34227047626295737
0.34227047626295737
0.34227047626295737
0.33159335187140426
0.3264627358434729
0.34222594440547
0.33832890043694175
0.33400288221274516
0.33400288221274516
0.33400288221274516
0.33400288221274516
0.33520761242466446
0.33520761242466446
0.3241044267825772
0.3241044267825772
0.3241044267825772
0.31995211550344455
0.3155968906030968
0.3152826384827661
0.3152826384827661
0.3152826384827661
0.3152826384827661
0.3152826384827661
0.3115274499034922
0.30581709433716664
0.30581709433716664
0.30581709433716664
0.3190607828485762
0.3190433537331071
0.3190433537331071
0.3190433537331071
0.32330937166125706
0.3229813277741457
0.3094842309492758
0.3094842309492758
0.3094842309492758
0.3095730136325801
0.31557031928259544
0.3098523926059257
0.3098523926059257
0.3101375129689534
0.3101375129689534
0.3111228363634897
0.3111228363634897
0.3107113236119395
0.3107113236119395
0.3107113236119395
0.30166071783301396
0.31312237188179964
0.3179035266610888
0.3019719100247782
0.3019719100247782
0.3019719100247782
0.2948639962176417
0.29111476984049484
0.2883858329026951
0.2884873066725038
0.290472284446012
0.290472284446012
0.290472284446012
0.2869910558512901
0.28443065571147047
0.2854343483117713
0.28711423198713515
0.28711423198713515
0.28711423198713515
0.28711423198713515
0.28711423198713515
0.2974860248192391
0.2875451289318753
0.2918810934393462
0.2895698752629275
0.2895698752629275
0.29588751969737187
0.29194603940734737
0.29194603940734737
0.29207990702309616
0.2866478830760711
0.2866478830760711
0.27514497866829396
0.27514497866829396
0.27754495911674604
0.27651000650263197
0.2821557610794935
0.2820380661278994
0.2930492790210662
0.2930492790210662
0.28167228622545465
0.276944523717191
0.276944523717191
0.2700037265631695
0.2700631211712932
0.26724431595874476
0.265801201034287
0.2623694012945857
0.2623694012945857
0.2623694012945857
0.2674510968968438
0.2674510968968438
0.26979501419032176
0.26979501419032176
0.26979501419032176
0.2784668687327711
0.2822494096481633
0.2870583643793748
0.2834658538847623
0.2878085832196382
0.2878085832196382
0.29612616885841164
0.29612616885841164
0.29612616885841164
0.29612616885841164
0.2998439396380852
0.3196154876158321
0.32057367123819974
0.32057367123819974
0.32057367123819974
0.32057367123819974
0.32415554147620085
0.3268391803948164
0.32288422447103765
0.31875661398293326
0.32249917485440305
0.32249917485440305
0.32211146314000055
0.3084966210943013
0.3084966210943013
0.28839807129042794
0.28680458267956543
0.286198818460012
0.2781690597646126
0.25451547212219305
0.24457087340906405
0.25073223665080024
0.25073223665080024
0.245730298512292
0.245730298512292
0.24796056141027617
0.24796056141027617
0.2410963709791299
0.2411851588067917
0.23715048629911267
0.22129546292347962
0.22129546292347962
0.2102994966765179
0.2102994966765179
0.21016417424449155
0.2093626167121618
0.2093626167121618
0.21071055999464608
0.2071782825435843
0.2004233056447928
0.2045725414437009
0.2045725414437009
0.20357083807163384
0.20357083807163384
0.21129317167237457
0.20609408786556838
0.19854515005492587
0.19854515005492587
0.19854515005492587
0.19854515005492587
0.19854515005492587
0.19776580257513313
0.20075308942823505
0.19897345509582315
0.20637775921048793
0.20601346387858696
0.20544567798801422
0.20544567798801422
0.20544567798801422
0.2091588620610352
0.20665564680567916
0.2078429034017594
0.2078429034017594
0.2078429034017594
0.19951559146474582
0.19951559146474582
0.2101811942164015
0.20346617374692336
0.20346617374692336
0.20945326854846955
0.19795615114976028
0.19795615114976028
0.19788322804455888
0.19746864575401957
0.19892239630274444
0.19892239630274444
0.19892239630274444
0.19892239630274444
0.20657905290989728
0.21020380238740988
0.21650335634822573
0.2173530733575695
0.2166717045665425
0.2166717045665425
0.21417991224863106
0.21417991224863106
0.22801110622497914
0.22801110622497914
0.22800268244822028
0.22800268244822028
0.22800268244822028
0.22507141645768283
0.22955994176257347
0.22955994176257347
0.22955994176257347
0.22955994176257347
0.22969949648549262
0.22969949648549262
0.22968156273582996
0.22089808443749304
0.22089808443749304
0.21371361175564235
0.22212752731871097
0.2237807954460158
0.2237807954460158
0.22380129426969397
0.22380129426969397
0.2184449128021602
0.20896588672787736
0.21540254817797413
0.21393835851813944
0.21441773980323914
0.21441773980323914
0.2169320149031814
0.2169320149031814
0.216728273160577
0.22605617975759806
0.22605617975759806
0.22605617975759806
0.22534819995528274
0.23081610900955185
0.23081610900955185
0.23085911217555005
0.2254874877585735
0.2254874877585735
0.22611744818575752
0.2291129130698915
0.22891204965309686
0.22891204965309686
0.22891204965309686
0.22891204965309686
0.22471092617406055
0.22471092617406055
0.22738624709514815
0.22738624709514815
0.22738624709514815
0.22738624709514815
0.20286059211698348
0.20286059211698348
0.20681615140503415
0.20793437321258074
0.20793437321258074
0.2015919899357699
0.20433906809375169
0.20450575902245852
0.1985734129299844
0.1985734129299844
0.1985734129299844
0.1985734129299844
0.19318236820723889
0.19318236820723889
0.19309843441390612
0.19309843441390612
0.19309843441390612
0.19309843441390612
0.19147784327180647
0.19396971855222814
0.19396971855222814
0.19396971855222814
0.19396971855222814
0.19396971855222814
0.19028615330351856
0.19028615330351856
0.19028615330351856
0.19028615330351856
0.19028615330351856
0.19028615330351856
0.1918724334527961
0.18910095285697276
0.18910095285697276
0.18910095285697276
0.18910095285697276
0.18910095285697276
0.18910095285697276
0.18910095285697276
0.18904261417727833
0.18549306504957971
0.18077715297960578
0.18077715297960578
0.18077715297960578
0.18077715297960578
0.18077715297960578
0.18077715297960578
0.18077715297960578
0.18077715297960578
0.15363708748335525
0.1544777428937386
0.1544777428937386
0.1544777428937386
0.1544777428937386
0.1544777428937386
0.1544777428937386
0.1544777428937386
0.1544777428937386
0.15473196426138316
0.15473196426138316
0.15473196426138316
0.15473196426138316
0.15473196426138316
0.15473196426138316
0.15473196426138316
0.15473196426138316
0.15473196426138316
0.15473196426138316
0.14980450902830827
0.14980450902830827
0.14980450902830827
0.14980450902830827
0.14980450902830827
0.14980450902830827
0.14980450902830827
0.14980450902830827
0.14980450902830827
0.14980450902830827
0.148704744132753
0.148704744132753
0.148704744132753
0.148704744132753
0.148704744132753
0.148704744132753
0.148704744132753
0.148704744132753
0.148704744132753
0.14862722420568453
0.14862722420568453
0.14862722420568453
0.14862722420568453
0.14862722420568453
0.14862722420568453
0.14862722420568453
0.14862722420568453
0.14862722420568453
0.14862722420568453
0.14862722420568453
0.14862722420568453
0.14862722420568453
0.14862722420568453
0.14145034296609946
0.14145034296609946
0.14145034296609946
0.13736706304402332
0.13736706304402332
0.1317542347022396
0.1317542347022396
0.1317542347022396
0.1317542347022396
0.1317542347022396
0.1317542347022396
0.1317542347022396
0.1282129507945595
0.1282129507945595
0.1282129507945595
0.1282129507945595
0.1282129507945595
0.1282129507945595
0.1282129507945595
0.1282129507945595
0.12798845370637799
0.12798845370637799
0.12798845370637799
0.12798845370637799
0.12668854569514962
0.12668854569514962
0.12668854569514962
0.12668854569514962
0.12668854569514962
0.12668854569514962
0.12668854569514962
0.12668854569514962
0.12471796509700027
0.12471796509700027
0.12471796509700027
0.12471796509700027
0.12471796509700027
0.12471796509700027
0.12471796509700027
0.12471796509700027
0.12471796509700027
0.12471796509700027
0.12192895071654306
0.12192895071654306
0.12192895071654306
0.12192895071654306
0.12192895071654306
0.12192895071654306
0.12192895071654306
0.12192895071654306
0.12192895071654306
0.11974952232414748
0.11715709633184412
0.11715709633184412
0.1154281255138489
0.1154281255138489
0.11503494240106402
0.11503494240106402
0.11503494240106402
0.11144288161459524
0.11144288161459524
0.11144288161459524
0.10915569827610232
0.10915569827610232
0.10915569827610232
0.10915569827610232
0.10915569827610232
0.10915569827610232
0.10915569827610232
0.11033337283515716
0.11033337283515716
0.11033337283515716
0.11033337283515716
0.11033337283515716
0.11033337283515716
0.11033337283515716
0.11033337283515716
0.11033337283515716
0.10957358930309585
0.10957358930309585
0.10957358930309585
0.10957358930309585
0.10892170757794216
0.10892170757794216
0.10892170757794216
0.10892170757794216
0.10892170757794216
0.10892170757794216
0.10724403553134422
0.10724403553134422
0.10507696814735341
0.10507696814735341
0.10507696814735341
0.10507696814735341
0.10507696814735341
0.10507696814735341
0.10507696814735341
0.10507696814735341
0.10507696814735341
0.10507696814735341
0.10507696814735341
0.10507696814735341
0.10507696814735341
0.1050439056011058
0.1050439056011058
0.1050439056011058
0.1050439056011058
0.1050439056011058
0.1050439056011058
0.1050439056011058
0.1050439056011058
0.1050439056011058
0.1050439056011058
0.1050439056011058
0.1050439056011058
0.1050439056011058
0.1050439056011058
0.1050439056011058
0.1050439056011058
0.1050439056011058
0.1050439056011058
0.10300693603597137
0.10300693603597137
0.10182935898227091
0.10182935898227091
0.10182935898227091
0.10182935898227091
0.10182935898227091
0.10182935898227091
0.10182935898227091
0.10182935898227091
0.10182935898227091
0.10182935898227091
0.10182935898227091
0.10182935898227091
0.10182935898227091
0.10216518791609426
0.10167170450487385
0.10167170450487385
0.10167170450487385
0.09819973286845411
0.0980630513967373
0.0980630513967373
0.0980630513967373
0.0980630513967373
0.0980630513967373
0.0980630513967373
0.0980630513967373
0.0980630513967373
0.0980630513967373
0.0980630513967373
0.0980630513967373
0.0980630513967373
0.0980630513967373
0.0980630513967373
0.09641333082238272
0.09641333082238272
0.09641333082238272
0.09433268129948782
0.09433268129948782
0.09433268129948782
0.09433268129948782
0.09433268129948782
0.09433268129948782
0.08648965224019353
0.08648965224019353
0.08548024742877054
0.08548024742877054
0.08548024742877054
0.08548024742877054
0.08263334182138916
0.08263334182138916
0.08263334182138916
0.08263334182138916
0.08263334182138916
0.08263334182138916
0.08263334182138916
0.08263334182138916
0.08263334182138916
0.08263334182138916
0.08263334182138916
0.08263334182138916
0.08263334182138916
0.08263334182138916
0.08263334182138916
0.08263334182138916
0.08263334182138916
0.08263334182138916
0.08263334182138916
0.08263334182138916
0.08263334182138916
0.08263334182138916
0.08263334182138916
0.08263334182138916
0.08263334182138916
0.08263334182138916
0.08263334182138916
0.08263334182138916
0.08263334182138916
0.08263334182138916
0.08263334182138916
0.08263334182138916
0.08263334182138916
0.08263334182138916
0.08231897176316366
0.08231897176316366
0.08183003422267206
0.08183003422267206
0.08183003422267206
0.08183003422267206
0.08183003422267206
0.08183003422267206
0.08183003422267206
0.08183003422267206
0.08183003422267206
0.08183003422267206
0.08183003422267206
0.08183003422267206
0.08183003422267206
0.08183003422267206
0.08183003422267206
0.08183003422267206
0.08183003422267206
0.08183003422267206
0.08183003422267206
0.08183003422267206
0.08183003422267206
0.08183003422267206
