0.0466667 0.036276107719450834
-0.0866667 -0.0751787942320647
-0.3733333 -0.3664374117708496
-0.1533333 -0.15538834990219552
0.0366667 0.03448358396371631
0.0066667 0.029975897501356652
0.7633334 0.7380853339144631
0.61 0.5971572103389454
0.3833334 0.3782534456608167
-0.28 -0.29952192954494916
0.56 0.5643742601985764
0.1633333 0.15759718155601876
0.1266667 0.11004408849682057
-0.71 -0.739368129542396
0.9666667 0.9590903380352233
-0.86 -0.8551503829411408
-0.59 -0.6099901397262986
-0.2366667 -0.25387293746429485
-0.4033333 -0.4211647800710463
-0.7566667 -0.770761956435967
0.7133334 0.7492864001933928
0.4233333 0.4365433566417452
-0.2933334 -0.32739673418108517
0.72 0.7385451869059225
-0.9666667 -0.9755645889988428
-0.9966667 -0.9982121684003165
0.9833333 0.9923157162900197
-0.6666667 -0.6470070410678594
-0.17 -0.1773855637198361
0.9 0.925307443694422
0.03 0.04692499650562715
0.27 0.26662988690434747
