1.664843920785928
1.519917178799419
1.5445854581554754
1.5442579600203787
1.5378290977679216
1.5430687688220512
1.5258812443700427
1.5174192187901399
1.5186873252222786
1.5186935533199517
1.5386435318915448
1.5323422922334775
1.5248850644088876
1.5211781593771612
1.5211781593771612
1.5262796831723537
1.5202816819053988
1.5180776379417915
1.5294915974801804
1.537716410073046
1.5336649622912268
1.519992497653494
1.519536590435047
1.5017292463262466
1.502601051822683
1.4956311357806558
1.4883478043127372
1.4779825834777354
1.4781034893822993
1.4834058459296326
1.4819311310267955
1.4796558485020497
1.4819640294588323
1.4774060900699109
1.4910687227310524
1.4822670416863486
1.482921261428094
1.4829674250843046
1.4775517329031096
1.4813583840278501
1.4813583840278501
1.4778697972514079
1.47456815407725
1.4688588435747827
1.4750342677458208
1.4793149233283411
1.4849198861474626
1.4655558399872666
1.4570624040662588
1.4579059856507657
1.4701250396527996
1.4668656033810634
1.4703675035357282
1.480191594512164
1.5018045922757144
1.512161000025454
1.5130911564662173
1.512196796670114
1.5017096731210497
1.493692385067342
1.4946151085275095
1.4976204538503903
1.4928539818172588
1.5002653173659057
1.5047122893917093
1.4976563812865922
1.4995967314196061
1.4928123804687525
1.5066188894652066
1.5103608972309266
1.504768770154085
1.5043243864057938
1.4984252395691304
1.5013805278161958
1.5008684051271033
1.5000802937049276
1.4928247602694913
1.492777394897953
1.4785139315959521
1.477600782042288
1.477576753725634
1.4804339596002738
1.4752224679837211
1.4720388940989668
1.4743094987607865
1.4720294372133178
1.4736971624943018
1.450423704748064
1.466513089103952
1.4648854674132468
1.4685392472430796
1.4685357930025298
1.459540011511471
1.4530490141942776
1.4692856629540234
1.473758313628298
1.4519751770300564
1.456545797872352
1.4545563899885476
1.4518603190492336
1.4612059255871377
1.4605776175520309
1.4607631578223448
1.4484403267361825
1.4607141207026566
1.4602271802738158
1.4597095274751744
1.4614323128415978
1.460860712810325
1.4636144197568624
1.4684258540502375
1.4854234366993737
1.4779578309234533
1.477488771448971
1.477560275541554
1.4667114106191617
1.474920320385406
1.4817385310041817
1.472859764506323
1.470464283894365
1.4709867161041594
1.4629814622834296
1.4559029088990034
1.4349849236590042
1.4342732431355132
1.4367410544502
1.4371599934680361
1.4329972489115173
1.4324087150314597
1.417033889329542
1.4205281532377987
1.4219041372664167
1.4160312235928223
1.4165000048153236
1.4215096565514191
1.4148808230789045
1.4148808230789045
1.4225852908126029
1.4116006017646034
1.4198297402100888
1.4257005791776052
1.4295963584562075
1.4254919748309545
1.4246082890579685
1.4231125133719842
1.4274317259170184
1.4273022911255688
1.41488954160165
1.404835409339147
1.417702277424644
1.4253131300386204
1.4247887601846345
1.4243292397439327
1.4273002179879337
1.4211678654014113
1.4147022366554796
1.4160525364889773
1.4090365769844804
1.3948218310462797
1.3958445575849645
1.3727503967463488
1.372299797895949
1.372299797895949
1.368234675855571
1.3705898735566278
1.3582531133597993
1.3432714541199715
1.3409240116577676
1.3346812573975497
1.33154878835613
1.3314775376436419
1.3247886546221388
1.3386634312818642
1.3363753308960469
1.3513874683810767
1.3516055330941419
1.3519300987543768
1.3491689436045928
1.328634061225418
1.329957197151915
1.3278385637805594
1.3280142872860745
1.3245689043346347
1.3263006443214131
1.333686374185788
1.3338877256200934
1.331365507038415
1.3321218609803531
1.3276032983462163
1.3274843383631483
1.3305577511889313
1.348193530784729
1.3441011475670757
1.3406537527834128
1.3403868114089244
1.35025622402163
1.3429987812022144
1.3489482683574663
1.345890089914954
1.3455703816059368
1.3377604000140757
1.3375881873372915
1.3355524061615347
1.3533276874718012
1.3570159595838893
1.3559364820684299
1.3309420910848775
1.3166652047766942
1.3142391517775995
1.302437812184559
1.2975283341514148
1.2999618111103879
1.2762041394565111
1.2815493992069638
1.286296430290066
1.2906437116918439
1.2912637439627033
1.3013307840357704
1.29410887633177
1.2971475935275738
1.2969878677241156
1.2961599439917815
1.2867706479953855
1.2817606052090615
1.2770322176010813
1.2791871475450796
1.280107504011436
1.2848907536595815
1.2807876125835047
1.2808801358966633
1.2809635448651464
1.2912724790177665
1.2716469381935935
1.27207734284331
1.2728392808844848
1.2802328358967638
1.2878691172054426
1.2880451611410686
1.2811111760112792
1.2797204909257365
1.277885601214843
1.2801721745163825
1.2806438608323147
1.281137446313825
1.281318455247764
1.2920171672841982
1.2890076112804683
1.2883132139482094
1.288638404465622
1.2742631597954979
1.2742631597954979
1.2776801455388218
1.2780043024564391
1.275672543470877
1.2754119357512603
1.2752741532586769
1.2836600104463505
1.2804850748205405
1.272664316014306
1.2962673019643323
1.3081403104387324
1.30941340602212
1.2898979424590038
1.265921085743953
1.2882108941936525
1.2765736045258735
1.27819034330513
1.2779933085382604
1.2750616293550199
1.2675268356264011
1.2668488682202024
1.2671463389919164
1.2645259172270173
1.2649480558438173
1.2597759045955774
1.25932288382666
1.2600203601050532
1.263358568059022
1.261796203218853
1.253655086572121
1.241380857113894
1.260350204981815
1.2610137366330816
1.2458919722756112
1.2534867034603978
1.2559857683260518
1.268865064324494
1.2684280691178964
1.2680901299961893
1.2687408082326388
1.2687382880066627
1.2722949161327242
1.2838562950536503
1.2793062580389083
1.2752172041098189
1.2710640306667027
1.2717561956572294
1.2725939944969
1.2712472702170368
1.2712472702170368
1.2713724540310534
1.278595617447943
1.278595617447943
1.2742699776655555
1.2606191475157313
1.2600886020139337
1.2456538412301226
1.2285240622362288
1.2147082367696176
1.2138470058712507
1.2145874892184993
1.2104454061666199
1.2104454061666199
1.2171357331114263
1.2212536075896532
1.1986620911100252
1.1925567689451306
1.1996100897543382
1.1996100897543382
1.2095345898885228
1.2071184991889956
1.2093532279699075
1.2016724608617868
1.189809208215091
1.203096271554653
1.1864464276082114
1.1899001517596892
1.1900520467877622
1.1890999556891035
1.1896022018950376
1.1910860376103856
1.1910860376103856
1.1903957028943686
1.198122648001398
1.1859349618931079
1.1759347005645087
1.1759347005645087
1.1863495600433962
1.1756791904945196
1.1756791904945196
1.1771049492390624
1.198031889556001
1.1978055290058467
1.187249098550506
1.186992985414777
1.1876750456124834
1.1757888471616513
1.1757888471616513
1.1757888471616513
1.1763073340336598
1.1647551610705007
1.154532452481553
1.1488942320045956
1.1480791455371857
1.1674319327629665
1.1674319327629665
1.1642810562036117
1.164143249948934
1.1611996512579863
1.1667831722429995
1.1678388759536134
1.1685783978755193
1.1635206180093098
1.1628451905662875
1.1578706528669653
1.1578706528669653
1.1578540501601806
1.1696199392784963
1.1777658493595515
1.1763585111216124
1.1763585111216124
1.1763585111216124
1.186034257180678
1.1859642783593218
1.197970401075861
1.1969528359059851
1.190765411064707
1.190765411064707
1.1910324567544432
1.1917967700218823
1.1920996871280942
1.1951321317077943
1.196477770777499
1.1930085761689826
1.1874606879945133
1.1782850684040678
1.1779985577882786
1.2060988116001299
1.204262977079356
1.2045065978232459
1.1996747529311624
1.1776342081262576
1.1768707296340686
1.1778886942732965
1.1788857700181568
1.1780686295500864
1.1777875104449913
1.1777875104449913
1.177201520777235
1.1737958246862015
1.1698898642613829
1.1658358773262592
1.1639408632031258
1.1661998702036434
1.1573757717880158
1.1521693805098125
1.1653226970471013
1.1653226970471013
1.187005212106452
1.1882098183787582
1.189480651555412
1.1881320239536506
1.1892496677218003
1.1788329317407236
1.1740340028069296
1.172722591349803
1.1728804394131427
1.1753316464601675
1.1783041688225575
1.1799457714208936
1.1792643375255312
1.1792643375255312
1.1779732229191846
1.158773164986921
1.157354647283823
1.1577668985762621
1.1563396168320328
1.1577974641771527
1.1554097423976273
1.1550282751254664
1.1494265567411301
1.1504480123043523
1.1497337523803834
1.1541429293394834
1.1541429293394834
1.1704434065178744
1.1650229249321833
1.1724889345190208
1.1725834523150003
1.1739611044783391
1.1739611044783391
1.1739611044783391
1.1785023961107977
1.1796119125446172
1.172759385106066
1.2066159184086462
1.2043142031526717
1.205540774472969
1.205990047036627
1.1904154510769402
1.1962609216417655
1.1962609216417655
1.1973959282912012
1.1950216152048827
1.1962325050417735
1.1825490808135766
1.1824759073985762
1.177572109853234
1.1785957760681414
1.1746594162883104
1.1885677904927596
1.1872486820993546
1.1912876705260518
1.1891680621973832
1.1893057570076186
1.199884449493693
1.200005574270564
1.1854668301543132
1.1870205663883513
1.1870212081085163
1.1803640322149327
1.169391051410521
1.1547708027893568
1.158582397290122
1.162472018383147
1.162472018383147
1.1659501443133728
1.1597649928002394
1.1603531387052928
1.1605705186499593
1.1582900296448106
1.158489071334964
1.1598576238867448
1.1596549850515165
1.1596549850515165
1.1665885793352755
1.1679009705192689
1.1676738630028967
1.168583750596158
1.1574034505797024
1.157704050935619
1.1621225502168027
1.1588438967614496
1.1592280125491563
1.1508299839673166
1.1465473362608107
1.14582526026476
1.1320370418970407
1.128750283326662
1.1266736614912882
1.1289816066221763
1.1281327181714629
1.1281763202199908
1.1212763540945927
1.1211962027567597
1.1210269101135806
1.1210269101135806
1.1236862692612795
1.1238250762810373
1.1167908678639864
1.1129998179996512
1.1129998179996512
1.1119023556383132
1.1110502811132223
1.1112921914988079
1.1119311994618983
1.111925791004617
1.1077234695784304
1.0982703761816974
1.0982703761816974
1.0887911485721176
1.0909888216576507
1.0927326135399116
1.0927326135399116
1.0927326135399116
1.0908515008151862
1.0891526225927457
1.0915393498917128
1.084704583324981
1.0884608436188175
1.0898378709107548
1.0885186653816499
1.0885186653816499
1.0751951778771054
1.0686208854807295
1.0742156164365868
1.0742156164365868
1.0746023062071957
1.0971607385680566
1.096829930853144
1.095048684543924
1.095048684543924
1.095048684543924
1.0927786094911462
1.089732708280687
1.091275198515143
1.091547849272012
1.0917724154142807
1.0948146595714834
1.101427645466793
1.1128651587097351
1.1179620534410784
1.117685610871186
1.0916215074748705
1.091980149045308
1.0925080179563949
1.1068443337679534
1.0933851062139672
1.095951437829613
1.097151433765865
1.0791478146761777
1.0786400956074473
1.0786400956074473
1.079434988950821
1.081217975948003
1.0943276812660259
1.101394542671499
1.1036445655552107
1.1079634153991493
1.107512626122369
1.1073470801144623
1.0774333519260306
1.0773142237386761
1.0667030809406806
1.0663600263802533
1.0718402034290508
1.0717412450015955
1.0752905440967944
1.0797462673034144
1.094727351211115
1.0995685829584527
1.1009780822902424
1.0897944195928928
1.089004559163244
1.089004559163244
1.0942604446192503
1.0882391387164345
1.0971468394328314
1.0941698897266778
1.0851952032615926
1.0783155612542736
1.0783155612542736
1.0780770645870068
1.0919830878621195
1.0922414856040477
1.0922414856040477
1.0933347765967625
1.094187829487868
1.0914787105494568
1.0921212174432537
1.0936143875128144
1.0913135951709787
1.0923244742972322
1.0926326811530944
1.0848416853549634
1.0898642719456522
1.0871871108361129
1.0866238751232644
1.086523922553856
1.0643164696028073
1.0643164696028073
1.0653514349659619
1.0686689996440608
1.0686689996440608
1.0555059933064972
1.0555059933064972
1.0555059933064972
1.0530830690567947
1.0500047339825047
1.0660662793241988
1.066162478862797
1.066162478862797
1.074844510380488
1.0491890322666586
1.0514366520226242
1.0466242499710317
1.0466242499710317
1.0420766294304644
1.0426922220946582
1.0329363753789373
1.035888528326486
1.0360651407050239
1.0343369479523983
1.0343369479523983
1.0253837239830348
1.025143271306046
1.0267578832438193
1.034478710504694
1.0330799144828597
1.0344851184988826
1.0427119429288787
1.020310391934916
1.0296168643111894
1.0293765075688714
1.0293765075688714
1.0335769687187606
1.033369936255232
1.0339701986405327
1.0384494914118219
1.0384494914118219
1.0340720260610274
1.033373159015263
1.0427225072698747
1.0421694196743354
1.0371093340094262
1.0353648121258388
1.0328276718754528
1.0364877417363652
1.0433281661673046
1.0377041919900076
1.023933210598615
1.0241044412421554
1.0233759141634133
1.0133132525883737
0.9911518056310227
0.9966808357582698
0.9974758884966833
0.9974758884966833
0.9906372730719271
0.9910180970762885
0.9891776929146949
0.9852778852794069
0.9896201939928582
0.9940394360816863
0.9944436783189626
0.9944436783189626
0.9900601520398378
0.9953389640731688
0.9820144918672447
0.9820144918672447
0.9754697787343245
0.979235523784407
0.979235523784407
0.979235523784407
0.979235523784407
0.9767275461034867
0.9732559131427171
0.9739461344529233
0.9428070965174922
0.9222616173407125
0.9155441939052125
0.9359193506076363
0.9359193506076363
0.9357935430695838
0.9258285719447794
0.9323365514924025
0.9354756520289916
0.9394227694564318
0.9394227694564318
0.939184051679033
0.9405614478685543
0.9405614478685543
0.9471046852079574
0.9471549008995539
0.9159427010054283
0.9200807416474641
0.9200807416474641
0.9261552775472333
0.9234517017822429
0.9235583466254423
0.9182890647951156
0.920998278678835
0.9209608876600559
0.9212436480927002
0.9302736320468241
0.9444589489588023
0.9434974807742532
0.9289965840223704
0.9254323375337986
0.9313426047367052
0.9300972869367453
0.9304844213436032
0.9310263971298601
0.9310263971298601
0.9277768545402382
0.9277768545402382
0.9277768545402382
0.9277768545402382
0.9283745271071714
0.9235112042085918
0.9093622465048208
0.9143868660672549
0.9143868660672549
0.9161174741664002
0.9157994604848706
0.9101717377551327
0.9101479612716864
0.9032273897496662
0.9081396897781403
0.9077285178873761
0.9051827061485651
0.8952828672706927
0.9079777690735911
0.908153699111077
0.8995312431806953
0.8924427196755433
0.8875428099256855
0.8782586775030561
0.8730088337224362
0.8717631344440356
0.8717631344440356
0.8716622284889709
0.8760458844084352
0.8850537884367825
0.8850537884367825
0.8933437885031368
0.9114498576097793
0.9131104011017047
0.8974171276951898
0.8974171276951898
0.8975679508580343
0.9006237538366133
0.9006237538366133
0.9005102304000693
0.8974283695610877
0.8974283695610877
0.8952505429324027
0.8978873662178171
0.8895189142564005
0.8842358159650299
0.8882791981157526
0.887016094717166
0.887016094717166
0.88476111094411
0.8737342064895395
0.8737342064895395
0.870836213295253
0.870836213295253
0.8428940457161297
0.8428940457161297
0.849551572468919
0.8355323469404794
0.836125448295544
0.8113363146002163
0.8168455497406338
0.8236928644633957
0.8424751819739933
0.837781020160667
0.8428128657498423
0.8371908126982048
0.8371908126982048
0.8376234190600171
0.8397752455545766
0.8395098404114304
0.8395098404114304
0.842391409267206
0.8426107365689378
0.8504571846181214
0.8504571846181214
0.8517012907023593
0.868131969290522
0.8784183433991098
0.8784494237154876
0.8784494237154876
0.8778445476256509
0.8708470415407012
0.8708470415407012
0.8592151739461084
0.8672753116622754
0.8648582420151546
0.8588953420774393
0.8734068494356237
0.8734926525595456
0.8715449640106565
0.8715449640106565
0.875102229833786
0.875102229833786
0.8674493328490803
0.8674434198623018
0.8674434198623018
0.868013625733821
0.8682560937978315
0.8697454806060705
0.8599623678467125
0.8378537322702161
0.8348222332017012
0.8325209648505002
0.8325209648505002
0.8330972737333577
0.8330972737333577
0.8283719267177194
0.8283719267177194
0.8371621764465182
0.8262924434658331
0.8258785445505656
0.8258710318636215
0.8134700698959911
0.8129951305046732
0.7969453548906104
0.7947092789285168
0.7947092789285168
0.7916457794254338
0.8008026960410902
0.7887933647843042
0.806588555710701
0.8065850658038721
0.8119728207684219
0.8105790399422693
0.8102908879267229
0.8092293178755963
0.8113043156843456
0.8025519929572862
0.8115784104405155
0.8243135019617992
0.8242926838387689
0.8242926838387689
0.8201748333641273
0.8109274880279235
0.8109274880279235
0.8109274880279235
0.8205987767389871
0.8253590466160677
0.8286695977866255
0.8231669769331595
0.8231669769331595
0.8351433743447553
0.808367915942046
0.8075016647861726
0.8077202414296993
0.8103061783890558
0.7936191092491133
0.8069639303784134
0.8013597124885236
0.7997758077570943
0.8016604662697715
0.7963821187608258
0.7963821187608258
0.7970743347101802
0.7969345136768201
0.7948844840238793
0.7948844840238793
0.7919650829395717
0.805835270240073
0.805835270240073
0.7987054399523046
0.799422814045089
0.7993116814567909
0.8056761900514111
0.8033850150415003
0.8081422901405434
0.8081218281798711
0.8081527531436437
0.8081527531436437
0.8083328998832013
0.8083328998832013
0.8083328998832013
0.8091256559033345
0.8091256559033345
0.7836422873257584
0.7713859003664835
0.7809083610187317
0.7809083610187317
0.7668028410029636
0.7668028410029636
0.7647768175244323
0.7517797078190851
0.7517797078190851
0.7522838962162324
0.7511363186626024
0.7467950138325741
0.7463786357137989
0.7571102508674427
0.7637782533825925
0.759540052742516
0.7558009452681633
0.7494848590821601
0.7487107161485422
0.7451768373891066
0.736213136609572
0.7258412948694157
0.7305226779912538
0.7305226779912538
0.7305226779912538
0.7484901007205593
0.7494213429206734
0.7516643092872087
0.7430706623880876
0.7436456021291282
0.744165350837761
0.744165350837761
0.7440739830006949
0.756869175162976
0.7603190292562558
0.7603190292562558
0.7603558060119678
0.7616649811934499
0.7599538426693941
0.7538981850179673
0.7538981850179673
0.7541716275592887
0.75428071163039
0.75428071163039
0.75428071163039
0.75428071163039
0.7570092085346821
0.7573834608811324
0.7573834608811324
0.7597143994026029
0.7593794697676978
0.7593794697676978
0.7593794697676978
0.7680531161939237
0.7574861705394067
0.758766982445112
0.7648141224838316
0.7604968230635845
0.7519250427835454
0.7519461460924075
0.7452225939706081
0.7458494816890187
0.7570317465926563
0.7570317465926563
0.7481246963201988
0.7435535854291229
0.7435535854291229
0.7432878412899193
0.7477290940657139
0.7580548369513457
0.7580495796299473
0.7328593461444707
0.7303821401267117
0.7248073330100576
0.7126122240092364
0.7110816452001528
0.7119282896946961
0.7180141469536822
0.7111559435528557
0.6976823465611269
0.7076626947212996
0.7035002697279613
0.7024714046808056
0.7042358198725563
0.7042358198725563
0.729800684493144
0.7300484933554985
0.7278165559517675
0.7295863872132332
0.7331945890928713
0.7331945890928713
0.7331945890928713
0.7331945890928713
0.7340327040947142
0.7394356584639796
0.7394356584639796
0.7412634726287004
0.7398395131567091
0.7398395131567091
0.7522790475314324
0.7522790475314324
0.7518276388228551
0.7536557367445582
0.7536557367445582
0.7419105491378527
0.742734481428383
0.7489294089051253
0.7489294089051253
0.7518988978244417
0.7596078880887868
0.7510263815340646
0.7510263815340646
0.7480667517323007
0.7414587115366442
0.7392107250144487
0.7347039868724257
0.7389533657965502
0.7520640941750697
0.7509384946636048
0.7521607432320118
0.7521607432320118
0.7521607432320118
0.7523281352816986
0.7518996110406015
0.7518996110406015
0.7525965501540928
0.7525965501540928
0.756088944995584
0.7568017105722444
0.7598977987726149
0.7572128315416806
0.7563725784336566
0.7563725784336566
0.7553691358815301
0.7530343165693485
0.7530343165693485
0.7530343165693485
0.7534365666191722
0.7534365666191722
0.7621565787035224
0.7621565787035224
0.7599964566371443
0.7624639090251051
0.7527856875725435
0.7272966474638242
0.7261296954729227
0.7252528509618835
0.7252960203291461
0.7244184152195698
0.7046656905259733
0.7040218758215316
0.7040218758215316
0.7040218758215316
0.7040218758215316
0.7059971393732722
0.6737476005448914
0.6755320784736438
0.6755320784736438
0.6738918175271247
0.6617987056940035
0.6617987056940035
0.6834872229981681
0.6848229946534441
0.6855422375576139
0.6855422375576139
0.6997454827748965
0.6985900042170234
0.6985900042170234
0.6954255724641887
0.695101836466995
0.6866344510420704
0.6840294596781404
0.6832860843496121
0.6832860843496121
0.6825597120305016
0.6834521070479201
0.6831898397902606
0.6832280258498576
0.6832280258498576
0.6818392922550921
0.6777468406633324
0.6777468406633324
0.6803778870979733
0.6794840867378193
0.675590762267585
0.6755675292145891
0.679310390465099
0.6796346815176855
0.6796346815176855
0.6796346815176855
0.6801291695597805
0.6801291695597805
0.6801291695597805
0.6801291695597805
0.6776916659693834
0.6776916659693834
0.6803808681428493
0.683673830701873
0.6833533051276431
0.6830557439040496
0.6700727812126731
0.6675907442895861
0.665548044673482
0.6666181174313338
0.6658161493527887
0.6548831424338262
0.6391588428289846
0.6329919670188049
0.6329919670188049
0.6276434967457765
0.6276434967457765
0.6276434967457765
0.6276434967457765
0.6272045894532761
0.6269191578494799
0.6167842980098148
0.6182153340372271
0.6185070560696961
0.6198746613790853
0.6205642455062671
0.6200026259283523
0.6200026259283523
0.6200296376485046
0.6260820623668908
0.6314678194625706
0.6313164840122137
0.6311144533047007
0.6311144533047007
0.6257687218657849
0.6257687218657849
0.6239488814741829
0.6368173522176778
0.6368173522176778
0.6372035147267956
0.6364112663853727
0.6455056414114547
0.6455056414114547
0.6434777584903214
0.6491025784878091
0.6491025784878091
0.647930563600664
0.6503231625352672
0.6536038346968085
0.6532883492357237
0.6523845061408545
0.6432430278268313
0.6418995543444139
0.6422173465320208
0.6422173465320208
0.6422173465320208
0.6422173465320208
0.6472415454925037
0.644746103364551
0.6486487905993722
0.6486487905993722
0.642345681785748
0.6499172123400572
0.6507425467602819
0.6504747889724785
0.6505287749929279
0.6505287749929279
0.6449852581929625
0.6449852581929625
0.6411982686897452
0.6284243600203238
0.6158224395243381
0.6158224395243381
0.6152546248596372
0.6167117431023151
0.6164376761074953
0.6104558288321651
0.5961302034719975
0.5788235988784919
0.578188451316465
0.5756203322027236
0.5754322248721283
0.5754322248721283
0.5863093612244153
0.5929170496057766
0.5929170496057766
0.5970150698380121
0.5970150698380121
0.5964647746870814
0.5964647746870814
0.5877924649027082
0.5906438078063447
0.5846954913658388
0.5846954913658388
0.583395453155042
0.583395453155042
0.593421212800757
0.5821366704037216
0.5734694871724599
0.5551629005284485
0.5554477571159067
0.5582467351542135
0.5607769851492427
0.555554533351386
0.5427549546094976
0.547011453344481
0.5429598226510215
0.5383617983678199
0.5387605274876344
0.5387605274876344
0.5366483253597797
0.5366483253597797
0.5417677655348768
0.5420850594288243
0.5429138836197205
0.5346174220396185
0.5346174220396185
0.5337251126191273
0.5251464838007651
0.5251464838007651
0.5166273301229914
0.5202679488080847
0.5150365777602114
0.514928907479009
0.5169494891051125
0.5169494891051125
0.5152998622177077
0.5149838522467236
0.5117383895811652
0.5118179581475546
0.510551634196413
0.510551634196413
0.5086949284602408
0.5086949284602408
0.5086949284602408
0.5198121189561461
0.5172292482912275
0.4969442608737161
0.4969442608737161
0.4860162541675163
0.4860162541675163
0.47719545107248706
0.47659919504794196
0.47253634867729294
0.4722324053354506
0.4722324053354506
0.46998371888797413
0.46983467818848884
0.4761700375869308
0.4756219343815499
0.4646778662238801
0.4646778662238801
0.46477848852838083
0.46188473714261247
0.4625549924867176
0.4645877326721957
0.4645877326721957
0.464622904969785
0.464622904969785
0.464622904969785
0.4635482562392844
0.45927434615240753
0.45563331097170534
0.457490177683018
0.457490177683018
0.4589042576056324
0.4533894407621191
0.4522818827844207
0.4555666437758569
0.45988624055631006
0.460055175908589
0.46014919097773554
0.46014919097773554
0.46014919097773554
0.4626843574062693
0.4411822293914604
0.44151186477458676
0.4322787730697324
0.4322787730697324
0.43264106644427613
0.4401458407516089
0.44153504004937727
0.44153504004937727
0.4413677924772675
0.4468590842079061
0.4531171281107388
0.4459689968198876
0.4459689968198876
0.45626872314989453
0.45788050271361697
0.44742881529346434
0.44952605141614854
0.44952605141614854
0.4441539287914003
0.4433700773884359
0.4433700773884359
0.43405721234473144
0.4330030002923477
0.4330030002923477
0.43166685141963057
0.4295015544142
0.42896999851199613
0.43081316996687685
0.43081316996687685
0.4360187625235617
0.4360187625235617
0.4230826646658174
0.4171169222451165
0.4171169222451165
0.4171169222451165
0.4135826472186831
0.41257390815443135
0.41563812401082834
0.4158333405224119
0.41536553476175975
0.4111826175106353
0.4111826175106353
0.3815562811121932
0.3815562811121932
0.382510203987936
0.38010924918296424
0.38026628775003574
0.3870311373855282
0.3870311373855282
0.3870311373855282
0.37986062659646075
0.37912372466189703
0.3788965747026502
0.3783497764775873
0.3783497764775873
0.3783497764775873
0.3783497764775873
0.38009752830921106
0.37780626085551755
0.37780626085551755
0.37780626085551755
0.37780626085551755
0.37780626085551755
0.37780626085551755
0.3785556309859046
0.3823275060056691
0.3823275060056691
0.3855694993013408
0.3855694993013408
0.3842154892433459
0.389009585692961
0.389009585692961
0.3984580663012023
0.3984580663012023
0.4000778300678721
0.4000778300678721
0.4000778300678721
0.4000778300678721
0.4000778300678721
0.39862002838592775
0.39817956741073424
0.407512753582292
0.4089729950778446
0.4089729950778446
0.4081314986898653
0.4081882050648505
0.40720182847435255
0.40942375793676455
0.4094608133324331
0.4069194080328272
0.4069194080328272
0.4117162548276525
0.4117162548276525
0.4117162548276525
0.4117162548276525
0.4117162548276525
0.4117162548276525
0.40913157146325313
0.4091709088198153
0.4091709088198153
0.4091709088198153
0.40761762641334737
0.40761762641334737
0.40605786186304615
0.40283171640469373
0.402271979535735
0.402271979535735
0.39897379285907475
0.39897379285907475
0.3955506478817404
0.39550044289892267
0.3953442915539741
0.39774667072588227
0.3974396718547218
0.3974396718547218
0.3974396718547218
0.40113704851818216
0.39690212792632235
0.3969703952419257
0.39691521156756676
0.39382657025170015
0.39382657025170015
0.3933471840597427
0.3735586703986064
0.37359468789237965
0.37409175502887043
0.37409175502887043
0.37409175502887043
0.37395714181936307
0.37272121110711626
0.3747467879825386
0.3747467879825386
0.3747467879825386
0.3756695482104996
0.3765667536354652
0.37888701717460427
0.37827135751417545
0.3781709239499548
0.37949159119197484
0.37363933180406333
0.37363933180406333
0.37832862500752773
0.34528270648221804
0.34774129628280087
0.34774129628280087
0.35221632753708365
0.35221632753708365
0.34866453977018863
0.34680213851713526
0.35570622064142465
0.35570622064142465
0.36219917973091315
0.36219917973091315
0.35826932362119485
0.35826932362119485
0.35508825821213685
0.35508825821213685
0.35508825821213685
0.3551045829524388
0.3551045829524388
0.3498504685856292
0.3568522363976713
0.3568522363976713
0.3561753674123014
0.35522452358216094
0.3418554513163295
0.3418554513163295
0.3463964073931669
0.34902888429639256
0.33573647544116697
0.33573647544116697
0.3283383962034223
0.3279185702494789
0.3279185702494789
0.320124274414477
0.3132955185545382
0.30043655767798855
0.29922399021446583
0.29922399021446583
0.29725320897775315
0.2888396394736562
0.2888396394736562
0.2888396394736562
0.2888396394736562
0.28837770725932327
0.28837770725932327
0.28837770725932327
0.28837770725932327
0.27879851966549385
0.27879851966549385
0.27879851966549385
0.27879851966549385
0.2758576713486517
0.26511556344871845
0.2632154625302635
0.2582349237122517
0.2582349237122517
0.25716210330366035
0.2545474727360822
0.2545474727360822
0.2545474727360822
0.2545474727360822
0.2545474727360822
0.2545474727360822
0.2545474727360822
0.2545474727360822
0.2545474727360822
0.2545474727360822
0.2545474727360822
0.2545474727360822
0.2545474727360822
0.2545474727360822
0.2545474727360822
0.2545474727360822
0.2545474727360822
0.25148032412314353
0.23605512933611578
0.23605512933611578
0.23604188486956537
0.23604188486956537
0.23604188486956537
0.23604188486956537
0.23604188486956537
0.23604188486956537
0.23604188486956537
0.23604188486956537
0.22899198489091302
0.22899198489091302
0.22899198489091302
0.22899198489091302
0.22899198489091302
0.22899198489091302
0.22899198489091302
0.22899198489091302
0.22899198489091302
0.22899198489091302
0.22899198489091302
0.22899198489091302
0.22899198489091302
0.22899198489091302
0.22899198489091302
0.22899198489091302
0.22899198489091302
0.22899198489091302
0.22899198489091302
0.22865819654491262
0.22865819654491262
0.22865819654491262
0.22865819654491262
0.22865819654491262
0.22865819654491262
0.22865819654491262
0.22865819654491262
0.22865819654491262
0.22865819654491262
0.22865819654491262
0.22865819654491262
0.22865819654491262
0.22865819654491262
0.20716948387951983
0.20716948387951983
0.20716948387951983
0.20716948387951983
0.20716948387951983
0.2066883179862648
0.2066883179862648
0.2066883179862648
0.2066883179862648
0.2066883179862648
0.2066883179862648
0.2066883179862648
0.2066883179862648
0.2066883179862648
0.2066883179862648
0.2066883179862648
0.2066883179862648
0.2066883179862648
0.20508620218101498
0.20508620218101498
0.20508620218101498
0.20508620218101498
0.20508620218101498
0.20508620218101498
0.20508620218101498
0.20508620218101498
0.1985161705782832
0.1985161705782832
0.1985161705782832
0.16161129053301873
0.16161129053301873
0.16161129053301873
0.16161129053301873
0.16161129053301873
0.16161129053301873
0.1629160072947713
0.1629160072947713
0.1629160072947713
0.15016825240624723
0.15016825240624723
0.15016825240624723
0.15016825240624723
0.15016825240624723
0.14800459834015142
0.14800459834015142
0.14804909034841482
0.14804909034841482
0.14804909034841482
0.14804909034841482
0.14804909034841482
0.14800477742003465
0.14800477742003465
0.14800477742003465
0.14800477742003465
0.14800477742003465
0.14800477742003465
0.14800477742003465
0.147015141168576
0.147015141168576
0.147015141168576
0.147015141168576
0.147015141168576
0.147015141168576
0.147015141168576
0.14503572326058775
0.14503572326058775
0.14503572326058775
0.14429205683152685
0.14429205683152685
0.14429205683152685
0.14429205683152685
0.14429205683152685
0.14429205683152685
0.14429205683152685
