0.0466667 0.009783660082551104
-0.0866667 -0.15091731808783318
-0.3733333 -0.35937006159192764
-0.1533333 -0.16551892565294463
0.0366667 0.07144769181206198
0.0066667 0.031897441519339265
0.7633334 0.7322794065468778
0.61 0.5720857049689365
0.3833334 0.41732639528895277
-0.28 -0.25033982392157605
0.56 0.6133944165450407
0.1633333 0.1340387388382994
0.1266667 0.10274218860493084
-0.71 -0.732539364133244
0.9666667 0.9623401817177824
-0.86 -0.8779863754706377
-0.59 -0.60236001421231
-0.2366667 -0.24932389548308703
-0.4033333 -0.45327472924705586
-0.7566667 -0.7346547684018658
0.7133334 0.7405937511170039
0.4233333 0.4107074261487338
-0.2933334 -0.2657690762217422
0.72 0.6888462187632798
-0.9666667 -0.9165813696217945
-0.9966667 -0.9627870045825229
0.9833333 0.9541598063911387
-0.6666667 -0.6457140259696762
-0.17 -0.133784484049356
0.9 0.915613157696376
0.03 0.0388532029624728
0.27 0.22672759290570377
