0.1446746996812497
0.1986670322633699
0.2011146286176377
0.20324814684803588
0.2026843907846745
0.2012702647688521
0.19970669716548325
0.2006135241751469
0.19979236571672773
0.19715255347900246
0.19651555333172638
0.19830096654742835
0.1995623814560349
0.1977549766293312
0.20195963242056955
0.20406340327429115
0.20204886544156778
0.20276204597211775
0.2010201001908058
0.20605699543733194
0.20656358246765918
0.20611922193568036
0.2068502548520029
0.20233779582581296
0.2029394006213473
0.2003952340535774
0.20236547780198458
0.2035428292920957
0.2026742826231852
0.20336550600567468
0.2002255530024346
0.20573030503134887
0.20466984752495218
0.20173177867257405
0.20135503889450487
0.20438829793139393
0.2084186055947723
0.20862349269199126
0.2134653559204989
0.21011196977078997
0.20007848767784153
0.20006449419273803
0.20003513328930855
0.1997845306147551
0.1952465010563281
0.19772148339111645
0.19728306978144225
0.19611819208622733
0.19727447504587273
0.20276709139663476
0.19655883852681366
0.19385492382988354
0.19085971653099662
0.18846271408674445
0.1925492203714568
0.1936212034268771
0.19540291262873208
0.1931545722300617
0.19136410695137115
0.1936102077070485
0.2002740200664638
0.19608904517628756
0.19487925993638192
0.19255968380482882
0.19184447089380396
0.190232636390794
0.18552546095612363
0.1860347728321302
0.18503650275735378
0.1802512127451962
0.17867912318279838
0.1773836631079561
0.1758981473587185
0.1777970217882833
0.17906814276022862
0.17484176569979498
0.17452696470489107
0.17397075669195958
0.1737037173209936
0.1725004852593262
0.17504926742772509
0.17667944599845306
0.17761146540839864
0.18274555465187428
0.1823353568122855
0.18218755940258916
0.17980762295773986
0.1828213427459979
0.18480651402250992
0.1796612089551377
0.1780133212783636
0.1787167346788956
0.18146678989232456
0.17959728647435408
0.1820208285744301
0.1781891020291605
0.18426958105737112
0.18254828468152812
0.1879466637865123
0.18411250222738593
0.18035751387910462
0.17487765416669726
0.17819861801293588
0.17803773706029433
0.18034236017486838
0.1848219009173599
0.1822132643677106
0.1831099646985844
0.17896835076378548
0.18187901609785614
0.178975455325876
0.17790857360013532
0.17929409413626146
0.17596112857958499
0.1731966161294929
0.17214257100017924
0.17321107858141263
0.17697013601136982
0.17911744380503825
0.1845389484929942
0.18024161327148583
0.17743926236225432
0.1789655938359573
0.17599227414542534
0.1772343188945183
0.18244406428682405
0.18345330125235113
0.18578614800421847
0.18963087337286574
0.19464738528442868
0.19500466922444828
0.19029700668150576
0.1881065062333989
0.18334947644565913
0.17920475243139716
0.18255493664616462
0.18523355042936163
0.18662152131150941
0.1865593078515613
0.18831492822816379
0.189440915905199
0.1915932043037319
0.18848026909471527
0.18948381646719967
0.1900714168968658
0.19136826873652468
0.1935146872908249
0.18796477116191182
0.19044925780785515
0.18986135450047123
0.18357015501653348
0.18634064747546641
0.1917732811934774
0.1909793592162619
0.19531493591636995
0.19422723010912696
0.1940981636235207
0.19481186423285218
0.19354629821859623
0.19258457082197789
0.19809524499783626
0.19628736515960005
0.19242243666332595
0.19357429158358813
0.19463360122249795
0.19323735597096317
0.19507338077139585
0.19634860870898832
0.19928395149040778
0.20203954612364766
0.2045387619608563
0.20292769759132973
0.2069624869621419
0.21028682032298232
0.20935465966279845
0.20710203534697297
0.20646619624681717
0.21082436679797437
0.20973102263319504
0.21132076554049062
0.20962350402404809
0.2075513702121449
0.20547005334433094
0.2018713954811195
0.20570045525667602
0.19836561629457836
0.1950500000368417
0.19565381954959218
0.1942845243050032
0.19790061088556393
0.19972157702631532
0.1959621570553795
0.19804317582125286
0.19678279187557482
0.19719548517776717
0.198048402835831
0.1960318837233831
0.19809649783461583
0.20013395376630355
0.20203252412560355
0.20716135857135629
0.20385508210348066
0.20375686703851706
0.20476521518213714
0.20758235910201364
0.20799360079354604
0.20957210630277345
0.20973938153239208
0.21095251262782602
0.20710897470092637
0.20410663892164635
0.2065830356994748
0.20798734542625485
0.20918458154296868
0.2121740693697131
0.2155213381485403
0.21547180628865917
0.21564256881895857
0.21577035676062256
0.21280151241919856
0.2069703841471026
0.20296482453518463
0.20223887043535743
0.19991089972480447
0.2031433250711879
0.19916811434949572
0.200652804866421
0.20182737288643735
0.20048216153704337
0.19799519349162822
0.1971087227177898
0.19696959900873567
0.19423647534653815
0.19438677216557063
0.19473977049235264
0.19306644668056874
0.19608661536107486
0.18763249459378295
0.18747216464570735
0.1866234132062953
0.18189119426594927
0.17509837760065788
0.1747498126471601
0.17410012108339668
0.1757511465694216
0.17839604240018936
0.1844750511833538
0.18354182061825985
0.1860789441275165
0.18313973857620255
0.18318967031108171
0.17693199088715614
0.1761635218646648
0.17952450449758217
0.17793088158044004
0.1814596569091731
0.1793233259345682
0.18257867490182816
0.1869965195174944
0.1863578070993268
0.17972886538251223
0.18070558492138064
0.18174875682052813
0.17959923095106972
0.18017095142700723
0.17807677645296308
0.18053843900705766
0.18119466928281133
0.17672996259691554
0.17731343904344232
0.17772421964836693
0.18155029324971764
0.18496371901400607
0.18362828915320917
0.18203717958515767
0.1852753955896068
0.1883530272734811
0.1832658555652682
0.1847359120542552
0.186742933267025
0.18697722192516528
0.18966099163484154
0.18425245018300518
0.18329438354266334
0.1855088070942824
0.18957864982339853
0.19181866509306672
0.18537774004860336
0.1820644145045109
0.17604358796167116
0.1763826710893764
0.1723238557311923
0.17111979165906685
0.167265348325261
0.1654038166099623
0.16381476611816645
0.16033410826955083
0.15987691379038077
0.15946562442699386
0.1581700730321073
0.15533507912978498
0.1578454654402868
0.15213874157104904
0.15328033320483583
0.14896554175802645
0.14656504497303363
0.1437036708478184
0.1415844386516738
0.1388672217770352
0.13978146268794198
0.14014573830716237
0.1386862057564101
0.13768459143520473
0.13409996563952276
0.13330702874439906
0.13191955110787465
0.13021654255586518
0.12474266385278529
0.12569566539494562
0.12571810735524996
0.1291083015147736
0.12748500363860363
0.12496724336971408
0.12339313242250369
0.12516289849221712
0.12383197841493317
0.12903212168774683
0.1287436169319023
0.12916274023356603
0.1294033904017798
0.12833413991986475
0.12847895204881524
0.1273872282001146
0.127219742959774
0.12887791248236166
0.12942923922177377
0.12718233262464723
0.1196705818391429
0.1164926968280837
0.12013952276234278
0.1231481018450069
0.124191972880637
0.12467966227768117
0.12430510219981922
0.12456721519311835
0.12562566101573885
0.12402341792860781
0.12266611022059506
0.12871482619905555
0.1288496300111629
0.12795965460911835
0.12690859376834868
0.12418035932321138
0.12808946108025626
0.12613470383164507
0.12518422564941908
0.12325225069737637
0.11860343604251325
0.11695579469930038
0.11904461531056593
0.12032651384895202
0.11722889541679857
0.11620286649639232
0.11663371528295662
0.1145675704767687
0.11465126674864172
0.1127573075017186
0.11053461827170766
0.1118425885908778
0.1104246712235282
0.10331064854818939
0.10192349904466456
0.09978081757474412
0.09873421461195947
0.10241879567569302
0.10298579119203394
0.10204181582109843
0.10081153313267467
0.10088833740641513
0.1012154258332524
0.0974669546918196
0.10169919781428362
0.10467053198451486
0.10509013245005315
0.10693288233863389
0.10805433218696094
0.11413603723841056
0.12003117852935571
0.12042567834131276
0.11855221137924712
0.11563846641630912
0.1173860881406752
0.11527672942086438
0.11789290472042908
0.11688010384352461
0.11699765121634695
0.11726329245204743
0.11765483230441864
0.11617402872063463
0.11787956805108415
0.11865968168514407
0.11515266213029501
0.1204959976535385
0.12486828219443925
0.12409471965239675
0.12557081590183058
0.12521905442954137
0.12247582809644225
0.11862444358091476
0.11881182240473821
0.11209371081062054
0.11203719599223565
0.11327726274450636
0.11164243441654614
0.11800101332394484
0.11437677320468904
0.11649770745860331
0.12021498700153929
0.1226894375779649
0.12494158712366728
0.1279751758448208
0.12301862245312259
0.12633844081631754
0.13110153779093872
0.12982232211560965
0.13003961265295202
0.13082539730066292
0.13258445886253395
0.13057026525275178
0.1362378134800453
0.12904481742897514
0.1302336919172829
0.1334531907141662
0.13435368240626422
0.1338777198097746
0.13286031461009573
0.13436777592177168
0.1403412013655195
0.14135211020038713
0.14324983153797177
0.1388960180583665
0.13823120242091708
0.1393608612226254
0.14230109935341703
0.14137379311640064
0.1399941134729507
0.13807435577844449
0.13809552721350088
0.13737398867618292
0.14004788634697968
0.13790552216786656
0.1362237367945509
0.1410779141852706
0.13906408932801376
0.13925341476207442
0.13776252005966752
0.13585354538261504
0.13521602169538277
0.1343368826631219
0.13645009854010684
0.13414039322769514
0.13798404824912627
0.13027627808741996
0.12749313226593645
0.1302489434461411
0.12777031559813148
0.12543763057838556
0.11942567279280368
0.12316749737402863
0.1183614038683639
0.11708523256010026
0.11484012357093094
0.11273014911883027
0.10860783526938565
0.10886018420561293
0.10989633655950402
0.11039100495680054
0.10986214526923202
0.1097286733507867
0.11431636229774345
0.11719961730793554
0.12106813761246382
0.12103060490928051
0.1201887710883283
0.11992030428948308
0.12146346264678393
0.1206478758917957
0.1182319437377061
0.11930158593487103
0.1216007271649199
0.12396025395517946
0.12362400152152211
0.12082898054458639
0.11865656846818895
0.11814550113083849
0.11704756314473493
0.11569326155856521
0.11518609985245554
0.11304271537872602
0.11621825170829515
0.11543599306780271
0.11711631263262862
0.11838887455481571
0.12158376035627505
0.11866980517006301
0.11625950199919945
0.11679980846195452
0.11372454341758076
0.10956345476491668
0.10601487484756496
0.10087101775966414
0.10398344497063412
0.10243976963637375
0.10031725646002691
0.10239847161185048
0.10441112254230156
0.1022975805557142
0.10288840704935082
0.10121075769656895
0.09981079019523294
0.09505089086181095
0.09799524601887673
0.10332331995435626
0.10218409962611974
0.10003990645544138
0.10335337344087578
0.10711127796913339
0.10781612670411571
0.11257914351459948
0.11525073491551815
0.11380766424920571
0.11178368230309166
0.10561476820259731
0.10598494441487417
0.10652318063770536
0.1065104029393652
0.10559674626787861
0.10939215206557291
0.10943643318949432
0.10986284060084149
0.10527446875762132
0.10858569613879353
0.10772532038072148
0.11176313714524218
0.10988528546786007
0.10931661636803798
0.11059996701063522
0.10753851566135449
0.10942326881389025
0.11364168233262029
0.11493356411642759
0.11559719242700327
0.11234679930174808
0.11462822995658688
0.10949090855666284
0.10775076173744771
0.1109262093889268
0.11022970846310085
0.1094537929397964
0.10758803839706417
0.1083207997550014
0.10782033532155844
0.11151261764735933
0.11636873815486042
0.11415067982469408
0.11492787060330836
0.11704089270434595
0.11353816606332465
0.11491983932386271
0.11138850157874808
0.1088513139414288
0.10836727471382056
0.11214082140139757
0.11317014135224511
0.11057026032942027
0.10865014845099512
0.10654297114578543
0.10542494799846167
0.1067169859819259
0.10803136416107957
0.10656517450106387
0.10815173350261816
0.10694890286532435
0.10650233797093375
0.1062439129340658
0.10943183262796266
0.10650012262411222
0.10578393450449158
0.10231838360360507
0.10498279371714365
0.1029161979047158
0.10166235372848187
0.10575388872075948
0.1078291954053149
0.10811552351457313
0.1053937531237168
0.10537927373614878
0.1028009514550445
0.09926650059556207
0.10178616796276858
0.10291677422919847
0.1012748180567259
0.09929548699993193
0.09557219244305407
0.09416191577845265
0.09371221765035373
0.09207133110784217
0.09364086858049825
0.09587720485118043
0.09447425206971916
0.09201444625783989
0.09089889593149907
0.08955978203792962
0.09650132582605142
0.0973269328016417
0.09379153051627487
0.09576263962980626
0.09508312833826141
0.09527099524180609
0.09371449918160094
0.09507523281458348
0.09412242658273745
0.0942322715741211
0.0947195735058732
0.08995748305858974
0.09195751768728273
0.08252924565873121
0.08466399172453955
0.08544193117263477
0.0853452705254523
0.08469340575108256
0.08515579413071048
0.0879797118352562
0.09148133126724582
0.08721508867590935
0.08567915355664452
0.08832289659050735
0.09022214954793469
0.08853712509918085
0.09118419298922462
0.0947879620067814
0.0930067409105602
0.09177801855059284
0.09810040773775972
0.10332952934078633
0.10481927151626963
0.10842776266615754
0.10872954094211211
0.10879357516615773
0.10639768223745658
0.10501883037625938
0.10914430838362717
0.10823070490433066
0.10849996879077435
0.11494119156784811
0.11436771055965327
0.1133508149549381
0.1119127699510504
0.116100226227275
0.12027779744697056
0.12293476156632575
0.12172990132729147
0.12137075378526514
0.12258626424472642
0.1245964955136323
0.12026799092169342
0.1234617791424846
0.12171374911695997
0.11760896865034542
0.1167475871049508
0.12330537843910226
0.12562060542076128
0.1258243945630736
0.12821544948648864
0.1291354646882764
0.12487388588778188
0.12629574086589046
0.1304518800846959
0.13299263593577654
0.13652666595675167
0.13622524556785146
0.13496938376968123
0.13841941529053226
0.1377997280422464
0.13724420591602435
0.1351179826968426
0.13555554902358352
0.13278893391710478
0.13503084847992292
0.13691292104134914
0.13331781025308373
0.13584932305884043
0.13472012927423804
0.1318411426460704
0.13123612492200826
0.12665984220833046
0.1268980482260907
0.1255732966008331
0.12398759569849661
0.12543297274051896
0.125419170797218
0.12650770249556517
0.12496577555396099
0.12737528016299643
0.1280464594285879
0.12551268342264418
0.12650051988402
0.12600235589931733
0.1292764158631741
0.12816424153648015
0.1285655547010003
0.12709158125285688
0.12832694365542768
0.12958893551990597
0.12999095084068685
0.13077815658769204
0.12828097747051662
0.12942899520737258
0.12662711625117698
0.12900457143026384
0.1279154277181063
0.12673606293485004
0.13143851322701924
0.12682945536470708
0.12496545834396286
0.12515552375432126
0.125275473720905
0.12826901357250706
0.1304796606802328
0.1303995287448398
0.1323948612890072
0.1312926204316261
0.13612745965971657
0.13460517426635576
0.13358437905038958
0.12970650015706534
0.12965417338841698
0.1243966800667625
0.12641176246257899
0.12966467966801187
0.1266628612480128
0.12498004290993467
0.11999928188656597
0.12224368980769816
0.12628238377944462
0.1278278040479887
0.1253902353107824
0.12712147845414495
0.1238253501517193
0.12076658842570713
0.11736693626707292
0.10849699828700571
0.1169458997405081
0.11559865664521571
0.11896960232607841
0.12314603766953729
0.12255157134856155
0.1203997662993325
0.12228700045192537
0.12060031096337255
0.12044789954401264
0.11761383040341575
0.11775362310033727
0.11997829618558246
0.12092135404344224
0.12210701624845671
0.1205190072259953
0.12957303924624505
0.12705855243914174
0.1265364839837727
0.12484563323348231
0.12651689493713836
0.12746714062863035
0.13003972171748762
0.13154362039893602
0.13180858263846307
0.13310953590114571
0.13019130901124182
0.13097614334884364
0.13206178292340215
0.1303572950072428
0.12550600533859413
0.13099700790552984
0.1305288629426457
0.12542441203107807
0.12741448477372186
0.1256007628399955
0.12698559714426974
0.13064128638189107
0.12897625784599692
0.13240300387543436
0.13191863546712784
0.13374642994279767
0.13465400596272695
0.13234763699118798
0.12730587669808438
0.12578885142901844
0.12181316538087558
0.12316539007702271
0.12247147100813253
0.12515782534900466
0.12630358867065505
0.12560414692614152
0.1247476538576825
0.1253088830406807
0.12818704694988023
0.1286601651196593
0.13559004123217008
0.13783167153751788
0.137240092364272
0.1382095028376958
0.13891871973315717
0.1418453929016719
0.141007112891477
0.14168770241782053
0.14336660271190013
0.14485872056232077
0.1445859113117719
0.14032318010915218
0.1390518890273324
0.13879500099382366
0.13570185212719008
0.13365462381506205
0.13852308606006825
0.13832224429607365
0.13723075095832105
0.13898650012994088
0.13882324780235583
0.13611725684877637
0.13631859244659886
0.13180148101639363
0.1324316248041764
0.12347160388081015
0.12043214482854697
0.12035743091002209
0.12165163671436564
0.12037945418239808
0.12165119689438429
0.1253446631143662
0.12882126135481303
0.12621111353684428
0.1262911784871072
0.13085430474721524
0.1285266846163312
0.12911813137423653
0.12799501159977716
0.12741966624199297
0.12872775062510158
0.12543722387669443
0.12867821000870455
0.12989394379834138
0.12931338142510945
0.12714180523066512
0.12889566622939616
0.12319676073546788
0.12458576093307165
0.12592191042487907
0.12348235510810933
0.12149995415426344
0.12076405322453843
0.12244660239238869
0.11802749616135842
0.11473675993344681
0.11552292647066796
0.1176661316473279
0.11687539238233464
0.11111542716519326
0.10903255831153605
0.10840887622295232
0.11285307599933614
0.11266714442819606
0.11134449784091358
0.1109852923346628
0.11440551403363601
0.11811373616296203
0.11647684901302989
0.11722404886902296
0.11615068249864409
0.11575997567911549
0.11399897818981192
0.11447564970437021
0.11233250896592356
0.1148530215847761
0.11508851237184005
0.1137561229258725
0.1143207060597643
0.11353651853651847
0.11166551234335087
0.11441751051391347
0.11244462308737306
0.1138186886896897
0.11560651749770397
0.11774938475776854
0.1190944999011642
0.1213958974418176
0.12389604133631485
0.1254952051097462
0.12782017268818124
0.12782978330541198
0.12519429782432204
0.12497032169251315
0.12274095825948671
0.12317989351963936
0.12370489712606023
0.1241336394289596
0.12500315065401096
0.12168450464240223
0.1181903819262924
0.12320380812259181
0.12176064797952059
0.11714940212905467
0.12040401991867952
0.12155174482691343
0.12456009726779335
0.1237796046756977
0.11978302194194902
0.11760455721424096
0.11545429774325952
0.11688656392147415
0.1142437388180647
0.11225948105805358
0.1112688718832581
0.11291125186898338
0.11032849205776342
0.11243302527231892
0.108183818787537
0.11167811560150998
0.1141300483803004
0.11540016883708061
0.11821619466859513
0.11874471596521673
0.12063672667267007
0.11748441965889958
0.11789895586595674
0.1161560176646713
0.11546028553150002
0.11264794621589182
0.10817500330977962
0.11127046606486243
0.11484470847984618
0.11678023852961665
0.11754882470476016
0.11305005093171712
0.11389308719529473
0.11465457335853689
0.11464421091431785
0.11340749152266316
0.11988586747276246
0.12008141518887855
0.11853456650789813
0.11131485788076258
0.11307029861195511
0.11393648588631923
0.11613043442236534
0.11801260159441468
0.11643200760288044
0.11551634776042609
0.11564626180622908
0.11535277008639278
0.11802574554308017
0.12416861107244362
0.12284718950041681
0.12627158256859916
0.12501380310909752
0.12929623925973202
0.12836126251623858
0.12830663527028688
0.12437423697477806
0.12039382273223585
0.11850272919932056
0.11451264186460246
0.11343365359646883
0.1137562530176851
0.11666454314013726
0.11369333167434657
0.1087238649029567
0.10694002239037598
0.10321250926185839
0.10725336575265863
0.1091737362052894
0.10738443373229184
0.10720084192560725
0.10755232128427065
0.1145755391550592
0.11715667593218025
0.11860062613402532
0.11837270070422408
0.11710333541894714
0.109957143457959
0.11421547998940622
0.11164659555567628
0.11535079664464197
0.11681809677589178
0.11489055810285478
0.11968045985756413
0.12273583737699192
0.1257476966080939
0.12268400583201083
0.12346961793646122
0.12704775470329932
0.12462687207962227
0.12227566635467083
0.12253163982792058
0.12506572396458576
0.12552731407822504
0.12332184414923293
0.12245250842876061
0.11581218926120507
0.12170299419818677
0.12555308444655952
0.12585339553956804
0.12647773162845072
0.12463890697949136
0.12251677981612771
0.12499234665406224
0.12281413253760205
0.1296900587964902
0.13249887286403852
0.133227924803964
0.13082842812587203
0.13277565979806558
0.13259517736714793
0.136920162486243
0.13477676250482576
0.12893933214817765
0.12850066605189803
0.12766320430914505
0.12681254979987733
0.1291326997404661
0.1299348816734683
0.13115806549128906
0.13075208001847805
0.13228086491226868
0.13035363760378826
0.13074965074536105
0.1297820405108577
0.12984017579228643
0.13081681957618374
0.12876668806526748
0.12706630248566955
0.12652997655897244
0.12764135026680415
0.12642508123222299
0.1258354064266806
0.12727778693547873
0.12585600724467752
0.12472567887158677
0.12925521603138768
0.1277797370769454
0.12666941911922674
0.12830052129243671
0.1280138811690425
0.12687794387936904
0.12470611623851624
0.1289832442990078
0.12853079914342327
0.12798482326833505
0.12718418941096227
0.12728561910448513
0.1293190635302064
0.13458347364867712
0.13686784706188215
0.13518004302730183
0.13977562071701333
0.1399283718811626
0.13505522047480487
0.13284459564691403
0.13296740421341588
0.13270357207385133
0.13385639508554692
0.1323363943159272
0.12877502216970083
0.12666968057826922
0.12687714235636843
0.12548826731209267
0.12950394250667352
0.1354483713160327
0.13655462084735337
0.13294386060200547
0.13233072605247592
0.12880999262178375
0.12519708559839535
0.12628070235263703
0.12606378683679878
0.1293477155226082
0.12981366580514195
0.13016339707131974
0.12877870784476245
0.12741801905068612
0.12576438867323098
0.12307669934774251
0.11610846893827519
0.12274699528857347
0.121927383883193
0.12334890964912348
0.12198549927864523
0.12379563599184172
0.12586388295124956
0.12655303682043026
0.12320210071225789
0.12318797287055576
0.1257640572692894
0.12607198626100397
0.12304160643467275
0.12278571942007539
0.12461834669178112
0.12556512194107683
0.12156905250358113
0.12397445156007932
0.12054587709547698
0.12258414220577182
0.11632049887845981
0.11479163429021533
0.11304958367415202
0.11086710539926609
0.11142022288607037
0.11440943549386817
0.11311518717111252
0.11105930095223063
0.11237668119740044
0.1110663183449523
0.10893044595305965
0.11026207227985728
0.11297407098649223
0.11239879609277062
0.11766991997005384
0.11754074182477994
0.11469172555651876
0.1172284009448209
0.12418724226640725
0.12087180404692702
0.11923586001764941
0.11958160731240709
0.1210165288196495
0.12589818297172428
0.1265225880631543
0.12471872013660928
0.12694588721300396
0.128812605399519
0.129738802423356
0.13222387131543165
0.13159179151446493
0.1324664197481959
0.13439695735070994
0.13723003734958372
0.1376855912504544
0.13592164900573606
0.1360385886203084
0.13312975967656362
0.13291391618475795
0.13257071755573568
0.12556027462748892
0.12520201465941258
0.12922424492317494
0.12620355666018576
0.12588718746093905
0.12753355223193366
0.12883101505297295
0.12789330819398603
0.13313264574119005
0.13305945163254748
0.13447423186947996
0.1361344683506374
0.1323184554179261
0.13408397614957773
0.1361683309593773
0.1356764146265825
0.13489593435518657
0.1351106699504203
0.13370416864812146
0.13158221633707343
0.12849218275302407
0.1294532130848568
0.13366612889434437
0.1345415457395241
0.1337266057137402
0.1401172108932689
0.13586117646854606
0.13974609238681635
0.14099945006233816
0.1365900201516695
0.13734021568294527
0.13753929341063917
0.1381874119489171
0.13743385048092668
0.13214818549540555
0.13477838084824478
0.13563689907942977
0.13313868329247133
0.13328166409631192
0.13320513572973272
0.13510691312774
0.134434389056619
0.13439334059292082
0.13724373758654682
0.13545739288042205
0.136214625377704
0.1359146381941432
0.12916115964592684
0.1356166521341133
0.1407458977193951
0.14204822048185936
0.14013950886549179
0.14133847087640378
0.14168191251303075
0.14217210887476014
0.1376726184909343
0.141440939771563
0.14135496311725246
0.13372556272229297
0.13040849400779267
0.12925500965004405
0.12893417765664145
0.12864922920794156
0.1299356600833713
0.12870889914545186
0.1302720487731291
0.1303130530429798
0.12879986209171815
0.12589282810321512
0.12833363224724426
0.12729464485471398
0.12832026579676087
0.12678577667633198
0.12692067283868563
0.1259052267344849
0.1296192915810608
0.13006002652226487
0.1296618306594746
0.13174182646854093
0.12941656756648642
0.12906540943655392
0.12953591456896016
0.12301052269271709
0.12669163237344958
0.12996662820016863
0.1304698589609974
0.12753949520403635
0.12716956507046323
0.12809981827624345
0.12589217713037454
0.12346498200818265
0.1205595165422614
0.12098864734440737
0.12259440417336091
0.12367109409335181
0.12346348893868206
0.12518597430579614
0.12246531684540334
0.12217677570615931
0.12124209075210415
0.11622315503487794
0.11652729900321648
0.11688936182421718
0.11411879661883276
0.11181611886398987
0.10965281007574189
0.10432371698434917
0.10146682259909826
0.10263730929385702
0.10248370404008837
0.10556273352175298
0.10660142708240708
0.10173390057461691
0.10531063190316052
0.10619690037418864
0.1043898155459552
0.10312598436864442
0.10476020407806294
0.11135358048289133
0.11051596911810424
0.11020960648230405
0.1085260353707952
0.10570914012154789
0.10439196675774108
0.10680308111647356
0.10713042003689985
0.10619664841336555
0.10424957024834618
0.1023076269992575
0.10340894512631847
0.10073409011619971
0.10042995452975391
0.0973801560341979
0.09507635729303923
0.092294942133195
0.08882045560177187
0.0916246614504523
0.09046445680772593
0.0888294651765194
0.08684579106353206
0.08626985918876638
0.09153094172759293
0.09276796544379795
0.09386412021660212
0.09192663957093687
0.08868756328375914
0.08405504251870234
0.08423732957678039
0.0868690450460378
0.09091315958649077
0.09395243905057574
0.09030454924775183
0.09272267784207966
0.08934561789698257
0.09863348697504742
0.09961026129397096
0.09717628681088437
0.09931143389147566
0.09761178820557141
0.0948623765303801
0.09525845806743796
0.09622706683863506
0.10700487183924055
0.10514719500141902
0.10417500442465519
0.10732426449820623
0.10886882694279908
0.1070382882597158
0.1055059829966558
0.10832545955297468
0.10312361881988469
0.10195544813878867
0.09991108924941469
0.09730359554345669
0.08927496801416634
0.08614569693535376
0.08562910064080459
0.08894146891879527
0.08432543165011727
0.08253362088939196
0.08310142410495745
0.08668854039042488
0.086063784379821
0.09016683141615307
0.09032913450355187
0.08700438446025817
0.08693866441995048
0.08116741892695008
0.07645876602080727
0.0763263359180874
0.08278922155166658
0.0821671761973298
0.0826597917533696
0.08070206843018292
0.08204874988945826
0.08411723559964371
0.08401769546073348
0.08303302867302706
0.08627367984710528
0.08543638369166497
0.08397899513481855
0.08636328955882192
0.08574635414210494
0.08248178544583176
0.08181564080432471
0.0841371509675444
0.08636328705717694
0.08491175691708049
0.08866118084126165
0.08970289247914741
0.09181712996533188
0.09037105130522327
0.0868012831565784
0.08620711778503094
0.08642124981100258
0.08958681878528042
0.08331250516433633
0.0845570563970781
0.0844836520354343
0.08479091389812213
0.08634545808181827
0.0897122546254586
0.09006782878224455
0.09134719816760875
0.08622607612510931
0.08677737606706018
0.09306570527103507
0.09164117821592517
0.08585484559915786
0.08943382352365574
0.09142250573376771
0.08834424518660547
0.0879557197878619
0.08530221541966636
0.08297530927384214
0.08371424534476911
0.08300202982956888
0.0840264963684656
0.08620517551427398
0.08926033252113334
0.09084151985278523
0.08992661901616195
0.0883679274514121
0.0897688094164781
0.0900909126459044
0.08886506563071316
0.08720188538025578
0.08841062673835305
0.08651078246488121
0.08730722284641736
0.08188366624604812
0.08416997518296866
0.08091376738404465
0.07947578131782608
0.07969241541140804
0.07898309608204261
0.08062325940176844
0.07831778132078174
0.07880625290923657
0.07266037442247068
0.0732567902350784
0.07234806681319333
0.0711197351164537
0.07113064375688422
0.07542666831781657
0.07299245756540286
0.07344863489211724
0.07174381639679875
0.0735535590489625
0.07166005880540645
0.07247969521836164
0.0695108409567694
0.07075463379644842
0.0694261462564211
0.07519870748069993
0.07720910083846375
0.07559550081833166
0.07555398117663856
0.07043514379669508
0.068796010097628
0.06634338980387156
0.06982078297448041
0.06892199432824339
0.0685343417489836
0.06823852760820762
0.06449934120858526
0.06554702477563017
0.06598027786483428
0.06671126885762416
0.06837392088154443
0.06930588335081188
0.0698094640447468
0.06986184898499971
0.07072051540223454
0.07347492022526554
0.07314160193696702
0.07918461325103102
0.07901186982688511
0.07370931550339808
0.07311186917952729
0.07322178143749827
0.0753571154369954
0.07606205608588984
0.07773042766335454
0.07675874310930106
0.07712447091019023
0.07506670400006435
0.07337799784492254
0.07235610445157839
0.07488821824400128
0.07347167383858308
0.0723972606990496
0.07327358139996704
0.07640895228565289
0.07769230832306705
0.06965146104391409
0.06862571774637727
0.065952714001859
0.06583542328267553
0.06537254194880963
0.06543301751661232
0.0663502980359603
0.0656489063369941
0.06576267400993574
0.07102727521058429
0.07031799705409783
0.069385905070306
0.06668226674044476
0.06929029264560958
0.06830959065140967
0.06854200130898128
0.07177591219985954
0.07289865213861281
0.0708994442680871
0.0737349850953964
0.07175495872053075
0.07074265980741573
0.0727171003639566
0.07805737875839935
0.07895695920630799
0.08067669538459064
0.07992480554194746
0.08052342912587789
0.08242579338981394
0.08134460232565677
0.08161058603772355
0.09009493619538646
0.0869350871668124
0.08649588804842587
0.08537422227110406
0.08919766288977235
0.0816181858312305
0.08046516680850492
0.08093584811534475
0.08470135674091223
0.08390892482084902
0.08253757196978705
0.08080637448835644
0.07884154297756946
0.07293857733372323
0.07296080255755678
0.07251004901326456
0.07656126581780268
0.0734629806654152
0.07577002643078413
0.07788032661112818
0.08021459168007589
0.0813593583878071
0.08038389981893546
0.0800248820868023
0.07636064122689401
0.07594793243906076
0.07784797389485275
0.0711997957987292
0.07042542602530522
0.07174892843883383
0.07354273464584594
0.07096802376135611
0.07154119735951833
0.07338586264438157
0.0726696257833565
0.07283792414567834
0.07465512621564321
0.0700839053602888
0.0685126115479409
0.06409325738601464
0.0634236212945646
0.06467446683659057
0.06341951404113305
0.06550916662510474
0.06639753230940051
0.06577564961645102
0.06370874817410883
0.06471737575778225
0.06305525448472557
0.06180414594064504
0.06240346329192174
0.06312546958021573
0.06632280848417588
0.0674218396746996
0.07014848467827628
0.07407704155640993
0.07696064486924736
0.07693701442151582
0.07891989738968488
0.07868195746156803
0.07704118440956986
0.07703488622176637
0.0761207305241494
0.07755881912332828
0.07754991869067666
0.08011415869371545
0.08105206829530227
0.08338777428391653
0.08350928165767481
0.08149266463772205
0.0825213963790348
0.08054928800426497
0.07872417487673462
0.0743828217427348
0.07264117290215881
0.07356930222391739
0.08027065068960007
0.08149446689126119
0.08381658648564894
0.0826078058555133
0.08632710915841643
0.08404980129832168
0.08350933623876407
0.08255722402579377
0.08550889613643145
0.08814588443747645
0.08666852885304109
0.08808942561195467
0.08727881820625255
0.08371240247661202
0.08862156335765879
0.08745012374985907
0.08610134133690343
0.0832274135287829
0.08048542877328137
0.08095472855768876
0.08176676991181589
0.08321244271216863
0.08440204234158727
0.08153411069945012
0.0810542006368015
0.08046238362086289
0.08051933165725714
0.07920173958436852
0.08166355678351662
0.08116494364447395
0.08159433395579735
0.08076957526082185
0.08049951120449246
0.08125625734733448
0.08329141420885436
0.07838541984429669
0.0774367936290012
0.0803239024078951
0.08100884358363211
0.08013121083068797
0.08026899070217676
0.07937191106238041
0.07603722766922834
0.07595912948843778
0.07260865683032895
0.06893222927883547
0.07176779717196957
0.072470447697607
0.0753081901165349
0.07691933200152563
0.07669514283451534
0.07602485201400186
0.07691854617584562
0.07675604180353099
0.07705045623321664
0.07909736616388797
0.07820168451456
0.07765180544168904
0.07817939829992007
0.07709908908604347
0.08081330461289002
0.08515047840891292
0.08481649697117095
0.08305718297477704
0.08779400618872649
0.08661953333927806
0.08492065636832857
0.08511500712906654
0.08348282751909554
0.08676923743769227
0.0877834712451475
0.08733672160009234
0.08801751034252861
0.08906322783404486
0.09132197506225773
0.09516567381290278
0.09505135081315397
0.10063204789616212
0.09689227422547031
0.09981568243607998
0.10371978615003424
0.10191024651479944
0.10353361996449054
0.10278007933681615
0.10062672537218659
0.09892637097785273
0.09964132433200068
0.10105551983988174
0.09932242964737448
0.09715730738572402
0.09760478847879406
0.10027301331089873
0.10385495141383957
0.10119541234265111
0.10207818981985652
0.10443396679602515
0.10429886985171845
0.10151769898242398
0.09869894180665696
0.09258880578086204
0.09315286462774584
0.0916481223778698
0.09114530968219117
0.0931440436674872
0.09378390002277091
0.09504885826363402
0.09589488745356506
0.09269805789525713
0.09638086557844304
0.09594566794084602
0.09561357512444159
0.09456077333241879
0.09579558550002781
0.09844225580127203
0.09668067760442604
0.09690524361146922
0.09502573084286943
0.09575771196921055
0.09530139650142322
0.09661697845761204
0.09865398267264615
0.09842215794903723
0.0956922484653364
0.09595673839867004
0.0906932792755647
0.0926904683707927
0.08602015786727794
0.08761175040243625
0.08362358695466146
0.08361379145770621
0.08448832326500474
0.08376710233075631
0.08596603926627441
0.08635411541041958
0.08787085440662147
0.08597317552215633
0.08561647758475933
0.08824489983850221
0.09079328044974863
0.08499218584960692
0.08171680025364358
0.07849373676933019
0.07166554014342916
0.07014422892912942
0.0743278143779495
0.07080503558525653
0.06995526252461552
0.0683488307843578
0.066580726618281
0.0695453271516044
0.0721711616578136
0.07171850563921221
0.07331940516462906
0.07204350339271812
0.07122507673807175
0.07257950257501088
0.07344174061347102
0.07318534629231238
0.06686050133130574
0.06728557504656009
0.06728234993902472
0.06687390747058164
0.06680331637083164
0.06916194905260405
0.07073810189827805
0.07042246406531051
0.0722780155619947
0.0724156548181503
0.0756228994110032
0.07538025441699678
0.07589925164511914
0.07095187811270624
0.0680536291585609
0.06924493258647321
0.07242489646135786
0.07459714856102741
0.07260666546560547
0.07181849070677523
0.07342361141355619
0.06987802136371278
0.0665382109950265
0.0687730477025743
0.07141173611277367
0.06978859138716255
0.06861590069414958
0.0710129567772039
0.06947354322474611
0.07067859717161669
0.06899046485187162
0.07229332907349474
0.07274532857845588
0.0742092895706833
0.07239396005073405
0.07239247318677823
0.07319655475986722
0.07345973690081958
0.07215307459232062
0.07168235811753562
0.07145993855228593
0.06961455065066986
0.0692308052804854
0.06784790528751691
0.07214109030180231
0.07190878838127916
0.0723028377133683
0.07564549947908611
0.08313049940161
0.08352923970886861
0.08227769436997169
0.08078498389116096
0.08236735406444397
0.07900129742899328
0.0780277325632376
0.07766767206740414
0.07997446444828035
0.08236611698515119
0.08211732852567422
0.08147738235032953
0.08114124855560109
0.0837039393741107
0.08516467089883535
0.08178959312869187
0.08207698202934927
0.07964618714457468
0.08188618021478927
0.07914787475073078
0.07713748267026398
0.08124950233973803
0.07825710399691063
0.07444852413590834
0.07524351484051302
0.06989636148124778
0.07104041884707288
0.07142604754853997
0.06979275058407146
0.07054129310405388
0.06959336493639287
0.07193771163041095
0.07204122248552584
0.07336464676888713
0.07585904129088597
0.08233838308362444
0.08232678219881057
0.08218032254655629
0.08439370890771683
0.08623051257383711
0.08521301343468182
0.08538486747085855
0.08563046370143752
0.08831567630146485
0.09021321327715033
0.09220701930623551
0.08652406379768729
0.08770470685651943
0.0884668818716073
0.09056147969436061
0.08768407984082811
0.08245112911199848
0.0823197477264703
0.0779517884164732
0.08027828246729395
0.07808958844590368
0.07645112437533362
0.07376606004820911
0.07544058965246955
0.07561189505951718
0.07963528692941856
0.08250356837242552
0.08189327370412665
0.0823801535856426
0.08048659120503351
0.08006997304677618
0.08658426929344322
0.08806393071847883
0.08812041940465973
0.08410226666905282
0.08450533534524836
0.08092445276828794
0.08005100663194824
0.07919237924075073
0.08100121843272039
0.08599413044227602
0.08668643172546964
0.08765906707082594
0.08555759946494795
0.08408781515350909
0.0797141182503607
0.07902989001214995
0.0764046386721586
0.07627833906808379
0.07673120057010699
0.07512841393202035
0.07780199440640412
0.07651195928544778
0.07974040129523549
0.074718329069825
0.07681172696406084
0.07731741448462415
0.07664286173888574
0.07732693489019665
0.0767234346217902
0.07642580016631872
0.07651837467967632
0.07846338384680142
0.08064786502369309
0.08051693562161823
0.08339506898421324
0.08081364925647203
0.08359060735228653
0.08247017038935618
0.07506737133509882
0.07569020713333764
0.07875622837112856
0.07785135212877105
0.0762119645201458
0.07699234123386182
0.07910920027387267
0.07694091589101629
0.07842973751222537
0.07870600222316719
0.08144535596127894
0.08070053014218181
0.08055948967365285
0.0840956504759885
0.08528054375881436
0.08360650213775896
0.08706265685561657
0.08559232476396818
0.08486553181420516
0.08543426441447267
0.08692506303719061
0.09299112333992234
0.09479888602373811
0.09602059910913174
0.09558500936159721
0.0939770492070762
0.09270406993226524
0.09472996689512693
0.09451279954824666
0.09562247096679442
0.09505391845582066
0.09187019469576557
0.09022272874715818
0.0889092859425191
0.08973086485084952
0.08705884589912131
0.08845720737093704
0.08540531342820955
0.08634717778841543
0.08274080987446293
0.08547847259356824
0.08606757835080552
0.08766855392707851
0.08679864738984434
0.08491371336644907
0.08624221812177406
0.08567901709786066
0.08577284109039023
0.08553245677959373
0.08511442459121292
0.08386923027301901
0.08443935533497983
0.08566139002000477
0.08570979651642027
0.08804774154719652
0.08842997833010108
0.08772972291128342
0.08890585462356776
0.08677629516528279
0.08705701489956304
0.08645461749591421
0.08702295229386779
0.08838997390371245
0.08845193605097235
0.08761768822298244
0.08752515390585236
0.08640617008395751
0.08981740667298113
0.08895698198508087
0.08652937517746588
0.08672371762973606
0.08445887319915084
0.08692340133900661
0.0822700171416675
0.0810090752360316
0.07835117455793932
0.07706591072257551
0.07666237557485224
0.07471676822593493
0.0715070733659143
0.0671138795398813
0.06457288639228154
0.06107889468712522
0.05986378569773991
0.061640584762562886
0.05838584356393153
0.05991115576506578
0.05788631338404689
0.056283744584791004
0.05880793789962792
0.058239745237304234
0.059886045873953755
0.05550174334752004
0.054655529435567556
0.0533831848328347
0.053757754459261946
0.05247307873863197
0.05224302076009082
0.052521249640420604
0.0549531479776307
0.05215478336894671
0.05381647983674873
0.05127393922460947
0.052400760733349594
0.05383394289070626
0.0527583269090877
0.04951400576152157
0.050753970645484446
0.053378501992303075
0.05298099602146288
0.052415783598971075
0.05310294113525574
0.053543080899644005
0.05392249481236989
0.05333736848153248
0.05745811558720969
0.05389498630569405
0.05473032877510824
0.05501114614969836
0.055011846323300376
0.05359860807369355
0.05116027268255162
0.050745501866295235
0.04706669806765436
0.04601688801692795
0.04499249815867966
0.04498315649445315
0.044270949675276
0.04491868345347292
0.043816176149040584
0.042780034140281406
0.04252894010111295
0.04427150995788675
0.04451436648658726
0.04174761816736531
0.03985053655990615
0.04013803809047623
0.04010486998651403
0.041228076145655636
0.0439563628511527
0.048401242833118606
0.05319028769613557
0.054694942521196374
0.050060499849780594
0.05029393075148719
0.05364300506602548
0.053748188559121016
0.05454010698565884
0.0552680508291542
0.05922657692862127
0.059740389307395135
0.06333965078218724
0.06456999880188002
0.06530612745233186
0.06300331171830152
0.0625273384077397
0.06855104689629522
0.07018052018223729
0.06863522216511654
0.06764137574877095
0.0669408436263152
0.0668334596696198
0.06706855429309654
0.06566556007818525
0.06622178143041217
0.06658911825274773
0.06330432482521157
0.0635786451983171
0.06260200160007379
0.06439140196913362
0.06529404699989115
0.06769905229661541
0.07368094200104515
0.07742864241553729
0.07577929913661291
0.07522498883721287
0.0726986283079211
0.07389829785166083
0.07541583154952075
0.07612609966191217
0.07521799285482865
0.07647540608537501
0.07574738919661882
0.07904946045627569
0.07890259029666981
0.07914137479863251
0.08116245545121913
0.08303073922182341
0.08552666035597463
0.08589843355791082
0.08552050191462768
0.08805920519248449
0.08646223408158793
0.08961499296760277
0.09209301484329248
0.09386834693289779
0.09344319447809782
0.09296653259530466
0.09143651916185745
0.09333795369524102
0.0853289599535744
0.08639293396061476
0.08603351417016301
0.08498583170582283
0.08343962602380438
0.07948893360823249
0.08118492014950074
0.08173207627080382
0.07842723593749895
0.0765035838111495
0.07681300180943408
0.07460296490502245
0.07338033103103414
0.07434764478825463
0.07249512953416315
0.07064404990105083
0.0727257340509687
0.0720652933056055
0.07328825824109172
0.07454179566529086
0.07452560346014363
0.07479262273643265
0.07329793179576022
0.07309375293660077
0.07256678334370174
0.06969725911146556
0.06933439920198946
0.0696302278460959
0.06840745161870418
0.06997863947348361
0.06702232925386907
0.06619417330082429
0.06851934260953992
0.06892113959182007
0.06960614729967474
0.07098340086266615
0.0698511301060762
0.06989589383569847
0.06972655584234543
0.07050328682119714
0.07139217509422492
0.07030533077087524
0.07194502857914835
0.07041968109203672
0.07173882959150774
0.07060922525241822
0.06891336090971367
0.0692473413489336
0.06893294011325715
0.06858070803784161
0.0693714122979082
0.07061140083230488
0.06920073930692174
0.06831488050054564
0.06568178233249378
0.06387888812013927
0.06294792958573706
0.06409138851724652
0.059920369649243105
0.06122135573834755
0.06059013899624111
0.061530580509135464
0.06439554490544715
0.05827053128930179
0.05654310137831368
0.05580226941719858
0.052264641540519075
0.053511721581019044
0.0554131324650517
0.05169587757806665
0.053669325261888966
0.052779624973172484
0.05201683956598963
0.05236789859329375
0.05006430931304105
0.0529126431685293
0.05321996821275578
0.05884349691486619
0.05406375698589081
0.04968201501862571
0.05239715893548072
0.05161705109326417
0.05193871279744038
0.05322597406799489
0.05096103109679611
0.051727412345871825
0.05378892405558704
0.05509073760056741
0.05371182943555116
0.05387184238115959
0.05444272220272685
0.05160545230807555
0.05095026540146111
0.050153165839257025
0.04865159295586086
0.04936413516774596
0.048048716363388054
0.046893713533514854
0.04419374733702705
0.046963615686218006
0.04819445116562279
0.046219296422869156
0.04486179113089723
0.046236305899127424
0.05131217311141412
0.05276786695248741
0.05063396327172709
0.05288268601013303
0.0528845845148653
0.055095533437198585
0.055938971447286656
0.05715719983064379
0.05480596395871139
0.05516978114294426
0.059979205895047606
0.05923005059590117
0.05914165345826052
0.05978442505458012
0.059167610372587186
0.056231581809893995
0.05574817591305977
0.05402388638176787
0.055139489443343785
0.05470396904444771
0.05578934424915887
0.052804120516806594
0.051809754013100756
0.05133269907898275
0.04889590173458373
0.04966754076219171
0.049947950644354276
0.049269058000365164
0.04602220492501052
0.0461407047211605
0.046220078611406444
0.04649930124738395
0.0445920999819292
0.044440598906826945
0.04566398933162193
0.046118998408937156
0.04116002049521889
0.04097284980058595
0.04180408481140742
0.043351502855240524
0.04341497168691109
0.049590799030890254
0.05228991388453353
0.049730529675051156
0.04917511446157004
0.04595125018936715
0.044213105805842055
0.04636378915405344
0.04387739161949746
0.043102333343682686
0.04035111445065575
0.040792077588824825
0.04048771624226767
0.038856311120043695
0.04060986718902383
0.03783128487421675
0.03709338903802328
0.033764507017560993
0.03332530742106746
0.03146198334821334
0.03317655753967308
0.03492259198947918
0.035421306222477925
0.038110936552900376
0.03785112034086909
0.03882032092889174
0.03886797089801268
0.038543502717833
0.03725993924557441
0.03849572807156703
0.0358071050246453
0.03870561864059992
0.040518849598348276
0.04167010512639085
0.04226358228105224
0.04074937605749728
0.036146670803778286
0.03673598949210139
0.0355765906435994
0.03548002208539518
0.036296749224975174
0.03912209795271696
0.04120945483946617
0.041957759618745295
0.04793376187410352
0.052238564077737075
0.05189998798752602
0.05157493636135789
0.05068172138108071
0.049611946978860615
0.04814955068232496
0.04879047570417055
0.04761091200599376
0.04330019606610365
0.043352039347080734
0.04357331810408793
0.04252741336558257
0.040673205724308235
0.04135828109873535
0.03544883905451643
0.036009627297652634
0.03679151658566714
0.039157798468491815
0.04333353095717723
0.04379012350357448
0.043016112451917485
0.04377110590245397
0.042824081466395325
0.04302077888814453
0.04684308866721853
0.043304031956026584
0.04176019122741216
0.04059163722855272
0.04485278154037496
0.046903272374168095
0.04561514827160955
0.04581809500785435
0.045968890891191584
0.04837281903372561
0.04726204674257649
0.051162027823182896
0.05114769808342594
0.04972588960788971
0.049691725136889034
0.04976335119244924
0.04671327711535999
0.047436924511575516
0.047124172858816676
0.047918191201153724
0.04580426250131591
0.045187333871399754
0.046232738209315546
0.046220348359327694
0.048504738118069414
0.04995807626095954
0.04835521481247108
0.049489183775496534
0.05202029480403066
0.05523860129028008
0.05290187341315432
0.052367083618729895
0.04794011635887038
0.048926040963540564
0.05039628604433356
0.05058138876827612
0.05092112500752355
0.04713193544538586
0.04505124385790869
0.04762638234736401
0.04785007186987043
0.04952607487316411
0.05073530334991313
0.05093864004574897
0.05047720151114657
0.04965959964749453
0.05103663360762228
0.05213389620672184
0.05308475173981687
0.054224013230407146
0.053325581770238335
0.054771491065265916
0.05401790303687015
0.05451551872391655
0.05350324341049164
0.052904710608492014
0.05337520047432515
0.05185398796807641
0.05082041143444334
0.05315396941277143
0.053785463264162586
0.05513159952011811
0.054136844607890075
0.0578191044488842
0.05741477437915358
0.05740274265582174
0.06217003335843984
0.05923542532101834
0.05870142214167782
0.060650594325487445
0.060045916546013704
0.05969845007623274
0.056667992161893097
0.060781932366503956
0.05655074204274053
0.05708321612612838
0.05598371464721335
0.05485070724792758
0.05440375118008974
0.05410494934583407
0.05489396842164816
0.05407827470721492
0.05619174528612153
0.0554211721660097
0.05468269834737212
0.05434694609541055
0.055269111734614865
0.05546048122207709
0.0547732481565795
0.05426569865641201
0.05707615437493871
0.05546127919926425
0.05432711192880469
0.05461989834919198
0.0543154839316555
0.05603442928938477
0.052246732144744394
0.05565365785044717
0.055750473890715455
0.05434819437009148
0.05584883581589664
0.05290298899344296
0.05707169212316501
0.05730189133872216
0.057163408838122765
0.05918082257866653
0.057967198685083245
0.05762149324033523
0.05383657453319034
0.05288110663539636
0.05018728072085183
0.0495366970060627
0.05476769293216194
0.05315451577300216
0.05223966678927521
0.050663339605097175
0.04977961381479163
0.050026746002146134
0.051112173757895646
0.0505675952033497
0.05537622199927836
0.05555578609425635
0.054775349940304904
0.053852727058238625
0.05120131428060878
0.048701734902240994
0.049607821191030785
0.05123150302318713
0.05123798911226399
0.05205332280018161
0.05091593331574665
0.05283585202100006
0.0525944252306753
0.055591721382113414
0.05410061852270727
0.053512998593858885
0.054575573478730356
0.05331960414524779
0.052896703219992014
0.05173190985527027
0.05099343950715856
0.052923022963225
0.05056276897966186
0.04461726174727256
0.045932785722340955
0.044856654529880954
0.04630651186773161
0.04673170282228127
0.042644982092467344
0.04269603282276262
0.043533512350106135
0.044303167196967835
0.044782299899875616
0.0463958199393283
0.04478757251396626
0.042055847460875644
0.04280585961213753
0.04377360560728775
0.041650311713220166
0.03964948456771043
0.03968366777900959
0.03989764748889519
0.038693870079906795
0.037970092163331165
0.03593551832440658
0.035674344974249386
0.03378499214316049
0.03237133783406362
0.035582713546973656
0.03717023792104694
0.03542712417951027
0.03556798998429469
0.03531720426506191
0.03307911116904207
0.03439281175593478
0.03417060962450004
0.033305990542381224
0.03301429907107715
0.03397712473520186
0.0334737290344266
0.035946503718348566
0.03595275102217369
0.034827630264342595
0.03340933072966572
0.033535331792930854
0.033547703905518395
0.03155436722107611
0.030769084198361385
0.029734284132592596
0.029082881381493793
0.02859192506638218
0.026720931413777668
0.025996071669213812
0.02572302009389381
0.02917087605649862
0.028531665324755002
0.028491209764248907
0.029309803190496662
0.028952026403695066
0.02948889908482354
0.027950135335203775
0.02778974992293694
0.02752320586674603
0.02760197154292353
0.027258257542376662
0.029912497713588112
0.03159087043751929
0.030133246834930034
0.02267832327981219
0.01952880904003284
0.022183581375835412
0.023398049947975463
0.023414419128775815
0.022903287038471897
0.0257624761914792
0.029140655267901477
0.029108342858172948
0.03378421888200903
0.033349518476848715
0.033946105811636054
0.03125566414966948
0.03346125481933377
0.029372627297612166
0.029214423358774295
0.029335311181295544
0.031232960251457765
0.030157144793104523
0.030003178674930138
0.029550118737811194
0.03064553270393554
0.032294918349244216
0.032380669732998954
0.03060183573985847
0.028463884978101102
0.027708012949455837
0.02801987432553883
0.027598307889626028
0.026475779177865626
0.0258944575667734
0.02800420274828949
0.027759866926125806
0.027557565237740365
0.02745271558404128
0.02766266635807453
0.027645030105506813
0.02878435893300463
0.028428653824062237
0.028175151202013873
0.030881101670241
0.03171996162552092
0.03312262287362287
0.030822289246224963
0.031146227212369464
0.03116636539629398
0.03156376970985904
0.03134071342610073
0.03213202241654606
0.033864167253963885
0.03133422253000906
0.032120845230588335
0.03063742600033603
0.030348025941125185
0.029671329651024397
0.027819114627529062
0.027242521324173485
0.0284242500691478
0.033423940491969846
0.03234324706941379
0.03251924847928186
0.036028306201167794
0.033876795690619715
0.03179133793468413
0.0318239639028637
0.03166554044003324
0.03105170587612306
0.03027443802637694
0.03181016784364062
0.03485754179700299
0.03251347361085511
0.031929050119682285
0.032227248728287326
0.0313095574410811
0.03149445575489951
0.030141864594182128
0.03151760375276826
0.03252182262033555
0.034020854659088634
0.032721648429057705
0.03139065928194417
0.02929827271501885
0.03435605817875711
0.03475875714339934
0.034477164950837386
0.03533266448542193
0.032553240300345336
0.03365749504081165
0.033695286158918536
0.03525738899560947
0.03357258403566608
0.03256880337117555
0.031713290559986465
0.034711926328077534
0.03459067461165896
0.03565910655120312
0.03501759674100026
0.03133288334615154
0.029457927747580444
0.03035972190967489
0.031146281404793502
0.03350128232502922
0.037286693096118706
0.034966791173979064
0.036891838190032944
0.03598177720331812
0.04255955879807145
0.04684001642082041
0.04640583153885531
0.045287205786900694
0.04310287568593351
0.04278216953047036
0.042862679309280144
0.0456155889723102
0.043587410432297885
0.045783455523865146
0.04840643684678355
0.047788209729012834
0.04682636832096766
0.04737277402599939
0.04645507253814527
0.04560696212293539
0.038190144025141905
0.037921743177121464
0.038087633814448386
0.03990626324122621
0.04029960878505949
0.042433155637520086
0.04305790417863052
0.0425868474681105
0.04334259808587
0.04185788604864497
0.0397516405042058
0.03432091355488137
0.03249526932485064
0.03214778337531588
0.03463431599481148
0.03023066851717219
0.029940487864177568
0.03102007598622982
0.029652574399668823
0.03010760582362425
0.029335715248931027
0.029289424570174073
0.031733377583233115
0.030873367981624062
0.02889153622449643
0.02685414264354079
0.02406486865764119
0.026010124083172416
0.028006570118788484
0.029312690263411906
0.03488003787418814
0.031137152769049322
0.03253359331452212
0.029718092629914764
0.028762233333796867
0.030200907424619183
0.03171763047409335
0.028676954344179786
0.028866383131374858
0.026769007409615374
0.024775916963653333
0.02564985372241012
0.02572951871471719
0.026972520549443317
0.025667752653094678
0.023223941938235525
0.023927296357150803
0.02493165083831022
0.026621385601107286
0.02826266196734983
0.028728145988251092
0.029077389476173637
0.02973211424011671
0.03354720057772739
0.03273034847777132
0.03157106222881404
0.030581547643105406
0.03187428871914924
0.029547227854377207
0.030173728797034467
0.026288855862132487
0.026239375658867633
0.029643571826280007
0.02815405770118986
0.028437185479180595
0.027028004896332083
0.026784303805439256
0.027688663685184897
0.027078324062749567
0.02729014097545929
0.026399515030726114
0.027913083297372517
0.025447422849151174
0.022926189779548783
0.02406927024087427
0.023555196941923182
0.02540849187133498
0.02793930363485226
0.028203783336342703
0.02958580086696871
0.027864111622549176
0.026725705260032897
0.02492343321587069
0.024846732743910794
0.023957706889227916
0.025730907998218665
0.025803446082984714
0.022155684755451387
0.022918692406487324
0.02271821984034131
0.020468092426282867
0.020567783894389055
0.020783557376614907
0.022473013200097678
0.022290300859543956
0.023283119798059217
0.02334697689783603
0.021602168986305056
0.02200617199792299
0.019010025728933195
0.017416054796022918
0.01580014506772158
0.01536297463414228
0.015533363160523447
0.01820944366830892
0.01713614593981089
0.01764318254663365
0.018224426834530908
0.017711550610720505
0.016878211431277972
0.017620499874789072
0.018995903674199732
0.017772998490372564
0.019292212937044747
0.021336495975101736
0.019080131492639554
0.01947491651294651
0.023809052288076563
0.02004092748920514
0.017216254238247134
0.017189483487061032
0.017561277466937798
0.015914883709574765
0.016868140819258123
0.016976764213069734
0.01978918939917636
0.018201958380664095
0.02087272085140659
0.025225959904379747
0.025622340877121674
0.02623976882681409
0.027664690403378753
0.02724845516647017
0.024175286139374072
0.023729856571777466
0.02271612106780884
0.025573264137225347
0.02429866624787489
0.02406356606335723
0.029371334892285144
0.029841712546409625
0.032876174440281576
0.034185556989401615
0.03290971287306533
0.03230200812382204
0.03055131556606762
0.030223082451570297
0.030342816022822017
0.031940492428499105
0.02990915907376713
0.02821602367770064
0.028576865273417705
0.030684740503987083
0.029185088484787555
0.031585152889053225
0.029860631855708305
0.029807288504953785
0.028843913411947145
0.029458660702153482
0.02920492893541898
0.03101262265893295
0.029964182461889803
0.030468371008293926
0.027927644632265977
0.029583066171669906
0.03077657652744138
0.0321666483913256
0.027824373853089994
0.0279580302869833
0.027341895535251064
0.027320204984013195
0.030857306367677684
0.03317194087055485
0.034275923975383954
0.034055452810214534
0.03508264106673906
0.034998785628360125
0.034888002709362737
0.03351502162701334
0.037265877772681
0.039797603520410924
0.039260443566381226
0.039691021013195736
0.04149736423764243
0.03907297456492578
0.03969199741794168
0.04043551625471336
0.03696366731810538
0.03877262769638398
0.03871190408211691
0.038883737943290676
0.038441241195247215
0.037847864731863246
0.035775027843954255
0.03609992148713492
0.03472288730659876
0.03487317481612265
0.03951749883066834
0.04148070205894261
0.04344454171874525
0.042677901183188184
0.04204177669370746
0.04138640622468315
0.04055029300221443
0.042120412380394254
0.03965526498593027
0.04188166209204652
0.04217419011770395
0.0495379596875468
0.04958331931636292
0.04997704406805771
0.050251246079583305
0.04734776029624833
0.0475406260989915
0.04765847450666104
0.04682183780187302
0.044708659057517544
0.045451811697728425
0.043500803168583055
0.043744436589207146
0.043160537961432384
0.04343899107502267
0.0433822593848264
0.04182443655586362
0.040894638669700216
0.04039955862358858
0.04174619151694298
0.04178242184125372
0.04015453808302784
0.041558458837439284
0.04112576721371402
0.04076906519115298
0.04085166280566411
0.03830968382826387
0.03735102005136901
0.03738463607999016
0.038496270121793165
0.03911459966140507
0.036154281678207126
0.0375230354871179
0.03823711151976955
0.03848129827835625
0.04078987508913577
0.03764376194158683
0.03785591861473245
0.041013746540837726
0.042560272352836395
0.04119905844102339
0.039776812016621255
0.03993883606717084
0.03943504012922603
0.03825921989816
0.03856715205009906
0.03807151284264571
0.03522786573463541
0.03398880185805632
0.033872405969410324
0.03372496750442467
0.03245809114673542
0.02982751998133042
0.02965457298682258
0.029554815738620725
0.03000533064474185
0.02979816754179633
0.03000022608329759
0.02998619933046434
0.02978514775707779
0.02980536317559196
0.029660372070587818
0.029241981251041042
0.029052557377916732
0.02906637625317835
0.029095131346697556
0.02902504399959512
0.028948971735237004
0.026327059662417742
0.026008819541609923
0.025936959832496904
0.023714527413079924
0.023714847266380318
0.024369757612389208
0.024369757612389208
0.024405705406682854
0.024405705406682854
0.024335678660543078
0.026250370533216022
0.026621751477664494
0.02770276854729418
0.027563981345912245
0.026569793701344723
0.026569793701344723
0.0265467826355738
0.02589020599050263
0.02596667274709
0.029822111066582842
0.030121592074837354
0.029863981408705605
0.02939769900180647
0.02943854035671839
0.029328611313426272
0.02841470843212729
0.02833621821069169
0.028720052159915157
0.02869083362111056
0.028252919496842086
0.026976060271837462
0.028053178040969316
0.027834565881910963
0.027834565881910963
0.02780970627683082
0.02780970627683082
0.02779636347840895
0.027908148893190363
0.02841215662916089
0.027099086515200706
0.02704881443833023
0.02554386440817787
0.02549428953929371
0.02625516981146376
0.025936049284176674
0.02593549061995036
0.02565812598670604
0.025611942647410325
0.025670473391404564
0.025463408281500444
0.02504789240774728
0.023723387534145383
0.02447309039724655
0.023991329867759342
0.024196291951323747
0.025145439582857598
0.025269101324658247
0.02527492471760957
0.02349396509314675
0.02349396509314675
0.023266280274495982
0.022939280050750105
0.022663120293099345
0.021999422764357967
0.02481262810164916
0.0247382212792802
0.025151251677524904
0.025164301517339338
0.025164301517339338
0.02461606439414786
0.02413390687711641
0.026130115749332307
0.026130115749332307
0.026466548595501543
0.027922639481566505
0.027855775374617274
0.028172693445035767
0.02829431342800759
0.02848329377967334
0.02848329377967334
0.02848329377967334
0.02848329377967334
0.02892288882328127
0.029361875883711107
0.02478071185325687
0.02478071185325687
0.02478071185325687
0.024995379789785686
0.02305191324834698
0.02305191324834698
0.022899755070667292
0.022391921128933425
0.02273582627319852
0.022813499539635237
0.022681800979670097
0.022543732499625997
0.021800923333493476
0.020959009352759697
0.021037626803730145
0.02147677912390465
0.021410358990615143
0.021973003133677883
0.024156450975920122
0.02422742826212116
0.024083336652657963
0.024958595230544868
0.024870378611387942
0.024969945387551106
0.025186680724139217
0.024744761368302923
0.024705552573888
0.026590218190454654
0.02757910610519928
0.027644280300472713
0.02657581544385304
0.026290599262926456
0.026446454002117578
0.02570712569114951
0.02634329323129619
0.026417319341054
0.026538071284960066
0.026534906909404528
0.026296295212574178
0.026334168491334107
0.02642055769594527
0.02592247086006552
0.02628495391450403
0.026291629964086537
0.026398653441681817
0.026398653441681817
0.027022406827909917
0.027022406827909917
0.027063740424467533
0.026662454022696874
0.026662454022696874
0.026662454022696874
0.02663082341395167
0.026816404713224423
0.02737033743790054
0.027566418155054572
0.027549997133566963
0.02523204473937797
0.02523204473937797
0.02506458125293805
0.02434656641271311
0.024943408936132352
0.02552833887496045
0.02541623279619769
0.02541623279619769
0.025416006135189354
0.025389159829319274
0.025324351444827066
0.025824980995624868
0.02593005839274725
0.025931451731807574
0.025931451731807574
0.02577666094398167
0.02577666094398167
0.02599629821938342
0.025893992226612917
0.025920482250189062
0.0255567349181684
0.0255567349181684
0.0255567349181684
0.025067629393816005
0.02609078881490293
0.02609078881490293
0.02609078881490293
0.025705389510027946
0.025687335795016756
0.025691171561780718
0.02529371673192993
0.02578934638254705
0.02181110548396691
0.021781970257716835
0.021781970257716835
0.021472937336146372
0.02017985560245566
0.02017985560245566
0.02017985560245566
0.02017985560245566
0.02016729919887475
0.020211558080564598
0.019908744821175193
0.01981067350167269
0.01981067350167269
0.019894858130745718
0.019894858130745718
0.019861236156068583
0.019903032882293788
0.01990453354875294
0.02097514536326689
0.021087228259360553
0.021168724147807655
0.021058167859662264
0.021058167859662264
0.02087281652084927
0.020971398933236237
0.020967146344786934
0.020967146344786934
0.01718736449767129
0.01718736449767129
0.01718736449767129
0.01720127696010158
0.01720127696010158
0.01720127696010158
0.01720127696010158
0.0168040858741926
0.017263035176921536
0.017390884187814183
0.01773576301454405
0.017625891990131873
0.018179224439085474
0.018630188676423073
0.01873254717180428
0.018713233096513678
0.018713805964044473
0.01884275577875932
0.018987662880057384
0.019272013631100756
0.019269124469980047
0.018771248928265098
0.018771248928265098
0.01869783088933848
0.018903395026306686
0.018903395026306686
0.01877256949175345
0.01907979689718049
0.019060897964904015
0.018697040324403953
0.018697040324403953
0.019005937248999214
0.01898082938360535
0.018959643050963357
0.019119235336823977
0.018723577419218224
0.018063063325586496
0.01803751512228967
0.018009673564625614
0.018009822635141677
0.018009822635141677
0.0179835670232153
0.01809758721628913
0.01809758721628913
0.018172421749532756
0.01829782461615409
0.0182921264753655
0.018018702850048408
0.017963235345392875
0.017963235345392875
0.017967218659398723
0.01524315539271828
0.014918953656351845
0.014918953656351845
0.01474878555134767
0.01516917562759002
0.01441932314114868
0.014423029697708116
0.014430023686505613
0.014450166871623472
0.014214963692692872
0.014214963692692872
0.014214963692692872
0.014413571659818058
0.01416355033499584
0.01417927576674534
0.014167444029306421
0.014167444029306421
0.014300900738141638
0.01358082655304968
0.01156289688602511
0.011500568886229337
0.011493918659407283
0.01139801827982359
0.01139801827982359
0.011365499395994455
0.011203884583712343
0.011246061338929608
0.011234236056781114
0.011234236056781114
0.011234236056781114
0.011247920563580588
0.011247920563580588
0.011130849753837576
0.011144479877058739
0.010585851229592727
0.010803270134798782
0.010794733847918632
0.010794733847918632
0.010794733847918632
0.010794733847918632
0.010368384099228708
0.010368384099228708
0.010368384099228708
0.010280620271315538
0.010280620271315538
0.010364209359709237
0.010766808332758587
0.011060567210997034
