0.0466667 0.03199692558567924
-0.0866667 0.15308161876370632
-0.3733333 -0.49883092076898594
-0.1533333 -0.24981136721174585
0.0366667 0.12294283776989087
0.0066667 -0.010200727778743424
0.7633334 0.6510123803344383
0.61 0.5904797019722019
0.3833334 0.3734437068371235
-0.28 -0.32269809914177167
0.56 0.5647611673181518
0.1633333 0.5377464976217826
0.1266667 0.13844557904039728
-0.71 -0.7040027684076405
0.9666667 0.8773978928589419
-0.86 -0.8287113098147569
-0.59 -0.45630101847372007
-0.2366667 -0.35407547596484223
-0.4033333 -0.3173616317376649
-0.7566667 -0.8704426012567819
0.7133334 0.7039298977250013
0.4233333 0.3831812520378152
-0.2933334 -0.311614379933901
0.72 0.46318948285821404
-0.9666667 -0.900168512321371
-0.9966667 -0.9918629119661329
0.9833333 0.9943572329308182
-0.6666667 -0.5868783848121223
-0.17 -0.1585949115369818
0.9 0.899741425953859
0.03 -0.04101916129955813
0.27 0.24682882410466322
