0.0466667 0.0457107886180973
-0.0866667 -0.0892610797857542
-0.3733333 -0.41596678774630536
-0.1533333 -0.15048108179190184
0.0366667 0.04543728405402975
0.0066667 0.028464895506826238
0.7633334 0.7596542977480426
0.61 0.5727544956632058
0.3833334 0.3920343326713476
-0.28 -0.30851462196019686
0.56 0.5680556937115104
0.1633333 0.11755603993919189
0.1266667 0.12277789173075465
-0.71 -0.7420567370541824
0.9666667 0.9576045830339923
-0.86 -0.8523330524479675
-0.59 -0.6269414235145871
-0.2366667 -0.2333581014234123
-0.4033333 -0.42104260263199944
-0.7566667 -0.7489642010138549
0.7133334 0.7583395875464225
0.4233333 0.4457454803671831
-0.2933334 -0.3277082561880261
0.72 0.7407623515131745
-0.9666667 -0.9523455333642774
-0.9966667 -0.9873751337954074
0.9833333 0.9404900188213946
-0.6666667 -0.6698812027057746
-0.17 -0.16865866378606625
0.9 0.8643432118864286
0.03 0.045607325798059734
0.27 0.265689980604798
