0.0466667 0.06370773255362591
-0.0866667 -0.18103043038223
-0.3733333 -0.3373050147029216
-0.1533333 -0.16359771262933048
0.0366667 -0.28410292256958053
0.0066667 -0.009463874570770414
0.7633334 0.8205550630835934
0.61 0.6338449974256144
0.3833334 0.3793153521695166
-0.28 -0.2042091876420049
0.56 0.583981547047475
0.1633333 0.14045327512286848
0.1266667 0.11350772676354762
-0.71 -0.7560958914259103
0.9666667 0.9738096786414276
-0.86 -0.7501456468605625
-0.59 -0.6508572011455181
-0.2366667 -0.12564116715291684
-0.4033333 -0.5558620331555458
-0.7566667 -0.6825094757019066
0.7133334 0.7074562679064935
0.4233333 0.40146150039731077
-0.2933334 -0.16771024107805574
0.72 0.7066395273213566
-0.9666667 -0.9096221477291336
-0.9966667 -0.8938003048355778
0.9833333 0.9654685354715042
-0.6666667 -0.7300541203151211
-0.17 -0.1693148809244438
0.9 0.8882549491498128
0.03 0.035721060501546
0.27 0.19667469758843215
