0.0466667 0.06404510062944635
-0.0866667 0.015049216604523241
-0.3733333 -0.3598867536607763
-0.1533333 -0.08789047064998096
0.0366667 0.06608716971761919
0.0066667 -0.03947304296642622
0.7633334 0.7082269454659624
0.61 0.565794412300659
0.3833334 0.37889620042784544
-0.28 -0.2899597788624534
0.56 0.5418281466602678
0.1633333 0.13998188796589262
0.1266667 0.09529812984405084
-0.71 -0.7436131498789726
0.9666667 0.922448505928254
-0.86 -0.814547199344693
-0.59 -0.6041511546543112
-0.2366667 -0.2222095592764815
-0.4033333 -0.41994956188081445
-0.7566667 -0.8091324603592467
0.7133334 0.7087313922517954
0.4233333 0.4327288893655715
-0.2933334 -0.3063714505815911
0.72 0.788638746964633
-0.9666667 -0.927587156522679
-0.9966667 -0.9816893856341246
0.9833333 0.9827156450023713
-0.6666667 -0.6588053778071695
-0.17 -0.16263110128504343
0.9 0.9262997104691786
0.03 0.0016943860409444067
0.27 0.25661546775444505
