0.0466667 0.026730694464543903
-0.0866667 -0.03812751631941941
-0.3733333 -0.41195848216214404
-0.1533333 -0.1634686981668632
0.0366667 0.04303230071512262
0.0066667 -0.0040329716497979895
0.7633334 0.7194907893513922
0.61 0.6000264122443717
0.3833334 0.43692110104428844
-0.28 -0.28128059821635887
0.56 0.5211959400337252
0.1633333 0.13818043681466644
0.1266667 0.09475841990091022
-0.71 -0.7306487255993066
0.9666667 0.9229578833463086
-0.86 -0.8163568630527257
-0.59 -0.5773583184566289
-0.2366667 -0.24145181819076628
-0.4033333 -0.4360072346843407
-0.7566667 -0.6941099023158563
0.7133334 0.7343296320199428
0.4233333 0.3817620469152084
-0.2933334 -0.2739309798729593
0.72 0.7449723925241859
-0.9666667 -0.992910767402483
-0.9966667 -0.9615211776008956
0.9833333 0.9568046846442368
-0.6666667 -0.6318418288436498
-0.17 -0.16589736185744547
0.9 0.8670566170328072
0.03 0.11666818683186875
0.27 0.29521157428870354
