0.0466667 0.17405141961536164
-0.0866667 -0.09553293901014098
-0.3733333 -0.41441580312559934
-0.1533333 -0.21636260661585588
0.0366667 0.0009249520702048486
0.0066667 -0.021683529673166085
0.7633334 0.7643335971992411
0.61 0.581423159270555
0.3833334 0.3362696835366028
-0.28 -0.27365421845379817
0.56 0.5766768588957176
0.1633333 0.1155039729479056
0.1266667 0.04954808731533958
-0.71 -0.7449526527271959
0.9666667 0.9521287476299358
-0.86 -0.8145207774392056
-0.59 -0.6600985678468343
-0.2366667 -0.2598113326685642
-0.4033333 -0.4421200428219112
-0.7566667 -0.7071843161081888
0.7133334 0.7823227568860571
0.4233333 0.366079760420013
-0.2933334 -0.3389521512841095
0.72 0.7120652898229499
-0.9666667 -0.9252235553253826
-0.9966667 -0.9434852567648512
0.9833333 0.9515173193479133
-0.6666667 -0.9242130976142208
-0.17 -0.10195950763737233
0.9 0.8628512502273205
0.03 0.10677082433811602
0.27 0.22052754319100074
