0.0466667 -0.00309279329962614
-0.0866667 0.002837862043352485
-0.3733333 -0.318457539228461
-0.1533333 -0.14471968057242007
0.0366667 0.0524453415998653
0.0066667 0.0049817539991453
0.7633334 0.7481970890205083
0.61 0.6237777744348179
0.3833334 0.3745769538670387
-0.28 -0.28821299801003797
0.56 0.5695768620098484
0.1633333 0.09071855952327462
0.1266667 0.10856524015931213
-0.71 -0.7070642967009391
0.9666667 0.946493873744542
-0.86 -0.8732505009796617
-0.59 -0.5320832224157372
-0.2366667 -0.26613599763214
-0.4033333 -0.4270563727791912
-0.7566667 -0.7388429348375064
0.7133334 0.7602508812207587
0.4233333 0.44658218072662753
-0.2933334 -0.30595536341660085
0.72 0.7676007094032432
-0.9666667 -0.9674555300204694
-0.9966667 -0.9795033565856859
0.9833333 0.9788833568559039
-0.6666667 -0.6231918668144603
-0.17 -0.16762388278397583
0.9 0.9428124714326869
0.03 0.05953032611729894
0.27 0.30668425377537323
