0.0466667 0.03820067561996532
-0.0866667 -0.0764035766863912
-0.3733333 -0.36873722226136796
-0.1533333 -0.15501486027378109
0.0366667 0.06830377156122758
0.0066667 0.01532937771656151
0.7633334 0.7422426378306783
0.61 0.5810911901244022
0.3833334 0.38295277785815124
-0.28 -0.3037570833811512
0.56 0.5704722154603286
0.1633333 0.1557124817198698
0.1266667 0.10918181027896018
-0.71 -0.744298636943893
0.9666667 0.9725233170744723
-0.86 -0.8576133952076265
-0.59 -0.6138931618108288
-0.2366667 -0.25651354728906917
-0.4033333 -0.43735265819719055
-0.7566667 -0.7642829010345612
0.7133334 0.727897182221489
0.4233333 0.42443991091538175
-0.2933334 -0.3105515592772266
0.72 0.7100779415691785
-0.9666667 -0.9588055298584363
-0.9966667 -0.9966838934968285
0.9833333 0.9726688055365911
-0.6666667 -0.6537146383723376
-0.17 -0.17888108644034917
0.9 0.9103436006371699
0.03 0.0026183337863589506
0.27 0.25260477154011723
