0.0466667 0.03804278759937524
-0.0866667 -0.08774318810663984
-0.3733333 -0.36099784044844124
-0.1533333 -0.15449597869520104
0.0366667 0.052687343741938064
0.0066667 0.0024473320895538886
0.7633334 0.7226857648613487
0.61 0.5785570172165502
0.3833334 0.3948025098913757
-0.28 -0.30423533925957863
0.56 0.5606656642565231
0.1633333 0.1662361668910035
0.1266667 0.12024916519419704
-0.71 -0.713329310068241
0.9666667 0.9655198583393654
-0.86 -0.8974407806782213
-0.59 -0.6104280630658574
-0.2366667 -0.2536356240586686
-0.4033333 -0.41422620320120135
-0.7566667 -0.729325702535863
0.7133334 0.7271087708961992
0.4233333 0.4465756374232579
-0.2933334 -0.33644006820887246
0.72 0.7328751990981859
-0.9666667 -0.9719591059237424
-0.9966667 -0.9905184229364784
0.9833333 0.9833833006253592
-0.6666667 -0.6545345525138325
-0.17 -0.20439492048360391
0.9 0.903106542169569
0.03 0.014187900269071574
0.27 0.2716956381679142
