0.0466667 0.04332994262957829
-0.0866667 -0.08157935674984729
-0.3733333 -0.354455020878669
-0.1533333 -0.1277394263350955
0.0366667 0.04793703813226674
0.0066667 0.01417222865623724
0.7633334 0.7441169460085766
0.61 0.586433576229888
0.3833334 0.3988701342739736
-0.28 -0.30948659207754464
0.56 0.5914993533028883
0.1633333 0.13428044728463057
0.1266667 0.11656521577095066
-0.71 -0.7220893636820502
0.9666667 0.9742619585071017
-0.86 -0.8664233886778545
-0.59 -0.5955007723036542
-0.2366667 -0.2534507647106703
-0.4033333 -0.41795610364640723
-0.7566667 -0.7399028225097124
0.7133334 0.7432665055736776
0.4233333 0.41502767659830897
-0.2933334 -0.3124774693992717
0.72 0.7010314440036116
-0.9666667 -0.9748727705589781
-0.9966667 -0.9912390232403862
0.9833333 0.9669913136214274
-0.6666667 -0.6780293599974773
-0.17 -0.1575176433603271
0.9 0.9039281809702807
0.03 0.03545158995100722
0.27 0.24982099928107132
