0.059341187126211614
0.08251340872046593
0.0882717252532989
0.08933253760424503
0.0900587967255572
0.09070166905482985
0.09246922126310082
0.08948202639626697
0.09061472194480748
0.09111243446540225
0.0938165060808729
0.08995488745319621
0.08818287145782228
0.08574517645344418
0.08467307104485158
0.08600711075005553
0.08543864484493413
0.08702341299313754
0.09070633719461889
0.08791752559037805
0.09183910825490224
0.09797094655646353
0.0977065327436931
0.09815163377645499
0.0971410175145989
0.09322843990003102
0.09638740562203667
0.095866970675798
0.09551296786216504
0.09659444987259026
0.0944476374333783
0.09489598391487655
0.09605320584805013
0.10052568832749664
0.10559291975552151
0.10090860526021919
0.10043853511338731
0.102009184077525
0.10288032191007228
0.10376930375024543
0.10471971641295495
0.10144824851169569
0.10035380939455182
0.09807235764340483
0.09670769774290412
0.09462508161651322
0.09616087129011675
0.09458409357359981
0.09622996360180598
0.09351595657232543
0.0944873873758111
0.09518115083456881
0.09878745562359924
0.09717395012640472
0.09950422583514044
0.10367939422835745
0.10401782424583587
0.1033504574915919
0.10162062899830286
0.10234870199852224
0.10164437282167388
0.10096700067736028
0.09801151760925397
0.09739979776957976
0.09899552302477994
0.09856252403704721
0.0965256444273376
0.09421414504832216
0.09485247355886256
0.0905605060036394
0.09309742242948237
0.09326726022616395
0.08860990562140372
0.09325211041596174
0.09347551785202947
0.09715439460181485
0.09784789533482925
0.09982312086505844
0.09930455284631536
0.1026899308539041
0.1027028494724655
0.09848377396588627
0.09838994185574705
0.09952842632470014
0.09909046047675915
0.09829307685996705
0.09702314902911928
0.0905889295407034
0.09388856374704556
0.09213798637614233
0.09607709638781883
0.10303648434027521
0.10244440978148085
0.10212019630541609
0.10480620353927786
0.10508369643298654
0.10422044294094213
0.10770794585840458
0.11060543087794092
0.11183547484928955
0.1114723650271654
0.1098956174357254
0.11120880257000917
0.11378988839321494
0.11564612819275848
0.1187414282383617
0.12254537003368458
0.12275232290852843
0.12156488064918398
0.1195485304349319
0.12257633859489593
0.12261475900600674
0.11766768278180166
0.1191349997329882
0.11202142438950267
0.11327440319881452
0.11366723045362088
0.11283293612277993
0.11190930250853809
0.11024914321373067
0.11236679056354898
0.11263254142925058
0.1113841146909532
0.11140496741642976
0.11210097243770516
0.11102253695501316
0.11555367524198398
0.11471722056830992
0.11284247115054252
0.11462718659795601
0.11576601754115695
0.11597381898238845
0.10904834718027158
0.1094721712909895
0.10780194035537682
0.10768691062608755
0.10735589967471176
0.10520496848898439
0.10401569294630676
0.1021643100237101
0.0974967818538387
0.09972200330790675
0.1019046834938621
0.0983044187378496
0.09366644171301482
0.09106229868319896
0.09171636125883031
0.08401563918046141
0.08211840423820378
0.07787157208541828
0.07546163973332337
0.07492943532140624
0.07707930716733351
0.07834681616997138
0.07906291788339855
0.07274228859653079
0.07280163817233336
0.0736428601660126
0.07006623197961097
0.07342580738970847
0.07186006810417206
0.07506778757313105
0.07780315426634553
0.07281471862181045
0.07434144778754102
0.07331514647523336
0.07255582874934466
0.06956279044479553
0.07227865196959779
0.06902533280688808
0.06794538843320322
0.0682294061436273
0.07037869316524113
0.06376151121887005
0.0639256938122585
0.0635416328344986
0.06503913702592835
0.06430649816700412
0.06300514531455499
0.06324596542769631
0.06251221390171786
0.06233296693176276
0.059855775558037415
0.0623899195644517
0.06410074602931418
0.06277997489709662
0.06397439216799887
0.06318221474625899
0.06005421315321397
0.05710445227078472
0.05923245822317854
0.05814914061717992
0.05784376310216874
0.05424578621960048
0.05326759470853994
0.05741419133065661
0.05773973370007964
0.059368506057987096
0.059230581874029
0.060735290753511265
0.06166582345223249
0.06067546363538823
0.06267309856921892
0.06462672882985511
0.06345658860473186
0.06228787899625965
0.06050376447564105
0.06117410923417139
0.06103089048893184
0.06197271319779463
0.06205229022269149
0.06379571265062273
0.06300389595692832
0.06174494562925013
0.06348595838367907
0.062287091863254415
0.061867392737210605
0.058945407401378866
0.0629689089996172
0.05860804638665488
0.062083882055123316
0.06382740846358154
0.06780825418712415
0.0693943155857186
0.06880701483928159
0.0707134552939322
0.07135687281479049
0.07108931186955161
0.0768486855253486
0.07427592791126783
0.06860807551578642
0.06931263609323614
0.07048345804121406
0.06947583376662396
0.06494190780798248
0.06382017474576923
0.06310012859252825
0.06472974133756759
0.07379357332428849
0.07311265431654537
0.07177906028497182
0.07846541254355835
0.07865846729277436
0.0763255404573118
0.07620991605973979
0.0791542517876562
0.08071518895884137
0.0754077773285685
0.07971065617995467
0.07673644681050441
0.07831844321769645
0.08213187468896553
0.07789095853618207
0.07747619217914732
0.07869151148476723
0.0800168766869345
0.07520950441984929
0.07674776258315082
0.07752847753722054
0.077822390461016
0.07589570588916678
0.07502069668681882
0.07710282976947462
0.08024008599824548
0.08004163978024353
0.08416357660153988
0.08492145744213128
0.08565811422929329
0.0858589640735715
0.0916396430066685
0.09191282959266532
0.0959602448506637
0.09581273815295947
0.10260122149862486
0.09741995859542169
0.09955304500810157
0.09685161422998549
0.0978449095938975
0.1060004946828263
0.10785794704139766
0.11047898595606293
0.1109029044122759
0.11077581843943725
0.10988690377242603
0.10829440542812786
0.10537135744194501
0.10453503250030347
0.11010998459929917
0.10511250810187367
0.10155230204601355
0.09988305721622502
0.095389462664836
0.0916954724216598
0.09776038621505236
0.09584289718600361
0.09552697593413005
0.09352850382236966
0.09326075985257086
0.09399098971570038
0.09137755590876805
0.10013613134489623
0.0974369877293897
0.09724576840766609
0.09895219095910723
0.10352422572359278
0.10479847262181519
0.10677641160208227
0.10583118039131106
0.10602442126403414
0.09940715958906861
0.09743903027154481
0.09892057646715498
0.09738533999129001
0.09723968551457865
0.0978130813193247
0.10280620660139231
0.10055549161304855
0.09592140606827046
0.09669651314977513
0.09870171652841302
0.097996426722087
0.10035870434130513
0.10048338363736124
0.10236177515737888
0.10418944438142556
0.10409876203798385
0.10118156567699485
0.0975724776458805
0.09892817231030475
0.09874481856065731
0.10400188927316864
0.09927545261290421
0.10324364066170695
0.10245963339861751
0.10278059830510469
0.10338613187153899
0.10744660315761505
0.10170436875700858
0.10586975416038305
0.10759888790802204
0.10638863191076037
0.10141024361905292
0.10175648386560525
0.10106087874685558
0.10043210791076618
0.10417335292488455
0.10232597236066325
0.10022271688494633
0.10173708242811082
0.1032537357382506
0.09829475898651906
0.09606114671869709
0.09368461189624001
0.09801676137502828
0.09441882430639528
0.09580679571323737
0.09792906267586973
0.0960207455745828
0.09881494215153215
0.0979418776042176
0.09685844858905486
0.09885196562693113
0.09600751262501568
0.09286826080857101
0.090650767691007
0.08630946065011412
0.08627510597816261
0.08316425565791732
0.0840341014468758
0.08679420568607496
0.0859078070984161
0.08670671495835444
0.07561944241752538
0.07705947315188166
0.08184900046792137
0.08221445931326644
0.08465312893199067
0.08072121641238522
0.07909068562406066
0.0794229653360104
0.08043567426962751
0.08195267058818835
0.0871994214054881
0.09037279832741421
0.09500255103449688
0.09555955315198146
0.09787422011394398
0.09675631136548277
0.10067794733622386
0.10009876975782134
0.09795620618566865
0.09485851358615204
0.0982057996890008
0.097428506671152
0.0959277897742515
0.09552125107960951
0.09453346095611452
0.0965936548941738
0.09427821599119464
0.09536818620990703
0.09567512331891796
0.0924557124379983
0.09297177727378757
0.09360262725142493
0.09273717549163164
0.09352311030703153
0.09549277528748781
0.09596533076443076
0.09643134298075934
0.09798526725057544
0.09894894518980095
0.0983957414457671
0.09615387549362496
0.09598773230329917
0.09538437079440686
0.09720152524587052
0.09389387481280526
0.09672437062930941
0.09928667943078195
0.09862635820556441
0.09878991434246458
0.0992449218849615
0.09590805937503942
0.09638419837713906
0.09856544399421441
0.1034501394071768
0.10197892611320525
0.09916978827671732
0.10190426374936423
0.10277304287258007
0.10003123860065019
0.10066395927890617
0.10177693924601973
0.09908395813176354
0.09834233021434378
0.09841624915794506
0.09916392845184117
0.10216966628100457
0.10595523252479684
0.10461276128867628
0.10389186278017891
0.10530102698854715
0.11154873511453736
0.11136985333109811
0.11207261989170886
0.11865058507980007
0.11972323322879427
0.1217005872196225
0.11994832963357717
0.11693128463168258
0.1190406276837086
0.11976651318037591
0.1246285420577494
0.12391205218826803
0.12115332094797275
0.11850279689242237
0.11910212841102903
0.11735692007196642
0.12158081639123836
0.12451600286630513
0.1248963954690907
0.12568531407189265
0.1241132424873923
0.12487298194476096
0.12237819391356371
0.1261523216683902
0.12410312381840877
0.12261415209362239
0.12012497112194481
0.12326086549264965
0.12266266060716113
0.12151430815722537
0.12076608153755969
0.12001875868675237
0.11965218138392107
0.12446897346285749
0.11962968219456087
0.12493369957966464
0.12616686902986834
0.12598329857734078
0.12644577472935206
0.12918336008251025
0.12935687958556533
0.1268897391323621
0.12713427712109937
0.12600834657789445
0.12730888366886842
0.12647094996068609
0.12075971237749195
0.12210286432529159
0.12041839541616621
0.12504610640885486
0.12535472492582575
0.12935949404501393
0.13633694351874362
0.13027651401352863
0.12900435465347035
0.1316215916357013
0.13351304762279945
0.1339716092254512
0.13218547578589787
0.1296349382669693
0.12794021021646332
0.12859960673273477
0.12984225751416512
0.1282500694321757
0.12912522120868794
0.12869600219561245
0.1293062513488829
0.1291226232875256
0.12791584986578783
0.12669025007743834
0.12746151366719985
0.126017706887022
0.12514837133931406
0.12852395693235516
0.12614958500274567
0.12475720246278503
0.12185576687612848
0.11778522725693803
0.11608619165933837
0.1127734819597268
0.11247516399036957
0.11624529905050016
0.11208538900475522
0.10683301324393801
0.10383261781188105
0.10160452622828132
0.10177311425216234
0.09849813766241894
0.10256526191982947
0.10530635882514623
0.10673187714042061
0.10657273731629865
0.10484473562235547
0.10857621551076527
0.10846284811058149
0.11207492460486547
0.11152796393777122
0.10929192668786655
0.10801027682972997
0.1078864497661546
0.10627287326312437
0.10839417856168859
0.1085256576309165
0.10479191545901735
0.09841921821612866
0.10220693669972637
0.10574091496664421
0.10847334160681059
0.11034525619691782
0.10821641745954143
0.10768890157943432
0.10828775262065557
0.10911537340697403
0.10917207573371429
0.10902308515649718
0.10506742361265331
0.10752962518002603
0.10637884387003407
0.10231325411571263
0.10036514700396285
0.10328829688249529
0.10391781751319308
0.10163999184905484
0.10441202704603007
0.10339101937540682
0.09677173053756304
0.09866369890667624
0.09628666218789553
0.09841541452572396
0.09373827676564063
0.0943191644518099
0.09453605765046025
0.09881596354060158
0.10306721623581842
0.10485886538287933
0.11130694175194301
0.11139424063325848
0.11892151427321336
0.11974417858538661
0.12256265581024751
0.12122813514927602
0.11639811511444312
0.1163566440875345
0.1133665872748591
0.11100897501921743
0.11181890720642944
0.10826386709050359
0.10916200132524552
0.1114129148354304
0.1145698523041167
0.10722447675302715
0.10799849322911817
0.10524361277082396
0.10461364712624942
0.10901424501810422
0.11206149327055626
0.11160565510123266
0.10792983486325348
0.11023904234619052
0.11055554245265835
0.11029185610794805
0.1066693582710074
0.10653799536842501
0.10387433525437736
0.10517608957952893
0.10469363506698812
0.1008746380455032
0.1019037614382596
0.1049700221654043
0.10612995872406529
0.11088906769899663
0.10695322497495592
0.10320237393591929
0.10137963342858443
0.10032015654593525
0.10096879236191882
0.09855191238542103
0.09536365081429318
0.09638516101437473
0.09458151331187126
0.09587353151755314
0.09282551348710995
0.09600827524816376
0.0933293191457244
0.09186200134513518
0.0907492793376005
0.09153171668171389
0.09013568335711034
0.08641358342455367
0.08652197963545726
0.08903668255974398
0.09010547767983522
0.089588297977194
0.08917464935472132
0.08943476570313214
0.08887637526065088
0.0860679222627451
0.08948083950638674
0.09200023185722433
0.09540347020703088
0.08871311558018116
0.08868534532811181
0.08734992222968731
0.08715217178058099
0.08945441297800925
0.09006421178093534
0.08884708864469437
0.09095005479131033
0.09043769507860211
0.0879176598659976
0.08982707825027088
0.08998083885630365
0.0902773786905825
0.09071333637983797
0.09106713504353244
0.09680246777552884
0.09685669352197013
0.09553627139790642
0.09610733808479054
0.09621013454870962
0.09718421977430611
0.09961897731156714
0.09767621294929366
0.10251914191365553
0.10579703762360176
0.10866490426199323
0.10881461709415488
0.10317646594684501
0.10635992645913257
0.11012021748466168
0.11200539894974867
0.11223666639145922
0.1095110485452177
0.11046713509414388
0.1123225529319304
0.108937266253301
0.10529628234681508
0.10461933015503286
0.10328329435335265
0.10326646840530275
0.1034490736368431
0.10350186012205134
0.09906572681859396
0.09973355092113256
0.09847274273400645
0.09300838413542019
0.0910577294303235
0.09200716712557426
0.09269683372432297
0.09432459128567167
0.09096638508642862
0.09135074460144559
0.09238950655188201
0.09398570473421432
0.09657429686431794
0.09690274225549379
0.09401055172211006
0.10024404126358222
0.09867482224046574
0.09439130535878283
0.09341448239041092
0.09244081274830059
0.09072397299271823
0.08996983668676314
0.08959039993494103
0.08865528215322575
0.09182918657868921
0.09463420617297748
0.09607736181584675
0.09661091040564976
0.09407148511905644
0.09440692767968915
0.0962244433910249
0.0964997278763472
0.0922031795053082
0.09277250799803043
0.08948568774268871
0.08277012834602784
0.07740496011199087
0.07515872735448206
0.07645975783632383
0.07920040656139712
0.08371140626649279
0.08748024761131272
0.08730592985858575
0.09083820977776369
0.09147254143239152
0.09094937390196833
0.09480978454575302
0.09379175187701845
0.09210437813481262
0.08717297524133158
0.08464852871863458
0.0845207568413736
0.08288088573232923
0.08523903169217846
0.08192650419885873
0.08129689637689
0.08535164701739834
0.08722091022961241
0.08944840576186279
0.09256723704566579
0.08967083779252813
0.08950400200716482
0.08964303017191014
0.08855141313615714
0.08807913314589959
0.08668124540436976
0.08756077138575184
0.09101916195081931
0.08835565038151687
0.0907914480097382
0.08907942085602222
0.08794006037150608
0.08841121054563161
0.08979154450426714
0.08657435736728464
0.08803762378362681
0.08896658335633047
0.09221091030311986
0.09259692999550276
0.09512887065725843
0.09457107452939872
0.0969808071507041
0.09707477448508967
0.09739013097690155
0.08963218006936215
0.08359414681071015
0.086612353080379
0.08850186671313685
0.08837913557839795
0.08798085791556128
0.08411349706607747
0.08304712812944862
0.0818623901687716
0.08368265426547442
0.0901811345215522
0.08584675004404184
0.08769809456951358
0.08741010720135291
0.0857783629488029
0.08567437135139086
0.08286242427063824
0.08420790391717727
0.08378508185516403
0.08427960771630455
0.08414934333192643
0.08209624103295741
0.0836115877486072
0.07807282290710384
0.07745967645395986
0.0766507922991835
0.07809190289577353
0.07715842303100905
0.07929209607196838
0.08197491462451001
0.08339584609817176
0.0817155853836414
0.08480363234664862
0.08456349630620301
0.08447233764668621
0.0848296061189546
0.08622074938790059
0.08543300459766798
0.08302922277897211
0.08293608897240198
0.08253132995140562
0.08596983321633178
0.08365780494802044
0.07765121295621456
0.07744392933337374
0.07580781461336443
0.07780953986276051
0.07973946575959005
0.07988150596996099
0.07994919517615405
0.07973463825008839
0.08119453062233342
0.08233368063361414
0.0825996658653983
0.08226789178537604
0.0827956128873373
0.08129610674301374
0.08142818315818205
0.08442259186829604
0.08785342543393734
0.0914413891145721
0.09157577077767183
0.09108996000721331
0.08891513395453343
0.0913389827755578
0.09372782837744031
0.09226286702975198
0.09350222760735223
0.09131854543952547
0.08821557187045864
0.08766966396396166
0.08481333221162335
0.08608577983346395
0.08258858940928496
0.08126800802077228
0.08007744299636135
0.0753897659823919
0.0753288644448235
0.07869225628529856
0.08468094403658152
0.08015306148536579
0.07639700103252184
0.07414971358258561
0.07713852420286993
0.07544057511996168
0.07542602452176704
0.07484929967869226
0.07742094626363125
0.07825614213550337
0.0769718370325082
0.07673851859771855
0.07750329905024286
0.07816591823476395
0.07827250531658422
0.07719905249711882
0.07527307957231634
0.07665585688005523
0.07711527980089833
0.07578902906183921
0.07714035713355365
0.0773087502606058
0.07753631049146857
0.07435404623608881
0.0725420906900752
0.07636477002177809
0.07705860301924966
0.07788171106871525
0.0789241205241095
0.08140539540270175
0.07616906188172827
0.07681373190553653
0.07633288725424352
0.07677201831775532
0.07720560567317103
0.07933444792439683
0.08083312541760979
0.07873070819970658
0.07954065256082982
0.08239327847010332
0.08225622035543677
0.08283681870121616
0.0837339715652667
0.08258463218395967
0.07950913915114066
0.07938223683023336
0.0748026835603223
0.07322791958758386
0.07044294686805039
0.07042401396210109
0.07162054718906223
0.06813236622962067
0.06908768240024035
0.07318654420354659
0.07436538332653092
0.07417811219302946
0.07034971017389485
0.06854829431993963
0.06580911881327181
0.06653366297393207
0.06609198258872306
0.06407507662036006
0.06797020246714558
0.07072555163609315
0.06965940379962204
0.0676805833794014
0.06557926747695306
0.06568458772193463
0.06564610013870545
0.06562733765864513
0.06537443791617799
0.06769620033038377
0.06747267447208875
0.06669661268072472
0.06736981978374962
0.06713230627592862
0.06880234255461007
0.06579369374525391
0.06600326709004752
0.05919943597646227
0.06155272008077637
0.05954701867636596
0.05951672462308806
0.062351590323965284
0.06434048340887313
0.06423049445355167
0.06335541221714606
0.06615489694873156
0.07007610131775681
0.07008317740387711
0.07215150853412264
0.07159184217745479
0.06955367994273919
0.07130387409797767
0.07150228009616376
0.06989549084728976
0.06946838210963577
0.06941081683205678
0.069167274248947
0.07124306108284882
0.07557873601069329
0.0743585443297487
0.07247595077430034
0.06739901190258435
0.0680619675692221
0.06750998744704441
0.06748281006929256
0.06862333075855433
0.06846954041027434
0.0675209025909226
0.06626560860873591
0.06418690943889167
0.0652104696184685
0.06691140434781986
0.06898966186066903
0.06541637129825965
0.06480365611460992
0.06375985515710131
0.061126183495436505
0.05992535124358292
0.0623336402770966
0.06186896157439201
0.05843020659831227
0.05876577801456581
0.06040303879892743
0.06482158341729899
0.06374211053264647
0.06429015659065465
0.0632582802750943
0.06214171571092354
0.059340966259109736
0.06111765588488642
0.05789708430650541
0.05796317619942369
0.05949713343354476
0.06093663717592153
0.06581333254550967
0.06731279898284093
0.06730035959555485
0.06862113053095595
0.06933030024849278
0.06737634004992668
0.06726979931802363
0.06611406465338533
0.06766071371974637
0.06824161928386999
0.06680223785145534
0.06728535298332035
0.06721032195411006
0.06873648980550501
0.07301086121396184
0.06937391081557126
0.06852024577203844
0.0730861937394636
0.0744506279792357
0.07346164255476816
0.07375320478662717
0.07076766267382399
0.06797120344238451
0.0724834519955756
0.07413315047893913
0.0722901043203912
0.07065157841368672
0.06746629791252023
0.06421975003817135
0.06448366531412518
0.059951720674468134
0.0599129241346577
0.061074357630015924
0.061262440978059156
0.0618533424023936
0.06119867836396719
0.059612377212873796
0.06241781882142493
0.06076741692628666
0.06360647845857113
0.06242474701771826
0.06425979021378689
0.06538660065213837
0.0647169828453087
0.06426407009273827
0.06423721809639982
0.06631449262121929
0.06752475610484103
0.06831496188994374
0.06957358856454561
0.07211084386188059
0.0739543665071304
0.07355892058444118
0.07453253377732748
0.07491297279020408
0.07529679267767321
0.0759218402952742
0.07737477802318118
0.07496275327027795
0.07161630229745655
0.07154998747596639
0.07185101830176113
0.07165112718390892
0.07546610430147341
0.07242622190414037
0.07263170739563332
0.07172827106260098
0.07319923070519464
0.07368626256259964
0.07280017859036335
0.0706643912734906
0.06634568237961741
0.0673217867048204
0.06720012957868016
0.06677678170053027
0.06576119586138099
0.06627768179713978
0.06754539001458224
0.06696589679599319
0.06726666661556026
0.06734501442203898
0.06697672649944718
0.06694128901478952
0.06853147968647166
0.06920653183651339
0.06828388975254217
0.06573898424112973
0.06565131823476825
0.06459358351349645
0.06942993811841622
0.07094634646021243
0.07079013931996495
0.07081333158532548
0.07089006215853107
0.07565405988940042
0.075118617872847
0.07495450361998916
0.07687024275988094
0.07704202904818633
0.0778695995134462
0.0783189619601066
0.07833840689844872
0.07488771037813466
0.07810441640143659
0.07914011730284479
0.07864388168691512
0.0777544111648069
0.07788194827984109
0.07847128406144793
0.07756945374065655
0.07641462797679949
0.07514631352760442
0.07625114937902562
0.07984296400731294
0.08090738134278999
0.08395447874275812
0.08180111038951593
0.08365598439042314
0.08117414077734379
0.07925853749064106
0.07627910708506452
0.07989851375310145
0.08119469432549418
0.0879303315102787
0.08719183605907616
0.08848362730661975
0.08824921885604105
0.08890885108480816
0.08924571728646563
0.0896122507493412
0.09037980622668122
0.08932980880995252
0.08750123789652636
0.08553283711489812
0.08792723071169778
0.08674980646884399
0.08635691563347923
0.08613180317735115
0.08262128631275316
0.0831861910843853
0.0842101921613818
0.08447592496342045
0.08684194937852374
0.08691198531714073
0.08567970025691607
0.08673727829959045
0.088046997289596
0.08699290274096573
0.08920772614908551
0.09015468819536099
0.08946398876125594
0.08842936767424148
0.09047009722303204
0.09079245987580611
0.09144982365701844
0.08959055897249196
0.08911812552574822
0.08926055883938493
0.0906512142804444
0.09244443491677566
0.09203752978831033
0.09292543245996493
0.08663084004421835
0.08593744441245213
0.08366500664268263
0.08226914012666368
0.08393072485823652
0.08398483372306688
0.083960416958705
0.08421698557548495
0.08310544608035314
0.08477989102300688
0.08392688343161639
0.08922061864275005
0.09061383030919479
0.09113569317183298
0.08922708098707728
0.0908689160353586
0.09368749414456208
0.09100764612156848
0.08785266869516939
0.09122774740236181
0.09210963992978846
0.09338410065810103
0.09558117697719837
0.09016036320162459
0.08886300944813331
0.08673009320193381
0.08577791614712713
0.08762238213533766
0.08895616903287411
0.08788242937484687
0.08705301582111039
0.08866136085947032
0.08878764067994149
0.0823594269171621
0.08158924548553541
0.08085522871580443
0.08951398734086272
0.09118372128643534
0.09239002160995487
0.09649861561929547
0.09482219078436578
0.09227151759298405
0.092675023681361
0.0946435291334889
0.09569197574254905
0.09424660745984922
0.09307546642259684
0.09342762241648606
0.0921744362500094
0.09554554400096987
0.09616472792489453
0.09332675361816624
0.0945495594689245
0.09734249241861972
0.09681267210634369
0.09620255307138142
0.09820877125477331
0.09893824292779975
0.09829963406329814
0.0979152156095759
0.09641091808763794
0.09470722193674426
0.09421374076247847
0.09277146963106198
0.09097473947547087
0.09079193536561443
0.08992419234630322
0.08704710902242675
0.08582323414888558
0.08589766199332059
0.08573935903858325
0.08271836504023306
0.08255552156774597
0.08230005298896372
0.08101330676147832
0.07628959452316549
0.07723166451965906
0.07830834412558854
0.07810312140323729
0.08008064487638862
0.07919506332199476
0.07907597474985546
0.07941906208330356
0.07862661415536552
0.07604455496764999
0.07776422548569306
0.07694838314787669
0.07881307022196364
0.08115471733076524
0.07919776500213882
0.07598646891196226
0.07245531658335423
0.07265381256925808
0.0728404697614294
0.07105037391560466
0.06995375857110636
0.06805458762131332
0.06531012075858786
0.06468037979823023
0.06302889196994894
0.06206391316992504
0.062164021017598936
0.06030835036941517
0.06063519514792175
0.06249795604989637
0.062420663159704605
0.060678263387022716
0.056057634941771024
0.05562404536069626
0.055870776481502064
0.05428383417887201
0.05510326033321978
0.05525868012794856
0.05724641807366338
0.05710656055083791
0.05664857835064793
0.054175821160392906
0.05354203214760686
0.05365944567692068
0.04915419449686294
0.05095376303315353
0.050823812966529214
0.055875099954854276
0.055817432660477465
0.05395493898223772
0.054610649809227974
0.05439368536414762
0.05327672406644236
0.05276995548838404
0.05168783821394818
0.05038401711038158
0.05095254647260513
0.05050682131984922
0.05082876885311636
0.049411642958939045
0.04924691830253655
0.04849109145281439
0.04848768805693797
0.04886404932593388
0.04667428943123794
0.04597692199402329
0.04784037565601887
0.04852872015845576
0.04832275069265142
0.048893285699531365
0.05037304303968087
0.049760945691325775
0.049794389955079364
0.050748429977538125
0.05003962542357138
0.05280269215286987
0.05395098713930635
0.053478599608537035
0.05496421291837897
0.05503756283291675
0.054877133964915135
0.05456739644878848
0.05428541062386648
0.057708611659075065
0.05776431615680258
0.055518573196227175
0.053724610262835475
0.05473651530661974
0.05442942095678348
0.05307506940008084
0.05121829660524408
0.05427174894464037
0.051732089843336326
0.05519951901258393
0.05372567071521488
0.05318421963794477
0.057318514649007724
0.05825940327202876
0.05847093326280697
0.06032785303678813
0.06013614401670512
0.058341171708129524
0.05961070852217759
0.06038127377849265
0.05913963321946403
0.056963835514053936
0.056876567386188154
0.057040742854020283
0.05884550339568753
0.05924396886449373
0.06017723509268309
0.06047782221078305
0.06374422825463663
0.06202332734914958
0.061063599479090194
0.06049062388588447
0.05825082528161682
0.05859132044681055
0.06100994709269687
0.05584611025318631
0.05549965129151598
0.05663880213871877
0.055373236682399726
0.055546244096779586
0.05561891702900895
0.057159818504319844
0.05678918147969785
0.05615945485429476
0.060016053084338404
0.05900732414300074
0.05789276827401858
0.058843747579378665
0.05972585918514993
0.06004802110748658
0.059499631410247666
0.06019058686494706
0.05954888208289854
0.0590745559870287
0.061592393349920255
0.06148501947694372
0.06181152595918316
0.06167437331910177
0.06413935926267456
0.06382049723265386
0.06656500993385815
0.06741553929585332
0.06730067591596058
0.06601896120915506
0.066005706668564
0.06807126517326931
0.06721904259723141
0.06568194874694684
0.06607654039851425
0.06589717990460485
0.06502871870890824
0.06667323555487423
0.06516724984626591
0.06456780628960782
0.06425773152672651
0.06603842142922796
0.06646177933810178
0.06465271412980061
0.06482378696986671
0.06455561243766157
0.0658448622515432
0.06465404641219852
0.06514707933834564
0.06751375541386576
0.06808371303134211
0.06875028910919236
0.06707703089597855
0.06697812074143318
0.06814607450233573
0.07087404723352705
0.07021730732462805
0.06983040091635677
0.06821072901106848
0.06413242779818698
0.06107609505342848
0.058107155226988665
0.05627728739490339
0.056844365781804726
0.05500318069887444
0.05482701965910094
0.054826129192867355
0.05243393988378389
0.05369706002942666
0.05467841828601401
0.05511745858615254
0.056450962218803455
0.05994625004931142
0.05136498259499999
0.05220789068809176
0.052094794295051025
0.05358558197996032
0.0547123630664235
0.055503716311593045
0.054031692299010406
0.053044132779064675
0.05412769683564641
0.05514410054020957
0.05633619486853766
0.055956407027468257
0.055460568859383955
0.054585286352785034
0.05404284420006775
0.05546520154328303
0.05521437056139111
0.05560371393112651
0.056399461542828384
0.049218782430763365
0.04974728494774751
0.04759228823417446
0.049844064572422034
0.04966156901149394
0.048714484507441404
0.05003845217793238
0.05058322730872711
0.04954804974840306
0.049126731790390364
0.0481115338401213
0.04902804569859472
0.04804771384849154
0.04825145487777377
0.048756256315346636
0.047497434805629755
0.04752196250767359
0.04635108965440663
0.046082426533225924
0.04748056767975181
0.046746391623326514
0.04688009651523812
0.04847208824515796
0.04845353916701479
0.04864349283111488
0.049222877528675706
0.044001472766158
0.044197289901704157
0.043228769372182695
0.04384628974859129
0.04375695094493262
0.04319748380217848
0.04382848587676324
0.044630624064477015
0.04467122681657466
0.04466131914326454
0.04342320703034633
0.043156547898001094
0.04166369808672173
0.041663561335496896
0.04035934732114378
0.04012667681545729
0.04056877226218218
0.042876437489822894
0.04265903319383673
0.04334889897656276
0.04308887669859135
0.043362599572548316
0.04285674148253161
0.042455803388364056
0.04357651169992784
0.043381242126219154
0.040756354154827465
0.04047797523313829
0.04061895125329616
0.038397970541474445
0.03510379555409109
0.03510379555409109
0.033656604807036125
0.0335372099455163
0.033786631907264046
0.03387359452204801
0.03502965649064492
0.0354006044500245
0.03553210580847387
0.03671768176873945
0.03675720800104496
0.0368547016908737
0.03696148196007674
0.03696148196007674
0.03696148196007674
0.03905993137346491
0.039176308308521667
0.03905768899054727
0.039030687459804946
0.04016545561248969
0.03980392953299017
0.03979491692788132
0.03974170269649088
0.040388970923589486
0.04027232761150164
0.040516291348376435
0.03951070109167208
0.03986657185580428
0.03986657185580428
0.03976206241819236
0.04286556395746135
0.043581543578782946
0.04340043069040342
0.04340043069040342
0.04504535554447654
0.04461418003436349
0.04633104533351316
0.04713931956301457
0.04696012092292442
0.04703997819355245
0.0472236412044435
0.0472236412044435
0.04183450097881388
0.04286384214776714
0.04308886320602112
0.04280616242310375
0.04268587576571734
0.041142055220914166
0.04073717269192406
0.04234371088880309
0.04234371088880309
0.04221220020145568
0.04183298337995457
0.04189341366620007
0.041804676151844904
0.04168004648048529
0.041689225971286235
0.04145338273343877
0.041173911124582734
0.040120276799026855
0.04031074064272797
0.04031074064272797
0.040635366316973405
0.04050076840264577
0.03779734198458534
0.0377971456242875
0.037342320652085516
0.03512689693600064
0.035157513797866066
0.03943764483982215
0.03944373594572363
0.03944373594572363
0.03944373594572363
0.03903457918660428
0.03899678562072045
0.039687197899620566
0.042778209183035314
0.0435465891314407
0.04215093344159428
0.042148834461799886
0.04212102382673695
0.04212102382673695
0.04212093270487192
0.042602561601233414
0.04268305030296804
0.0423851785643675
0.04231973643088193
0.04231973643088193
0.04219596638489121
0.04219593432479161
0.04310674289833803
0.04311237704515785
0.04311237704515785
0.0421135188154842
0.042025884164653256
0.042025884164653256
0.042025884164653256
0.04210827249437345
0.04123429407967521
0.04126726844977358
0.040468250566344066
0.03983404101121841
0.039819911675088436
0.04120481859115738
0.04210926857388697
0.041809354857542946
0.041809354857542946
0.041183178586527786
0.041370501446942036
0.04125606008152949
0.04091208178814791
0.04090450883046164
0.04090450883046164
0.04090450883046164
