1.727648378109271
1.5534407657251674
1.5514614059775107
1.5640151168620282
1.5683397525887273
1.5683397525887273
1.5720740857762665
1.57234524096784
1.56946555583328
1.5589415430195035
1.5584383950877063
1.5505974314451025
1.5501703237852906
1.5444689775316738
1.5387311284559009
1.5289299396213853
1.5163384389567005
1.509456804587482
1.494043686028141
1.4936267834780064
1.4853419133079664
1.4737587445724827
1.4791217501435472
1.4849601231729601
1.4922047749076282
1.4984817007878362
1.5119624831000205
1.5203256957976101
1.518903120162892
1.5103758311182238
1.5134966659687443
1.5018859921436825
1.4953442260791758
1.5054938765790866
1.5002792382496217
1.5024368495189686
1.4993908995504919
1.486629946142716
1.486018682914171
1.4807988185533933
1.477240623719495
1.4886774337339612
1.4847989224948088
1.4707651058533882
1.4634767155165915
1.4608498509985515
1.4675986906034764
1.4484528590409687
1.4481805299530035
1.4447515974402632
1.4448682267526616
1.4452280287434023
1.44510918802373
1.4306855425371976
1.4283582253687965
1.43369236302835
1.4327123718022476
1.4245481980236896
1.4245481980236896
1.4185042720366976
1.403586947666764
1.3921656904657493
1.3847986902452931
1.3806550709081848
1.3819121351636257
1.3820955128555408
1.3820955128555408
1.3830692810430656
1.4079269083056989
1.4098099225157499
1.416860305074249
1.4245734325740216
1.4168668222380623
1.4168668222380623
1.4106098661686537
1.4024936936081498
1.4072643952376187
1.4235956148598565
1.4320241589017937
1.4301470130005955
1.4156107194559653
1.4132075165315348
1.4124587450786956
1.4124587450786956
1.409795974360321
1.4098399110541644
1.3980944820848897
1.4102188731055472
1.3995318432705786
1.3881318871643522
1.4047337003669071
1.3997362705306908
1.39405702218591
1.421105707906809
1.4215448094533827
1.4203671416139891
1.4248230711510776
1.410353549493775
1.410838850847481
1.4219175803374975
1.4209294029723738
1.4234598229580142
1.4139019818288674
1.3954736082522152
1.392716392911339
1.37616214278372
1.3706090084025666
1.3586482755617197
1.3586482755617197
1.3661786585897793
1.3652552383324632
1.360011666048476
1.3773635539718216
1.395323848088271
1.3958460998837725
1.4088209299457513
1.4191707058263106
1.419111109602289
1.4134806388248284
1.4133995299264268
1.4133995299264268
1.4163559971005957
1.4095369978199
1.3981045071058649
1.3973114386621481
1.3984201440326545
1.3989488364205642
1.3975517587203359
1.3996729336359175
1.3905213655779713
1.3910302167746689
1.3908534980731997
1.3908534980731997
1.389265662646136
1.3876872156736944
1.3822595531588535
1.384603847172635
1.378359770611525
1.3756932762317422
1.37518308759928
1.3677106543451085
1.3681175722818852
1.3479869991505706
1.3467196043878202
1.3526515263510897
1.3463073484387718
1.3403131704422153
1.340412560234811
1.3316333870107446
1.3145776535258469
1.3144370890747004
1.3236352654813768
1.3236352654813768
1.3270259144864307
1.309986822217785
1.3092225488688298
1.2919534909580672
1.3042183222492807
1.288228272811425
1.289844738194742
1.2919497183854871
1.2834620104250893
1.2832921811548195
1.2829325128178262
1.2820079412441097
1.275213826373066
1.2763783753096996
1.2763783753096996
1.2754941702223932
1.2721128263684027
1.2684469766076896
1.2624913787967826
1.2722750713488877
1.2745289219619875
1.254965233976404
1.2540942788406295
1.236833522198253
1.2365428703942307
1.2394628492092434
1.2394628492092434
1.2405795033033984
1.2484494413684415
1.263237847618322
1.2628061835971802
1.2441323927442207
1.243997683412555
1.2382494583903862
1.238276141525579
1.234900939208846
1.2520839106544102
1.2410445379703503
1.2371861983228145
1.2372343947181657
1.2491038723355934
1.259205692874452
1.2477389451801513
1.2283786958522003
1.2361229433795244
1.2275872501761966
1.238868117506332
1.238868117506332
1.2388102432508694
1.2562080763852066
1.2524614094059408
1.2490341410695491
1.2366592694466596
1.2470803668670656
1.2454008543546116
1.2452062809535518
1.2452817548098543
1.2452817548098543
1.247015491521996
1.257005910369721
1.2583015464525091
1.2746180388000379
1.2714682204442267
1.2608006883700464
1.2598123282668756
1.2608499254899308
1.2822447423449277
1.2820903154052992
1.2860796760133382
1.283689223032352
1.301141584949265
1.300397204866356
1.306306651456897
1.307638378358241
1.3095863645971249
1.3126835922206974
1.3133149216489581
1.3133149216489581
1.3150826988427748
1.3285303714462515
1.328864316861764
1.3195690755541813
1.323076181980933
1.3036797783720622
1.303607497484942
1.3030588644522914
1.3035587402024564
1.301598653187556
1.3074291265980782
1.3043160790940098
1.3068874138993574
1.30678602971265
1.30678602971265
1.3226184456133834
1.3146614468346793
1.299141844922577
1.2836564772362535
1.2870234724053078
1.2869781493026933
1.285606406754864
1.2838159426723763
1.2726908607316791
1.2652987015207844
1.260268808930868
1.2630149567099185
1.2655082391377517
1.262973315992129
1.2473091660679372
1.2355078216616935
1.2358144347703608
1.220325955916395
1.215453320066202
1.2290379240345264
1.225880170870387
1.225880170870387
1.2164766256888613
1.2169621222124145
1.224569044066496
1.2125156437889897
1.2125156437889897
1.2121726390952101
1.2206650241358126
1.2153899447216712
1.214162028950799
1.214162028950799
1.2019155263345667
1.2016896420100371
1.18195366756747
1.1830972595592586
1.1801689749349416
1.183047498705894
1.1812383834751226
1.1722256212212254
1.1745661608418867
1.1746729786910608
1.1748340711468983
1.1758463620570496
1.1707477139534888
1.1744738478800671
1.1753205690364392
1.1753205690364392
1.1632316007606545
1.1699518966233604
1.1675928194183143
1.1687559187564878
1.1642521974004527
1.1651129539435017
1.1699850970421148
1.1752388924003068
1.1827424951617806
1.1791631675481042
1.172075960266856
1.166165994853919
1.163683311912424
1.1674654278722396
1.1613162661614198
1.162269835220714
1.1581927212754304
1.1585808501397463
1.1624083431250278
1.1624083431250278
1.1626449326386765
1.1599570429188857
1.1617725696939438
1.1612187366389632
1.1611292927621286
1.1464280398187807
1.1530544679261416
1.1520727035184857
1.1530759267034918
1.1401349313665587
1.1401577988885159
1.1401577988885159
1.1394714956381107
1.1345777023097467
1.1375742783026406
1.1399901860467203
1.119113089506362
1.118875953108824
1.1180600728888086
1.1180600728888086
1.1328830641040448
1.1329426404843526
1.1103529267117198
1.1121044993485996
1.093987315683667
1.0857169163832403
1.0860002280398353
1.0970481875939526
1.093500629311263
1.0917622654056518
1.0863065238347418
1.0803156142543846
1.0822321537174417
1.0811019670003175
1.0811019670003175
1.0792177060774062
1.0794612551326506
1.0807566958338304
1.0973547206168035
1.0964964519383373
1.0967967699517687
1.0948474501617642
1.0862636487182957
1.0796328004578708
1.0797443258301598
1.0953509150492151
1.1022212902734072
1.0956867933394678
1.095850217898289
1.101705771465141
1.0902920340231537
1.0905129390058081
1.0965650492332304
1.091629573200002
1.0927938072569114
1.0779540644285193
1.0776959237594854
1.082042712277513
1.1006432706095468
1.0990746326287875
1.0959904169782204
1.0948590292173503
1.0948590292173503
1.0948590292173503
1.0891768854818236
1.0864498548221864
1.0939704707492255
1.093472081262115
1.0914222468334756
1.0950887854118758
1.0826529573972363
1.0834785787614236
1.08739480367141
1.0872814938779722
1.0864060909549331
1.0902906990676073
1.0847819296024688
1.082359747946395
1.0746392609198097
1.0752818546709577
1.0760315414018964
1.0747394740826413
1.0701545669907262
1.0727441451492956
1.072077834621941
1.0720181177329693
1.060143559657212
1.069319324237667
1.0704544461706789
1.0732674745267596
1.0732674745267596
1.068584836558656
1.06788158163111
1.0722922150629646
1.057304438534691
1.05680970923616
1.0592427880474347
1.0610678374429081
1.065290967857612
1.0608164500304749
1.0647792302125911
1.0690909883417
1.0735824381179593
1.0674860053848407
1.054968653523281
1.0610892389583377
1.0518847230303239
1.0473216604394613
1.0462590939483785
1.0464451587378123
1.0307052252654962
1.0273815986408168
1.0243944402276004
1.024531713183695
1.0145952341762638
1.0179205193770198
1.0193482209900715
1.0300069680294195
1.0284347190566132
1.0238831700912796
1.0203956530185452
1.0224026840246847
1.0217195229736498
1.0021125939233
1.0021125939233
1.0008239163950712
1.0008239163950712
1.0034336772713601
1.0008279382406409
0.9895517034252476
0.9976647800392096
0.9976647800392096
0.9950550212682722
0.9861934911085444
0.9942715512366925
0.9875559242801863
0.9805911944955901
0.9834366245645332
0.9838592976444841
0.9805034066040127
0.9766118929398427
0.9766118929398427
0.9820677348427367
0.9857994499363838
0.9831263328463243
0.9842210470376572
0.9844373648559945
0.9841189583644399
0.982909019113085
0.9744009308142376
0.9622435399700501
0.9647472147466405
0.9639652767250864
0.9615543736410358
0.9583168323933368
0.9583168323933368
0.9541434853914452
0.9524213375509001
0.9498225551341807
0.9544666110364515
0.9602499588873484
0.9215607966201518
0.9243319998575588
0.9197420946961745
0.9163768515054703
0.9072660832575933
0.909613926762619
0.9122724335492771
0.9030237558618575
0.9053041028321902
0.906676998481945
0.9109608953403875
0.9028275533088461
0.9021519189152628
0.917564758511308
0.9147746129022756
0.9207417278468482
0.918888288951999
0.9312921290842091
0.9010632851281491
0.893201971477563
0.8880945702188895
0.8880945702188895
0.8840333552899059
0.8803116296579664
0.8800417465399663
0.8800417465399663
0.8826499369370159
0.8838168637741561
0.8820593203753236
0.8795347405285888
0.8802395207636455
0.8908615861936092
0.8877378405380643
0.8932793536415824
0.8927094805666179
0.9020914076604178
0.8999319418946862
0.8995590051617269
0.8997121257749346
0.8783505558728676
0.8764270818812566
0.8780067415746009
0.879177052458772
0.891763471638158
0.8951166601657473
0.8931745493787817
0.9120823088368666
0.9090417447847975
0.9221481575114683
0.9259001014311592
0.9234203325304855
0.9331256406262739
0.9323752681623542
0.9323752681623542
0.9364857914992286
0.9416839588900501
0.9310679629785488
0.9316925856591045
0.9284343796465797
0.9289811455019525
0.9098374907419019
0.9113256815191769
0.8912394898672324
0.8918677972331643
0.9006498133338122
0.9086656499434598
0.9172641138196035
0.9303965625775948
0.9277173801396708
0.9177202857382988
0.9175717511106655
0.921105073173532
0.9142907123290419
0.910968539404483
0.9052036949783667
0.9050149432390414
0.9167448366956819
0.9146289691314081
0.9146241349142185
0.9099154776474737
0.9101203139488543
0.9174719591189828
0.9193412079234669
0.9120796979305235
0.907351778015948
0.9074517049762556
0.9074517049762556
0.9067108748799126
0.8969579407829327
0.8973817499782336
0.893547400516858
0.8992094641006809
0.9177842290266219
0.9405472192086467
0.9490435001804082
0.9360522748870436
0.9447009897064824
0.9427900424153776
0.9358946241828394
0.9299309752633944
0.9243212730895984
0.9234742938325565
0.9228144012262973
0.902435620448897
0.9004091059981209
0.9000524378697151
0.8888087482374512
0.8888087482374512
0.9135062458336803
0.912680173548122
0.9199649441501321
0.9300328435212799
0.9300328435212799
0.9323165936480053
0.9082097808389549
0.9068656897169162
0.8835316237712537
0.9119259699372396
0.9287253707785013
0.9286352251027948
0.9302306920081476
0.9298373196933468
0.9303547059579766
0.9307525354975863
0.9307525354975863
0.9311131952490962
0.9304480627445754
0.9310123459985865
0.9468722484040242
0.9503537776972248
0.9505849139806395
0.9482125003012711
0.9484099458524994
0.9485512120747083
0.9536930101596466
0.9544293202675744
0.9444269044117614
0.9414266334343657
0.9493887667148547
0.9451762016082556
0.9501583467430691
0.9533953250237949
0.9533953250237949
0.9617774024496474
0.965750938318147
0.965750938318147
0.9622893289876999
0.9535123905827054
0.966989262880204
0.9647774849444612
0.9644319750074493
0.98120433954707
0.9812096427254615
0.9813621182541343
0.9768576004830766
0.9874107333048193
0.9846701963371843
0.9834206566052117
0.9897419738231007
0.9914655479658394
0.9914655479658394
0.9914655479658394
1.001463224338329
1.0014637281489611
0.9732870684741817
0.9476725285929563
0.9244195893224498
0.9202917318238276
0.9190438709215958
0.9248458028693747
0.9291782001616864
0.9291699863705861
0.9294222337372672
0.9428889284201865
0.9474044442740657
0.9485604159578164
0.9472291943053869
0.9472291943053869
0.9375968255789331
0.9372224959166043
0.9372224959166043
0.9458720889510539
0.9349841908230245
0.9600108228257246
0.9449519417157244
0.9416295837908731
0.939562169347666
0.9373681687035363
0.9373681687035363
0.9400628914132868
0.9400628914132868
0.9400628914132868
0.9413677179261207
0.9467784681865243
0.9533577333970342
0.948545608011357
0.948752304380624
0.9366865630891559
0.9389448106299128
0.943321149467359
0.9297650552339847
0.9297650552339847
0.9291505144771324
0.93089333677757
0.9150520938525996
0.9144165600777594
0.9149162136949692
0.91270813328172
0.9088131070015412
0.9088131070015412
0.9090915736657456
0.9213001058473844
0.9199636127800852
0.9243356068312168
0.9116058189595327
0.9116058189595327
0.9135794603255533
0.911658901698954
0.9148881345476095
0.9102431449537217
0.917568683626648
0.9265274754907713
0.9278901382220494
0.9222810545240916
0.9222810545240916
0.9232804148857191
0.9325104429148615
0.9325104429148615
0.9213115080162616
0.9226406376807761
0.9200734491618253
0.9200734491618253
0.9145820050204966
0.9145820050204966
0.920549760182761
0.9186663045932771
0.9148101816011703
0.9154076026932971
0.9119217622236574
0.9119217622236574
0.8955093140538881
0.8922659697199872
0.861809969951385
0.8633075720038016
0.8625659213264415
0.8707767134141459
0.8685919994645905
0.8663054908022999
0.8618350538194882
0.8569877954812564
0.8574493459609632
0.8574493459609632
0.8490936442124488
0.8437838161618402
0.8437838161618402
0.8433481544138595
0.8443592402874603
0.8578718624613442
0.8573702986250055
0.8556523646886345
0.8507395547688994
0.8624430738494926
0.8608734142888673
0.8790728869194778
0.8810646710791236
0.8795365274840549
0.8812738752577338
0.8625027707888306
0.8621466414989654
0.8647764629062908
0.8819556537746043
0.8734592987854128
0.8708776021939493
0.8798534263407586
0.8745552259950323
0.8745552259950323
0.8708558096749022
0.8708558096749022
0.8819261587889067
0.8609215093991702
0.8579184914093074
0.8545186114999941
0.8545186114999941
0.8557534032086842
0.8565706221589628
0.8565706221589628
0.838526915335108
0.84220272135815
0.8440489771667616
0.8440489771667616
0.8484337221630688
0.8470836764370885
0.8470158394014555
0.8470158394014555
0.8470158394014555
0.8431849147247189
0.829472252804206
0.8288723189807816
0.850556045243229
0.8441122388658931
0.8486192475404573
0.8436470031919003
0.8285863382977648
0.8310737281543386
0.8305849950913706
0.8335054263893343
0.8361660083988735
0.8376675682755921
0.8369713189638911
0.844806858939852
0.84483289159009
0.8390202702495565
0.83161398923447
0.8321878603655365
0.8372579474316235
0.8376216658331536
0.8386116165951116
0.8325382436091401
0.8164848121767362
0.7932141748166635
0.7928525360201253
0.8041476475100057
0.8140815955649177
0.8140815955649177
0.8123782671342973
0.8186702661467294
0.8185772172448035
0.8295001688634379
0.8209101990433485
0.8423842446685642
0.8462350575417082
0.8430747372791902
0.8410363950993922
0.8395333042407104
0.8522413077698501
0.8523158237494594
0.8523158237494594
0.8473669271595252
0.8473669271595252
0.8691817220101591
0.8699100475863468
0.8689445967838432
0.8681296454117428
0.8673052339775535
0.8684396929938479
0.8766208394243218
0.884872991295634
0.8856307084532464
0.8914496313167137
0.8914496313167137
0.8914496313167137
0.8819239246050612
0.8818288942116392
0.8841334314353391
0.8841334314353391
0.8813783537086908
0.8836253960055731
0.885780988559674
0.8714422358047547
0.8714422358047547
0.8714422358047547
0.8714422358047547
0.869522053247343
0.869522053247343
0.8741312120504467
0.8747731330780749
0.8747731330780749
0.8724775973762133
0.8705716192720433
0.8705716192720433
0.8632899182062274
0.8544272168907225
0.8544272168907225
0.8546951775221188
0.8528054347589471
0.8528054347589471
0.8475784559237503
0.8480485443233811
0.8476206728324779
0.8580118633776356
0.8564810060019212
0.8486772194523721
0.8553958022129474
0.8553958022129474
0.8553958022129474
0.8553958022129474
0.8528310973991361
0.8520630112144049
0.8527943349902553
0.8562775133062515
0.8464045024400794
0.8464045024400794
0.852427312954001
0.8463637148311438
0.8493938366722442
0.840025464781202
0.8394302937397783
0.8422242568626612
0.8352212699052982
0.8295082381466181
0.8360248410966202
0.8360248410966202
0.8160155620655574
0.8150728667791769
0.814951535161983
0.8298296868177746
0.8316070302238981
0.8367633485733411
0.8366587388932201
0.8366673384310516
0.8366673384310516
0.8367061092778935
0.840560432810974
0.840560432810974
0.840560432810974
0.8370707919266329
0.8379461370176768
0.8298168202045992
0.8126811284035387
0.8142042213154228
0.8027948395720511
0.8090591966494001
0.8135594907433659
0.8139646584994324
0.8139646584994324
0.8083492751645951
0.8030766170928307
0.8087973810272236
0.7726648230053978
0.7740843673820953
0.7766288964578463
0.7721796202252257
0.7802833002362359
0.7789284755195978
0.773028500803906
0.7711766620136715
0.763864424391903
0.7521160984020816
0.7458215206722707
0.7393393322190662
0.7300204890909762
0.7413454744812925
0.7400926169082216
0.7290609513933436
0.7249343420383104
0.7249343420383104
0.721574651825714
0.725834749050209
0.7282317566365041
0.7282317566365041
0.7258365551606241
0.7258365551606241
0.7247779193719168
0.725684682250305
0.725684682250305
0.7242636600912865
0.7242636600912865
0.728514909095672
0.7243791468539779
0.7398215811091068
0.7374810905176987
0.7374810905176987
0.7366444231627503
0.7366444231627503
0.7347247770846537
0.7351108171561559
0.7383294781155413
0.7383294781155413
0.7383294781155413
0.729934779696679
0.7309092428864972
0.7309092428864972
0.7309092428864972
0.726988995607993
0.7047124975290052
0.7047124975290052
0.7047124975290052
0.7043434276064419
0.7047539537089661
0.7057113578721401
0.7057113578721401
0.7093079093166564
0.7093079093166564
0.7092938282200147
0.7091285392737036
0.7091285392737036
0.7100451164341344
0.7100451164341344
0.7110370139762299
0.7186626322179596
0.7276110745901431
0.7097850977756067
0.7097850977756067
0.7097850977756067
0.7091896147351995
0.7091896147351995
0.7091896147351995
0.7077201247087004
0.7086622867400821
0.7086622867400821
0.7117552948256455
0.7144870729884315
0.7291987921830654
0.7295350343072469
0.7261830721404978
0.7072834488324755
0.7019420701548894
0.6941069660106608
0.6747896512304342
0.678010129952237
0.6859314697779634
0.6859314697779634
0.6859314697779634
0.6853133701698244
0.6832424874668857
0.6865188801148404
0.6857999810878166
0.6866058773178484
0.6852942838764734
0.6852942838764734
0.6963610353792232
0.6885741444253248
0.6860396914113508
0.6863508376312666
0.683414337003323
0.6846620968515078
0.6834945985665721
0.6835320536729822
0.6835320536729822
0.6867589881204446
0.6857363029995385
0.6857363029995385
0.6857363029995385
0.6752224925799603
0.6749961772436036
0.6749961772436036
0.6731596914443838
0.6837267332086269
0.6837267332086269
0.6682755761521081
0.6595613414114175
0.6503167660695488
0.6510421633858611
0.6510421633858611
0.6510421633858611
0.6420732869725827
0.6340130698609172
0.6338158576219416
0.6338158576219416
0.6340983049155836
0.6341148643554531
0.6341148643554531
0.6470711101493681
0.6470711101493681
0.6257866428304681
0.6257866428304681
0.6257866428304681
0.6257866428304681
0.6259803602284009
0.6259803602284009
0.6259803602284009
0.6293828380191706
0.6293828380191706
0.6377147102793055
0.6346985671388082
0.6346985671388082
0.6346985671388082
0.6346985671388082
0.6346985671388082
0.6458040625416022
0.646703078883273
0.646703078883273
0.6471288133929957
0.6428022192776434
0.6320278585657365
0.6320278585657365
0.6292944128659107
0.6274559724024037
0.6274559724024037
0.6274559724024037
0.6274559724024037
0.6274559724024037
0.6274559724024037
0.6094339031720732
0.617394159888118
0.615519676840781
0.615519676840781
0.620220620966108
0.6197636631528229
0.6197564276755302
0.6140958698424683
0.6151643844761934
0.591561073090982
0.5907012480160942
0.5907012480160942
0.5907012480160942
0.5907012480160942
0.5827515503545895
0.5815244160235066
0.5808708492669163
0.5808708492669163
0.580892199456043
0.5805039532490107
0.5805039532490107
0.5805039532490107
0.5805039532490107
0.579429108885003
0.5773824626904
0.566609736685466
0.5652448789679042
0.5638410618957207
0.5638410618957207
0.5574403806380905
0.5574403806380905
0.5574046300865041
0.5508669538052722
0.5496535289105031
0.5496807761149946
0.5503596926916317
0.5586157901588371
0.5586157901588371
0.5366741844354854
0.5366741844354854
0.5419134796083318
0.5500150235368475
0.5500150235368475
0.549392845525889
0.5519224377642903
0.5519224377642903
0.552210479270579
0.5535820359138464
0.5573979934412499
0.5511430381702023
0.5450547825929062
0.5525890256208702
0.5518635618154653
0.5446384315617585
0.546028825750642
0.546028825750642
0.5497485893978683
0.5497485893978683
0.5511600754887749
0.5512100846412752
0.5512100846412752
0.5513988414966778
0.5513988414966778
0.5513092229355423
0.5503876761463663
0.5469726190151111
0.5516666161398146
0.5463004703796873
0.5378589300560785
0.5378648834254205
0.538130545592039
0.5287908713440493
0.5285872585726895
0.5084237602341373
0.5128745696539555
0.511483733979057
0.511483733979057
0.5135401017065214
0.5116332670888257
0.49743014290075355
0.49634273042646
0.49239243743421335
0.47439234058869933
0.4594657998052664
0.459501039851749
0.45997622152528794
0.45705872986892815
0.49129838338218135
0.49403550966148035
0.49403550966148035
0.49403550966148035
0.49403550966148035
0.49403550966148035
0.49658487359272707
0.4926875982209387
0.4926875982209387
0.4841734693257472
0.4841734693257472
0.4830419602285305
0.473197619402334
0.4725968564306699
0.4725968564306699
0.4676132030427424
0.4432756407381061
0.4456048139016046
0.4456048139016046
0.4456724167721351
0.4449743964811527
0.444766791488347
0.4421507945879672
0.44437044854753466
0.4439626278559077
0.44119489418661056
0.44119489418661056
0.44119489418661056
0.4435306666272614
0.4435306666272614
0.45363712183606486
0.45466502332492315
0.44443263790589005
0.45734313652222797
0.45841294424354445
0.44950536916420236
0.44025275107656126
0.43598729115451584
0.4301943285111838
0.410207461503451
0.4110213527780669
0.40928745455841115
0.40962653150681627
0.4003803549378253
0.38815630963803305
0.391923252686842
0.391923252686842
0.391923252686842
0.3922188071000214
0.39229517588897755
0.39335183711545657
0.39335183711545657
0.3756405494308652
0.3756405494308652
0.37683604217674366
0.38237156103019293
0.3780113788799141
0.37342299148383257
0.3775309211165016
0.3775309211165016
0.3731908209269457
0.3731908209269457
0.3717215539518026
0.3689695671790038
0.38562041006255
0.38562041006255
0.38562041006255
0.3829942051035389
0.3843545998552792
0.3843545998552792
0.388276248624192
0.38716613945099243
0.38716613945099243
0.38716613945099243
0.38804053299293917
0.393684606751887
0.393684606751887
0.3877304297115255
0.3844731145854372
0.3679451664511458
0.3679451664511458
0.3679546989701848
0.3676927977367926
0.35540793851033914
0.3542471159532681
0.3537120462598223
0.34771527071218994
0.3454566744881941
0.3439195816433251
0.35232052927539603
0.3632031498487857
0.36206665522774406
0.3569033055874197
0.3569033055874197
0.36667138881563843
0.36667138881563843
0.36667138881563843
0.3669940733967951
0.3828959963912817
0.38773356788240176
0.38982024244700836
0.38982024244700836
0.3968641176370085
0.4033265868272716
0.4033265868272716
0.4033265868272716
0.39547080603269985
0.395336941072177
0.3940189483401106
0.3940189483401106
0.3979997817766048
0.40210714620425025
0.40210714620425025
0.39153998591752043
0.39153998591752043
0.39153998591752043
0.40379892455917293
0.4068445516772639
0.4068445516772639
0.4123594982639896
0.39859674289452096
0.39671245132431254
0.4050177611858782
0.404910084647734
0.4166318976225881
0.41498399183079193
0.4151781568478297
0.4151781568478297
0.4193696613140507
0.4193696613140507
0.42737718423749294
0.43113856080388463
0.43113856080388463
0.4167037883749033
0.41765693848998287
0.41094703211781647
0.41094703211781647
0.4104557297828829
0.4104557297828829
0.4104722678692482
0.4116379381616111
0.40997288638268437
0.4109800444744157
0.41153200424482406
0.4084654407004294
0.4084654407004294
0.4109211012412792
0.4109211012412792
0.4109211012412792
0.3929888494812913
0.3928059852876369
0.3784370806794942
0.37998949952065525
0.37998949952065525
0.37998949952065525
0.37998949952065525
0.37998949952065525
0.37787916251562415
0.3797702420713774
0.3775655662189015
0.3775655662189015
0.37279315934865337
0.36342805386695987
0.3654843971683055
0.3654843971683055
0.3697251312057213
0.36422424916805285
0.3623544365940537
0.35524252641210213
0.35524252641210213
0.35524252641210213
0.35594557630697454
0.3561777025126092
0.35994410541031846
0.36019368452454464
0.35946770668820477
0.37163287262488826
0.37163287262488826
0.37163287262488826
0.37163287262488826
0.37208190017056836
0.37208190017056836
0.37218003973506103
0.38558439673567785
0.38644109771959023
0.38644109771959023
0.38644109771959023
0.384893550635852
0.3829327886941523
0.3829327886941523
0.37911881036536943
0.37891923197457106
0.37891923197457106
0.37891923197457106
0.38459524477204793
0.38459524477204793
0.40668219472890504
0.4120192773635538
0.4120192773635538
0.4120192773635538
0.4120192773635538
0.4056398384116239
0.4056398384116239
0.40458089024738264
0.41221778874841203
0.40661633898997646
0.40661633898997646
0.40893716129645485
0.40893716129645485
0.40893716129645485
0.4106931615750986
0.407230274235382
0.4038174619004493
0.4038174619004493
0.40193458480205974
0.40193458480205974
0.4070456831188704
0.4070456831188704
0.40955487980775496
0.40487449804810455
0.4057480429562689
0.3820753127377846
0.39084771434085286
0.39084771434085286
0.3891366845981601
0.39139208278359383
0.39139208278359383
0.3901874036392998
0.3901200847691064
0.39613671530718664
0.3782319345730881
0.37960987725352013
0.37960987725352013
0.38283737946055746
0.38436627652781435
0.3782556479945541
0.3789296688464047
0.3789296688464047
0.3789296688464047
0.3666989485646025
0.3666989485646025
0.3568403791254698
0.3555161016328138
0.35208907709238874
0.34981574178376107
0.3484490137070415
0.34833506486986415
0.3510715030646895
0.3540110797918875
0.35081191366695236
0.35081191366695236
0.35081191366695236
0.351968363712191
0.351968363712191
0.35179255446730084
0.35179255446730084
0.3666613281485486
0.3691041224914756
0.3765686607211358
0.3765686607211358
0.37447517393976104
0.37447517393976104
0.37258362326795186
0.37258362326795186
0.37258362326795186
0.3430349766012174
0.37363434953710356
0.3748935033955556
0.37212178421618664
0.3571566503894137
0.35672150754815307
0.35972578935901733
0.36171379245355456
0.36171379245355456
0.36171379245355456
0.36171379245355456
0.3617287471531697
0.3624463933839015
0.3581421777966091
0.3581421777966091
0.3581421777966091
0.3592024756406713
0.3592024756406713
0.3603154788607035
0.364891661104909
0.36484449590801443
0.36484449590801443
0.3652050641078618
0.3662294566069739
0.3616799907216272
0.3626791168480284
0.3622026993154862
0.3623834837824027
0.3623834837824027
0.3652923066800954
0.3430349766012174
0.343098652448404
0.343098652448404
0.343098652448404
0.33740152168288257
0.336891413705098
0.33578598302469426
0.3310071629062868
0.3310071629062868
0.33410825067515776
0.33410825067515776
0.33410825067515776
0.3360975384060366
0.3344054290133304
0.33451108556279524
0.3329489959308476
0.3329489959308476
0.3216156763370497
0.3183763370580805
0.311425671934098
0.3021858399784877
0.3021858399784877
0.3022277260730177
0.3022277260730177
0.3022277260730177
0.29620963398645145
0.29620963398645145
0.29620963398645145
0.29620963398645145
0.29620963398645145
0.29525629519146396
0.29525629519146396
0.29525629519146396
0.29525629519146396
0.29525629519146396
0.29525629519146396
0.2933664822946639
0.2933664822946639
0.2933664822946639
0.2933664822946639
0.2933664822946639
0.2933664822946639
0.2933664822946639
0.2768099362022571
0.2752378050529243
0.2752378050529243
0.2752378050529243
0.2752378050529243
0.2752378050529243
0.27433693177641777
0.27433693177641777
0.27433693177641777
0.26681229314196137
0.26681229314196137
0.26681229314196137
0.26681229314196137
0.26681229314196137
0.26681229314196137
0.26681229314196137
0.26681229314196137
0.26681229314196137
0.26681229314196137
0.26681229314196137
0.26681229314196137
0.26681229314196137
0.26681229314196137
0.258097523348833
0.258097523348833
0.258097523348833
0.258097523348833
0.258097523348833
0.258097523348833
0.258097523348833
0.258097523348833
0.258097523348833
0.258097523348833
0.258097523348833
0.258097523348833
0.258097523348833
0.258097523348833
0.258097523348833
0.258097523348833
0.258097523348833
0.258097523348833
0.258097523348833
0.258097523348833
0.258097523348833
0.258097523348833
0.258097523348833
0.258097523348833
0.258097523348833
0.258097523348833
0.258097523348833
0.25701645015644564
0.25701645015644564
0.25701645015644564
0.25701645015644564
0.25701645015644564
0.25701645015644564
0.25701645015644564
0.25701645015644564
0.25701645015644564
0.25708334334147065
0.2537892289062766
0.2537892289062766
0.2537892289062766
0.2537892289062766
0.2537892289062766
0.2537892289062766
0.2537892289062766
0.2537892289062766
0.2537892289062766
0.25101521964152684
0.25101521964152684
0.25101521964152684
0.25101521964152684
0.25101521964152684
0.25101521964152684
0.25101521964152684
0.25101521964152684
0.25050222962049773
0.25050222962049773
0.25050222962049773
0.25050222962049773
0.23343978295676324
0.23343978295676324
0.23343978295676324
0.23343978295676324
0.23343978295676324
0.23343978295676324
0.23343978295676324
0.23343978295676324
0.22706730262871322
0.22706730262871322
0.22706730262871322
0.22706730262871322
0.2268034601999571
0.22685195362676341
0.22685195362676341
0.22051861493317676
0.21450158104619965
0.21450158104619965
0.21450158104619965
0.21450158104619965
0.21450158104619965
0.21450158104619965
0.20580640310657275
0.20580640310657275
0.20580640310657275
0.20580640310657275
0.20580640310657275
0.20580640310657275
0.20580640310657275
0.1983414918631234
0.1983414918631234
0.1983414918631234
0.1983414918631234
0.1983414918631234
0.1983414918631234
0.1983414918631234
