1.827353972300806
1.712654058059108
1.7245681284211514
1.724471279221018
1.728436172086756
1.716720011155238
1.716945076405177
1.705689565430954
1.7060978804698312
1.696057694640191
1.6964408021033055
1.6966849626927243
1.6971254401865739
1.7049481230667587
1.6954877079469926
1.7033860489581967
1.6919114178650911
1.6907971962093955
1.7056441182576922
1.7052494197174042
1.7032901157095364
1.6996025425274432
1.7027827941985751
1.691385852551736
1.7011757567988814
1.7002359123914568
1.700153159915457
1.7041320351465257
1.7031085522795895
1.7028971984653654
1.7031437363145732
1.7031437363145732
1.70511045526915
1.7047991072671334
1.7057386902143201
1.7262581101411874
1.7244737568983153
1.7186827698023317
1.7087496368521207
1.7111444963231492
1.6858972598179356
1.6891047756317146
1.6886525023979342
1.6894002195863647
1.69095721386661
1.707557421494386
1.706132634831637
1.6868053813731674
1.6735033389341076
1.6743831003770684
1.666914147625578
1.666914147625578
1.6692519654988933
1.6549730038357608
1.652421009846722
1.6503776687628668
1.6671537537767152
1.6572050041175157
1.6397194503928758
1.6394158908709384
1.639088872843926
1.6386681911968126
1.640447429197946
1.6417312109056117
1.6334736597032404
1.633580387160375
1.6390598019469733
1.6503830239815274
1.6515136553601004
1.661554351586796
1.650949788642301
1.6430126674386467
1.6440044809299463
1.6440044809299463
1.6440551501395286
1.6195768968577056
1.616576444652261
1.6182306622273326
1.6236680713138418
1.6205863931133517
1.6235788755200333
1.6251890463099863
1.6306006370996042
1.6306006370996042
1.6388271934878704
1.6365444899485069
1.6241201700663481
1.6288792504235594
1.6224346965815235
1.610823856405221
1.619082944919744
1.619082944919744
1.6182616704165007
1.5993445138410118
1.6026769821370106
1.5981092316960428
1.5981092316960428
1.5906691550028569
1.5877468064325937
1.584192952731573
1.605491944741821
1.6045743230442961
1.6038750525969903
1.5870717531357594
1.6064188045259111
1.6090796892777643
1.593254022004302
1.5880137744914256
1.5878646665927239
1.5796096471230279
1.5687150542795218
1.5745533734475023
1.5735927063500534
1.574658996902915
1.5733590626967147
1.5714640565273568
1.5714824081125638
1.5719558140245053
1.5726348540323143
1.5951889450474706
1.5901579471193708
1.5901579471193708
1.6179433628842608
1.5975379960182339
1.5951029489565345
1.6024722441836081
1.6060310553439765
1.6022427372541526
1.6127753462925638
1.6167092472026523
1.608371167413919
1.5899924105659125
1.5906535100544665
1.5672740481190015
1.5608859369592372
1.5608859369592372
1.5592909389748604
1.5692324517503222
1.5684272748168744
1.567054608532173
1.567054608532173
1.567054608532173
1.5719821176352076
1.5742911478989285
1.5732841096563408
1.5764493786208387
1.5761530301763185
1.5677852964761045
1.5629158556916427
1.5684898012859083
1.5716635071039617
1.5755678447713015
1.5787967019032474
1.5738402802248808
1.582770138221512
1.572613455630963
1.5675310421927957
1.5667916568351388
1.5667073997913121
1.560797592774958
1.5569197541549682
1.563547573010054
1.5641648948865494
1.573980698725664
1.5826637448280827
1.582113806688475
1.5819128337469661
1.5848915534494916
1.5973665521361737
1.6057886703000865
1.6066202073170153
1.5951506404555145
1.607261758057698
1.6049588097173715
1.6032663633887732
1.5999902163682482
1.5980490869879247
1.6035799027745237
1.5898490645427843
1.5926823582246796
1.591078468870857
1.5905294212621761
1.5811836551160907
1.589012177443871
1.5920740338590895
1.572434143394699
1.5729808546195116
1.5803157986146468
1.5817999836989611
1.5848308499237842
1.5848308499237842
1.5673532750237014
1.5509232972744018
1.5365646490809197
1.5515569835360747
1.5533887542011153
1.5538491344137468
1.5515241622523892
1.551576838116505
1.548009883921979
1.54695194030986
1.5323080600623045
1.533421822471443
1.5318213142475523
1.54540757720865
1.5468181014781945
1.5487344433690717
1.5568559468435141
1.5526447005137103
1.5405842408162007
1.5497968547422958
1.5496574174250288
1.5496574174250288
1.549774620890487
1.540253883034993
1.5389100675393748
1.5430075327977308
1.5434555035295459
1.5361433903978834
1.529708237549807
1.5276755079098059
1.5074978179800762
1.5079750122469262
1.4758609053425502
1.4797141735738324
1.478143831539786
1.4734083051627165
1.4659832125489916
1.468345272216673
1.489983552555145
1.4836767588667852
1.471435488258165
1.4513590316742566
1.4515435220056765
1.4555482411463416
1.4383134834175273
1.4378467032784095
1.4529785722832835
1.4538078117005904
1.4475791759762424
1.449780490982101
1.4732893903518995
1.4740966225396728
1.4656299114938915
1.4532788133952883
1.4708495230797047
1.479057233415943
1.4752682326084903
1.4813971515612552
1.4738568309972664
1.4720195963863851
1.4601210489447336
1.448073931513369
1.448073931513369
1.4360281905298187
1.4365180883282227
1.4430571737383255
1.4430571737383255
1.4265594193388698
1.4178976498023477
1.418080003272887
1.4174980948214913
1.4298492902102138
1.4091969959083692
1.3986728158365629
1.3929795080483822
1.3857084038925434
1.3827694703652573
1.3915977033609943
1.379472557739164
1.367862365628483
1.3798400495686474
1.398452546947711
1.3908511467517495
1.38936285079857
1.3747427750540522
1.3840596028486722
1.3636778540079015
1.3680171031210298
1.3680171031210298
1.3617194426514703
1.364789653280983
1.3642993224860782
1.3587916934633082
1.366223601185739
1.3645849001026473
1.3637598106602546
1.357472597836912
1.3549475097992614
1.364146415422712
1.3625905451051294
1.3672335155642212
1.3672993165873812
1.3607204996607443
1.3632373433331781
1.3473849119774484
1.337831467693302
1.3295896172797912
1.3136068317344993
1.3110106343463672
1.313947084152472
1.30775309891376
1.3059375490781848
1.3064026125960448
1.3237677917978625
1.330201866393574
1.330201866393574
1.331618555710496
1.3206722030684452
1.3206722030684452
1.3231633951628972
1.3350602909297622
1.3350602909297622
1.3342278735837507
1.323783189546977
1.3217108664813082
1.3169258147614014
1.3184945907710541
1.3190239512428097
1.3190239512428097
1.3158271513002031
1.3125792510022143
1.329501165341771
1.329250175621178
1.3269654472488566
1.324018120709668
1.3246844257040464
1.3180679094351846
1.317814937760001
1.3267336338939058
1.3189644827234914
1.3021172847996652
1.3010444039611793
1.3020670624481339
1.3053797806508
1.3054015086235282
1.3069129766400838
1.3110055143897812
1.3188213393528727
1.3188213393528727
1.3182666176977167
1.318196845233115
1.3132229921512473
1.2898438892786248
1.2897720732275382
1.2871343337223455
1.2757254357727832
1.2862658840773398
1.2862437679222125
1.2876553675778224
1.2901738425731535
1.287832040114606
1.2922218543847261
1.3097530434033746
1.3058361486695924
1.3173819462589405
1.3157709818570968
1.2845353596538043
1.2795264750305
1.2799894955212106
1.2819869008727338
1.2922230861761064
1.2990697678272782
1.2974291986514943
1.3047295186129326
1.3049532610681296
1.2940061985290385
1.2729511010063073
1.2610541627199943
1.2656594398291747
1.274702417124837
1.2878833936984346
1.2823181047465688
1.2778004547281603
1.3025072224394973
1.3056460919465327
1.304386958817699
1.322770246602487
1.3256855222745783
1.3518628758277003
1.3546620011932649
1.3546620011932649
1.35416295578006
1.3474984982399227
1.349154220771061
1.3343005025633656
1.3330689286067956
1.3195058792015135
1.3218330861287786
1.3250490976271057
1.3169677698454327
1.3113543158444225
1.3048061371931752
1.314677225804577
1.3198451648785026
1.3181125367548336
1.3183023899183397
1.3183023899183397
1.3065940181901659
1.2993929565468252
1.3034841449806636
1.2904400184649958
1.2893884292060653
1.2929185385617734
1.2805664516998585
1.2805664516998585
1.2686243480567785
1.2821712904095457
1.2813414330087454
1.284373069266178
1.2839098774507491
1.280422594731457
1.2797324776817345
1.2812847164865218
1.3102980477586725
1.3101379040079728
1.31664750843057
1.3085526900822406
1.3102653772291377
1.3101841022191658
1.3186102686702914
1.317215654723729
1.3313708659058852
1.3304812009590448
1.3365552071720512
1.3372505905751215
1.3459725234760598
1.3441333914880556
1.340842328897223
1.3430226191939523
1.3365391841114767
1.3365533071868576
1.336982985277747
1.3376311074851273
1.3418530930414962
1.3556811989099333
1.3553024483533136
1.3524840630600181
1.3543853440354023
1.3712300102573138
1.3695512625262787
1.3690656052139054
1.3676007896515134
1.3728164475506974
1.3728164475506974
1.3709854411934068
1.3687995547300784
1.3697431489369507
1.3695680635991043
1.3551706209720966
1.3591257327106985
1.355056196030487
1.3684122565217223
1.360759967579467
1.3683698306368615
1.3822874704602282
1.382317826573388
1.3824526350442434
1.3613679722350855
1.358783235701619
1.3563508644209838
1.3636389659500843
1.3793996643710371
1.3820651325634727
1.3902303871839454
1.390063694304617
1.388648485969956
1.3957414693960393
1.3889176010831334
1.3889176010831334
1.3940834319629798
1.3955182168374514
1.3945585511010756
1.3943161885057025
1.3938951672381577
1.3918317224386938
1.4005030638097087
1.4006493279433079
1.3938586122259147
1.3999892912760459
1.4025199701206954
1.4163270389641482
1.4201150728951455
1.4112443682589324
1.4278392039078565
1.4228923764293235
1.416947978722222
1.417399863071677
1.4199253262314675
1.4199851776503358
1.4405935225096935
1.4497257552572307
1.4316763273044852
1.4373672924573535
1.4385786239343015
1.4409587881953916
1.4342159126177774
1.4356599261032477
1.4367261549568828
1.4410797411831784
1.4361786595096366
1.4469823012104124
1.458477917576648
1.4594261194053997
1.455659328523625
1.4535950173638923
1.4520832007356834
1.4471973132622227
1.4416486485529325
1.4393872123249714
1.4092901817680783
1.4112586470574278
1.4188522144999673
1.4132341567569537
1.4116284654168527
1.4233046163619685
1.4229847369511457
1.4160023793229435
1.4004646969223882
1.4004646969223882
1.4097637767524855
1.4097046603914583
1.4293341457619029
1.4298953187081391
1.4193483320915214
1.421927465821889
1.4215307302276883
1.4217927742589695
1.4353146340138043
1.4353146340138043
1.43374299520578
1.4322022176313767
1.4092820472626653
1.4234148625531857
1.4297680823280565
1.421709157068805
1.4175155816219518
1.4141197022901015
1.4022175404338408
1.415164844068181
1.3972806672263396
1.3809801296547182
1.381725268239639
1.3806517600761337
1.3769075570920941
1.3785230381016753
1.3721931275385895
1.3795284710962135
1.3863191312088818
1.381329885158947
1.3799416973279723
1.3646710027878466
1.363070279956101
1.3685486489470422
1.3524935980011894
1.3491760409136
1.3490954268829989
1.344043044795987
1.3470306622758532
1.3484748166277707
1.3398287210149982
1.3212466718918978
1.3206700831465965
1.3150958287871326
1.3145325926989704
1.3142389678175286
1.3142635462318946
1.3121572354720057
1.3079552512687602
1.304014508856518
1.2916569596075624
1.2880527555635384
1.2786792097153956
1.268291219514553
1.2690664902808957
1.2680266387529857
1.2645023423715425
1.2582700382685015
1.264565858480363
1.2633778119240382
1.2531425280042272
1.2546777133956535
1.2551419918496816
1.2380981114961653
1.237618324819323
1.2298378798466674
1.2222405586308522
1.2246464228904388
1.2188440503981326
1.2163862373123706
1.2163862373123706
1.2276456131854114
1.2275100955883493
1.2275100955883493
1.231153752932634
1.2204375696634564
1.2130671891170266
1.1986695644711054
1.1962410616378902
1.1962410616378902
1.226914148359867
1.241822292766036
1.2504931672658408
1.2529070994521299
1.253839893227078
1.253839893227078
1.253366804221897
1.2525268740958517
1.2534975869372975
1.2534975869372975
1.2544684936937094
1.2701611840448266
1.2714892362867576
1.3019148865952885
1.3063063574487257
1.301299211635843
1.271862956961689
1.272784421438023
1.271679845648622
1.280979092805847
1.2817691879758555
1.281220510967657
1.281220510967657
1.266771004105153
1.2752911983571005
1.284662193350788
1.2909380569408533
1.2909380569408533
1.2909380569408533
1.3087263190409093
1.2802579848032745
1.283821379322431
1.2806485978263382
1.2804708456613618
1.2498806709860066
1.243053421844102
1.243053421844102
1.258240175890127
1.257460322689891
1.2598665211138962
1.2663525614670854
1.2735525114475805
1.2663234114712394
1.2663771764930258
1.269968482192806
1.2674755265698898
1.2734991004917882
1.2669204764107602
1.2644814145059038
1.2644814145059038
1.2617163935721865
1.2751728378485054
1.2751728378485054
1.2760897281353385
1.2472996703928714
1.2472996703928714
1.2461023270938274
1.2331270678690442
1.236461943290866
1.236461943290866
1.2360222200562287
1.2438860086952075
1.2421915682474527
1.2252476851468699
1.2267137049231043
1.2267137049231043
1.2239140474687376
1.2458034396619264
1.2458034396619264
1.2591468834842996
1.2661624685007824
1.2805033848370173
1.2712155243223004
1.2723214298425054
1.2764467020014139
1.2745424514067871
1.2790654741928584
1.2784693919090222
1.2693996351598524
1.2825934232021357
1.2826465816638237
1.2781290739085376
1.2858043292629497
1.2861415123368531
1.2871364419428064
1.2832967041464218
1.2967714230967662
1.2926460509477833
1.2953402773479126
1.2927255795037387
1.309696333169713
1.3105818576250892
1.3150473265033493
1.3145902723401945
1.318084760583788
1.3049015858490527
1.3113212088000903
1.3119309059813045
1.2977449033515192
1.2984055027340737
1.2984055027340737
1.2926792764506565
1.2921184209455423
1.2919995093016154
1.2770722278093958
1.2861207789942963
1.2831157244280016
1.27918636451566
1.2995059948436085
1.3000906314101661
1.2970881705024417
1.2966210222202101
1.296068326442622
1.3000931844607377
1.299878590043382
1.3193725063483797
1.345523438546755
1.3434591239577316
1.3318701925087684
1.3434838395887319
1.3345467670628597
1.3401636356936695
1.339589450766507
1.3200608432507133
1.3200608432507133
1.3176505922008128
1.3225345464405012
1.3229698349047085
1.3177892061303398
1.318192541850022
1.3268220174684853
1.3268220174684853
1.3197935707100923
1.324847262308167
1.3253819425300952
1.3218153914809705
1.3219577273736065
1.3195376153284337
1.3115365259727423
1.3149863611905002
1.3028838349385188
1.30640876650528
1.3059764051972063
1.3371967986340254
1.3507104877333271
1.3501218712227385
1.343354699778889
1.3395788579419208
1.3404756679540877
1.3306691565659061
1.3372563233601447
1.3138156384709985
1.320698523683108
1.3235598570345681
1.3280668235578126
1.3280668235578126
1.3280668235578126
1.318022461539485
1.3175807656801721
1.3205667137827044
1.3166119884732428
1.30895726815101
1.3007210543095447
1.318833590175042
1.329449815573736
1.337323802674935
1.3373548595559759
1.3587599673996322
1.3568074893179494
1.3535234783504122
1.3532409362420041
1.3615472074075319
1.3695782968662626
1.3635622395371527
1.3469530708353168
1.3548448782106481
1.3537774778971612
1.3242829463016181
1.3261631104411866
1.3353123335213504
1.3353150257161779
1.3334539700220223
1.3306325219061617
1.3286675297293722
1.3187083965982218
1.3201989852220208
1.3096988865119963
1.2875569115359766
1.278397423570923
1.2746288048636778
1.274245096850754
1.274245096850754
1.2798060615613431
1.2796269459170944
1.2795216688143813
1.2758409845349619
1.2724675067136901
1.2545052945359576
1.2545052945359576
1.2545052945359576
1.2550209809554986
1.2623419997680465
1.2623419997680465
1.2648456518066704
1.2669279438073586
1.2664816495097464
1.2690533564867823
1.2675232389448532
1.2673217577654952
1.265626664948431
1.2653938932277555
1.2732421704724581
1.2751367771064956
1.2745969457770867
1.2782947711168202
1.2830351413349836
1.2839223604240848
1.3003513951841819
1.3014091257773301
1.291855826314609
1.29167002031193
1.2960654520676833
1.2689036587334321
1.2680995599501699
1.2680995599501699
1.2520305146043043
1.256711378862588
1.2570728495563341
1.2492219671687714
1.2492924618116266
1.2377560192985095
1.2346168103511341
1.2209592168098788
1.2209592168098788
1.2163536707512692
1.2083342886782649
1.2015105947492861
1.2017737500524375
1.2072770917948983
1.2039757980396166
1.1933369018633722
1.193729698089424
1.1857747127875289
1.1857747127875289
1.1855325277816422
1.180302983825893
1.1901552824834243
1.1862435728095082
1.1739822129290616
1.171592112470118
1.1711765354970558
1.1544325808267935
1.1543859660178843
1.1482569607200772
1.156094312517585
1.1401611170158317
1.1416549175132407
1.144684665830228
1.1481708698974902
1.144852620271873
1.1568491943776429
1.1573093313121599
1.1509306754500417
1.1902188198019872
1.1902188198019872
1.190209538138208
1.1958231256695562
1.1956141831774454
1.1956141831774454
1.1956141831774454
1.195725822443849
1.1933651277890331
1.1941094812425153
1.185377466657572
1.1860928396726944
1.192405962738186
1.192405962738186
1.1886209794008669
1.195792276357758
1.1955106215131723
1.196233299218236
1.199647510103008
1.1990053136668852
1.1938193968669268
1.213408015004042
1.213408015004042
1.213397670224336
1.2111019928827573
1.2386800390176118
1.2367583994330473
1.2371777588207475
1.2377228991472689
1.2435176341995708
1.2484627876605676
1.2780993098457047
1.2758458242988624
1.2802647793634476
1.2872726611373437
1.292213236264892
1.2927290472290953
1.2929677628573366
1.2929677628573366
1.2930197638599272
1.2972737939546988
1.299416496666841
1.3000351777249244
1.2993756126127831
1.2794205380830057
1.2644728589555791
1.2562132062388185
1.2554993347888113
1.253172526994277
1.2704996201011092
1.2704996201011092
1.2712144076759955
1.273809569698703
1.2612459054558502
1.2662837981242046
1.2638647184790146
1.2605013365307915
1.2553607470998982
1.2553607470998982
1.2616999415576655
1.24945966954077
1.2515463802567233
1.2463835498618931
1.2501737054848168
1.2545588171016517
1.2559101624033522
1.2543005730452017
1.2525453825387198
1.2531586747787946
1.2521891306966741
1.2510552859893795
1.2558432523513365
1.2600171773576305
1.2618812990075672
1.261208470753672
1.2734273704883816
1.2864224301027873
1.28274233157083
1.2723844397780246
1.2576303103774917
1.2566182289970265
1.2552709996233506
1.2552709996233506
1.2605900217675585
1.2934874352913348
1.298159607734595
1.2973254380992343
1.288838437131779
1.2837555244771075
1.2816300937273206
1.2891432524204844
1.2891238033623778
1.2914087243556367
1.290358887017311
1.2961421569189262
1.2989344651643377
1.3033391705219814
1.3016250986277016
1.301868139386041
1.3039545311936698
1.299442912102182
1.301394139631855
1.3014850836182612
1.3022505702799727
1.2920548906075877
1.2840577144896557
1.278583614432938
1.278583614432938
1.2679478766185164
1.2580488430852756
1.258497929625952
1.2557264174059382
1.2556273960742212
1.2443144248801512
1.2395060457762361
1.2473250507814182
1.2473250507814182
1.242358844120074
1.233657316635592
1.2313356668789668
1.248240545490728
1.2468966651824895
1.2467107672653353
1.2440841669958647
1.2435370903573884
1.2443187611072435
1.2441378566367949
1.2397330647076994
1.2399229571587844
1.2534367373647417
1.2477167142397025
1.2477911901514849
1.2577413921802267
1.2577413921802267
1.2581454626686013
1.2528298472911588
1.2729297318075532
1.263265956254367
1.2518348204417766
1.2521576884034635
1.2642695528639791
1.26392224888294
1.252549397394022
1.2508146488763554
1.2292221461285564
1.245490788785709
1.255871141354277
1.260998128923376
1.260998128923376
1.2611261136633036
1.2561684131624635
1.2561684131624635
1.2441728169772321
1.2562347472503657
1.2481470789566322
1.2404255230109025
1.2404255230109025
1.2404255230109025
1.2462592487325999
1.2487205436627555
1.2442481756168875
1.2436469820056664
1.246374734434825
1.2467248195994927
1.2457533983753937
1.25172314965642
1.2494719620812889
1.2480692213132245
1.2494189471210402
1.2524550667398007
1.2574773434873632
1.2574773434873632
1.2602392437908763
1.2585050917786402
1.2607136896398483
1.2607136896398483
1.2575394994508997
1.261134756845334
1.261134756845334
1.2594300349732501
1.2528007239756132
1.243207807482511
1.2366631366271348
1.238555356888991
1.2378952204013582
1.2326476926035548
1.2326476926035548
1.2346580948085641
1.236465228699626
1.2408070626746257
1.2407453691499482
1.2523857891902261
1.2549437606159373
1.2549437606159373
1.24460875607487
1.2429551617440882
1.25045149918456
1.2559042459752485
1.2556463605510335
1.2566692409050408
1.2637328576838371
1.2637328576838371
1.2587267521964585
1.2587267521964585
1.249116085415602
1.2475102615136113
1.2495421184851487
1.2508018636394995
1.2508018636394995
1.2490267847287857
1.2526412979344834
1.2405499557892887
1.2408340066951657
1.244497146859678
1.248112421545349
1.2434218107319912
1.2372613939508468
1.2301353843239136
1.2224511410158174
1.2249582481336312
1.2288382181505118
1.2327210346367423
1.2338356085589912
1.2338356085589912
1.232449775651298
1.2397275730563027
1.230782108698326
1.2215052156964687
1.2169836028886545
1.2234050315297158
1.2234050315297158
1.2234050315297158
1.2227285284817384
1.2287347808359044
1.2413932886191863
1.2487977528020984
1.21974287298413
1.2190055639838555
1.2162967073441249
1.2015130068222817
1.1931851987069497
1.2009442851879022
1.202929139362166
1.2118601904942339
1.2071359970893663
1.20453946327233
1.1889651727429404
1.1932041858241973
1.1864049356843032
1.187982346524484
1.1846898261986856
1.1846898261986856
1.1824769623572644
1.1811790775200972
1.1662983368795552
1.1599847190065995
1.1599847190065995
1.1764472122329444
1.1764472122329444
1.1805617806860504
1.1714249980969238
1.1732985112578604
1.1845636821812202
1.1845591629198244
1.1781868105758053
1.1616300959914976
1.1821206205336576
1.1823159909136027
1.1742368220974329
1.178972773234508
1.178972773234508
1.1793417393305554
1.1778657532897356
1.1755635107360363
1.1755635107360363
1.1888342792467284
1.1888342792467284
1.1920903652752592
1.192385222601568
1.1984966121138414
1.1917125469668939
1.1954085065257007
1.1905921928929322
1.1821357893487001
1.1726989431290509
1.1726989431290509
1.1683179166044622
1.1680497777558636
1.161171967918644
1.1566950524975854
1.154746138527383
1.1482890690880558
1.1453613708184072
1.1462382517620446
1.1475403794438663
1.1334444617557764
1.1335478022279075
1.1340505674699222
1.1353822827430002
1.1353822827430002
1.1327855974042258
1.1373223591864587
1.1335461203193755
1.1304469028351218
1.1303583684704233
1.1244492583948755
1.1130353126803054
1.1134279743890894
1.0729679781983563
1.0729679781983563
1.0729679781983563
1.0725445344507047
1.0703635379465695
1.0703635379465695
1.069544295463367
1.064481024300269
1.066054430508243
1.0443665148529504
1.04311747042312
1.0543120862841109
1.0610754207361968
1.0619585907134637
1.0622687830614648
1.0619703764328843
1.060607696011776
1.0573711057861406
1.0589972966378431
1.0696696519647317
1.0696696519647317
1.073529430086801
1.0741481250279845
1.0766098236788373
1.0780867993609304
1.0780867993609304
1.0799783948236232
1.0799783948236232
1.0647021477912524
1.074101425249445
1.0717742074829468
1.0761912529606095
1.0818448613788707
1.0693763187516427
1.0667895107143421
1.0667895107143421
1.0667895107143421
1.0706559287111863
1.071266966569843
1.0679452949674444
1.0676999043026913
1.0676999043026913
1.0672666437387095
1.0775423598185139
1.076660681323325
1.076660681323325
1.0767644510260592
1.076631879470751
1.044175744496055
1.055201798243898
1.0367693329364136
1.035081354214439
1.0387452676334143
1.0387452676334143
1.0392980276036219
1.0547106728022102
1.0632477136742684
1.0586724746466525
1.059053643774839
1.0586637810834947
1.056375159060094
1.056375159060094
1.0531510218460565
1.0507727928375092
1.0659369042254208
1.0679777296712027
1.067728536966995
1.067728536966995
1.0905266794547237
1.0873228676246445
1.0873228676246445
1.069424378984277
1.0691071469774478
1.0691071469774478
1.069066517542261
1.0685360162116704
1.0699019925653133
1.0502680489618983
1.051184886386621
1.051184886386621
1.043343174364131
1.043343174364131
1.0630672770555178
1.0616698529097066
1.0614751457831888
1.0614751457831888
1.033075269317272
1.0386103213582212
1.0379189241562834
1.0388845904943358
1.041745127267741
1.041745127267741
1.0434632870949843
1.0473174318530563
1.0513153908997654
1.051464632365745
1.0412296168970194
1.0413154789436647
1.0442433939990994
1.0420279287716852
1.0371220493394346
1.0286600135361823
1.024047307241675
1.0029216723176446
1.0032088970187967
1.0096266696984142
1.0072838750219357
1.0072838750219357
0.9975958840473551
0.9971869016130436
0.9971869016130436
0.9971869016130436
0.9750324335066347
0.9750324335066347
0.9747716604927168
0.9599388090445248
0.9612280906997538
0.9503472060246428
0.9456900688546777
0.9463149953573107
0.9575402967496013
0.9575402967496013
0.9565774113619917
0.9552623049240031
0.9552623049240031
0.9552623049240031
0.9476911373696413
0.9418307850723497
0.9418915139043061
0.9415407054784106
0.9448540894681862
0.9634600097192667
0.9461546572851208
0.9502934481205018
0.9682326483986567
0.9678770527744911
0.9721422330838503
0.9736887681465694
0.9736887681465694
0.9620633483919133
0.9821631674076162
0.9821631674076162
1.0117807811057786
1.0070721468332118
0.9996311870838815
0.9968108548282539
1.0022898109884617
0.9930753609680866
0.9930753609680866
0.9930753609680866
1.0047355890666
1.0035518941098553
0.9997814602151435
0.9921699835126156
0.9952780660468458
0.9911253174558302
0.9908705602641728
0.9724190162909908
0.9696571937885559
0.9646134167974472
0.9661429839398147
0.9602077706207532
0.9589722491585055
0.9622733594506343
0.9622733594506343
0.9499658438384633
0.9521782928258944
0.927742668614976
0.9303140189639254
0.9450545285489629
0.9479625817723428
0.9437857786383989
0.94109502587936
0.922990389393477
0.9120108249446256
0.9145872390946019
0.9145872390946019
0.899301658279867
0.8845337257514497
0.8802791870339451
0.8822290640859476
0.8835478570564014
0.893578562944539
0.8932549452756209
0.8932549452756209
0.9050436815236891
0.899115131611956
0.9037348779001996
0.9068573563573956
0.909014498753935
0.9107465508228016
0.9280595829581545
0.9187000127090064
0.9165508477918176
0.9153650204066517
0.9254337303009277
0.9147694100460397
0.9011369777490257
0.8936546060718937
0.8934386255446937
0.8934075696919029
0.9032019160253482
0.9032019160253482
0.901301145963295
0.8971623167176552
0.8973761649806702
0.8973761649806702
0.8975221864874596
0.8945793212302701
0.8907231027265277
0.8907231027265277
0.8907231027265277
0.8990847784297048
0.9018385440768294
0.9018879606624811
0.9015868866830028
0.9015868866830028
0.9042384498902205
0.9042384498902205
0.8981053213546304
0.8995137903706595
0.9002669352306515
0.8964012737233058
0.9091129260904945
0.908843827448003
0.9078347308336556
0.9078347308336556
0.9107733186293114
0.9197789706400578
0.9196783131173958
0.9196783131173958
0.9322130534483439
0.935337460821152
0.9329966890059833
0.9318893715407449
0.9171265600121262
0.9192841988623875
0.9186532819424795
0.920651309841742
0.896812795313689
0.8851173249868364
0.8917003856832149
0.8922340671750015
0.8928721267391458
0.8928721267391458
0.893072010059968
0.9027889168213735
0.8816360513499334
0.8825826585598702
0.8825826585598702
0.8849700766625949
0.8829476702174676
0.8825264380525715
0.8741847784647969
0.8729514859578574
0.8737386353564087
0.8660493633116757
0.8660493633116757
0.8662088188567725
0.8700938632810586
0.8700938632810586
0.8701810053468246
0.8701810053468246
0.8581911067631436
0.8582432967991256
0.8613949320312307
0.8600773734280218
0.8716045368837962
0.8745575456278496
0.8745575456278496
0.8775053370306146
0.8803616774889576
0.8789129969119172
0.8722487920784521
0.8722487920784521
0.8756370840905463
0.8915872936375084
0.8900595631030995
0.8900595631030995
0.8910502611569954
0.8899031645063723
0.8990499609209387
0.8988433964335092
0.8988433964335092
0.8988433964335092
0.90369790808092
0.9016179010780312
0.8987910694072869
0.9056881171985242
0.9051154244344753
0.9032112491062678
0.9032112491062678
0.9032112491062678
0.9005428609047302
0.8977290973487667
0.9030154326279217
0.9074840650829026
0.9085743235984416
0.9085743235984416
0.9083722067034026
0.9132178370441875
0.917570086077246
0.9194374091587848
0.921355846972165
0.9257365012928132
0.9230524148322669
0.9312312767576052
0.9264464917054532
0.9264464917054532
0.9264464917054532
0.9267755264234924
0.9321007378164052
0.9363308040656764
0.9368894461150122
0.9370661093307925
0.9384396652248347
0.9361207909214864
0.9353779354199285
0.9618112797740991
0.9618112797740991
0.962049601404814
0.962049601404814
0.9603104731584894
0.9616384105209115
0.960337588864061
0.960417972757611
0.9715759538405586
0.9479871544025852
0.9523612714707049
0.952261651367592
0.9615211621724115
0.961405085908436
0.9622270327843064
0.9625774272120123
0.9700292983554679
0.9689670261320656
0.970523932419066
0.9689994237465267
0.9555558683500099
0.9430212721860547
0.9406921453608292
0.9403690470393357
0.9475470263272473
0.947185899380452
0.9561924705265634
0.9602519024579064
0.9622766985438502
0.9623706468920132
0.9623706468920132
0.9633697886052942
0.9633697886052942
0.9597306955770012
0.960005768204533
0.9428682485171017
0.9364608487185154
0.9409119982103499
0.9420815376318572
0.9376069245070645
0.9348695258988147
0.9450965430353159
0.9450965430353159
0.9450965430353159
0.9456693035028193
0.9261239436252628
0.9217392253029683
0.9217392253029683
0.9126973249778053
0.9126973249778053
0.9040241958847782
0.9048957068386582
0.9048957068386582
0.9048957068386582
0.8934022188547428
0.8989986678923079
0.8989201963906626
0.8989201963906626
0.8931740388504135
0.8931740388504135
0.8939174239413638
0.8884757332602249
0.8893900266343869
0.894926715401436
0.8965477545835997
0.8947867564707278
0.8947867564707278
0.873054475085244
0.8688341828629099
0.8688341828629099
0.8677803623059939
0.8721110378102316
0.8730727066456003
0.8728180904445477
0.8574307280875276
0.8564250224677963
0.858275048315218
0.8590783679326194
0.8561864208673099
0.8561864208673099
0.8564060619932761
0.8548364182565984
0.8542589944199825
0.8604933808255286
0.8630083223769022
0.8630083223769022
0.8630083223769022
0.8647255723072099
0.8740249412337376
0.8750649968378014
0.8750649968378014
0.8705354045312258
0.8705354045312258
0.8711747214989409
0.8669231887187399
0.8669231887187399
0.8660027332477453
0.8643224089907253
0.8643224089907253
0.8569949265528266
0.8571902046157058
0.8533842512204123
0.8533842512204123
0.8533842512204123
0.8533842512204123
0.8476003447058346
0.8433303649691056
0.8439500011736787
0.8459073600826792
0.841146171790548
0.832160166114361
0.8258869294393945
0.8257081546708012
0.8257081546708012
0.8310721075026495
0.832258827388017
0.8440040843967037
0.8415558044131405
0.8521921089073523
0.8508432003813763
0.8483855331107573
0.8423838657810124
0.8423838657810124
0.8464601267042507
0.8481008588249827
0.8444126766202517
0.8328575456509606
0.8346877698172396
0.8346877698172396
0.8290271101312522
0.8318209939780647
0.8206453981274568
0.8218098386311778
0.8162459702625636
0.8244106045172297
0.8223218248364857
0.8288019537911475
0.8288019537911475
0.8288019537911475
0.8248797590663391
0.8248797590663391
0.8248797590663391
0.8246887464730812
0.8225789780374761
0.8236664647397693
0.8186940615399744
0.822385313389611
0.8188144057912038
0.8182586743738594
0.8182586743738594
0.81341846841148
0.8062545565860798
0.796615968409169
0.7966149496909777
0.8050849358573412
0.8065079332416185
0.8065079332416185
0.7937278291841363
0.7943026810638552
0.7967145066757935
0.7885462900804479
0.7868475308622598
0.7964993923831547
0.8019055717190998
0.8031831803400616
0.7948568866049331
0.8007656552612356
0.7899462600114474
0.7837630510502731
0.7837630510502731
0.7819780396400625
0.7743785583658991
0.7733478019015595
0.7969713287101172
0.7969713287101172
0.7969713287101172
0.7961042381495866
0.7961042381495866
0.8019202043881803
0.8018011136996832
0.8011902609323879
0.794438335989576
0.7937347458030727
0.7827779476383684
0.7770427074846381
0.7768486700492336
0.782741727373046
0.7901094838228399
0.7998733441806918
0.7998733441806918
0.8023525610921616
0.8032033213203088
0.8157208377439468
0.8157208377439468
0.8148183020389675
0.8045259138878291
0.8045259138878291
0.8124059891728421
0.804259086284681
0.8055999244846888
0.8052449760081484
0.7871741344123117
0.785679848527008
0.785679848527008
0.785679848527008
0.7728411255160087
0.7599101883024835
0.7598317968027273
0.7632838726173977
0.7648487719865225
0.759564950354153
0.7601981786716345
0.7601326622732671
0.7599206351544822
0.7579654814242044
0.7547756287305148
0.7653531245809612
0.7647811066522539
0.7778103505883894
0.7785877890376344
0.7883933521726464
0.7913017438285603
0.7864071449123525
0.7903298001424397
0.7903298001424397
0.7864213562474869
0.7777593725901291
0.7729160824461763
0.7729160824461763
0.774407323916401
0.7752435224509828
0.7706258787404103
0.7706258787404103
0.7836104246908463
0.7958012615109091
0.8026189406021131
0.8086222276476154
0.8086222276476154
0.8115833780865769
0.8149863927625262
0.8237508313946887
0.8237508313946887
0.8023192121711874
0.805855156211176
0.8038192981205436
0.8038192981205436
0.8038192981205436
0.8038544115377895
0.8038544115377895
0.7987777798827811
0.8009286762001584
0.7927918307399217
0.7927918307399217
0.7951333785309403
0.79375553106273
0.7639306060864313
0.7610845662229027
0.7580946765397999
0.7586663922804103
0.7586663922804103
0.7586663922804103
0.7554270711210817
0.762362516970747
0.7541191182596871
0.7502902608084581
0.7502902608084581
0.7502902608084581
0.7542521145006854
0.7470058630964208
0.7470058630964208
0.7453825174456806
0.7451169456700342
0.7394116330495591
0.7394116330495591
0.7268965057265141
0.7277268993506902
0.7278497073929012
0.7276746451592065
0.7238735954015393
0.725092857170736
0.7307959820405616
0.730124329194971
0.7331102852024426
0.7282465086668322
0.7294655944402149
0.7265043364734339
0.7269722433343409
0.7295958299019782
0.7365603570996542
0.7531195514873164
0.7535906500797611
0.7544364815422537
0.7540111482392433
0.7557568120455798
0.7616238182732304
0.7685561388786779
0.7674922378324376
0.7600238067860363
0.765005698098634
0.7644025077961267
0.7644025077961267
0.7656823078879051
0.7660171807451256
0.7660171807451256
0.7654285507659282
0.7654285507659282
0.7654285507659282
0.76066290135041
0.7702293791250879
0.7718574473657595
0.7622053560135491
0.7701180412111129
0.7701180412111129
0.7575250676299792
0.7575250676299792
0.7388266820897418
0.7434209074869368
0.7506292158157517
0.750924653373633
0.750924653373633
0.752413932203672
0.7643277698284875
0.7612428003069086
0.7632313628842219
0.7725272053056864
0.7819908651643651
0.774814896389703
0.774814896389703
0.774814896389703
0.7699007027751897
0.7699007027751897
0.7721277507390931
0.7666457413471975
0.7615737877255031
0.7734886854638969
0.7775859971423748
0.7758264343578293
0.7822956410871569
0.7823985881709948
0.7845752430360899
0.7776396088564055
0.7723273260374359
0.7723273260374359
0.7687763693175436
0.7687763693175436
0.7683292006941221
0.7498121108593702
0.734676843859885
0.7347271751048494
0.7341197229458678
0.7363086389574092
0.7363086389574092
0.7363086389574092
0.735603889188825
0.7354544995350679
0.7354544995350679
0.7578301491913793
0.758428594600814
0.7583935861124529
0.7583935861124529
0.758047786305128
0.7460232225836044
0.7520250091963833
0.7454696427654847
0.741300005152983
0.7350854773347257
0.7388166040195252
0.7388166040195252
0.7257438160204471
0.7276433374200879
0.7186812577075575
0.7196401216711107
0.7235884992636807
0.7265287997461886
0.7265287997461886
0.7287651622214465
0.7170856603582286
0.7146752326932964
0.6999058606300101
0.6985489917285886
0.7047944414063874
0.7052539249048467
0.7052539249048467
0.7127661640210904
0.7128024116640832
0.7120887803542921
0.7120887803542921
0.7128783431209054
0.717442559307196
0.717442559307196
0.714347899675357
0.714540549551941
0.714540549551941
0.7129601603228674
0.7096328368654123
0.7110711835200384
0.7110711835200384
0.7046131646498537
0.7077144944339756
0.701411569085385
0.7010398561389097
0.698046002849027
0.7034356746753853
0.704644207236347
0.7047142475586511
0.6967294866894812
0.7016664240142165
0.7020745379582419
0.7077889251954186
0.7065348393753328
0.7251971033286034
0.7251971033286034
0.7154018536181759
0.7298729450614919
0.7250501252727035
0.7369602819765851
0.7469379822137878
0.7498954967039896
0.7498954967039896
0.7425038964747179
0.7425038964747179
0.741954513752994
0.7418469732591136
0.7415872731840554
0.7447399358140635
0.7402163658701213
0.7389562014690532
0.7360551248414411
0.7369829120968048
0.7342276479557613
0.7342276479557613
0.7263490125624598
0.7263490125624598
0.703990014797378
0.6962232806753147
0.6962232806753147
0.6962232806753147
0.6962232806753147
0.6931925897260252
0.7035800932243421
0.7056666159578779
0.7105824767744484
0.7105824767744484
0.7071760627147085
0.7068650265026586
0.7128210235757502
0.7128210235757502
0.7094087019455393
0.720539411490436
0.7215243092340393
0.7207738149816922
0.7207738149816922
0.7221994738003789
0.7254356007711956
0.7195189980340907
0.7126710843960817
0.7373425721502482
0.7294539587619564
0.727883564399162
0.7179388713205875
0.7134517425951363
0.7106885924982393
0.7115024598790052
0.7115024598790052
0.7122594437659308
0.7122594437659308
0.7122594437659308
0.7082894392250549
0.7038548287896835
0.6940392504667577
0.6956996397261792
0.6998452850433359
0.6987540089722846
0.6987540089722846
0.6899444633877291
0.6899444633877291
0.6815788049583545
0.6661871411155641
0.666541881309031
0.666541881309031
0.6665307130539553
0.6545483413997522
0.6559678393610284
0.6681111512291025
0.6676913027558674
0.6673565609008975
0.6481917419004734
0.6285698718834822
0.6384315867295793
0.6384315867295793
0.6313846333072353
0.6313846333072353
0.6305095507042117
0.6292074195876292
0.6395363912484577
0.6327125130306785
0.6327125130306785
0.6327125130306785
0.6350630566231225
0.6350630566231225
0.6350630566231225
0.6247537190534135
0.6218759644876467
0.6218759644876467
0.6218830029366225
0.6153685867336816
0.6159624705510126
0.5997659643316868
0.5990137055169965
0.5990137055169965
0.5980788379462875
0.5919404866269043
0.5831757988989478
0.5833354324481327
0.5833354324481327
0.5840356909342713
0.5840356909342713
0.5840356909342713
0.5809082385952706
0.575868836936732
0.5779584941855389
0.5771831045322483
0.5743449618867259
0.56403447780232
0.5624562880846522
0.5624562880846522
0.542364713621064
0.5370367620379274
0.5359335136368776
0.535378907959016
0.5367792587452924
0.5432920011289731
0.5416296857149286
0.5386322086153799
0.5371127001568919
0.5370132840730328
0.5370132840730328
0.5381433548085788
0.5381433548085788
0.5410515429952454
0.5410515429952454
0.5443035688111255
0.5424986910956461
0.5458031073628183
0.5458031073628183
0.5458031073628183
0.5439621824971581
0.5450484272589547
0.5460446105329909
0.5452619128265307
0.5594551220213909
0.5651385986513044
0.5656165265038021
0.5656165265038021
0.564506736221858
0.5625907134183462
0.5621465921401978
0.537925615981197
0.5376295688676908
0.5286286659907726
0.5198765766114866
0.5198765766114866
0.508084152517877
0.48200597910624243
0.48687538623718707
0.4930549562608595
0.4954388240079781
0.49423822201459483
0.49423822201459483
0.49423822201459483
0.4659916457230506
0.47317208010736544
0.4716149969016875
0.46915826636947505
0.47097106986676285
0.4708311263807978
0.4768168283957435
0.4768168283957435
0.47402093692110825
0.47710894394208514
0.47710894394208514
0.4779916494109535
0.4616152698070111
0.4616152698070111
0.46476728835455733
0.46474561108208023
0.46474561108208023
0.46474561108208023
0.46888990407818176
0.46888990407818176
0.4698315628732069
0.4686313938952687
0.4686313938952687
0.47486937522358413
0.47203205617453486
0.45827237241440755
0.4500894241854805
0.4492625012211479
0.4430148901344869
0.44139769186432637
0.44139769186432637
0.44139769186432637
0.44139769186432637
0.44139769186432637
0.43868058256517534
0.44945394724995213
0.4606783371100319
0.4606783371100319
0.44982544058027474
0.4516356812034224
0.4516356812034224
0.4542173306408171
0.4542173306408171
0.45086873604282846
0.45086873604282846
0.45086873604282846
0.45941824946419607
0.46262614410451597
0.4697680183873392
0.4642814239381741
0.4642814239381741
0.46688435864469713
0.4414267725968862
0.43356886534642153
0.42630319263666955
0.4249203258187898
0.40369649505081523
0.40369649505081523
0.4032911948735878
0.4032911948735878
0.4148493739833822
0.4148493739833822
0.43604945510393023
0.43812645415172685
0.43812645415172685
0.43812645415172685
0.42545654508711556
0.42545654508711556
0.42926676236992417
0.42526579758833616
0.41702004497376094
0.41757994940156684
0.41577336167220724
0.41873337625829804
0.4015924972818539
0.3978982537278583
0.4063115222543452
0.4075705331710983
0.4074526262786477
0.40982729577285304
0.41080455802497495
0.4020377765860721
0.4019966788070455
0.4019966788070455
0.4019966788070455
0.39602253459537223
0.3956153777937366
0.39737361259649273
0.40951961148268107
0.4069529848260047
0.4249746673628723
0.4358216381302781
0.4358216381302781
0.4358216381302781
0.4349749364328227
0.43348268412250823
0.4382295552461026
0.43841667520354316
0.44916633924573923
0.4583754894725427
0.4583754894725427
0.4591950766807386
0.4500972039951126
0.4242056534976146
0.4201187067311455
0.4201187067311455
0.4090184788946407
0.41689521979047417
0.41525410701532717
0.41525410701532717
0.40900463442228535
0.4061244458180183
0.4046735832547648
0.4046735832547648
0.3930609789973135
0.3938057163576
0.40724709315536417
0.4078862749026614
0.4078862749026614
0.40468931072104225
0.40451777716453463
0.40514759082426466
0.40514759082426466
0.40363115121892107
0.40630846331889464
0.40630846331889464
0.40630846331889464
0.4097720149276035
0.4094800141968837
0.4094800141968837
0.4107594616227356
0.4064513654690101
0.4064513654690101
0.41472655972796835
0.4025306887430159
0.4027235373522442
0.4027235373522442
0.38898521140154224
0.38898521140154224
0.3887333147623992
0.38979777983145225
0.38979777983145225
0.3883488738295127
0.3986201638977745
0.3986201638977745
0.39877275542247814
0.38707538520513624
0.3874264220106322
0.38615620480612706
0.4058722148081776
0.40411576882405187
0.4017306234885232
0.4009176534613092
0.4009176534613092
0.4012083403255941
0.40090940534192376
0.4081457630699303
0.4093654984697943
0.4141336547869091
0.41588301680773954
0.41965016672707556
0.41505236870001266
0.4112489210357902
0.4230054111335164
0.42306561399826664
0.4259775272366607
0.42503894405327286
0.4255426109050239
0.4276169270843954
0.4276169270843954
0.4276169270843954
0.41951448738235775
0.4193493165302085
0.41746600166448455
0.41684967892348307
0.408667083527402
0.41028034691214155
0.4100750160324113
0.4098701926700445
0.4098701926700445
0.40976325886524456
0.4125855843505414
0.4107600904123223
0.41839490780121696
0.4155229059632739
0.4155229059632739
0.4155229059632739
0.4155229059632739
0.4174416714126827
0.4170817382576474
0.42990853350901886
0.42990853350901886
0.43247895139304887
0.43456245081873657
0.43360036848278577
0.44309138730597025
0.4447521227300949
0.452978244273779
0.45104424658625714
0.45577364001452136
0.45577364001452136
0.4555568016897174
0.4587276623279557
0.45817452467048825
0.46280137075760386
0.46280137075760386
0.46280137075760386
0.46280137075760386
0.46280137075760386
0.46280137075760386
0.4489249926891712
0.4489249926891712
0.45954806836948925
0.45954806836948925
0.43055684797269494
0.43055684797269494
0.43133270229807047
0.43133270229807047
0.4284597167389371
0.42451615286223005
0.4118776901904386
0.41752728467026373
0.4174522675073205
0.4250401832674995
0.4250401832674995
0.4231691583444966
0.4183165034159958
0.4183165034159958
0.4095506687374398
0.4118579868037049
0.4085901632155633
0.4085901632155633
0.4128333566011586
0.41296454565647084
0.407219807239352
0.415821369312465
0.415821369312465
0.415821369312465
0.4328925607800787
0.42321773354171693
0.42372732100669425
0.42372732100669425
0.43122070266966883
0.43389156356483277
0.4328699676334154
0.4328699676334154
0.4328699676334154
0.4318499865938185
0.4318499865938185
0.4318499865938185
0.42984473709973975
0.42984473709973975
0.42984473709973975
0.4315548007923992
0.423382498335692
0.4245415568089163
0.4155580960505795
0.41916986702028447
0.41916986702028447
0.41916986702028447
0.41916986702028447
0.4205359301360956
0.4205359301360956
0.4205359301360956
0.42740342754761307
0.42890293871072604
0.42890293871072604
0.4074252543949604
0.4074252543949604
0.4018284668461105
0.39881292409292207
0.39970839714780515
0.39970839714780515
0.38811982174516746
0.38811982174516746
0.3984915093144488
0.39106365808670684
0.38276723045301403
0.38236673366126006
0.38222862897570936
0.38222862897570936
0.38222862897570936
0.38224943584844384
0.37831987390613636
0.37920679030916077
0.37392642771484536
0.3707273351045966
0.36653746438436297
0.35916383306182886
0.3573469973834922
0.3573469973834922
0.3508938922749936
0.34940321070022373
0.3493241730058686
0.3633325689553372
0.36906252788968275
0.35853122587559655
0.35853122587559655
0.34954937937063085
0.34954937937063085
0.34954937937063085
0.3365628521511797
0.3373984517333156
0.3331581478024404
0.3417170168746871
0.3417170168746871
0.3510527089352254
0.353573639143236
0.3562234771391706
0.3542893324295475
0.3555227341829249
0.3598380571606545
0.3598380571606545
0.3598380571606545
0.3655501717098328
0.35651259433657606
0.35651259433657606
0.3556675489801453
0.3556675489801453
0.3522022027707325
0.3522022027707325
0.35182102786343467
0.35182102786343467
0.3422577276565999
0.340775983149448
0.33961754174092684
0.33961754174092684
0.34146639546125174
0.34999455112992767
0.34970018654544355
0.34970018654544355
0.34696921459409596
0.33361451070487225
0.35515244647636424
0.35515244647636424
0.3552196601521754
0.3552196601521754
0.3552196601521754
0.35164871584771046
0.3479820688876544
0.3483772497250539
0.3483772497250539
0.3483772497250539
0.34934526887553863
0.34934526887553863
0.34934526887553863
0.3488777715954382
0.3487002937917622
0.3478447860279219
0.34844102993043446
0.34844102993043446
0.34000541281951696
0.34077631881101245
0.34077631881101245
0.343105646839109
0.34305094406227954
0.36040383191784076
0.3493624641850446
0.3493624641850446
0.3493624641850446
0.35591846370385066
0.3557949180541221
0.3557949180541221
0.34010533395003123
0.3203910802520153
0.3203910802520153
0.318941312659238
0.3222283037226315
0.32941362933425866
0.33211529441186494
0.33132089227509043
0.33107588814490985
0.32396393084052444
0.32559310520341794
0.33165326671460005
0.33165326671460005
0.3211719399327369
0.32315452892165003
0.3221539900623411
0.3229102735588147
0.3229102735588147
0.3210546416484699
0.3210546416484699
0.3178281350124796
0.3178281350124796
0.3395434619911453
0.3387003477664273
0.3430909563418002
0.3440548407026907
0.3440548407026907
0.3440548407026907
0.34457133820164165
0.3367577223397049
0.34310637538857813
0.339870169680248
0.339870169680248
0.33506964124810545
0.3380726159449656
0.3380726159449656
0.34254257568920005
0.3444819381895272
0.34445810525644793
0.3422151037436989
0.3422151037436989
0.33787944854983853
0.3124977007641896
0.3124977007641896
0.3133877939323175
0.3178528222519863
0.3178528222519863
0.31733487602732796
0.34016408519652397
0.342258400301136
0.342258400301136
0.3390868135533688
0.3390868135533688
0.3390945442372897
0.3390945442372897
0.3393553455468568
0.3393553455468568
0.3391195394622224
0.3393934999027694
0.3418333979473302
0.3462806519734806
0.3462806519734806
0.3536366100246639
0.3530280870312566
0.3555673364573311
0.35477903946583406
0.35477903946583406
0.35477903946583406
0.3506469155528193
0.34491585410033015
0.34502105359001883
0.34502105359001883
0.34502105359001883
0.3477983090858805
0.3483361444674177
0.35832027144352135
0.35832027144352135
0.3640102515334794
0.3640102515334794
0.35666220562357254
0.35666220562357254
0.35245567415079576
0.35370903052983854
0.35260745600545
0.35241955685122234
0.3471085101626584
0.35815449524231424
0.35102547976026277
0.35102547976026277
0.34683064085939463
0.351035622883477
0.3437697427253606
0.3429526509674413
0.3415705035845952
0.3415705035845952
0.3461056931296801
0.34820004494961787
0.34754608801480374
0.34596064304543606
0.34596064304543606
0.3611850752883297
0.3617828265795339
0.3621351558766724
0.3596830110299468
0.3596830110299468
0.3596830110299468
0.3596830110299468
0.3561854321770085
0.3561854321770085
0.3561854321770085
0.35213920033323864
0.35213920033323864
0.341122506546492
0.3411830155814038
0.34468004990041784
0.34766402431700844
0.3506945162988231
0.3506945162988231
0.3500270945289402
0.3506850246133389
0.3506850246133389
0.3525837997286444
0.35348503612916965
0.36151898805290167
0.36151898805290167
0.36151898805290167
0.36178567255244115
0.36215517365507377
0.370692473963622
0.3765680237445801
0.3765680237445801
0.3765680237445801
0.3765680237445801
0.37867160525483706
0.37003316440985756
0.36669483850654994
0.36252197534260333
0.36252197534260333
0.3624572880878334
0.3660593825347727
0.36386967530085457
0.365382030229173
0.3669285031381987
0.36764647833693725
0.3631261110610647
0.3631261110610647
0.3631261110610647
0.3631261110610647
0.3734484337980901
0.36920616283019975
0.36920616283019975
0.3768299107013967
0.3768299107013967
0.3679944824072204
0.36870582225695553
0.36365162168851833
0.3565653784028134
0.35360300172640047
0.35351268551521775
0.3554822422758524
0.365846628032818
0.365846628032818
0.3651684473737572
0.3519813071568627
0.3519813071568627
0.3519813071568627
0.3431774673512278
0.34531569276423385
0.347515301151706
0.347515301151706
0.347515301151706
0.347515301151706
0.34778433998023606
0.36047916916538236
0.3662344169805018
0.37006144483812764
0.37030715839528894
0.3808181795812853
0.3808181795812853
0.38405316204651835
0.380960955278792
0.3796664379315966
0.3796664379315966
0.3812440337376409
0.3812440337376409
0.36834328003452393
0.36902522703375334
0.36902522703375334
0.36902522703375334
0.3761249564622037
0.37256336768410053
0.37256336768410053
0.3709434277464774
0.3722395356325878
0.36984236914047564
0.3713027643629978
0.3713027643629978
0.3686336743459753
0.3534708902348395
0.3534708902348395
0.34542970581809723
0.3439962820767208
0.33259370043674014
0.3322374739124013
0.33687208398001234
0.33687208398001234
0.33687208398001234
0.34134696010350396
0.34285990313822245
0.34709199401027513
0.34709199401027513
0.33616666907763726
0.34359030269001534
0.33826439624018656
0.33826439624018656
0.3481330817907447
0.34789153049912475
0.3525413570673894
0.3495206405469878
0.3450946874086173
0.3440081065655078
0.339980393986797
0.339980393986797
0.34274668747546455
0.34101314547737416
0.3452326520322085
0.3452326520322085
0.34738684637496325
0.34737028016729854
0.346773329337179
0.346773329337179
0.3456534064404926
0.3456534064404926
0.34685049549106206
0.34685049549106206
0.34446700692767224
0.34446700692767224
0.3396951161183631
0.33745041050926655
0.33745041050926655
0.33745041050926655
0.3349357478772299
0.3349625065284583
0.3349625065284583
0.34359144919379264
0.34359144919379264
0.34359144919379264
0.3463083128388897
0.3463083128388897
0.3419626607437339
0.33268922264950646
0.33268922264950646
0.33268922264950646
0.33121008007631275
0.33121008007631275
0.3256325563189905
0.3154777299948612
0.313672446975254
0.308419828717235
0.3059501714610694
0.3059501714610694
0.30655571089361594
0.30655571089361594
0.30655571089361594
0.3039295819491831
0.30663159235346416
0.30663159235346416
0.30663159235346416
0.305080629535663
0.30561753837695804
0.30128876312298974
0.30128876312298974
0.30128876312298974
0.3057121174817524
0.3057121174817524
0.29791250645577744
0.2887326501147206
0.2887326501147206
0.2933051085366638
0.29446541185608294
0.2939169373904883
0.29546158406728945
0.29541662774248695
0.29541662774248695
0.29491934074972925
0.29392845775084003
0.29649089704535714
0.29649089704535714
0.2960161901554196
0.2980875336893302
0.2980875336893302
0.29674791841206194
0.29674791841206194
0.2941043707177082
0.3000789186989248
0.3000789186989248
0.2966953663232493
0.29757634827596263
0.280263835032594
0.2734681291330421
0.2684443560031001
0.2731277878736077
0.26801129630611986
0.2776999970410439
0.28302445295139167
0.28302445295139167
0.28302445295139167
0.28302445295139167
0.2757796501376974
0.2762956207993146
0.2762956207993146
0.2762956207993146
0.2762956207993146
0.2749202693842386
0.27471154853816016
0.2737477526044271
0.281692669210005
0.27552787437872434
0.26999383005306477
0.27420102331974394
0.27420102331974394
0.2716738691745058
0.29461553118328865
0.298202799492485
0.3029314092129481
0.3008951513093137
0.3008951513093137
0.2957617000903788
0.29358699668817134
0.29358699668817134
0.29499422769278666
0.2957984166821848
0.2945035623656539
0.29275661111643136
0.27990689388613454
0.27990689388613454
0.2722449826202467
0.27264504575046355
0.2668873632613962
0.2741725834680602
0.27661798940654136
0.27661798940654136
0.2721624192397416
0.2729709248293459
0.2729709248293459
0.2765476627509067
0.26791842856688103
0.26791842856688103
0.26842415805466663
0.26842415805466663
0.2666159473697019
0.2622162979184536
0.2622162979184536
0.26260136074159673
0.26611579359122944
0.26611579359122944
0.2598113072908266
0.2598113072908266
0.2598113072908266
0.2598113072908266
0.26910518315975057
0.26910518315975057
0.26910518315975057
0.2727210490216545
0.27028304646246554
0.2695739669751667
0.2714218517352208
0.2714218517352208
0.2664735832421407
0.2737931506693042
0.26766028335690895
0.26766028335690895
0.2660205832787506
0.26829402111642286
0.26829402111642286
0.26829402111642286
0.2813759507752809
0.28211793781707045
0.28100660361185764
0.28100660361185764
0.28155069181992787
0.28416656734124796
0.2820031252406476
0.2820031252406476
0.2821086532055376
0.2821086532055376
0.2816084568838334
0.2871374512685256
0.2832064830310098
0.2899271607898686
0.29269218536264696
0.2935207119964176
0.2935207119964176
0.2935207119964176
0.2932096067224354
0.29286177608117475
0.2924849389821672
0.2885363932465055
0.2877726435518788
0.2881033245144313
0.29403242193163437
0.29403242193163437
0.30824503809273307
0.30824503809273307
0.30997920416753844
0.3121900945709653
0.3195454649180866
0.31774967568289303
0.31774967568289303
0.30565484937904874
0.30193279829637637
0.30193279829637637
0.3154185942013323
0.31194151561430866
0.31194151561430866
0.3224486632624069
0.3054366246567222
0.30540616931467274
0.30540616931467274
0.3079632486268395
0.3079632486268395
0.3079632486268395
0.3079632486268395
0.30588720792799323
0.30588720792799323
0.3074019757370186
0.3064807631756246
0.3064807631756246
0.3064807631756246
0.3064807631756246
0.3064807631756246
0.30612350051382015
0.30884029997523216
0.30884029997523216
0.30590738968133946
0.30590738968133946
0.30590738968133946
0.30590738968133946
0.30573988609823805
0.3064292809898329
0.3064292809898329
0.30450178558881524
0.31058932638063685
0.31058932638063685
0.31053202138929903
0.31392936434871394
0.31392936434871394
0.3085305108134705
0.3085305108134705
0.3107805959731835
0.3066916047329602
0.30610522569992665
0.30831339265579183
0.30831339265579183
0.3005020807178956
0.29183258761411607
0.2934787812858987
0.29211708214283433
0.2622162979184536
0.2622162979184536
0.2622162979184536
0.2622162979184536
0.2594151888757709
0.23914729342642338
0.23426794102194504
0.23426794102194504
0.23426794102194504
0.23426794102194504
0.23426794102194504
0.23426794102194504
0.23426794102194504
0.23426794102194504
0.2331370326377849
0.23288809328112495
0.22720678001262298
0.22720678001262298
0.22764471976623332
0.22783684616655764
0.22783684616655764
0.22783684616655764
0.22610723105795538
0.2228114751771496
0.2228114751771496
0.2228114751771496
0.2228114751771496
0.2228114751771496
0.22333077705528698
0.22333077705528698
0.22333077705528698
0.223035199103072
0.223035199103072
0.223035199103072
0.2217308203631428
0.2217308203631428
0.2217308203631428
0.22105743349490029
0.21387755817739618
0.21641561988110544
0.21187670781402534
0.21187670781402534
0.21187670781402534
0.20933990048059792
0.20933990048059792
0.20933990048059792
0.19525540492959817
0.1931569975464224
0.1931569975464224
0.1931569975464224
0.19356180816960444
0.19356180816960444
0.19356180816960444
0.19356180816960444
0.19356180816960444
0.19356180816960444
0.19356180816960444
0.19356180816960444
0.19049653876944922
0.19049653876944922
0.19049653876944922
0.19049653876944922
0.18973368695418383
0.18973368695418383
0.18973368695418383
0.18973368695418383
0.18973368695418383
0.18973368695418383
0.18973368695418383
0.18973368695418383
0.18973368695418383
0.18399346054536742
0.18281662264425882
0.18281662264425882
0.17641775656158504
0.17641775656158504
0.17641775656158504
0.17641775656158504
0.17641775656158504
0.17641775656158504
0.17641775656158504
0.17641775656158504
0.17641775656158504
0.1746036716078871
0.1746036716078871
0.1746036716078871
0.1746036716078871
0.1746036716078871
0.1746036716078871
0.1746036716078871
0.1746036716078871
0.16842925997440197
0.16842925997440197
0.16842925997440197
0.16842925997440197
0.16842925997440197
0.16842925997440197
0.1669917550274121
0.1669917550274121
0.16582858888040947
0.16582858888040947
0.16582858888040947
0.16582858888040947
0.16582858888040947
0.16582858888040947
0.16582858888040947
0.16582858888040947
0.16582858888040947
0.16582858888040947
0.16582858888040947
0.16582858888040947
0.16582858888040947
0.16582858888040947
0.16582858888040947
0.16582858888040947
0.1658071932556163
0.16358685163524525
0.16358685163524525
0.16358685163524525
0.16374709551380212
0.1628949490728557
0.1628949490728557
0.1628949490728557
0.1628949490728557
0.1628949490728557
0.16261830307121897
0.16261830307121897
0.16261830307121897
0.16261830307121897
0.16261830307121897
0.15911894896431952
0.1587485611825118
0.1599946966538051
0.1599946966538051
0.1599946966538051
0.15724709145679663
0.15724709145679663
0.15724709145679663
0.1568274990571725
0.1557384439314206
0.1557384439314206
0.1557384439314206
0.1557384439314206
0.1557384439314206
0.1557384439314206
0.1557384439314206
0.15573876145169008
0.15573876145169008
0.15573876145169008
0.15573876145169008
0.15573876145169008
0.15573876145169008
0.15573876145169008
0.1552076798142203
0.1518805614692169
0.1518805614692169
0.1518805614692169
0.1518805614692169
0.1518805614692169
0.1518805614692169
0.1518805614692169
0.1518805614692169
0.13367281676506962
0.13367281676506962
0.13367281676506962
0.13367281676506962
0.13367281676506962
0.13367281676506962
0.13367281676506962
0.13367281676506962
0.13367281676506962
0.13367281676506962
0.13367281676506962
0.13367281676506962
0.13367281676506962
0.13367281676506962
0.13367281676506962
0.13367281676506962
0.13367281676506962
0.13367281676506962
0.13367281676506962
0.13367281676506962
0.13367281676506962
0.13367281676506962
0.13367281676506962
0.13367281676506962
0.13367281676506962
0.13367281676506962
0.13367281676506962
0.13367281676506962
0.13367281676506962
0.13367281676506962
0.13229153782503988
0.13229153782503988
0.13229153782503988
0.13229153782503988
0.13229153782503988
0.13048076228141386
0.13048076228141386
0.13048076228141386
0.13048076228141386
0.13048076228141386
0.13048076228141386
0.13048076228141386
0.13048076228141386
0.13048076228141386
0.13048076228141386
0.13048076228141386
0.13048076228141386
0.13048076228141386
0.13048076228141386
0.13048076228141386
0.13048076228141386
0.13048076228141386
0.13048076228141386
0.13048076228141386
0.13048076228141386
0.13048076228141386
0.13048076228141386
0.13048076228141386
0.13048076228141386
0.11102749817291273
0.11102749817291273
0.11102749817291273
0.11112619857127094
0.11112619857127094
0.11112619857127094
0.11112619857127094
0.11043855148661137
0.11043855148661137
0.11043855148661137
0.11043855148661137
0.11043855148661137
0.11043855148661137
0.11043855148661137
0.11043855148661137
0.11043855148661137
0.11043855148661137
0.11043855148661137
0.11043855148661137
0.11043855148661137
0.11043855148661137
0.11043855148661137
0.11043855148661137
0.11043855148661137
0.11043855148661137
0.11043855148661137
0.11043855148661137
0.11043855148661137
0.11043855148661137
0.11043855148661137
0.11043855148661137
0.11043855148661137
0.11043855148661137
0.11043855148661137
0.11043855148661137
0.11043855148661137
0.10622390573563736
0.10622390573563736
0.10604526162494313
0.10604526162494313
0.10604526162494313
0.10604526162494313
0.10604526162494313
0.10604526162494313
0.10604526162494313
0.10604526162494313
0.10604526162494313
0.10424754944780061
0.10330987180443092
0.10330987180443092
0.10333745124725144
0.10333745124725144
0.10333745124725144
0.10333745124725144
0.10333745124725144
0.10333745124725144
0.0991782496684269
0.0991782496684269
0.0991782496684269
0.0991782496684269
0.0991782496684269
0.0991782496684269
0.0991782496684269
0.0991782496684269
0.0991782496684269
0.09926913400422033
0.09926913400422033
0.09926913400422033
0.09481582338193953
0.09481582338193953
0.09050610189846955
0.09050610189846955
0.09050610189846955
0.09050610189846955
0.09050610189846955
0.09050610189846955
0.09050610189846955
0.09050610189846955
0.09050610189846955
0.09050610189846955
0.09050610189846955
0.09050610189846955
0.09050610189846955
0.09050610189846955
0.09050610189846955
0.09050610189846955
0.09050610189846955
0.09050610189846955
0.09050610189846955
0.09050610189846955
0.09050610189846955
0.08833648477413791
0.08833648477413791
0.08833648477413791
0.08833648477413791
0.08833648477413791
0.08833648477413791
0.08833648477413791
0.08833648477413791
