1.5029697712945393
1.318526984991302
1.32984391880754
1.3037821766316375
1.3043696534546447
1.3089779167499094
1.312615625001917
1.3095073284239545
1.3034695964263365
1.3138316385539306
1.3089835617182595
1.2998232705588233
1.2924603309488016
1.2984506612286464
1.30658285222245
1.3032398617892018
1.305245890728773
1.3058589057630126
1.3058777892368107
1.298666847354424
1.3081706721914388
1.3207425387339715
1.3209136324054802
1.327204985330378
1.3062230611717691
1.3074292092467485
1.293084037703669
1.2837932380678854
1.2825042491009153
1.2758626715369716
1.265155890385818
1.2566499125239987
1.267257945926931
1.2810051700415712
1.2828390714799611
1.286174138337002
1.2846078908292011
1.284998540643934
1.2825806995391065
1.2828172961853965
1.2821279293628705
1.2823835515233721
1.2755788358136988
1.2640271950665436
1.2637160743454918
1.2638337531036714
1.2682169364089069
1.2594419669838706
1.2417810564931806
1.218941015011624
1.2079933413844037
1.1942952801022635
1.1949312422783713
1.195964262025265
1.196411355818459
1.1961005029207399
1.1906468185310597
1.1786443086723235
1.1779120683063549
1.1706925722556911
1.167492585928124
1.173803427834033
1.176530330209639
1.1800859787171547
1.1938589221650595
1.1905205447434362
1.204006311291993
1.2002002014901125
1.1990258840925048
1.2030732189213342
1.1889110844925224
1.188978079037474
1.1893193416440804
1.188469953091512
1.1860672303157482
1.1828149951192353
1.1862765918842302
1.1931776094695445
1.2064444721097896
1.2018070625609891
1.19675442239313
1.1964953648267718
1.1969106159244176
1.195548295583871
1.1883195698259423
1.1835101568352175
1.1672023239910403
1.1664805644454292
1.150597926311122
1.1794993722383804
1.182051941814033
1.1802561442517019
1.1801590833035875
1.182577384974924
1.1872933530415628
1.2003624918010205
1.2077838695338659
1.2044398174303055
1.2032925925882239
1.198796982374285
1.2093920607926494
1.2087663999439946
1.1955324590227319
1.1860101862036274
1.1804737115952615
1.1917646846473464
1.179612094011181
1.1785024510125275
1.1745656871447034
1.1437655086676286
1.147151734109534
1.1646909078456404
1.1571872820581819
1.157245886646071
1.158692303804863
1.1621849485798872
1.1620216891337873
1.1710430845785327
1.171167194816626
1.1618474819905285
1.1598261205294884
1.1597691102240038
1.159766153734337
1.1696710985567105
1.1759825067848237
1.1609492231507774
1.1607750543225173
1.1563795572039186
1.153015493838845
1.153015493838845
1.1508339812145958
1.140887773136175
1.1418209865474827
1.144676737763422
1.1651827397166348
1.1469594374312628
1.1469594374312628
1.140274517212612
1.1400747531318027
1.1377956373061067
1.1219034070808287
1.1088025170513776
1.1094997047543977
1.0887286026871026
1.0876547337138123
1.094870886825712
1.0940301260056262
1.093578219284794
1.094831472417805
1.0953147913859447
1.0952739378197711
1.0952739378197711
1.0961198137681674
1.1020876305352951
1.0980157726569906
1.0865357437078753
1.0873524766610037
1.0747013783545978
1.064944794527349
1.0640484125139114
1.0640355001566832
1.06540161765144
1.06589806958786
1.0704630357915763
1.067575986436041
1.076245572037764
1.064449958328557
1.0646185316161427
1.0605586339305761
1.0628129575140601
1.0639346380838361
1.0645031751922387
1.0648283039213744
1.0565817901583134
1.0569244878042376
1.0793827531364961
1.0755842617799647
1.0768326802183503
1.0692173750153309
1.0596226533297546
1.0596226533297546
1.0785813566788924
1.0795307389317963
1.079920361177381
1.0602590070465392
1.0740408376849935
1.083445202347031
1.0867847392629162
1.0967980473776564
1.0939048637128543
1.0934581422128327
1.093393628159993
1.0657673798946448
1.0680781517339286
1.0653960560673854
1.0557111735923825
1.0567521654992986
1.0494548686850345
1.0504422568496286
1.0522876074934049
1.029388546224789
1.037270680267456
1.037479132368333
1.0297294680798386
1.0283335563330631
1.0200978149198296
1.019720627630066
1.0163863682865335
1.0169270334745715
1.0142144683381333
1.0189002521930255
1.0318698002537074
1.0249635951761988
1.0115462433885294
1.0122538705825028
1.0108884441323502
1.0086657620030006
0.9995920548183649
0.9998300985833618
1.0053022519855088
1.016217099051615
1.0385467844605558
1.0388316371068087
1.0393930443483494
1.0393930443483494
1.0542381114404835
1.0565098462840652
1.0408244793098105
1.0408244793098105
1.0444350915245852
1.040731899328314
1.02430494544088
1.023211032684906
1.0224868275839027
1.0216278297468186
1.0185059284169706
1.0177732787566982
1.0300547957507145
1.0303007200156862
1.0303270288092305
1.050568250629649
1.0744390488159408
1.079071542350395
1.0745090182292454
1.0731749190679754
1.0703543937679085
1.0671819452416162
1.0671819452416162
1.0672340087912104
1.0635531826966969
1.0510909507613313
1.0511618373619052
1.0485786140351787
1.0431710584439315
1.0433727376136606
1.0226908761606843
1.0224019191322031
1.0221945435899207
1.033028042153644
1.028191523184808
1.0369510902130181
1.0365740101996124
1.0335691156981701
1.0292684073217364
1.0442883807698848
1.0415767167868024
1.0350774029433425
1.0363547763877472
1.0573880115932206
1.0393995111460843
1.0393513740695715
1.039393980815806
1.038322309614671
1.0509382036986352
1.0617538002350033
1.0617538002350033
1.0616288276388404
1.063005954212688
1.0717225331100653
1.0713198325468534
1.0649232808000766
1.0634370588057278
1.0703186499462878
1.068387964482955
1.0680115764672546
1.0661436672884883
1.0425613447633872
1.0428502998558036
1.0447149561622024
1.0794941694376134
1.0682459189063174
1.0623120523879002
1.0621481165082383
1.07281286580844
1.0722090458521125
1.0723781210083054
1.0737211484660643
1.0678379613374969
1.0668776357757797
1.0593068393737286
1.061001902162066
1.0598101932934032
1.0712680571351645
1.067310384473639
1.065311562433648
1.0813218175952064
1.0928589238997906
1.0928179898649009
1.0948176346132896
1.0835626673319356
1.0796437074215663
1.0791099751454054
1.0835320742454064
1.0853218056660476
1.0841926890566902
1.1029165786284778
1.1101230134995879
1.1106440003281157
1.11113781516204
1.1141441445040163
1.1141742728646742
1.1179376818277118
1.123610966758386
1.120901170474997
1.120764095814531
1.1422766570988145
1.139930460973393
1.1408635272588055
1.148189845444685
1.1626202822818845
1.1691135239699082
1.1836166763545533
1.1807615668056304
1.184862053694978
1.2017516332686713
1.2016766950026545
1.2016766950026545
1.200489751096565
1.190053638342534
1.2039925179268935
1.2025086909572325
1.1927256565582935
1.1928100381767264
1.1944560370493247
1.1818739181605216
1.1954710222637703
1.182484888683719
1.1765735442613614
1.1763686659398767
1.1878509979955443
1.2145196685721802
1.220526009050919
1.2198489968096697
1.2416076330663113
1.2417786010919265
1.2437659951729658
1.2577284271999944
1.2577963755998813
1.2577963755998813
1.2580155625870029
1.2560555475899138
1.269165814098338
1.2695774043043586
1.272527141373239
1.2611990643816253
1.2607834254655583
1.2607834254655583
1.2636048701735247
1.2624301323971454
1.2681645741367322
1.2760134080310475
1.2704763078505377
1.2827501840092712
1.2827501840092712
1.288651517118305
1.2793344456178999
1.2742777401969596
1.2733533451566872
1.2606288646585455
1.2606289762827572
1.267725094308176
1.277973991968249
1.2717413037651562
1.2742084577087809
1.2795235764869584
1.2722713464684257
1.2812333519643733
1.2843046433153555
1.2753577085571475
1.274979272811244
1.2680361555846327
1.261489856029806
1.2691536909362149
1.2691536909362149
1.2701872700949317
1.2618171693696678
1.2567120509727843
1.2565761689503847
1.2562195971038619
1.2710014452513199
1.2710959049966466
1.2712100332477039
1.2716028330356042
1.2691012632825107
1.2688983334956836
1.2696945718824755
1.2484951281334966
1.236812606751319
1.2462742050484379
1.2463034784666422
1.2567402739634561
1.2568208908940535
1.2548386389684032
1.254650147454649
1.254057016200052
1.2319205123136492
1.2533717638109654
1.2448218608443349
1.2442762675700103
1.2392957226974801
1.2360669887969347
1.2379908405807538
1.2489340382070913
1.2489340382070913
1.2590732430852611
1.251689385713962
1.251689385713962
1.2445098682307032
1.2552105990981406
1.2293835928336665
1.2324412600688532
1.232914056553974
1.2342775998146218
1.2250372237893656
1.2250372237893656
1.2240275911926626
1.2226576727128953
1.2225689051822264
1.224376705646362
1.2108493865853613
1.2108310682459487
1.2110045611721505
1.1987650076496472
1.189670311224479
1.1832209592655534
1.1832209592655534
1.1838056582275438
1.1861582167676272
1.1874442343047489
1.1838378434014576
1.1893979836482567
1.1878235377081052
1.201811979749574
1.20428697879668
1.2063964960182412
1.2063964960182412
1.1993804515650692
1.1841778483538659
1.183303418460052
1.1665860878579821
1.1647506748602738
1.1530073140975956
1.1596236892522742
1.1587100217532333
1.1493517406163787
1.1612741722238638
1.15786235558774
1.153793151361721
1.1450312907712383
1.1376576969551027
1.1376576969551027
1.1374014058399446
1.1376064266331074
1.1368464908962377
1.1375435118999562
1.1375435118999562
1.1244890347851033
1.1254240225091325
1.1269312811330439
1.1269312811330439
1.123386830737432
1.124640573065121
1.1275265026895802
1.1219759042808173
1.1241382941248355
1.1227152046355944
1.1226886067067212
1.1268741724135451
1.126214812613894
1.119719337733368
1.1186961652068463
1.1190684123133294
1.1205298925579024
1.1206805728128126
1.1209694909330707
1.1233646138395166
1.1296992495483715
1.122592136450173
1.1215710664077716
1.1214912654292635
1.1181502635807146
1.1195296855726127
1.1211439250960185
1.118840267916477
1.1191493336421838
1.1137639250415483
1.1117037962421887
1.1150133376607894
1.1246203541588276
1.117159132734124
1.1268353185359992
1.1285193173358337
1.133093863542379
1.1485548540386552
1.1486474437000358
1.1516823640768574
1.1426149662429452
1.1459212486009236
1.1451990628136717
1.1405022157954554
1.143343004381438
1.1320350704272117
1.1265219140140876
1.1249600478403197
1.1145807843762345
1.1123883524728553
1.1113447134812147
1.1066475520157297
1.107124393168205
1.0847244383110495
1.0795087947408362
1.0847188416037807
1.0889455942006185
1.0913560817908274
1.09501602664978
1.0981734334225737
1.0917788886307065
1.0896010544250059
1.0870004838536318
1.0824538161537272
1.0918914573321952
1.082584470971785
1.0879298868896874
1.0886698659069676
1.093300371011771
1.100068534031936
1.102669577133274
1.113020254516745
1.111063267797653
1.1097939913138084
1.1144835863112292
1.110819382525886
1.1049085924146536
1.0998726448933536
1.1166140979622075
1.1255320759061602
1.12461265302322
1.1171213637694197
1.1205822440745252
1.1218621596171687
1.1070079058643993
1.1068200540060855
1.1238528283091878
1.1288286707688118
1.1429047634845217
1.1459855193489823
1.1459855193489823
1.161511657087963
1.157656313590965
1.1551765417408513
1.1679957354734396
1.1458196019422056
1.144152944283469
1.1352337122396536
1.1360181142144263
1.1331775912539501
1.1330396239879643
1.1298364259020777
1.1314122106367395
1.1313271719208373
1.1320124331288066
1.1261657120216277
1.1239731332635396
1.125874137303893
1.154738578050213
1.1481230617215443
1.1427439356814177
1.1402229887091209
1.119895654829538
1.1141232541097008
1.1219238729542973
1.1214956622603147
1.122104246261705
1.125872335042661
1.1155966466144183
1.1151162505622436
1.1126871723803198
1.1333541678453667
1.1436509114728375
1.1464152177162472
1.1163362818794245
1.1201546602427617
1.1201546602427617
1.1303853881728942
1.136385023604919
1.136325692598316
1.137104634872308
1.1418339265825106
1.1155103416174632
1.0965457910442145
1.0967123805442085
1.1060024877877763
1.0974067454553758
1.0886822381903987
1.083416856633076
1.0921796262283396
1.0921989952282956
1.0839524216939351
1.0856311938169054
1.1018957346623455
1.1018957346623455
1.110339073371161
1.115191554051374
1.1138697201148917
1.0974018986707132
1.0955721367544402
1.1079728369765587
1.106734034864597
1.0845280566309665
1.0837078401828275
1.083742585761093
1.0851100451277065
1.1056023904604504
1.0882986259956395
1.0882986259956395
1.0904320811720025
1.0847150598725492
1.086995870402295
1.1013714987328413
1.0822620501158036
1.0780566429785088
1.0809748314493617
1.0809748314493617
1.0772926627277126
1.059565289679913
1.0577310332183174
1.0415003285539017
1.0415003285539017
1.0372313547922816
1.0508962624333695
1.0491147066498834
1.0438311569902767
1.0540083023642288
1.0558836236096953
1.038809761238401
1.0376535025205793
1.037503423199235
1.0535288926774435
1.0343674153142117
1.0213045967991015
1.0204269856247532
1.0056147962593984
1.008562276652671
1.008562276652671
1.0085792442057384
1.0090407733865223
1.0033143030480658
0.9958550104418352
1.0208131412547794
1.0400587567530946
1.0315707226827209
1.0187105299505648
1.0287939325645048
1.026870020385461
1.017299473022705
1.0329195007159782
1.0302349065560847
1.0039563943885887
0.9970851006340322
0.9946432287872762
0.9997156427746678
1.0172518250340508
1.0185684618993638
1.0213116854269733
1.0215111961549717
1.0350963643910807
1.0371027068232304
1.032188406207343
1.032098910902002
1.0384913994953893
1.0380337292909438
1.0359459003038853
1.050809778685954
1.0597047209885921
1.057713936538546
1.0569307911874228
1.0477602738189613
1.0477602738189613
1.0498938360080865
1.0491439982195232
1.0277123077338155
1.0225233312606377
1.020598861766625
1.005220994471957
1.0038213465048684
1.0061410926264496
0.9898534701457461
0.998215953285667
1.002553890622468
1.002656236440191
1.0015170038461858
1.0084026044481749
1.001014784826071
1.0034526857319004
0.9977752065016615
0.9862821598052952
0.987723865754643
0.9957723516944501
0.9957723516944501
0.9940472163416539
0.994445751284059
1.001669577132967
1.001669577132967
1.0161783738813832
1.016584460162441
1.016584460162441
1.0235250541704355
1.021858408887618
1.0217536253564194
1.0217536253564194
1.0185788040533061
1.0183433587205084
1.0206792542203673
1.0425219579436094
1.0380028622364643
1.0379169780456234
1.0383716154450862
1.0484813224338467
1.0435590166726
1.0422801798269807
1.0382185040371854
1.0397919606993355
1.0527744336643958
1.0537969325281966
1.0383718861896658
1.0421496901829186
1.0493454912339135
1.0524051080146601
1.0523976205887862
1.054126660935655
1.061531843341624
1.0625220206302792
1.047478384534028
1.052739234313506
1.0599045920652184
1.054957012192573
1.0562337632456356
1.0660259387819075
1.049890311729452
1.0478048943299187
1.0463271939483643
1.060430842300883
1.0463436546066316
1.0537948741595848
1.0358157483100436
1.0358157483100436
1.0386682870365789
1.0237059450484867
1.0265003892687894
1.0231605880020618
1.0417483061962802
1.0495158092434216
1.0429824601000448
1.0360055415626446
1.0330780263095
1.0330780263095
1.026854262127777
1.0269828546908684
1.0269076741249619
1.0416670287043202
1.0413260825422859
1.0394348238772941
1.0373221511190198
1.0369499544613456
1.0387271286194866
1.0313443231941322
1.036352064306771
1.033437985074533
1.0324859370170734
1.031384331744263
1.0330207205103759
1.0260039823301197
1.0265696648139935
1.0130996978302103
1.0106839338209148
1.0122087119845031
1.011704220622589
1.011704220622589
0.9999365084070668
1.0026348534243188
0.987531434179093
0.9834973732810566
0.9873240134628354
0.987624848827013
0.987624848827013
0.9857734278936315
0.9864501541027598
0.9854649516278304
0.9846929981044125
0.992966460089779
0.9929635589842696
0.9967095099766851
0.9939109252982707
0.991026149151702
0.9956032055940341
0.9937116867120869
0.9885008396928673
0.9847676926789412
0.9841307776641608
0.9841117919654748
0.9844529660771185
0.9812363170392283
0.9820790864884331
0.9818796155319013
0.9818796155319013
0.9804588198092398
0.9768808088914935
0.9479525352772049
0.9569688256257168
0.9742647263028272
0.9709060516429096
0.9722932203227327
0.9724065874977145
0.9689112450381601
0.9729100672282963
0.9611277264357435
0.9621074899987423
0.9631490060084111
0.9487805610495312
0.9478444533517392
0.9474780525533052
0.9474780525533052
0.9299638231754781
0.9336209174141482
0.9389797683958859
0.9417800816827869
0.9642451535550999
0.9616763734745688
0.9616763734745688
0.9631747035494045
0.9571626737189352
0.946567886176146
0.9384919461531425
0.9458380834418538
0.9596292633232338
0.9648052532577991
0.9605193371721188
0.9621120680614074
0.9843263273270846
0.987700240260457
0.9877394241797413
0.9883833293868881
1.0028715310120127
1.0187317543195176
1.0071701974231382
1.0057344903086278
1.0106214153318942
1.0106214153318942
1.0127631291986836
0.9923140061623597
0.9922642755630695
0.994326201838201
0.9915385649764241
0.9945198267850415
0.9856437395175294
0.9837513739376773
0.9858643031299141
0.9829634505916466
0.9822914046993316
0.9959977795307873
0.9959977795307873
1.000265627827252
0.993726385129618
0.9931246042736217
0.9931246042736217
0.9857692616319921
0.9892169781765571
0.9950645789831274
0.9920228950944351
0.9920228950944351
0.9874605545378544
0.9784822424858678
0.9732695214132102
0.9743012618652137
0.9698266882836514
0.9752888136570961
0.9763329592819917
0.9651989522058825
0.9676940626606608
0.9704854214194508
0.980508191889725
1.0071382101588962
1.0071382101588962
1.0153445683943025
1.0172022752038512
1.0128355796405237
1.0140948682503654
1.0249707986185188
1.0374158292297455
1.0320677134550738
1.0320677134550738
1.0323286512757601
1.0297247274088372
1.0297247274088372
1.0287290273714076
1.025169022085543
1.0208741774858312
1.023712295566536
1.022590790530005
1.0206358342998922
1.0141650013154524
1.015857604538834
0.9979966275419151
0.9980889317245915
1.0010113179682356
1.0099452488961327
1.017092090687434
1.0164735178023294
1.0092216073246176
0.9985489152596313
0.978753512083124
0.9679046334919841
0.9687504389363933
0.9569480572474212
0.9652985122012245
0.9694479488861234
0.9547096055534127
0.9550140921092867
0.9581223467775088
0.9673168460814469
0.9636014153660566
0.9510624563857203
0.9679988581014697
0.9683128132217815
0.9694888116239742
0.978584053349681
0.978584053349681
0.9534601368679706
0.9489294539838488
0.9489294539838488
0.9613647841163073
0.9575620309330855
0.958764365690235
0.957990190459777
0.957990190459777
0.9681164842568332
0.9611937562205428
0.9508573612753874
0.9461184213334901
0.9449369494738574
0.9409337594667697
0.9413931949149144
0.9376817516345733
0.9387277369428406
0.937914779237541
0.9397193579196859
0.9409252117193262
0.9409175485498185
0.9557279104100478
0.9526094072535235
0.9605070965177975
0.9589977064557286
0.9485071419321753
0.9425806371910098
0.9374687982388875
0.9520711486309983
0.9466758855277955
0.9634415243603597
0.9661261942199613
0.9661261942199613
0.9763216182230434
0.9853527378489144
0.9769057263054567
0.9790740004210571
0.9790740004210571
0.9795710863851186
0.9811502349052829
0.9821828712882626
0.9843196883007203
0.9757471240272871
0.9794950604277132
0.9593153008121478
0.9579968062899709
0.9579968062899709
0.9346271586884659
0.9365800062490758
0.9083670208591367
0.9054456778581544
0.8946864836716591
0.9128396847115909
0.9107065134242486
0.9088928554447958
0.8949230347056035
0.8906484620976259
0.882333002643412
0.8755792151753287
0.8810684424739523
0.8842527501094627
0.8842527501094627
0.8843092466919986
0.8884830707953464
0.8898292223490419
0.8873447478338049
0.8804452285431595
0.8801450816590168
0.8775010084368761
0.8599131027207569
0.8427567560630822
0.839801133204032
0.840004003117326
0.8419578112493978
0.8366579239603151
0.8375422851199571
0.839745333211662
0.8542423190900154
0.8516857741852434
0.8516857741852434
0.8715772311074041
0.871230448260628
0.8573111773624472
0.8520841249752154
0.8529796384022499
0.8551657782795615
0.8539822631238655
0.8595692129819706
0.8616924030185957
0.8616924030185957
0.8577881817931923
0.8577881817931923
0.8604192310834319
0.8615210808850128
0.8594750488296307
0.8466868931026579
0.841006528235834
0.8401596211738603
0.8285971240133179
0.8297321156827232
0.8276055830482202
0.8340990392544323
0.8384958497541272
0.8426374936400229
0.8512789425077724
0.8520895755455379
0.8508594823125173
0.852328041278379
0.853756150955624
0.8531619475144588
0.8535192780749777
0.8535299323102379
0.8539631237629451
0.8463096652199931
0.8443928335242501
0.8443928335242501
0.8381617034427935
0.8372691147134945
0.8460219495146348
0.8465446861888078
0.8479386141803318
0.8354009379285727
0.8354646996774026
0.8345853770840036
0.843065997052782
0.847359279773579
0.8491392313556809
0.8501551852636895
0.8365655060892097
0.8184830307418263
0.8243996663446719
0.8355298907362609
0.8355298907362609
0.8481473167796606
0.862400231501453
0.8584259180447918
0.8687312607876441
0.8535244860282869
0.8601753240183202
0.854918131555011
0.8531089805965075
0.8536952784303434
0.8505249276024434
0.8487652482375146
0.8725749925533806
0.8706355138631219
0.8707496345094322
0.8746087600714461
0.8723038388205201
0.8697486532650329
0.8686180029983309
0.8787342621799784
0.8787342621799784
0.8685733274730455
0.8566010870811561
0.8436907629643134
0.8441695494375373
0.8477633570358672
0.8477633570358672
0.8484576315511084
0.853754568923913
0.8468149667494065
0.8468149667494065
0.845794008306032
0.8583589926561888
0.8603566104971071
0.8577414496847958
0.8655503239295352
0.8655503239295352
0.8655503239295352
0.8614009685231266
0.8653020361502728
0.8560261047066823
0.8649259247942938
0.8633099888420348
0.8631375643684779
0.8551757157562518
0.8551757157562518
0.8354895119808162
0.852994354812926
0.8587216714305133
0.8587216714305133
0.8587216714305133
0.8476523436397511
0.8585742290688902
0.8804410341007545
0.8742895359569318
0.8603664853890075
0.858787266597422
0.8684414757872716
0.8662690582187295
0.8700667402934424
0.8515393429334882
0.8459901940498443
0.8510335191980171
0.8513042459556772
0.8353293801634532
0.8353293801634532
0.8381524392930305
0.8389749973938099
0.8389749973938099
0.8457946805905537
0.8398518837953427
0.8385551260106692
0.8385551260106692
0.8378755650085008
0.8263757516903167
0.8319633800204623
0.8266191104184147
0.8200016651055789
0.8212741607731359
0.8217436695278095
0.809776908885015
0.8168481174514821
0.825752879902462
0.8404658120539433
0.8443167731131914
0.8402418044341311
0.8443060118424383
0.8434003272201936
0.8548844806704556
0.839975078319189
0.8390462799566702
0.8517577399309071
0.8555979431869223
0.8458349194471539
0.8595151180676421
0.8595545206676801
0.8754194858487622
0.8689588122909311
0.8651469377368919
0.8684680220801914
0.8651264376121738
0.8632473164428088
0.8953305291818991
0.8950593132872169
0.8940374278422988
0.8876174825152021
0.9004266379033471
0.8963787760927423
0.9129498874124331
0.9125771636046761
0.9078398681447764
0.905845453947727
0.9263894468545414
0.9224551804037058
0.9224551804037058
0.9206764451736192
0.9168609814464553
0.9144425622206547
0.9106906241402957
0.9211914280854059
0.9170028260711497
0.9170028260711497
0.9147311453244094
0.8921807695463456
0.9008992994509429
0.8923782009748783
0.887366666428716
0.8880282901149684
0.8643177862496285
0.8694337213263349
0.8922480500551679
0.8958864731116841
0.8958730872425008
0.8951842152902151
0.8861205001151778
0.8872803697773456
0.8793751121141002
0.8729666332275605
0.8531479752136625
0.853285321851813
0.8549809241520866
0.8522739883873879
0.853106720902323
0.8481328572825885
0.8481328572825885
0.8465630635703096
0.849418577397245
0.849418577397245
0.849418577397245
0.8392238002932845
0.8193026342204747
0.8156949498761946
0.8262572721628563
0.8280319118976075
0.8290113684701322
0.8082455531746096
0.8089682796437788
0.80898129255008
0.8375155618970933
0.8383328823465188
0.8381475354089648
0.839177030701494
0.8419220776388134
0.8472339957572874
0.8472339957572874
0.8554839765487567
0.8503758030383319
0.8524493759554026
0.8275179050653696
0.8219552331424788
0.8231095548019239
0.8256662885506182
0.82574976194277
0.823239882240705
0.8163162233109168
0.8104156982805224
0.8104156982805224
0.8106769774697263
0.8079796849075184
0.8169248804764727
0.8254606529964253
0.8346097884643171
0.8067043132213473
0.8067043132213473
0.8219228412630541
0.8124115021832046
0.8177062011256964
0.8177062011256964
0.8130709440942686
0.7997170181630723
0.7992596644808923
0.7992596644808923
0.8094491546482372
0.8129908929171049
0.8192150424534785
0.8178608015553047
0.816675470926891
0.816675470926891
0.8175246444834534
0.8175246444834534
0.8249203852891981
0.812274544306681
0.7966354620560864
0.7966354620560864
0.7966354620560864
0.7907505301681839
0.8145701606845236
0.8123674400439964
0.8102625905751732
0.7871899442288168
0.7890190819430037
0.787567403145304
0.793401421935601
0.773034310358597
0.766925074723138
0.7601027320327236
0.7601027320327236
0.7750229836664603
0.7757536251903512
0.7841040147767648
0.7841040147767648
0.7794088585707022
0.7759955866904307
0.7957622148290248
0.7998357962597369
0.7998357962597369
0.7986840105060565
0.796584172354635
0.8081444969727759
0.8052917724667013
0.8099032700526834
0.8099032700526834
0.8136239905323667
0.8134825054066885
0.8119630201122225
0.8096467286688135
0.8038505231278045
0.8031984914292553
0.8048719968218141
0.8172176454495467
0.8174883748771904
0.8209918164210941
0.8274498529671117
0.8274498529671117
0.8242393686628169
0.8249982808968336
0.828512751746187
0.8288959472037517
0.8229551058535867
0.7946273506214911
0.7949388590729085
0.7913008618404354
0.7929119100963603
0.7919432935653228
0.7919432935653228
0.7919432935653228
0.7939210888042179
0.7909324859051909
0.7909324859051909
0.7886284361311513
0.7895475917903992
0.7924383730366688
0.7714997626850381
0.7766926349179676
0.779259704799979
0.7849030216358718
0.7735863946894967
0.7570156898859375
0.754414949600353
0.754414949600353
0.7634446085111084
0.7609104758462824
0.762812028038346
0.762812028038346
0.768590460534841
0.7716468241072918
0.7793796759356777
0.7793796759356777
0.7796679990012962
0.796197411191863
0.7896688212094605
0.7898847104076477
0.7957372901399613
0.7872067940410031
0.782635845255973
0.7830566583660928
0.7830566583660928
0.7830566583660928
0.7830566583660928
0.7843777848024603
0.7841089739443121
0.7790553569153416
0.7817270635744595
0.7943836446360134
0.7966197178522206
0.787184858773651
0.8038730199645198
0.8021163398978605
0.8064111793806755
0.8060700169064312
0.8060700169064312
0.7890559828812169
0.7886978917753246
0.7871833381994512
0.8102130409137234
0.8152212403271801
0.8151416761292211
0.8120151371560339
0.8092179801031388
0.8137252024226018
0.8173531171769288
0.8127670797142523
0.8124295729284359
0.8065899549133801
0.7987596336753925
0.7967639696343519
0.7938009215398634
0.7938009215398634
0.7966782447412631
0.8033726307342971
0.8083549650655641
0.8058153444733199
0.8034597951317688
0.8199201224272883
0.8071981748600867
0.8084070530037699
0.8137643630819413
0.8200565212155442
0.8323739963413057
0.8263582914976845
0.8264241218505844
0.8289810344220307
0.8166133170646017
0.8111868880820757
0.795552447944825
0.7864056709459912
0.7834041266979623
0.7985007772444963
0.7953252635650268
0.8001185380092776
0.7800924787821054
0.7790684360362984
0.7748132038823587
0.775284923611179
0.7654435972138102
0.76535428888437
0.763846224838239
0.7446587955720735
0.7515513471749582
0.7514914679922604
0.7526726409673069
0.7437179161533904
0.7615841120726988
0.7628560789746047
0.7640188864832427
0.7705388746823488
0.7717469208323742
0.7921497810927024
0.792596831256512
0.7925693809138831
0.794491493324645
0.794491493324645
0.7867648466093331
0.7858730444817512
0.7858373675672117
0.7903980262183828
0.7832422184937335
0.7832422184937335
0.7727593861661249
0.7727593861661249
0.7909173290644002
0.7975659010105625
0.7965815942523294
0.7965815942523294
0.7880879519612634
0.7880879519612634
0.7902408712695933
0.7889540958902429
0.7893104562722932
0.7893934275553673
0.7983912263708568
0.7942716152635474
0.8004504553482116
0.7957900361204024
0.797254862077627
0.7924923983682653
0.7956190018265026
0.7973964218482127
0.7994805385365403
0.8010748867828874
0.800285541965182
0.8073362979896909
0.8075511694056446
0.8073846553835454
0.8183716487122338
0.8163288320967063
0.8163288320967063
0.7945573176813133
0.7894166084779847
0.7950249105006252
0.7950249105006252
0.8037314154710933
0.8026068490009391
0.7960262888597022
0.7879348080376897
0.8002808121733378
0.8002808121733378
0.8092401961244644
0.8092401961244644
0.7969709667899811
0.7748632301927226
0.7748632301927226
0.7733794906490756
0.7733794906490756
0.7604133817200973
0.7560094621901753
0.7577336874583623
0.7577336874583623
0.7636572400785621
0.7676193864405646
0.7776558146579725
0.7920045301679542
0.799284592208773
0.7962646282750019
0.7954647006951409
0.7895512873393251
0.7850471433021028
0.7898861321409343
0.7898861321409343
0.7894306308554424
0.7767145310414609
0.7767145310414609
0.7848574731721576
0.7836044787622444
0.7713842916433459
0.7818778906243411
0.7646021705324124
0.7718489178029014
0.7684999152328186
0.774278549747758
0.7772228745380112
0.7782018042861208
0.777742868262391
0.764295025958607
0.7631484059092833
0.757554816263655
0.7525816084626776
0.74518955395907
0.7273676678362854
0.7383758104523499
0.7329878208244938
0.7335065577593253
0.7317278519734458
0.7319339662839331
0.7319339662839331
0.7363525747227408
0.7361534744710827
0.7585417979114294
0.7646708301083084
0.7569041731502444
0.762944599937934
0.7530302553086264
0.7509774695445157
0.7540865472074975
0.7472587488916285
0.7368816525047798
0.7390506174028029
0.7413250983346218
0.7413250983346218
0.7394326748474183
0.7394848532293292
0.7273733626461495
0.7249612169014866
0.7155206291859623
0.7116292921286446
0.703938660818502
0.7031175850142344
0.6892339771890836
0.6856996061500378
0.6849560367070254
0.6851441283238279
0.6829889481131053
0.6829889481131053
0.6789124484133768
0.6796986310337153
0.6796986310337153
0.679973306237429
0.6974436771333972
0.6984101115621931
0.7001004642311706
0.7001367583237664
0.7011323035283276
0.6993704103185476
0.6961111288166404
0.6534792538390459
0.6428035698957603
0.631812053203124
0.6271832361997662
0.6270567880304448
0.6382808682355188
0.6382808682355188
0.6382808682355188
0.6240926544135075
0.6237836457794415
0.6306579484273084
0.6306579484273084
0.6380718033728566
0.6356183646495962
0.6356183646495962
0.6356183646495962
0.6358931882601426
0.6385508611056743
0.6459574208403227
0.6476827789415026
0.6499101051618175
0.6440645132932553
0.6397882287267559
0.6407641118520503
0.6402951601085388
0.6400413379575813
0.6400413379575813
0.6380618342156233
0.6350008675656551
0.6341919083976449
0.6400586351285199
0.6400451442751082
0.6492458383576134
0.6506608580299418
0.6506608580299418
0.6506608580299418
0.6466243128716851
0.639974810051609
0.6378144416809444
0.6426975883050627
0.6426975883050627
0.6426975883050627
0.6544210962386161
0.6540843287023054
0.6540843287023054
0.6621190628865545
0.6645808470252158
0.658554084510864
0.665306735519142
0.6622567564788274
0.6695272077281421
0.6748502730226789
0.6766432790478101
0.6766432790478101
0.6900301389662883
0.6899502784800748
0.6899502784800748
0.6901889578149788
0.6890715698777656
0.6928445535675051
0.6917004948552454
0.6883937140273284
0.6889169240657075
0.6889169240657075
0.6889169240657075
0.6910645076189751
0.6846700423735281
0.6845432569717487
0.697122896432175
0.6951090845316557
0.6954940695585841
0.6950424914738876
0.7016741263033737
0.6955622172479382
0.6945133095566616
0.6929167943643066
0.6985758499248226
0.6968145353799067
0.697044656801121
0.6971556976568574
0.696354106794123
0.7122316723327762
0.7319546862404331
0.7380367635016045
0.7321190522241678
0.7334723965252683
0.7334669358445884
0.7334669358445884
0.7334669358445884
0.7351084879878942
0.7351084879878942
0.7215942673720354
0.7145139507549676
0.7111792726888355
0.7079352490682518
0.7100502103545415
0.7087216528717165
0.7054930693858826
0.7055447762564973
0.7138557694911313
0.7037116208182216
0.7037116208182216
0.7037116208182216
0.6985673738588642
0.7034724457558598
0.7034724457558598
0.7079785038505982
0.7146939590798271
0.7140967015685932
0.724981564814861
0.7251745300751897
0.7255377316833188
0.7255377316833188
0.7258199131110292
0.7259851118541722
0.7165687418298753
0.7165687418298753
0.717391430350157
0.7215519147077152
0.7159380039604022
0.7146265603759042
0.7156880658815322
0.7224211098905109
0.7110724819260194
0.710006982709196
0.7120239437531929
0.6990495978305455
0.6989091528226828
0.6895550893753245
0.6623377050093681
0.6616101623533983
0.6628498690317995
0.6668438011304662
0.6668428226007108
0.6668428226007108
0.6662048718821776
0.6624379755205588
0.6578803560305349
0.6617508039043559
0.6609332712770888
0.6609332712770888
0.6808509189887639
0.6808509189887639
0.663633942164105
0.6634641719119637
0.6621874601127388
0.6562323300398001
0.6562323300398001
0.6721475488664233
0.6837570842762253
0.6850537237730645
0.6921812239479581
0.6890765401146796
0.6924618682124873
0.6920344023695163
0.6920344023695163
0.6884496095735784
0.6884496095735784
0.6889560734086188
0.6908891950472102
0.6923230092231953
0.6932807181955839
0.6946583954525224
0.6910857975886622
0.6736764200777962
0.6826023639302036
0.6657573496999575
0.6644736560665054
0.6670790338367654
0.6763021049896848
0.6763021049896848
0.6734690962930089
0.6694058039646655
0.6632679835698025
0.6566639444999536
0.6501854705519079
0.6501854705519079
0.6499564429550916
0.649754583091436
0.6449189755638185
0.6363833543544326
0.6375603972826793
0.6334914292503143
0.6321398917458924
0.6335367178394872
0.6379118706333874
0.6310042512729482
0.6330678693606266
0.6330678693606266
0.6339886178734812
0.634096094597666
0.6441080030431101
0.6440051866494134
0.6609159275704228
0.6615237573051534
0.6648259862975949
0.6385673323383445
0.6416405094707728
0.6490461669918135
0.6490461669918135
0.6475830958560089
0.6588899652843454
0.6631760249157145
0.6600193870867187
0.6770305902893532
0.6803837547175071
0.6797955665033828
0.6797955665033828
0.6780838967099295
0.6793860201250138
0.680197778756336
0.6763276791510641
0.6763276791510641
0.6763276791510641
0.6759666959856633
0.6850859858353973
0.6847149021746918
0.6847149021746918
0.679636480339499
0.679636480339499
0.674487048160845
0.6769876585805928
0.6761644721475878
0.6755828732062826
0.6754807602354079
0.6764181340566444
0.6737378864823178
0.6742636644194849
0.6837830265209888
0.6837830265209888
0.6901761927462594
0.68354934564017
0.6869644519926479
0.6869644519926479
0.6869644519926479
0.6869644519926479
0.6830662154041728
0.6843170350018966
0.6817439122567314
0.6688570870316911
0.6636620688161078
0.6690091753555694
0.6690091753555694
0.66857288157328
0.6738669305936817
0.6711329406432537
0.6711329406432537
0.67088707718455
0.654966745122998
0.6662728343890483
0.6674651463897812
0.6621096207941323
0.6621096207941323
0.6621096207941323
0.6661570502836442
0.6704799191465723
0.6704799191465723
0.663078928540251
0.6518437784924234
0.6476433562885879
0.6465419360932675
0.6542045890517469
0.6559509049084306
0.6559509049084306
0.6627107375211859
0.6624387051859657
0.6610210535862371
0.6610210535862371
0.6610358236938898
0.6561924352840798
0.6567677582482973
0.6567677582482973
0.6578192721178716
0.6596291562341942
0.6648175491869792
0.6620298124680741
0.6620298124680741
0.6647841736646609
0.6719806517140486
0.6699555800027126
0.6720392067997173
0.6710760776949521
0.6710760776949521
0.6710760776949521
0.6710760776949521
0.6790256205680818
0.6779831938111077
0.67577611022966
0.6771508493654542
0.6707835025217179
0.6707835025217179
0.6619540588626842
0.6619601574387111
0.6619632417651908
0.6627381882705053
0.6631452781007635
0.6933338972735708
0.6982376686077476
0.6980995438617874
0.6973379108664908
0.6867343618106128
0.6867343618106128
0.6867179881120009
0.6937663969600926
0.6946357859635857
0.6922739792915861
0.6947693654541403
0.6947693654541403
0.6992034692592279
0.704725125771463
0.7047292441806537
0.7021627734909184
0.7021627734909184
0.7014867091394914
0.69728629664518
0.6990563631274732
0.6918470739762957
0.6930317310643858
0.686759001749226
0.686759001749226
0.686759001749226
0.6862849476993714
0.6871444219184893
0.6877582644062923
0.6877582644062923
0.6901556848337836
0.6860957953465051
0.6815861453063214
0.6824213959738464
0.6825149796749455
0.6825149796749455
0.6998647992108271
0.7000677417566368
0.7001155041867291
0.703407949807159
0.7045174350108986
0.7045019610058939
0.7097011075470486
0.7032162739924421
0.6938667993327555
0.6938667993327555
0.7069786425160147
0.6993415112960679
0.6985869466252494
0.6989538783287681
0.6965627733044626
0.695109519251112
0.6932144874643515
0.6932144874643515
0.6929949439895084
0.7039466181627467
0.700748643822711
0.7009014987501355
0.7009014987501355
0.7026293109863473
0.7026293109863473
0.7026293109863473
0.7026293109863473
0.699259454962918
0.6990980832687128
0.698281419262194
0.7055092607235061
0.7055092607235061
0.703090199346117
0.6973414607813587
0.6973414607813587
0.6942314680529713
0.6884531223410806
0.668279159378582
0.668279159378582
0.6707955506220179
0.6581398155336221
0.6555939914176715
0.6555939914176715
0.6564566671910665
0.667161477468281
0.667161477468281
0.6674731156171454
0.6474596521080173
0.6489448877638581
0.6477175612010796
0.6477175612010796
0.6688835238116521
0.6691292247176991
0.6691292247176991
0.6691292247176991
0.6691384110251183
0.6719169509463866
0.6723058464373406
0.6609274139950948
0.6609274139950948
0.645395209593823
0.6283257848220051
0.6372121810711107
0.6372121810711107
0.6202865621263595
0.630776310114866
0.630776310114866
0.6308670464940928
0.6307223328891289
0.6307223328891289
0.6238518590529673
0.619397176225156
0.6230247530680328
0.6230247530680328
0.6230247530680328
0.6230247530680328
0.6230247530680328
0.6230146096163547
0.6181380355331643
0.6181380355331643
0.6181380355331643
0.6177052764903787
0.620611840649878
0.620611840649878
0.627164482047416
0.6259082826445694
0.6259082826445694
0.6259082826445694
0.6259082826445694
0.6259817213132629
0.6268799135323911
0.6249813763272293
0.6251649754045066
0.6247016817550075
0.6246592211748868
0.6201733821137962
0.6171239816094001
0.6110024240150136
0.6070361575843877
0.6089862704041058
0.6097583907123869
0.5931030925164297
0.5931030925164297
0.5974526314581737
0.5974526314581737
0.5987406791887833
0.599694557745337
0.5990175588188273
0.5990175588188273
0.5989363870699399
0.6006762060825962
0.6006762060825962
0.5987177952949576
0.5530755311854003
0.5580379442272415
0.5444401943023088
0.5407101587846072
0.5424205139417491
0.538808753946222
0.5390256041065167
0.5328459158282173
0.5382176949185236
0.5411702843820065
0.5300183393739649
0.5288380220516766
0.5288593863332315
0.5342486087558005
0.5342486087558005
0.531824726622802
0.5326382982832356
0.5350547214139774
0.5398111741338387
0.5295699562984991
0.52120790540952
0.5175864421188424
0.4821821994415254
0.4787553597873585
0.4787553597873585
0.47878605204242164
0.5073200789661522
0.5062563694111262
0.5062563694111262
0.5062563694111262
0.5080928069496405
0.5018601413166952
0.5083976114809785
0.5083976114809785
0.5083976114809785
0.5056473073544122
0.5049186953439255
0.5120889743323307
0.5077994445094045
0.5011962415631714
0.4925235784220146
0.4925235784220146
0.5004451203406188
0.4976676124621827
0.4976676124621827
0.4976676124621827
0.4950085409299868
0.5081040626934302
0.49141398987300117
0.4914893567786913
0.4914893567786913
0.4909101100252286
0.492660993001526
0.492660993001526
0.492660993001526
0.4843629750912922
0.488273843773761
0.4799921504794286
0.47593947536540193
0.4682397082829452
0.4682397082829452
0.4737962680615729
0.47412749846244734
0.47320988541135933
0.47139974989004996
0.47352148631760815
0.47352148631760815
0.47258284978627885
0.47258284978627885
0.469696689580878
0.47015872353924565
0.47015872353924565
0.4822788788752241
0.4800586651687161
0.47639611137006316
0.4776728542294831
0.4719565608049611
0.4715446635483066
0.4715446635483066
0.4712814622705175
0.47295613026685546
0.47376670629104317
0.4779006903908157
0.4781336709488027
0.4781336709488027
0.47449618845108515
0.4722954067900107
0.4722831136979481
0.47233882707296976
0.47233882707296976
0.48393638778536496
0.47630944694613053
0.47323770308007485
0.4754320214631218
0.45978920959519487
0.4651575878436466
0.4643023693202233
0.4633793047222317
0.466520546251174
0.466520546251174
0.46885233970278445
0.4517152318030314
0.4521745465162054
0.45595002590806505
0.4536608893172852
0.4587265843470676
0.4492935594543412
0.4492935594543412
0.4472465566279459
0.4469428456734606
0.46440537450276514
0.4809369514825174
0.4813432738202765
0.4810044817086123
0.4732332545329519
0.46922875373624806
0.46922875373624806
0.47007760976968077
0.4754843929004645
0.47592808675815446
0.4728253471070276
0.47537863781078993
0.4917391079044177
0.4877589347445732
0.4890566723944222
0.4890566723944222
0.4890566723944222
0.4904197473973139
0.4897518431248445
0.49273223631508833
0.49440208130755153
0.4903896318139922
0.494723469116871
0.4906412320226861
0.4906412320226861
0.4906530594995487
0.4853174317709913
0.4853174317709913
0.4775990817950727
0.4775990817950727
0.4592275595692202
0.4592275595692202
0.4686415748185864
0.4686415748185864
0.45425634232164475
0.4554514397808841
0.4554514397808841
0.4554514397808841
0.4585022611432042
0.45702756572740766
0.4552149375912084
0.4552149375912084
0.45340105876369013
0.44015222391885434
0.44015222391885434
0.44135364929240695
0.43196769171289
0.4336559589518629
0.432344133370365
0.4295180229856498
0.4250899606836586
0.4268013185999746
0.42947887146332364
0.42947887146332364
0.42947887146332364
0.42947887146332364
0.43069658843450453
0.43369067626166957
0.45182735327081114
0.45182735327081114
0.45182735327081114
0.45182735327081114
0.454185689793104
0.4546674654652671
0.47436180060843747
0.4714062718459464
0.46937302940676623
0.47542733136480025
0.4747898183985755
0.4777839352950423
0.4777839352950423
0.4774088054858316
0.4702278598649234
0.4724808645430809
0.47459014496547935
0.4756463329432347
0.47730251277797986
0.4849926717129943
0.4748976212178488
0.47095820504116986
0.4766966712984208
0.4927975342563258
0.48421508885020764
0.4841682222395914
0.4814557610667768
0.4745144825947175
0.46803172667463233
0.4791512162963889
0.47814380115278005
0.4777706490745206
0.4777706490745206
0.48213968904064686
0.48019014007665023
0.4955935689719521
0.4955935689719521
0.4775160140254779
0.4756071321160044
0.47419432145234747
0.4686852984912791
0.4686852984912791
0.4872185308067628
0.4857221331862005
0.48699777411579404
0.4931233999055456
0.4920296851044306
0.49562433932745087
0.49580264956375536
0.4958351087917182
0.4850743157309412
0.4850743157309412
0.48483995032472516
0.48483995032472516
0.48253899948814205
0.48253899948814205
0.48300051751107703
0.48300051751107703
0.4887292322408642
0.48769867468692113
0.4873966223590675
0.4876101815206451
0.5017448347861553
0.5094876086253267
0.5063359659045678
0.5233197883679545
0.5233197883679545
0.5277698879950949
0.5217376026888838
0.5217376026888838
0.520101042644152
0.5236751659826598
0.5236751659826598
0.5236751659826598
0.5226522333081264
0.5226522333081264
0.523184873702854
0.516866869015611
0.5116338481628858
0.5116338481628858
0.5084000962766521
0.5080130777740367
0.508032255131229
0.5097487906230631
0.5097487906230631
0.5096780301046339
0.5264407068348339
0.5298617121001776
0.5298617121001776
0.5318009142799482
0.5285994585290269
0.5285994585290269
0.5242584306176491
0.5257330374987882
0.522947358543483
0.5219552966405612
0.5219552966405612
0.5219552966405612
0.5219552966405612
0.5219552966405612
0.5219552966405612
0.5022116922290725
0.5022116922290725
0.5033228677939464
0.5033228677939464
0.5130297774569716
0.5132118973806672
0.5122518383476166
0.5103910578520094
0.5017568891163119
0.5017568891163119
0.5017568891163119
0.4873345331080049
0.4873345331080049
0.4889113601749051
0.4889113601749051
0.4659800407429795
0.4659800407429795
0.46325137869219
0.46385812311769253
0.46243726339564817
0.45581765583774325
0.45440627486485535
0.45440627486485535
0.45516802839363185
0.4562784506026707
0.4570475597197104
0.4513218763056112
0.44099531201719167
0.44099531201719167
0.44099531201719167
0.44099531201719167
0.4470612832861392
0.4441626111957771
0.4500246821342545
0.44883095435247244
0.44883095435247244
0.449871793703722
0.4496597572847488
0.4496597572847488
0.443051028737775
0.4455368960585124
0.4464295444262804
0.42551145903593107
0.42350783382249946
0.42350783382249946
0.42442039394182735
0.42442039394182735
0.42048777827044304
0.42048777827044304
0.43244769279853135
0.43244769279853135
0.432524104988544
0.4351670873614456
0.4351670873614456
0.4351670873614456
0.4353686065252286
0.4345473222625638
0.43547589362718525
0.43750342970101674
0.4346460307251979
0.431547576758873
0.431986857511337
0.432242316472839
0.4381426743884832
0.4357638616581586
0.42395226118590107
0.41959353724306686
0.41959353724306686
0.3980216261278509
0.39977614700057623
0.39977614700057623
0.39872332398341814
0.39872332398341814
0.4019910516668401
0.4040327262513581
0.39842899934285464
0.4132625794366533
0.4132625794366533
0.41146163906223127
0.40722673120172775
0.40722673120172775
0.4105115690577615
0.40724691396197
0.4125237617372195
0.4125237617372195
0.40980487436811797
0.40980487436811797
0.41035328991223763
0.4122043378864775
0.4122043378864775
0.41449627933846867
0.40501587547029116
0.40353825287744083
0.4043764771791003
0.40590260121698885
0.40376342956474326
0.40376342956474326
0.40150720465605094
0.4004074430969544
0.4132711552278657
0.4132711552278657
0.4086544022198701
0.3941023181981697
0.38853371432827377
0.38853371432827377
0.38799176901435406
0.38799176901435406
0.3872426147328268
0.38721239534376467
0.38543720731356074
0.38543720731356074
0.3753378271128726
0.3766365860114021
0.37461848657579877
0.37461848657579877
0.3733910946923063
0.37681122556680213
0.3743842766332373
0.3736518287722206
0.36930537179450856
0.37117774854353397
0.37076651180596026
0.37565127597159337
0.3761762978393139
0.3801274393300314
0.3847376498223602
0.3847376498223602
0.38236728225731037
0.39527558605532126
0.39527558605532126
0.39822132416083156
0.41194718359904947
0.4003775324998369
0.4044610951944069
0.4036316670368684
0.4036316670368684
0.404213931651537
0.40397207843490324
0.40397207843490324
0.40397207843490324
0.39819848126798973
0.39819848126798973
0.39819848126798973
0.3986555927634523
0.3991823380146305
0.39947793324778597
0.39947793324778597
0.39947793324778597
0.4052283876292757
0.4052283876292757
0.3742171740018111
0.36903591947758574
0.36896895490647585
0.35375458625587247
0.34743146710820333
0.34743146710820333
0.3392595351370143
0.3470153599918846
0.3568392498204774
0.35133009363943124
0.35133009363943124
0.35133009363943124
0.35345434063276193
0.342797331415034
0.342797331415034
0.3435228706938846
0.3435228706938846
0.3439821393338405
0.3427677351378268
0.34395073797875403
0.34220748417883584
0.3420296795738854
0.3566386650043474
0.3566386650043474
0.35722657037366534
0.35210758818079074
0.35210758818079074
0.3540641183351157
0.3545906570459813
0.34552113388633415
0.3463352926086362
0.3443393682460933
0.3443393682460933
0.3433804831141058
0.3434380577580405
0.3434380577580405
0.3662698908507131
0.3519102103443751
0.35133896481403787
0.35133896481403787
0.3533239579835731
0.35205540173867056
0.35187301053377507
0.35475275225639663
0.351133244092254
0.35033286118441115
0.3574592233587655
0.3574592233587655
0.3569089774367565
0.3569089774367565
0.35378578474650835
0.3555523419138811
0.35323308310540924
0.36198737033511197
0.3483027408598761
0.3491081971930459
0.35106056914211753
0.35106056914211753
0.3505429638511583
0.3505429638511583
0.3505429638511583
0.35431627782214625
0.35431627782214625
0.3624010052372757
0.3624010052372757
0.3624010052372757
0.3708636498989788
0.3708636498989788
0.36442812109875367
0.36442812109875367
0.3731787903868147
0.3791783277363617
0.36231188731655745
0.36231188731655745
0.3621685150736365
0.3603057414533483
0.36009642044716955
0.3764151074249823
0.3764151074249823
0.3626288360957354
0.3673028851303477
0.3673028851303477
0.35567791748864264
0.359891332987759
0.36155210119934056
0.37429363208869404
0.3751272472333976
0.37168882893528193
0.378553682984179
0.38993723684484605
0.39073956169151985
0.39073956169151985
0.3809473679648151
0.3792830218375843
0.3762275979883537
0.3762275979883537
0.3762275979883537
0.37997375621480145
0.37997375621480145
0.3851958235662859
0.38768526443726065
0.38768526443726065
0.3886242368732673
0.3886242368732673
0.39045846535164447
0.3885310315801769
0.3849233699272813
0.3851568908243895
0.3909589537283869
0.39191926157382
0.394178759328416
0.3893896779417275
0.3893896779417275
0.3893896779417275
0.39463715106432473
0.38870244153077405
0.38781478482641774
0.38781478482641774
0.3740408911080792
0.3740408911080792
0.3756561481980711
0.3756561481980711
0.3756561481980711
0.3756561481980711
0.37573767486626575
0.36623401990697224
0.3794890146750527
0.3794890146750527
0.367950816096448
0.3589956893952402
0.35777276295557103
0.3408607042240835
0.3462002151339629
0.34841480107129774
0.3528031196202891
0.3528031196202891
0.35307095447967696
0.35202075279960154
0.35202075279960154
0.35202075279960154
0.35151641677254963
0.34872203590553247
0.34930310446961277
0.34930310446961277
0.3600252453599249
0.3600252453599249
0.3600252453599249
0.3600252453599249
0.36025357619467785
0.36375418232817774
0.36591201708240845
0.3658785390433333
0.3657816196486155
0.3657816196486155
0.35089637033749793
0.34460712428593726
0.34460712428593726
0.3452624147081701
0.3244445026196027
0.33499064701954673
0.33888506445221794
0.33888506445221794
0.3447198671525825
0.34247650342395375
0.3425879599001137
0.3425879599001137
0.34498885419576863
0.3501259417743797
0.34981952114082904
0.35414822896306675
0.34845138336144016
0.34078531552625835
0.34078531552625835
0.3615447669471392
0.36354187145571204
0.36354187145571204
0.36354187145571204
0.3588714930976703
0.35521929331124175
0.34257526223076246
0.34513148890034884
0.34513148890034884
0.3488322640559012
0.3488322640559012
0.33919369268142824
0.32775512717817656
0.32750648736531923
0.3270490845477621
0.3273025084693124
0.3273025084693124
0.32574636806430823
0.32583619373995176
0.3232073585557695
0.3235144027359256
0.32315631157256386
0.3207876543820141
0.3026640571125219
0.314721275145055
0.29442601491410103
0.29442601491410103
0.2947205852261954
0.29582158695165195
0.29582158695165195
0.29633862789207954
0.3003052692962252
0.301245882876558
0.301245882876558
0.28481923491417
0.29054420501661204
0.2895062773001433
0.2962699614555064
0.2922015051406494
0.29389159306228213
0.30012707435043984
0.30012707435043984
0.3095396169908528
0.30260847249783507
0.2945467392834911
0.2810116432218756
0.2769842459883313
0.2769842459883313
0.29066745509983877
0.2803932799250058
0.28564090201637016
0.28970006085544603
0.2889864013567145
0.29908049372304335
0.2945704031064219
0.3036599178606586
0.31502624318375727
0.31235711012768347
0.31235711012768347
0.31235711012768347
0.3058842358809453
0.3058842358809453
0.3058842358809453
0.3058842358809453
0.3058842358809453
0.3058842358809453
0.3058842358809453
0.31248444459228847
0.31248444459228847
0.31764148121374164
0.3298062709605563
0.3298062709605563
0.32749553300219797
0.32749553300219797
0.32749553300219797
0.3306374864663302
0.33228609789649716
0.33228609789649716
0.33434678753718705
0.3336891938452861
0.32593233644700187
0.3265377932943628
0.3265377932943628
0.32660441555415676
0.32663053424122074
0.31840977748093396
0.3170767020638926
0.32683095005351714
0.3284847329620115
0.3284847329620115
0.3284847329620115
0.3284847329620115
0.3224775037300689
0.3266213397022727
0.32727534019967874
0.32763162682328467
0.32763162682328467
0.32453247274659985
0.32453247274659985
0.32453247274659985
0.32096893500817875
0.32166795204650817
0.32201394804955635
0.32986432799119564
0.32986432799119564
0.32318539861588197
0.3197075295018944
0.3197075295018944
0.31253761077755093
0.31253761077755093
0.31253761077755093
0.31253761077755093
0.31347925077974614
0.3036493257807087
0.3036493257807087
0.3055412700222462
0.3056864765758714
0.30224718998110295
0.30223830693861414
0.30223830693861414
0.2983881542693504
0.3020449211712757
0.3020449211712757
0.3082199075582106
0.33137229767192417
0.32804493727442735
0.31818101094234036
0.31818101094234036
0.31818101094234036
0.31753909784172263
0.31753909784172263
0.32270599938079614
0.32302996975877174
0.32302996975877174
0.32302996975877174
0.31044136466752786
0.3050570638098377
0.3079051367383542
0.3079051367383542
0.30361217795370027
0.3074378121601013
0.31382208101863435
0.3131194040904869
0.3131194040904869
0.31478921665277776
0.30910351830764105
0.30910351830764105
0.3038336731829566
0.302680056857683
0.302680056857683
0.30149180966713995
0.30149180966713995
0.30326976511482867
0.3096558199668573
0.3096558199668573
0.30878763662614256
0.3173671349750259
0.318096300060677
0.3167019674130754
0.31588508078817407
0.31588508078817407
0.3108610009315886
0.3104867289302376
0.3104867289302376
0.3026202476624958
0.3041295433134843
0.29461603392800884
0.29461603392800884
0.29461603392800884
0.30629972881662637
0.30629972881662637
0.31218976153921807
0.2969189330114207
0.300154575395141
0.29260348640154005
0.2897952219802868
0.287353071445788
0.2933116984770525
0.2933116984770525
0.2933116984770525
0.288707416975928
0.294516624312296
0.294516624312296
0.294516624312296
0.294516624312296
0.2930536522666142
0.29000263466098475
0.29116407104653563
0.31026409605369465
0.3213498670318221
0.3213498670318221
0.3213498670318221
0.3213498670318221
0.32139692258701724
0.32139692258701724
0.3181406478823357
0.3273485611040789
0.33031063421664636
0.3298638346386691
0.33098472469116896
0.33489656149743197
0.3212323356524045
0.3241881241418384
0.3251878675055593
0.3112463102468531
0.3112463102468531
0.3127826847907674
0.3139017885325977
0.31267410008408897
0.3095871816634891
0.3095871816634891
0.3119471316251623
0.3119471316251623
0.30938525991570986
0.30938525991570986
0.30640366397383495
0.30640366397383495
0.30554689895136844
0.2977334621720157
0.27923629516206167
0.27923629516206167
0.27923629516206167
0.27923629516206167
0.29930975960672657
0.29930975960672657
0.297222897947477
0.2942490178342551
0.29521271056596426
0.2952622567076426
0.2952622567076426
0.2911215978574825
0.2911215978574825
0.2901041031138408
0.2867373732484718
0.2867373732484718
0.28492950174880005
0.2970056267977516
0.3015246099476006
0.3017474236909971
0.3071285057456665
0.30473066682358435
0.2943534606953823
0.28553964645904245
0.28553964645904245
0.2849676044800937
0.2645281355593747
0.2645281355593747
0.26495167373271733
0.26495167373271733
0.26626514326815476
0.26626514326815476
0.26506442524358803
0.2729965629382339
0.2769338772848985
0.2769338772848985
0.2769338772848985
0.2782401104564161
0.2782401104564161
0.2831620505045875
0.2831620505045875
0.2831620505045875
0.28298460059820846
0.28298460059820846
0.28298460059820846
0.28298460059820846
0.256330867047886
0.256330867047886
0.258549203479757
0.258549203479757
0.25571362140583787
0.2548002084957399
0.26506442524358803
0.26506442524358803
0.26506442524358803
0.26506442524358803
0.24558530212558402
0.24099793902425723
0.2392347651236229
0.2392347651236229
0.2392347651236229
0.2392347651236229
0.23736660229977283
0.23821602864848185
0.23821602864848185
0.23859529746307107
0.23859529746307107
0.23859529746307107
0.23859529746307107
0.23859529746307107
0.23859529746307107
0.23859529746307107
0.23859529746307107
0.23000399565655077
0.23000399565655077
0.23000399565655077
0.2320605206353335
0.2320605206353335
0.2320605206353335
0.2320605206353335
0.2320717266124232
0.2320717266124232
0.2320717266124232
0.23138571588584295
0.23138571588584295
0.23138571588584295
0.23138571588584295
0.23138571588584295
0.23138571588584295
0.23138571588584295
0.23138571588584295
0.23138571588584295
0.23138571588584295
0.23138571588584295
0.23138571588584295
0.23138571588584295
0.23138571588584295
0.23138571588584295
0.23138571588584295
0.23138571588584295
0.23138571588584295
0.23138571588584295
0.23138571588584295
0.22464956537105343
0.22464956537105343
0.22464956537105343
0.22464956537105343
0.22451253689249506
0.22451253689249506
0.22451253689249506
0.22451253689249506
0.22451253689249506
0.2175806408916208
0.2175806408916208
0.21192721464653652
0.21192721464653652
0.21192721464653652
0.21192721464653652
0.21192721464653652
0.21075079620605794
0.21075079620605794
0.20977245652277945
0.20977245652277945
0.20977245652277945
0.20977245652277945
0.20977245652277945
0.20977245652277945
0.20977245652277945
0.20977245652277945
0.20977245652277945
0.20977245652277945
0.20977245652277945
0.20977245652277945
0.20881406907302127
0.20881406907302127
0.20881406907302127
0.20607567450787395
0.20607567450787395
0.20607567450787395
0.20607567450787395
0.20607567450787395
0.20607567450787395
0.20607567450787395
0.20607567450787395
0.20607567450787395
0.20607567450787395
0.20607567450787395
0.20607567450787395
0.20607567450787395
0.20607567450787395
0.20607567450787395
0.20607567450787395
0.20607567450787395
0.20607567450787395
0.20607567450787395
0.20607567450787395
0.20607567450787395
0.18343324582386786
0.18343324582386786
0.18343324582386786
0.18343324582386786
0.17150256865680974
0.17150256865680974
0.1703387494683335
0.1703387494683335
0.1703387494683335
0.1703387494683335
0.1703387494683335
0.1703387494683335
0.1703387494683335
0.1703387494683335
0.1703387494683335
0.1703387494683335
0.1703387494683335
0.1703387494683335
0.1703387494683335
0.1703387494683335
0.16940765292220364
0.16940765292220364
0.16940765292220364
0.16938805669106174
0.16938805669106174
0.16938805669106174
0.16938805669106174
0.16938805669106174
0.16559750814949528
0.16559750814949528
0.16089042150910748
0.15842808442828982
0.15845192226389554
0.15845192226389554
0.15845192226389554
0.15845192226389554
0.15822815351736583
0.15822815351736583
0.15803051680417027
0.15803051680417027
0.15803051680417027
0.15803051680417027
0.1571547893617002
0.1571547893617002
0.1571547893617002
0.1571547893617002
0.1571547893617002
0.1571547893617002
0.1571547893617002
0.1571547893617002
0.1571547893617002
0.1571547893617002
0.1571547893617002
0.1571547893617002
0.15339526705759382
0.15339526705759382
0.15339526705759382
0.15229649967984843
0.15229649967984843
0.15229649967984843
0.14832405322906447
0.14832405322906447
0.14832405322906447
0.14832405322906447
0.14832405322906447
0.14832405322906447
0.14832405322906447
0.14796245273441436
0.14796245273441436
0.14796245273441436
0.14796245273441436
0.14796245273441436
0.14677862820564572
0.14677862820564572
0.14677862820564572
0.14677862820564572
0.14677862820564572
0.14677862820564572
0.14677862820564572
0.14677862820564572
0.14677862820564572
0.14677862820564572
0.14677862820564572
0.14677862820564572
0.14677862820564572
0.14677862820564572
0.14677862820564572
0.14677862820564572
0.14677862820564572
0.11157384240492026
0.11157384240492026
0.11157384240492026
0.11157384240492026
0.11137669390835693
0.11137669390835693
0.11137669390835693
0.11137669390835693
0.11137669390835693
0.11137669390835693
0.10691513860606044
0.10691513860606044
0.10691513860606044
0.10691513860606044
0.10691513860606044
0.10631138040815216
0.10631138040815216
0.10631138040815216
0.07208480314223287
0.07208480314223287
0.07208480314223287
0.07208480314223287
0.07208480314223287
0.07208480314223287
0.07208480314223287
0.07208480314223287
0.07208480314223287
0.07208480314223287
0.07208480314223287
0.07208480314223287
0.07208480314223287
0.07208480314223287
0.07208480314223287
0.07208480314223287
0.07208480314223287
0.06953514038518938
0.06953514038518938
0.06953514038518938
0.06953514038518938
0.06953514038518938
0.06737294969138506
0.06737294969138506
0.06737294969138506
0.06737294969138506
0.06624914981844955
0.06624914981844955
0.06389947383636331
0.06389947383636331
0.06389947383636331
0.06389947383636331
0.06389947383636331
0.061284329547199735
0.061284329547199735
0.061284329547199735
0.061284329547199735
0.061284329547199735
0.061284329547199735
0.061284329547199735
0.061284329547199735
0.061284329547199735
0.061284329547199735
0.061284329547199735
0.061284329547199735
0.061284329547199735
0.061284329547199735
0.061284329547199735
0.061284329547199735
0.061284329547199735
0.06080449917798538
0.059886064567541294
0.059886064567541294
0.059886064567541294
0.05890836859655238
0.05890836859655238
0.05890836859655238
0.05890836859655238
0.05890836859655238
0.05890836859655238
0.05890836859655238
0.05890836859655238
0.05890836859655238
0.05890836859655238
0.05890836859655238
0.05890836859655238
0.05890836859655238
0.05890836859655238
0.05890836859655238
0.06066892873210777
0.06066892873210777
0.06066892873210777
0.06066892873210777
0.06066892873210777
0.06066892873210777
0.06066892873210777
0.06066892873210777
0.06066892873210777
0.06066892873210777
0.06066892873210777
0.06066892873210777
0.06066892873210777
0.06066892873210777
0.06066892873210777
0.06066892873210777
0.06057847848489857
0.06057847848489857
0.06057847848489857
0.06057847848489857
0.06057847848489857
0.06057847848489857
0.06057847848489857
0.06057847848489857
0.060454859761113
0.060454859761113
0.060454859761113
0.060454859761113
0.060454859761113
0.060454859761113
0.060454859761113
0.060454859761113
0.060454859761113
0.060454859761113
0.060454859761113
0.060454859761113
0.060454859761113
0.060454859761113
0.060238614275001545
