0.0466667 0.04720086765478937
-0.0866667 -0.07784776091343726
-0.3733333 -0.3751749804591664
-0.1533333 -0.19359007012743262
0.0366667 0.07119933832217196
0.0066667 -0.2170569649790383
0.7633334 0.7004967035392715
0.61 0.6234709450068426
0.3833334 0.2954460416121227
-0.28 -0.2672368740607411
0.56 0.5738312729036636
0.1633333 0.1638468633191441
0.1266667 0.14671706765644388
-0.71 -0.6394825002303532
0.9666667 0.9297086002654122
-0.86 -0.8963871046781766
-0.59 -0.5873249930529437
-0.2366667 -0.19182179734531726
-0.4033333 -0.41088662955705624
-0.7566667 -0.6804814188630426
0.7133334 0.663845686743337
0.4233333 0.42423444768200025
-0.2933334 -0.36590612365912045
0.72 0.7196241232633679
-0.9666667 -0.8771708520696253
-0.9966667 -0.9730306763480844
0.9833333 0.7394018283295576
-0.6666667 -0.646004624458808
-0.17 -0.18338927943749633
0.9 0.7828050392094497
0.03 0.02943493902715083
0.27 0.18113852857429685
