0.0466667 -0.0012552737370528644
-0.0866667 -0.03352615405809406
-0.3733333 -0.361095121080852
-0.1533333 -0.13952911534207826
0.0366667 0.1317486303326511
0.0066667 0.008941895857212168
0.7633334 0.7488579348928435
0.61 0.6383017031902065
0.3833334 0.39133252305985455
-0.28 -0.33941888331645914
0.56 0.5782902152392672
0.1633333 0.09242552779847951
0.1266667 0.21487131405916182
-0.71 -0.7149971198388698
0.9666667 0.9545790995467465
-0.86 -0.8339344904098562
-0.59 -0.516759966717684
-0.2366667 -0.2989948774155077
-0.4033333 -0.4480410667864484
-0.7566667 -0.7627749861257352
0.7133334 0.7224322632820067
0.4233333 0.31384917578322236
-0.2933334 -0.26214677350016347
0.72 0.7021822887347663
-0.9666667 -0.9708262631616649
-0.9966667 -0.953313641983927
0.9833333 0.987951488850143
-0.6666667 -0.6259987197564278
-0.17 -0.15374454930046555
0.9 0.8992729145374254
0.03 0.021319554186997547
0.27 0.21842442390722508
