0.0466667 0.05032475977094203
-0.0866667 -0.09732808244412339
-0.3733333 -0.36861904752699315
-0.1533333 -0.16652203439410568
0.0366667 0.004791528726684813
0.0066667 -0.045755116545432406
0.7633334 0.790754766134254
0.61 0.6541615119321472
0.3833334 0.3697403065698499
-0.28 -0.3347719205935075
0.56 0.5876115932969337
0.1633333 0.1597070645165634
0.1266667 0.11768964702058127
-0.71 -0.7389638925835083
0.9666667 0.9897737417956003
-0.86 -0.9219481243209088
-0.59 -0.6058906452301593
-0.2366667 -0.23850360377190755
-0.4033333 -0.4256205828160315
-0.7566667 -0.7599125416147174
0.7133334 0.7689822010329692
0.4233333 0.4423493995446705
-0.2933334 -0.377801954503027
0.72 0.7214992104471989
-0.9666667 -0.9663636804868052
-0.9966667 -0.9944090719438775
0.9833333 0.9883432819038007
-0.6666667 -0.6604705435102838
-0.17 -0.2274383869879641
0.9 0.865154944547303
0.03 0.02236519555192029
0.27 0.3025041217126553
