0.0466667 0.05435861043154622
-0.0866667 -0.08562807865861238
-0.3733333 -0.3536866274193498
-0.1533333 -0.14920337286943575
0.0366667 0.037490011808023305
0.0066667 0.006722858595977432
0.7633334 0.7511128754638279
0.61 0.6044774549788198
0.3833334 0.3917119869236481
-0.28 -0.30809396827269386
0.56 0.5590419492957481
0.1633333 0.1675376326962315
0.1266667 0.1014990038769894
-0.71 -0.7034406935894568
0.9666667 0.9759276666569747
-0.86 -0.8568805935558217
-0.59 -0.5883001304662694
-0.2366667 -0.2455614709345863
-0.4033333 -0.43122727689188733
-0.7566667 -0.7435076301965803
0.7133334 0.7444550589994947
0.4233333 0.44886449805316775
-0.2933334 -0.3168337092971323
0.72 0.7182156826771622
-0.9666667 -0.9760106611964589
-0.9966667 -0.998999433613478
0.9833333 0.9898656679235355
-0.6666667 -0.6697461271869691
-0.17 -0.18250903961442183
0.9 0.916870126456341
0.03 0.014022644598595868
0.27 0.2559017234681216
