0.0466667 0.07413026597671457
-0.0866667 -0.07623302425549133
-0.3733333 -0.3815383098301359
-0.1533333 -0.14378697971441196
0.0366667 0.08332045021975054
0.0066667 0.024142667585533795
0.7633334 0.7424887701614026
0.61 0.6013532565936384
0.3833334 0.4088677989924018
-0.28 -0.3190150813306324
0.56 0.5657714555779176
0.1633333 0.18042891811132836
0.1266667 0.10087272049786217
-0.71 -0.7305225609225756
0.9666667 0.9889119922445193
-0.86 -0.8835548288739847
-0.59 -0.602859402263923
-0.2366667 -0.24209207972216223
-0.4033333 -0.4202858662488215
-0.7566667 -0.7569765180013006
0.7133334 0.7594820782550848
0.4233333 0.42200337591534093
-0.2933334 -0.3112448863885088
0.72 0.7286976561623277
-0.9666667 -0.9888371222676436
-0.9966667 -0.9957600041373311
0.9833333 0.9424588770877145
-0.6666667 -0.6832867492881445
-0.17 -0.1905845329879356
0.9 0.9054762431532155
0.03 0.016016398790256736
0.27 0.27289688285630387
