1.7318555612510922
1.6239164662005947
1.6441891954604921
1.6422140581849491
1.6446476414066276
1.6415669101687222
1.6465641230477286
1.62141210346902
1.631220405323893
1.6275282346623547
1.6262810633743947
1.6113709095298008
1.62099261121173
1.619121178942299
1.6257909650387188
1.6354679047343692
1.6328757999150618
1.6340204552083162
1.6339363863502403
1.6372807975896955
1.628454765247364
1.6369800811864756
1.6401589830188572
1.638595110231049
1.6348081086751292
1.621077699117793
1.6172934456436283
1.5998414489318977
1.5998414489318977
1.5976423061113376
1.5940942428506983
1.5974606301150973
1.6137995264969796
1.6234349958001801
1.6369158907037764
1.630781133873135
1.6309184892742068
1.6252242232752965
1.6293679834531405
1.6282749750309844
1.6315596516898423
1.6274919061922817
1.6283175874531872
1.6246088334980981
1.622564164634731
1.622564164634731
1.624877415143607
1.6241244433362765
1.6241244433362765
1.6231935307167364
1.613966168544517
1.6083610595371836
1.6132452262254124
1.6138199560834963
1.6125840352474556
1.6137733641309027
1.610407799402049
1.6124478058656497
1.6078255625438638
1.609972590003349
1.592938646614542
1.5783390958560315
1.5792365752428765
1.5653840776677832
1.5664895858974006
1.5653969429670793
1.556061538805855
1.5448228599586526
1.5525719392664086
1.5321995607690497
1.5321995607690497
1.5328896132930172
1.5328896132930172
1.531121622817776
1.5302465360082882
1.5440757494811956
1.552286431079846
1.5519524572858865
1.5528747213521503
1.5516880699563846
1.5497762250640557
1.532416299591465
1.5177573564282192
1.5177990272436168
1.5223614529314782
1.5274928991102614
1.5338460239526464
1.5336438437470143
1.5464966447252908
1.5405983512211214
1.551141477551674
1.5693886317510932
1.5762335336584687
1.5732154785751726
1.5770887099017759
1.5770887099017759
1.5736357847325573
1.5754785962493938
1.5827359533738072
1.5859177578602501
1.5770597657884597
1.5703044935165975
1.5717615817540211
1.5854186409983535
1.5864539355089875
1.5865693172279534
1.5888398651168025
1.5935577886724126
1.5915418127134733
1.5850462384048196
1.5830837741231993
1.5834953472226971
1.5716253194675034
1.5687249850602862
1.5440176468193312
1.5452892042962472
1.543655952637841
1.5396316889943167
1.5404690618137198
1.5394390581821724
1.539775132755583
1.5404061352812712
1.5491822450235293
1.563597534438292
1.5670875991962305
1.5591003434553858
1.580002802169974
1.576004303871144
1.569672697465666
1.5708504348044263
1.5698841750857508
1.5682702243056232
1.5578200125069954
1.5584124436523819
1.5584124436523819
1.577404140659089
1.5767568650565529
1.5591319183686352
1.5588608613537598
1.5588167648715985
1.5368507932662865
1.5231055850402697
1.5259160143438344
1.5253867555443672
1.4924995906841145
1.4720020342202011
1.4722133838273648
1.4612232671905043
1.444339964477053
1.4324048665088813
1.4276724054263705
1.4188075648402099
1.4210611235656951
1.424322227585001
1.4426760332217305
1.4319433890874895
1.4240727882057405
1.4262688924204552
1.4157829432684035
1.416327127263029
1.3920291938497598
1.4073431547387931
1.4007458558602282
1.3899275714046084
1.3913076997392968
1.3916971859205483
1.3981908243342276
1.3912764858436424
1.3902701754913054
1.3897319116083295
1.369082949163399
1.3680605007434599
1.3767254307393937
1.3765167321116936
1.3819983544833683
1.3859055077220035
1.3843929420605887
1.3868514277984427
1.389459535488205
1.3867553942399313
1.383676460107843
1.374248460961319
1.3761252436885583
1.3754997452253725
1.377519729222498
1.3794124120572597
1.3899651957190904
1.375155681410566
1.3741164155952275
1.3569255856851847
1.3548454899405895
1.3453536621385775
1.3482310842287009
1.343531151029093
1.361602590288563
1.357218094738962
1.352833122372317
1.348933991277881
1.3469407447528237
1.3451714250581708
1.3647422174545056
1.3625644742256513
1.372779141870767
1.3641591116461413
1.3681866450385147
1.364575879338355
1.3646399594912875
1.3687548760253185
1.375368951383427
1.3837669692367698
1.3804697441115625
1.3800297729557935
1.3800297729557935
1.3854213434215918
1.3868644967409733
1.3775991382310158
1.3724309190042154
1.3580994045707684
1.3688591376895975
1.3630726707728051
1.3617884920392571
1.3611534263883578
1.3611818509870732
1.362308974808689
1.3479344186384545
1.347000232904089
1.3366564036502493
1.334716278130913
1.3312793536846628
1.340067780490258
1.3429344889302282
1.3302733488213374
1.3311267637424975
1.3388434373183737
1.3288807913146108
1.3234777584880846
1.3321904002102392
1.3482654509767915
1.3482654509767915
1.3426915924396103
1.3440135867965926
1.3751409401349335
1.3808849515701498
1.3741823957878434
1.3708622964527808
1.377642900597352
1.383222851203902
1.3860858316027087
1.3790086881499397
1.3756494327572548
1.3716298284458324
1.3720282865129019
1.3782162363959154
1.3797692891780386
1.3892088178085493
1.385270875146915
1.377989014819362
1.3793288620352433
1.3825801586778406
1.3828646494665227
1.3837250653407054
1.3812652792568547
1.3952418025789082
1.3946069524489009
1.3869744513639073
1.3952531554125214
1.39939719679906
1.403374974262705
1.3991196071029552
1.4017907354364798
1.398183684717556
1.396916050422572
1.3656684265217982
1.3793630361737774
1.3726055565185682
1.3744855778708063
1.3744855778708063
1.3779598805461934
1.3747547247003225
1.3773374683089175
1.3580453677272617
1.3552882460067694
1.3552882460067694
1.3552882460067694
1.354824268732877
1.3365159357046836
1.3386507059304376
1.337766268162632
1.3255947508913373
1.3168335123105162
1.3085414977669283
1.311924640948255
1.2991194622086824
1.2919891517321187
1.2717838404344504
1.253982437810073
1.2364967220159413
1.230794789242502
1.2268895473736752
1.2268895473736752
1.2117161302421202
1.2122881439082012
1.214388191503646
1.2008282586751098
1.2044017815753163
1.2150310241527746
1.2140380884864126
1.2216451426943389
1.2149405667831925
1.209267262552114
1.2132376514792527
1.2192027813602109
1.2317329712628726
1.232136269671266
1.226589739921649
1.2203140052121988
1.2160177571303274
1.217767469279355
1.2226633039091153
1.2195286773908371
1.2186389520550707
1.2310370054155126
1.2310421725642129
1.2310421725642129
1.2317416230455942
1.237625412996472
1.2382270865684384
1.238860491819058
1.2329006009718375
1.2296094183897546
1.2300261309415828
1.2233718699856482
1.235425492622547
1.2100552539015261
1.2100552539015261
1.2073667390693654
1.2034715776931364
1.2037127530424458
1.1991903935862098
1.1907322625999701
1.190439646003467
1.190439646003467
1.1949926426160067
1.1949926426160067
1.1996127163940369
1.1925001507641453
1.1988905443447295
1.195950671193866
1.1893173023291823
1.1893181524741114
1.1872229451928726
1.1872229451928726
1.1872229451928726
1.1809987903704129
1.1784259752784672
1.1682041586148948
1.1713047116859892
1.168228183033439
1.1709267753208161
1.1752493990579762
1.1669201583528044
1.1683283282405044
1.1672994058066273
1.1711627811127776
1.1735864686845925
1.1658956568282173
1.1644421559818912
1.1590683855585238
1.1578007541376238
1.1545757741302878
1.1562628362766012
1.150245889020483
1.1499564130039903
1.1528032271149693
1.143272932707211
1.1430972556476018
1.146968234307619
1.1484364605131716
1.1447317429091182
1.145655254704568
1.1409478834152504
1.124057604732104
1.1303521021009795
1.1243061803217798
1.125378678939523
1.1160781331143712
1.1108628086215235
1.112365301764238
1.1438264750762284
1.1438264750762284
1.1329420237206864
1.1380475605574125
1.1394766512413987
1.1435251199630032
1.145458844926206
1.143398513054429
1.1424595784576097
1.1504581556276696
1.1504581556276696
1.1523063027904419
1.1549206539533012
1.1507144242078555
1.153087974232673
1.1441804455265003
1.139129729634416
1.1409122905177738
1.1435459770330265
1.133911344926673
1.1285629405054587
1.1301965316606843
1.1301965316606843
1.1267064890400966
1.133598534878691
1.1463154868026217
1.1415884566341494
1.1479886598174938
1.150804617051876
1.150804617051876
1.1166230073780723
1.1133129463297475
1.1229228877982695
1.1221578256005669
1.1221578256005669
1.121419193768093
1.1017446096181465
1.0870085190934786
1.0907991815566915
1.1020653883785392
1.0901315407456302
1.0951410397289276
1.0947132597377107
1.0973066946922363
1.0915674717108599
1.105866834092742
1.106990225650451
1.1037477402639884
1.1037477402639884
1.0973451393440519
1.0956760199351077
1.0884061088541233
1.095401386494093
1.1198487208026242
1.1361042144353837
1.1405037763561763
1.1376284550334648
1.1318481770812059
1.131868838407425
1.1318984452526502
1.1235346721649666
1.1263793254052272
1.1269541538330534
1.1269541538330534
1.114907312233565
1.114907312233565
1.121291411022604
1.1230301572924466
1.1300614183096631
1.117173988560271
1.1093099607384265
1.109685383001487
1.1137530914426683
1.0783450804659698
1.073172281786533
1.0725145440984991
1.0790024353191243
1.0649771539570267
1.0645397335373767
1.0645397335373767
1.0718744964838713
1.077016403401743
1.0844855937044748
1.0829623045710173
1.0885237503475853
1.0885237503475853
1.0863354066845103
1.1017592350116032
1.106956491248385
1.109022202565266
1.1040191344514463
1.1099025405516671
1.1095578460215056
1.095265962087979
1.0914095723247736
1.0902997545648385
1.0950146236637472
1.0937280643642224
1.1228536609882938
1.1175680336396034
1.1313163374631625
1.1290471118773706
1.1255908291735668
1.1314294570592023
1.134662756876739
1.152864363973041
1.151988004913622
1.145696871090724
1.152591641304055
1.1480108342365714
1.149937380096891
1.1458481283154627
1.141924165309647
1.1400515048563624
1.1552778919684086
1.1590712899137345
1.1590712899137345
1.14386138551617
1.1493248089199886
1.1404427106192383
1.1393461650698236
1.1359625906516864
1.1423959453826285
1.1423959453826285
1.1357728891172
1.1379943770669625
1.1378164146166343
1.1380833735549065
1.1380833735549065
1.1380833735549065
1.1380833735549065
1.1375634140274185
1.1372903895165898
1.1459279493992875
1.1459279493992875
1.1396818682150167
1.1390543279541987
1.139131687084604
1.1461423308827934
1.1449175489978107
1.1508077529142322
1.1543382578182046
1.155934203126317
1.1563601013497367
1.1800747028949992
1.1799194794860735
1.1809080845351345
1.1799328611342756
1.1812407008012094
1.1759641370185347
1.1629872947161792
1.1463468690793992
1.1378297608478392
1.1240074587543132
1.126091253656487
1.126260450986847
1.1235387640131913
1.1157957684247286
1.114780279299501
1.1225430112609445
1.1167189125805628
1.1083377197308633
1.1027758711023798
1.1027758711023798
1.1027758711023798
1.10301838796638
1.1037403848683627
1.1002889613499125
1.0940363170186707
1.0929722386128422
1.093181030703017
1.093181030703017
1.0887012476606583
1.0961787790228013
1.0970304815954848
1.0961709391863417
1.0887512106411117
1.0887512106411117
1.0894469730054077
1.0894469730054077
1.0894469730054077
1.1045172605222509
1.1056261121919417
1.0888900987155063
1.0882098605650439
1.0882098605650439
1.0882098605650439
1.0882095548924562
1.0882095548924562
1.0995349159622285
1.1042530388622893
1.1000894090167175
1.0918835886286018
1.0811922863322645
1.0828112071478617
1.0828067667396617
1.0809429998156388
1.0991139874698845
1.0827854060429394
1.0765091727412286
1.076366684723204
1.0717932008252469
1.0717932008252469
1.075008955965993
1.075008955965993
1.0764858762048206
1.0752148346675279
1.0745366925486735
1.078641636726568
1.0785167629731724
1.0703752111902785
1.0767496238172931
1.0752907936567795
1.0666953057639716
1.0745739271417252
1.0731836696414085
1.0760653130249676
1.0739412475631631
1.0684782260583523
1.064336323170298
1.064178783868168
1.0615300273109103
1.0642104027431731
1.0642104027431731
1.0643050800272544
1.0643050800272544
1.074055524101925
1.0766574464362477
1.0780036037213867
1.078082358356522
1.071021364193529
1.0714476681412517
1.0715528006683073
1.0708807412148647
1.0717228617420809
1.067444662451618
1.0611836987065657
1.0611836987065657
1.041210420006004
1.041210420006004
1.045150341572816
1.038722388369256
1.0470218296767375
1.0470218296767375
1.0470218296767375
1.046780419182549
1.046780419182549
1.0521532446886226
1.0523313185074652
1.027318675205969
1.027318675205969
1.0283498327506384
1.0166625021805147
1.021740850924934
1.0256164375962142
1.0256164375962142
1.0116462254732088
1.01159411081588
1.0100864261702693
1.0045475262389967
1.0276107864246857
1.0276107864246857
1.0212046535176063
1.0212046535176063
1.0240188706275515
1.0240188706275515
1.0240188706275515
1.0195379371397335
1.0195379371397335
1.010716268757565
0.9948189000860902
0.996319040658659
0.9986952458365101
0.9986952458365101
0.9882390042870249
0.9948342112085875
0.9948342112085875
0.9866067843390742
0.9629852449108158
0.9545147963593719
0.9497804949509212
0.9482091146567238
0.9369233749649968
0.9353719659336509
0.9254139397992284
0.9033243285586904
0.8912464595297707
0.8918833762917066
0.8571639100452244
0.8628533884284024
0.8589354614498741
0.8606746551398136
0.8649529105974619
0.8645932618060841
0.8696869298514418
0.8685619727974537
0.8565731512350184
0.8606200791952466
0.8622827998634849
0.8620408324456734
0.8662689768256674
0.8668314473345546
0.8621098141517419
0.8619398545965891
0.8532293055325462
0.8496011682887039
0.8537009707374947
0.8612658692773197
0.8663681175231448
0.8644432545429284
0.8644432545429284
0.827963817608127
0.827963817608127
0.8301384236334086
0.8295293608576809
0.8278393665684458
0.8279415927224636
0.8211468372923229
0.8220793534736415
0.8310956555195425
0.8310781526489622
0.8288851410751853
0.8198942185914398
0.8199749382178395
0.8244745881754522
0.8225933935882558
0.8234023192788427
0.8234023192788427
0.8326046370266322
0.8349500667517404
0.8459460719875963
0.8459460719875963
0.835812800623214
0.8368070555453369
0.8368070555453369
0.8412841329439025
0.8322566872996565
0.8397545517309192
0.8394878287776875
0.8356924629203146
0.8363942800341909
0.8335550694437864
0.8335550694437864
0.8373202090655731
0.858513724918026
0.8639373615025482
0.8639373615025482
0.86448567274691
0.864794740421073
0.8753730558654472
0.889287602180393
0.879150778304427
0.8882917157475195
0.8937935228173584
0.8976386107476826
0.8960366832222073
0.890521811261431
0.8976363594785076
0.8976363594785076
0.8976363594785076
0.8971763741089763
0.8956088818857927
0.8946288887322593
0.8946288887322593
0.8883309783782704
0.8883309783782704
0.8809732450297374
0.8809732450297374
0.8809732450297374
0.8760831988548101
0.8612072933040789
0.8634402670433545
0.8629457157860949
0.8629457157860949
0.8629457157860949
0.8743848051753085
0.8741664912806106
0.8713783219108076
0.8715380418947151
0.8718544573027103
0.8800510297712572
0.8916729061622277
0.8951387007208436
0.8885457922872235
0.8885457922872235
0.9023999218194443
0.8886314953983636
0.8886314953983636
0.8909917281326252
0.8777470611846984
0.8803273732164549
0.8803273732164549
0.8846298348508346
0.8846298348508346
0.8861332822371394
0.8892798541360334
0.8892798541360334
0.8892798541360334
0.8797052178791975
0.8815858049630254
0.8910141121021928
0.8910141121021928
0.8822410871428243
0.8850738984948727
0.8881706775473132
0.8876727998359982
0.8864351458967559
0.8864351458967559
0.9114318650606534
0.9175226166703313
0.9195275492263305
0.9092257772993451
0.9243448717360403
0.931854311411625
0.9375195573439952
0.9440938456267554
0.9550180420550712
0.9536759484352195
0.9350900861642474
0.9408869287706018
0.9366393729070763
0.9432147784792256
0.9432147784792256
0.9232511023581667
0.9227078991407139
0.92269219259804
0.9292164600935783
0.918257410052979
0.918257410052979
0.924497388872858
0.924497388872858
0.9369248149598739
0.9369248149598739
0.936676634089053
0.936676634089053
0.936676634089053
0.9438206031434977
0.9538434960652328
0.9538434960652328
0.9538434960652328
0.9580894709408531
0.9606536910403002
0.9629961819285892
0.9533918681117284
0.9698352600514546
0.9798505098166476
0.9798505098166476
0.983779067154172
0.9741802755480083
0.9716899735623932
0.9716899735623932
0.9476587229711605
0.9607311578143455
0.9607311578143455
0.9643559019779417
0.9619626844234219
0.9506256147791978
0.9409283293937782
0.9409283293937782
0.9421553918191176
0.9408816771395725
0.9304405164732907
0.9151294655241073
0.9225417104460332
0.9180686606933071
0.9180686606933071
0.9163385842091278
0.9163385842091278
0.9163385842091278
0.9146562334782373
0.9132303987595272
0.9025087053778802
0.9025087053778802
0.902571725062794
0.8914430816822425
0.8909135556021573
0.8909135556021573
0.8907624014898968
0.8879980561433402
0.9037810274234355
0.9054417961398141
0.9056999062885362
0.9018448086452953
0.896367736745301
0.9081397340492611
0.9089189517375555
0.9089189517375555
0.9001197252686677
0.9001410771954735
0.8929595848170728
0.8924883768028191
0.8924883768028191
0.8871553532860876
0.8869799979141842
0.8930550815539284
0.9034480597958545
0.9016755041827399
0.9029741035787472
0.8967355907660812
0.8891852253429805
0.8891852253429805
0.8750067924914682
0.8716635047628981
0.8716635047628981
0.8716635047628981
0.8657706333540237
0.8582755387392778
0.8492956429950053
0.8491012552208513
0.849604346795519
0.8571446648662292
0.8621981539899464
0.8621981539899464
0.8602923743701837
0.8536380644744557
0.8566406589176824
0.8566406589176824
0.8487820366907196
0.8476022674187795
0.8477205542821122
0.8475223065216181
0.8491273539206855
0.8491273539206855
0.85473503569844
0.8485664338813783
0.8444534355942319
0.8444534355942319
0.8444975365433657
0.8349344344806888
0.8339233616529395
0.8339233616529395
0.8342780454091419
0.8358914312019988
0.8268250417145617
0.8248267862295661
0.8248267862295661
0.8248267862295661
0.8320574861619459
0.8256544609059527
0.8382515235093498
0.8382515235093498
0.8392369374109796
0.8577049508082105
0.8577049508082105
0.854830185355477
0.855082917181678
0.855082917181678
0.8610382499885841
0.8614906295714199
0.8546440269447203
0.8501812551718938
0.8524430675328705
0.8517698122861507
0.8523047719281188
0.8520904696546262
0.8520904696546262
0.85232181792036
0.85232181792036
0.85232181792036
0.8377197251811895
0.8346524793486587
0.8215481525478451
0.8127060280418522
0.8107639681479363
0.8107639681479363
0.8107639681479363
0.8106413189807404
0.8106413189807404
0.7948111274370672
0.7872450542175387
0.7756886092100455
0.7756886092100455
0.7745392138541158
0.7868383122050034
0.7901717805010103
0.7901717805010103
0.7823936314880064
0.7821520355338982
0.7827764204839869
0.7910514790699179
0.7770020634791397
0.7770020634791397
0.7742950990520435
0.7825057275932011
0.7899422272150287
0.7891227686871118
0.7960837741340439
0.7999155242028991
0.797497559416932
0.787369250546553
0.787369250546553
0.7813863314888662
0.7839488818565958
0.7878196928356912
0.7878196928356912
0.7882328652302467
0.793895806444101
0.7953336254157314
0.7998892129286115
0.7998892129286115
0.8067430011403144
0.8067430011403144
0.7936379969354584
0.7897497268847883
0.7895887328678085
0.784370451215406
0.7827286446499463
0.7806910084403837
0.7799504339875669
0.7802180389368788
0.7694872889359652
0.7698987416309648
0.77304875143641
0.77304875143641
0.7750264020856273
0.7750264020856273
0.7374411958531688
0.7365154102432523
0.7470256438903221
0.7453417120192051
0.7413163269555838
0.7413163269555838
0.7413163269555838
0.7455502773748115
0.7443174963297052
0.7397126945097998
0.7429017191695826
0.7429017191695826
0.7513676120325822
0.7515979062162633
0.7459003095436646
0.7437840124640357
0.7469869293600274
0.7407903994723011
0.7412461556102267
0.7370522593729483
0.745530887692926
0.7475065912272509
0.7344292150825541
0.7345897613138488
0.7231593451467304
0.7226652815249979
0.7231520456012935
0.7207637933908593
0.7229520896980822
0.7117240549268636
0.7178562913481763
0.7157778206361329
0.716417778412656
0.7108647840447958
0.7103177438235179
0.7187760782535509
0.7187760782535509
0.7153224399673087
0.7159866858278351
0.7159866858278351
0.7173106058121319
0.7173106058121319
0.7101516441139049
0.7101516441139049
0.7093823563972298
0.7073379045938625
0.7044882080662279
0.7021610049143079
0.6706407834406239
0.6706407834406239
0.6706407834406239
0.6812549510366753
0.6810146342590903
0.6735149345707596
0.6700519411417687
0.6775390213707072
0.6775390213707072
0.6787927631505706
0.6677451141553102
0.6376314157767227
0.6258063914249714
0.6218799434085126
0.6158670361358776
0.6248275992977718
0.6313380639870537
0.6313380639870537
0.6339697737817759
0.6250855301191204
0.6358249289791029
0.639069386357692
0.639069386357692
0.6411575840315414
0.6411575840315414
0.6516926458185636
0.6722076571278258
0.6722076571278258
0.6722076571278258
0.6769071090287032
0.6808205747774826
0.6808205747774826
0.6722717586316
0.6793500072379257
0.6746607235013939
0.6746607235013939
0.6710371625036522
0.6707346951365424
0.6657508378085933
0.6657508378085933
0.6577631335523453
0.6579776468542567
0.6673200965455289
0.669499563821486
0.665584341652258
0.6658575641538739
0.6657135536492951
0.6586340765165969
0.6618680135847895
0.6600682260827248
0.6431396687169242
0.6475036493443719
0.6475036493443719
0.6625537777806476
0.6795428702152605
0.678280160209081
0.6769856773428917
0.6757759231796467
0.6716303860669746
0.6716303860669746
0.6716303860669746
0.6624068007583261
0.6624068007583261
0.6670980725079223
0.6670980725079223
0.6639209226638696
0.6640309105605725
0.6544069450195839
0.6544069450195839
0.6544744066134753
0.6523623878270309
0.6523623878270309
0.6487178421382352
0.6487178421382352
0.6487178421382352
0.6407135066935014
0.6403592755180864
0.6383787790985834
0.6383787790985834
0.6391613332027734
0.6389699982643148
0.6336797407613013
0.6336797407613013
0.6336797407613013
0.6267435356723854
0.6282491681127881
0.6277965934583392
0.622818808247937
0.6161707224969031
0.6115106173888214
0.6107159535706483
0.6106194385339078
0.6095851276476623
0.5937005385994211
0.5937005385994211
0.5952311576991196
0.5954115093785901
0.5947267737352314
0.5971427517623786
0.5894717716039909
0.5891009876213155
0.5871886678230758
0.5871886678230758
0.5706551815584351
0.5706551815584351
0.5681790094084301
0.5667622013879198
0.5667622013879198
0.5675743503351752
0.5654504792438858
0.5654504792438858
0.5654504792438858
0.5661836068979625
0.5699975624612034
0.570523210735232
0.570523210735232
0.5707691412845974
0.5633070817039336
0.5589245406314843
0.5571722287970127
0.5571722287970127
0.5571722287970127
0.5566258026123165
0.5566258026123165
0.5486356552126287
0.5486356552126287
0.5566959155165525
0.5571062275058054
0.5490977783347889
0.5490977783347889
0.5370179633657712
0.5198215841142955
0.5153085458607605
0.5149386978697493
0.515508226111132
0.5196128747433069
0.5153038315782513
0.5153038315782513
0.5153038315782513
0.5114713962374873
0.5114713962374873
0.5129168165697477
0.5129168165697477
0.5129168165697477
0.5139756952602118
0.5047599791156936
0.5035876436434344
0.5031024681174164
0.505335987840867
0.4999635492064439
0.4999635492064439
0.5013147878533797
0.5013147878533797
0.4987075785429682
0.4987075785429682
0.47791450017316806
0.47830497138970685
0.47646605647423335
0.48174360840536146
0.48221385680031564
0.48687858380298915
0.48687858380298915
0.5014430985985243
0.5014430985985243
0.5046622601105442
0.4956926394286541
0.49229053139054135
0.49335328073544144
0.49335328073544144
0.4977618276202776
0.4973088109602712
0.5014598421950185
0.5014598421950185
0.5007112156292872
0.49904321478196034
0.4984387921048902
0.4984387921048902
0.49314946384865604
0.49314946384865604
0.4884416250621556
0.4884416250621556
0.4884416250621556
0.4818362207001016
0.4818362207001016
0.48106865580833863
0.47921486228635385
0.47921486228635385
0.4675847691257858
0.4656808084979406
0.46440930180547385
0.46440930180547385
0.46440930180547385
0.46440930180547385
0.4668033466229998
0.46674007664607736
0.46674007664607736
0.4580856225130589
0.4644238240683928
0.46470777733236934
0.46470777733236934
0.46529727913150826
0.46529727913150826
0.46529727913150826
0.4673366223676986
0.46662628891394803
0.4521292789497556
0.4521292789497556
0.43770119335602664
0.4390413602174904
0.4390413602174904
0.435715860586769
0.42706110991261015
0.42620341753703966
0.42620341753703966
0.4333525735284503
0.4333689857273559
0.43619808400233473
0.43619808400233473
0.43266950740352494
0.43354323577785125
0.4372679620423368
0.42332751958400483
0.4237883756770959
0.4237883756770959
0.4215500133412861
0.42602918722203176
0.4255714834609
0.4258413028851829
0.4258413028851829
0.43030503311734036
0.43030503311734036
0.42490637749959675
0.4189578287941126
0.4306446097155983
0.4331369179440368
0.4331369179440368
0.4331369179440368
0.4315704341893943
0.41512748191311943
0.4193009136756141
0.4193009136756141
0.4193009136756141
0.4205587818545389
0.4141645270235017
0.41560524823063555
0.41369074027508906
0.412734560953674
0.412734560953674
0.412734560953674
0.41449284522244306
0.41355893170465463
0.4123841070549785
0.4123841070549785
0.4123841070549785
0.4211858611297264
0.418112340754032
0.4188206430998891
0.418765605932639
0.4229991943762931
0.42362955170703054
0.4295978397382849
0.4295978397382849
0.4300780533002003
0.4285587665174512
0.42815917449489643
0.42815917449489643
0.4151952265914462
0.41546519051781816
0.41021004905103703
0.41021004905103703
0.41063559240044434
0.40690027858270483
0.40655606813575246
0.40655606813575246
0.40557161712838913
0.4086181908545579
0.4086181908545579
0.4076510878911373
0.4076510878911373
0.4095425922072539
0.40764449257727364
0.40764449257727364
0.40764449257727364
0.40859240739893793
0.40863825214751187
0.40512204586144573
0.4005202600132422
0.4005202600132422
0.4005202600132422
0.40236519350196037
0.39050705224988774
0.39050705224988774
0.39050705224988774
0.38184672503601086
0.38184672503601086
0.38389366756499216
0.38389366756499216
0.38880574684104496
0.3905437573992669
0.39039783696280267
0.3911048894361011
0.38635615489209557
0.38635615489209557
0.3922544432541194
0.39144964794175285
0.3936839758905891
0.3936839758905891
0.3923589091691469
0.3923589091691469
0.3921016925840145
0.3907982580471909
0.39230822270179494
0.39230822270179494
0.39230822270179494
0.3931562033053894
0.3931562033053894
0.3931562033053894
0.3925508379196586
0.3925508379196586
0.393315240370886
0.3934822853614684
0.38697956035796033
0.38661041378621125
0.3886744897992337
0.3937109801932053
0.39521822969343245
0.39521822969343245
0.3960569578707574
0.3960569578707574
0.39674150959926674
0.3960486275403244
0.39748220109021004
0.3983992098500012
0.400259504041799
0.40040619917216697
0.40040619917216697
0.40040619917216697
0.40040619917216697
0.3984046310261063
0.3982883644195174
0.3982883644195174
0.3983594817453169
0.3983594817453169
0.3987895103574067
0.39787515138674834
0.3971632240453939
0.3971632240453939
0.39671732920916747
0.3962117972946372
0.3990607723955216
0.3990607723955216
0.40544855194482204
0.40544855194482204
0.4121137601562939
0.4121137601562939
0.4121137601562939
0.4121137601562939
0.411201562507695
0.411201562507695
0.4112244137126059
0.4112244137126059
0.4112244137126059
0.4112244137126059
0.41190135341529716
0.41190135341529716
0.41190135341529716
0.4118463710161148
0.4137352166032289
0.4137352166032289
0.41692099779801123
0.41591438931509334
0.41591438931509334
0.41591438931509334
0.41591438931509334
0.41622448161703457
0.41439241385576814
0.41439241385576814
0.41690589033582925
0.36859156208355154
0.36859156208355154
0.36859156208355154
0.36623114125239825
0.36623114125239825
0.36353032259330376
0.36353032259330376
0.372139970750358
0.37090341304585833
0.3617951247237431
0.3617951247237431
0.3617951247237431
0.3584716510163728
0.3584716510163728
0.3584716510163728
0.3584716510163728
0.3584716510163728
0.3431630430148208
0.3422672901098987
0.3422672901098987
0.33669609152803803
0.3358506682551044
0.3358506682551044
0.3358506682551044
0.32192030065836597
0.314191001574705
0.314191001574705
0.314191001574705
0.307757025432784
0.307757025432784
0.307757025432784
0.307757025432784
0.3075230750281806
0.3075230750281806
0.3075230750281806
0.3075230750281806
0.3128999661139337
0.3128999661139337
0.3128999661139337
0.3128999661139337
0.2902808066963141
0.2893656448170016
0.2893656448170016
0.2893656448170016
0.2893656448170016
0.2893656448170016
0.2893656448170016
0.2893656448170016
0.2794914801106544
0.27603059867611823
0.27603059867611823
0.27603059867611823
0.2718318206915841
0.2718318206915841
0.2718318206915841
0.2718318206915841
0.2718318206915841
0.2718318206915841
0.2647434820585047
0.2647434820585047
0.2647434820585047
0.2552362924607385
0.2552362924607385
0.258931984343987
0.25799910375908314
0.2556087956280398
0.2556087956280398
0.2556087956280398
0.2556087956280398
0.2556087956280398
0.2556087956280398
0.2556087956280398
0.2556087956280398
0.2556087956280398
0.25401013455533467
0.25401013455533467
0.25401013455533467
0.25401013455533467
0.25401013455533467
0.25401013455533467
0.2511025849070635
0.2511025849070635
0.24528926895743247
0.24528926895743247
0.24528926895743247
0.241434727480505
0.241434727480505
0.24190014309728045
0.23520384636422773
0.23520384636422773
0.23520384636422773
0.23520384636422773
0.23546591761815136
0.23546591761815136
0.23546591761815136
0.23546591761815136
0.23546591761815136
0.23546591761815136
0.23188049342780145
0.228346738325577
0.22670856895455432
0.22670856895455432
0.2272664570274746
0.2272664570274746
0.2272664570274746
0.22491628972331482
0.22491628972331482
0.2217300188442014
0.20147050426398658
0.20147050426398658
0.20147050426398658
0.20147050426398658
0.20147050426398658
0.20147050426398658
0.20147050426398658
0.20147050426398658
0.20147050426398658
0.20147050426398658
0.20147050426398658
0.20147050426398658
0.20147050426398658
0.20042596354251585
0.20042596354251585
0.20042596354251585
0.20042596354251585
0.20042596354251585
0.20042596354251585
0.20042596354251585
0.20042596354251585
0.20042596354251585
0.20042596354251585
0.19780404048261063
0.19780404048261063
0.19780404048261063
0.19780404048261063
0.19780404048261063
0.19688708884759215
0.19688708884759215
0.19688708884759215
0.19688708884759215
0.19688708884759215
0.19688708884759215
0.196122020213229
0.196122020213229
0.196122020213229
0.196122020213229
0.196122020213229
0.196122020213229
0.196122020213229
0.196122020213229
0.196122020213229
0.196122020213229
0.196122020213229
0.196122020213229
0.196122020213229
0.196122020213229
0.196122020213229
0.196122020213229
0.19588242360828775
0.19547399795907586
0.18184206523622853
0.1726000486797897
0.1726000486797897
0.1726000486797897
0.1726000486797897
0.1726000486797897
0.1726000486797897
0.1726000486797897
0.1726000486797897
0.1726000486797897
