0.0466667 0.024453024659402856
-0.0866667 -0.060993317869425745
-0.3733333 -0.38063929487666226
-0.1533333 -0.1341242121337314
0.0366667 0.04342440904102379
0.0066667 0.029935088869384674
0.7633334 0.7611064766377252
0.61 0.5880442327614408
0.3833334 0.3767256311377884
-0.28 -0.305595388445123
0.56 0.5774044693168919
0.1633333 0.13734828490456327
0.1266667 0.10749665720770651
-0.71 -0.7366206354253041
0.9666667 0.9630997056005896
-0.86 -0.884289553080093
-0.59 -0.5790903963919634
-0.2366667 -0.2450867314286646
-0.4033333 -0.4239724032640826
-0.7566667 -0.7476526385146359
0.7133334 0.749357232095182
0.4233333 0.4277403287146212
-0.2933334 -0.3193427345654137
0.72 0.7353154026633003
-0.9666667 -0.9779514071726407
-0.9966667 -0.99597529165223
0.9833333 0.9972902065149732
-0.6666667 -0.6574955916953468
-0.17 -0.16192546890848541
0.9 0.9156699182818707
0.03 0.04297561297349428
0.27 0.25478072461511114
