0.0466667 0.04494441077946243
-0.0866667 -0.06983577615311137
-0.3733333 -0.37606633848548865
-0.1533333 -0.16998160708895454
0.0366667 0.054844155450906984
0.0066667 0.005133770274175942
0.7633334 0.6781527639179503
0.61 0.5607810852914511
0.3833334 0.3798505274640732
-0.28 -0.30276969998783965
0.56 0.5667926954855658
0.1633333 0.15563350646774637
0.1266667 0.1049413201837038
-0.71 -0.7336474622308395
0.9666667 0.9840192612852461
-0.86 -0.8560170364035473
-0.59 -0.6011555807635973
-0.2366667 -0.2537355081849588
-0.4033333 -0.42434042222089097
-0.7566667 -0.7345394449194482
0.7133334 0.735316218653461
0.4233333 0.4520357172123207
-0.2933334 -0.28963137239601844
0.72 0.7182321591986756
-0.9666667 -0.9772641711587008
-0.9966667 -0.9974773040832303
0.9833333 0.9698346195039473
-0.6666667 -0.6550560521423119
-0.17 -0.15957772560979283
0.9 0.8992395279126186
0.03 0.04238495848816187
0.27 0.27056595595666044
