0.0466667 0.03631186878668663
-0.0866667 -0.10423845150952987
-0.3733333 -0.3559358152172323
-0.1533333 -0.14995363836838482
0.0366667 0.024551656715765008
0.0066667 0.011391334762999528
0.7633334 0.7740522493278792
0.61 0.6059830826570298
0.3833334 0.3821386605864149
-0.28 -0.3003859937616488
0.56 0.5895010015696454
0.1633333 0.1620209883893206
0.1266667 0.07009152551619649
-0.71 -0.7430445796917992
0.9666667 0.9894748111204981
-0.86 -0.8589769052776761
-0.59 -0.5964534416120038
-0.2366667 -0.24730514208527193
-0.4033333 -0.4265464273642921
-0.7566667 -0.7496963245771302
0.7133334 0.7446318343892562
0.4233333 0.4328764262174789
-0.2933334 -0.3245775180045567
0.72 0.7445476444956753
-0.9666667 -0.9542435448026865
-0.9966667 -0.9984591204275054
0.9833333 0.9721239668202393
-0.6666667 -0.6373482176819687
-0.17 -0.19761266479789213
0.9 0.8981320899112402
0.03 -0.006728744119675556
0.27 0.2575171018978846
