0.0466667 0.058592294809602985
-0.0866667 -0.06970954072197844
-0.3733333 -0.3706923752859059
-0.1533333 -0.14349728818304203
0.0366667 0.04951468567779821
0.0066667 0.02680149900288914
0.7633334 0.7433042038340812
0.61 0.600176879461999
0.3833334 0.3884568960530584
-0.28 -0.3153654619184284
0.56 0.5514911572389448
0.1633333 0.16566967409772
0.1266667 0.1144434912393898
-0.71 -0.750154925294752
0.9666667 0.9542546892808292
-0.86 -0.868582626915045
-0.59 -0.5918987635947517
-0.2366667 -0.24512029386355982
-0.4033333 -0.43904090400246926
-0.7566667 -0.7523272821892447
0.7133334 0.7469988189018939
0.4233333 0.4295551102270057
-0.2933334 -0.349798040975903
0.72 0.7410189624498573
-0.9666667 -0.9844372964365244
-0.9966667 -0.9974226248758863
0.9833333 0.9790727430468456
-0.6666667 -0.6486308968168906
-0.17 -0.15241769958251428
0.9 0.8933922766387514
0.03 0.038892764616789866
0.27 0.263001271112944
