1.674319197354915
1.5757511491321678
1.591240756703928
1.5970925190199525
1.5890702950030924
1.6054393216072762
1.6054393216072762
1.6007189544225964
1.5869666022060887
1.578584486141652
1.5613574040384228
1.537700835772942
1.5344385979271964
1.5369337673784234
1.5339935051432805
1.5597626873372197
1.5539509201420165
1.5575877935087792
1.557473929103801
1.5639459232604664
1.5639459232604664
1.5646232011873231
1.5658811439751177
1.5625748645911026
1.5428364608054368
1.5379878451867832
1.5368984309791982
1.5425622946423152
1.5457974952290985
1.544001350946478
1.5249179826924177
1.512898302018281
1.5148872810080254
1.5188816441529762
1.514110749622359
1.5172975096882593
1.5172975096882593
1.5172975096882593
1.5164906906945663
1.5185113953694693
1.513407019528915
1.5133435247832305
1.5197888751571782
1.5328997879944595
1.519501841716614
1.5266796108816671
1.5276199084515756
1.5284295733813538
1.5274884329677898
1.5274884329677898
1.5214983833635547
1.5272068370456484
1.5258863364719013
1.52831339168275
1.511950969198847
1.5133496701634088
1.516209876824181
1.5248158192824413
1.524698431713763
1.5246908833152504
1.5329134831756637
1.531427938066306
1.508689869218805
1.505389498973684
1.5061989657739479
1.5110078065504355
1.5060761697794292
1.5055148370298452
1.5119113603683243
1.5129649505844143
1.525388825394637
1.498434719180727
1.482190882534042
1.4813052927404071
1.4669236068965534
1.4667705067887606
1.4541075952667002
1.4383577278306423
1.4383577278306423
1.4364951074363679
1.437137286483844
1.4535949690587748
1.4535949690587748
1.447869347256699
1.4490648363639573
1.450722274453957
1.4406911584386057
1.4410625408476385
1.4402621496528918
1.4487353411155972
1.4282576812341918
1.4249510445519347
1.426086767161633
1.4191295395541805
1.403858391286247
1.4041741331403168
1.390385180671564
1.3967175706300616
1.3960414606237048
1.3849702358212623
1.3910314270814237
1.3916932480293773
1.3863034130210408
1.388668642585558
1.3961729569296673
1.3964980996835248
1.392106425389729
1.3797931593022859
1.3797517615846275
1.3746540326221415
1.3607113390084942
1.3621279112393871
1.3592571847103772
1.3540361697414598
1.3479904798048326
1.3498564762243719
1.3486461995868377
1.3486520843129033
1.3455089611283166
1.3370911633861633
1.3314085549863874
1.3380438468025984
1.3363654858623073
1.3460416638984474
1.3251292517814455
1.3141060654906436
1.3341857486926767
1.32606130619444
1.3486896544052047
1.348927574182963
1.3540921147018325
1.353409226229516
1.3511702799881316
1.3505044498434116
1.3471486966166706
1.3319876696467547
1.319334345108333
1.329782189205296
1.32965705882249
1.3306763227451726
1.3371337386764106
1.3388255370615
1.3409386674337334
1.3467103793552548
1.3422110319185416
1.3619077959499744
1.3578986436212517
1.3814200576815328
1.3740882338402802
1.3766883408071129
1.379762108096477
1.380346155195756
1.3796661086686952
1.381315940032687
1.368975021950414
1.383477676449971
1.3879681711667744
1.386878671595686
1.3878953178056008
1.3880365021129375
1.3985377620602157
1.398257903200795
1.416537005474734
1.4168705504753487
1.4176526472149338
1.420479608979874
1.4247073951835456
1.4288677583849876
1.417167394762759
1.4237827973719006
1.4088641283468863
1.4216650757281752
1.4190953779663664
1.4196744344460532
1.4083696790231481
1.3927358473302607
1.3759411946210698
1.3730983347048964
1.4060451931973232
1.405130827809075
1.4080710337648805
1.4087376129976668
1.4096017817189226
1.4074795280119847
1.4103810305080593
1.402319027246397
1.4047208430807119
1.4056889977474656
1.399953465246489
1.3973027393801964
1.3886646072688635
1.3890484803167706
1.3905100309706282
1.3655151233853775
1.368929824827723
1.3808436768145667
1.38432954592559
1.388649878309513
1.384720591854965
1.3799743107342555
1.3818108006916092
1.3957060579777525
1.3942080819209817
1.4051401901396874
1.4365357821546805
1.423819253703374
1.4228267023866943
1.4184766392595611
1.4279574217865427
1.420002163203923
1.4079248450602573
1.4151065887705865
1.4177801482412065
1.4136026105893478
1.417834686988434
1.4257062256608413
1.4132595637751861
1.4122070551976236
1.408209013479006
1.4081366063103695
1.4084680103646838
1.4002267695738697
1.4016143250234407
1.4128397035218787
1.4121581234441882
1.4196170276449382
1.4173725957337389
1.4093657102468435
1.4079449337741796
1.4079449337741796
1.4028676737457062
1.3981248802700341
1.3935148327580125
1.3866216173232713
1.3854274488000626
1.3733909955050465
1.3764087658379358
1.3683177805201636
1.3536504711693609
1.3513967997584992
1.3474064438282112
1.3325980131724247
1.3260785648766762
1.325788321755045
1.3279220925247899
1.3301018771242308
1.3049594539662017
1.3068802792845737
1.3099114703484305
1.308480699344962
1.3308710840445837
1.3055422666611463
1.3077650945454287
1.30428404939844
1.3035867596541555
1.3008863636042325
1.3054861566835694
1.3068079601972544
1.3046155409082028
1.3210903158852387
1.3090992904675418
1.3094180715672998
1.3083222828460304
1.3243003666151054
1.3243003666151054
1.3152433178807323
1.312909848834001
1.3136801286994497
1.315357577661104
1.3160983351605338
1.3143451622212377
1.3136405514698906
1.3133750142492662
1.3168488869528965
1.3168488869528965
1.315971794032384
1.306915784825364
1.3111364116588675
1.3106127443943927
1.3110877327285366
1.3117734941621204
1.3058175666762177
1.3104796682254902
1.3056843759626482
1.2945252912393843
1.2911017293717066
1.2864784977551973
1.2813847670516962
1.2838823304000766
1.2808142354577825
1.2876540824079898
1.286762208553218
1.2851049550116704
1.2896302392446601
1.2896302392446601
1.2769911623803922
1.2802543055224755
1.2802827643682504
1.2822623294362296
1.2833361792679876
1.2818189861584586
1.2817933345888033
1.2615805076080515
1.2593801246934657
1.258935842916327
1.268675269989934
1.2914065049819037
1.2914065049819037
1.2916394673508163
1.2882734746563627
1.298393316051567
1.295224127790779
1.2952358396991366
1.2872598716952939
1.2883073975953492
1.2799107727924466
1.2778469221561541
1.2780219499556864
1.2804806808936795
1.2804806808936795
1.2897565966054902
1.2864264553160187
1.2896061186628625
1.290748820110232
1.2920754519609183
1.2976192597306424
1.303998218935524
1.312537454416954
1.3114202943309816
1.312290049175898
1.3052492329811702
1.3015679743564454
1.3113505348994934
1.3130314169218102
1.3130314169218102
1.3115220367145473
1.3100383630054333
1.2883508553531389
1.2951245371117248
1.2951254962595198
1.3220906560020058
1.328882129655584
1.3518401254944343
1.3539807688916348
1.3515079569043456
1.369589617749832
1.368707529957866
1.3684552325827595
1.3645002319105906
1.3711580466398596
1.3648684736480754
1.3612679730767998
1.3612679730767998
1.363745708727601
1.370333463987318
1.373481249169042
1.3739580541321663
1.3739580541321663
1.3844638522279729
1.3793204834572106
1.3799217138076245
1.3833349960751085
1.3837355597221115
1.3868927738405932
1.3855362994633786
1.3996990668838618
1.3997069770880002
1.3984741319515068
1.3879782856144531
1.3665175238345935
1.3670973278491343
1.3530279291326086
1.3455874723120975
1.3436234571744452
1.344918784529495
1.344195452529107
1.3294042802742103
1.3278140628209
1.3299434406801334
1.3253044949395687
1.3249226715033637
1.3348269197599225
1.3346370823090052
1.3238197601317176
1.3243034883555842
1.3209688782122375
1.319163558378393
1.3255982426594406
1.3264722058525469
1.3205788769666593
1.3222890928698563
1.323559833843469
1.3162603397673345
1.3034396280490017
1.30285959468934
1.3023902359040378
1.2896398301805285
1.2790676454962306
1.278689132668848
1.2781620520830286
1.277623372889351
1.262399949970844
1.256393834727379
1.256393834727379
1.2582452894628904
1.2612704371828891
1.2582798152665093
1.2516185999143061
1.2502077849798567
1.2503706453954964
1.2601866536730217
1.2624668028740271
1.2712519992250182
1.2716382211658128
1.266662952224834
1.262181806780146
1.263260567891625
1.2628035219167304
1.2707626341101408
1.266028308220242
1.2686415830543383
1.2659072310498636
1.2653680593894043
1.2728644831703966
1.2731736906908049
1.267880782563143
1.2667928901090868
1.2727438210202142
1.2670714038684434
1.2598273293036435
1.260206996616093
1.2397230472848786
1.2221296666734163
1.2229682349218463
1.2263663164444851
1.2309323770682012
1.2298540046823812
1.2284310260207325
1.2279083684792553
1.228719473196394
1.2211480767862684
1.2242682241178144
1.2236079632835128
1.2245401516594017
1.2151277793704909
1.2320733811680795
1.2450187776994739
1.2424617709735573
1.2424617709735573
1.2452224266540948
1.2494805046146393
1.2470440471165425
1.257594050016444
1.257594050016444
1.2525057962540067
1.2729395538131032
1.2472555356259762
1.2469567211232384
1.2496659828191288
1.254411493872371
1.2515493374007156
1.2507663943626957
1.2399202136976273
1.2399202136976273
1.2405015199260796
1.2417334891514997
1.2474189565947948
1.2472121220605257
1.2552402248849694
1.256878544949059
1.2572166541734773
1.260451749285136
1.2664439145904154
1.2664749112634883
1.2667050762137215
1.2737913964620529
1.274743179106729
1.2622920008249308
1.2622920008249308
1.2607904735538384
1.2603088427413613
1.251386278488282
1.2487553576172408
1.2487461005946157
1.2486589274698952
1.2326934935640914
1.239223064737901
1.2368512395753768
1.2394640666513546
1.2252612036114514
1.228119544366483
1.2338308016748312
1.2353431937542376
1.2312422181971368
1.2323697357801227
1.220828687252757
1.2225240735170573
1.2263493891528672
1.2337701656476598
1.2337701656476598
1.217441036470564
1.219783113369753
1.2177350275048018
1.190368791130352
1.2035960958741934
1.2035960958741934
1.200657699953251
1.2070387731835388
1.2108366875119094
1.2279037757098428
1.2279037757098428
1.2208502406383892
1.2036653489440547
1.2065924158816723
1.2072451531772297
1.2078596686405971
1.223900948094895
1.2306750628064862
1.2358576221072544
1.2336747088284732
1.2341944716328714
1.228824912617912
1.2352364495193917
1.223403476100536
1.2123882245039037
1.189158533394048
1.1875295483033006
1.1807662911186172
1.179651653491622
1.192394912292111
1.199082502487845
1.1935115329793453
1.2014870945174383
1.1918470254715066
1.194530802314783
1.1972602623490411
1.1972602623490411
1.2020526981245603
1.1671658745435793
1.1773621198438056
1.1916113676627564
1.1874251588552973
1.188066096580455
1.165968760246551
1.1648206273157384
1.1664504755637437
1.165466298052901
1.1646746693434016
1.1559904685050557
1.1489390107875754
1.1489390107875754
1.1374240762051664
1.135818382173793
1.137033106406421
1.1420853635246242
1.1280025240037201
1.1190606001042107
1.1158502982723608
1.115210692209781
1.1024467690830844
1.098449284048844
1.1016945514280465
1.0919087137761205
1.078260727096415
1.074259490679463
1.079124723133728
1.081639892562119
1.0786316359366552
1.0786316359366552
1.0895291839200556
1.0813130701244242
1.0931112535547507
1.0836761504959114
1.0820065968488088
1.081872221514804
1.0787136073891892
1.0822380026951015
1.0800894906094658
1.076432577969453
1.0744117537481548
1.0816157284552224
1.0805641588634536
1.080837035284265
1.080837035284265
1.0853249984322397
1.0853249984322397
1.0967120884270387
1.0965020512158203
1.0965020512158203
1.0965020512158203
1.0967323427132822
1.118154866011712
1.1232949058679376
1.1355142047964883
1.1367338174842438
1.1367338174842438
1.1354434934685007
1.1354434934685007
1.1282298791972694
1.126526150120105
1.1270423060736208
1.1289436249109586
1.1289436249109586
1.145692715175091
1.1388686863515862
1.1292017820900946
1.1317398017666431
1.1403380119571536
1.1297393049935696
1.1297393049935696
1.1244733840965557
1.1152533133965274
1.1214267749343692
1.1221709754743288
1.1225393519650073
1.1326678609006244
1.122280782497884
1.1209177884077934
1.1200548746168373
1.1171974774439515
1.122295503885452
1.1246496110606097
1.1235692474364862
1.116568309939639
1.116568309939639
1.0981806236562557
1.1125997329648816
1.1125997329648816
1.115331016918238
1.1160923491127037
1.1160923491127037
1.1160923491127037
1.1119774628841634
1.1142182190808665
1.1142182190808665
1.1179577719347749
1.1148529122022988
1.1148529122022988
1.1110048247857194
1.1112789092778312
1.110800331751448
1.1107650322950162
1.1172575077827471
1.1204299317520132
1.098147453461931
1.0978326758577783
1.1107199720241623
1.1218164340865764
1.1044871555185125
1.105362484918785
1.1180480740607475
1.1084076434709973
1.1047051649518518
1.1041113648273984
1.089966054088891
1.0894146817538957
1.0894232341625947
1.0872089235258187
1.0734761069728909
1.0702793086744609
1.0748770916242172
1.0802219419974746
1.0807742018837299
1.0808259624931094
1.0754170395954046
1.096016545158913
1.0855206455125517
1.1056803691219699
1.1037073735090452
1.1042293652128665
1.1042293652128665
1.1012681395720976
1.0889025014349578
1.0871397297901573
1.0874935009894977
1.0975078164152174
1.111034913683015
1.1109635191607041
1.1134306060063583
1.0862808286176182
1.088091616294836
1.0694659321742679
1.0540859730914978
1.0547600084698752
1.0587103563920053
1.0638226890261866
1.0641939099292073
1.074350184112953
1.0709431691783866
1.0709431691783866
1.0770451537712191
1.079107536022906
1.0810718125527052
1.087024743646674
1.0871049502530001
1.0859136030002634
1.0864011130356215
1.0864011130356215
1.0802737006208445
1.0824271473277487
1.0872319230351135
1.0940477621750855
1.1007455432587725
1.1009839260651757
1.0961755345609228
1.096085056349485
1.1120240993519084
1.1245373443581854
1.1244544746763974
1.1262638645317233
1.1317639003515731
1.1267878596742942
1.12632488044778
1.1175211548312183
1.1119044549760586
1.1133911077815841
1.113397331840442
1.113397331840442
1.114170020044343
1.1046667529829766
1.099505641859525
1.1015016024918975
1.1015016024918975
1.0979418974624386
1.1096559626971068
1.0939253681697696
1.097406035561975
1.0808976943260902
1.0811018169088926
1.082241276696653
1.0871382343505107
1.0863959473874967
1.0621865016270453
1.0621865016270453
1.0531873083693974
1.0537963721181338
1.0488762351263263
1.0662562642176152
1.0732129845609422
1.0762887301459307
1.0762887301459307
1.0841054743024454
1.0897768250953297
1.083084325275023
1.0735498359127382
1.0568227967838757
1.0568227967838757
1.049794821444985
1.049794821444985
1.0367305668760851
1.0437535482043612
1.0379593539053409
1.0302570448174377
1.0280515550614269
1.0280515550614269
1.0221508039413456
1.0230915125779618
1.0166618764077509
1.017582937078932
1.030765486201088
1.0283501661600065
1.0283501661600065
1.040394577232401
1.04099844837244
1.04099844837244
1.0523896641525439
1.0515972698160765
1.0515972698160765
1.0498314372795914
1.0498010354781042
1.0572361407911692
1.0430554393773757
1.0470375377326173
1.0363222924252395
1.015768711468694
1.0144976334354776
1.0028614714321276
1.0001678056428205
0.994999331953216
0.9945031682051444
1.0024554999344033
1.0024554999344033
0.9959105013636651
0.9959105013636651
1.0015792531438374
1.0015792531438374
1.0143103668259184
1.0045209121130527
0.975338021905667
0.9776082681394136
0.9702927282907681
0.9765822571202942
0.984567044377981
0.9824661337539493
0.9862901884594704
0.9885984820212264
0.988530817600538
1.0071932915819415
1.0071932915819415
0.9953477944810502
0.9911162599552259
0.9759120890320432
0.9753926246859101
0.9753926246859101
0.9761158425792851
0.9602099745020135
0.9591570201103481
0.9524851375668365
0.9463916692389118
0.944049200580115
0.9466735531561383
0.9459152968333834
0.9391803231262928
0.9273334893746601
0.9235783758462356
0.9207193839761134
0.92142878313691
0.9222615733606583
0.9278779485739446
0.9288129036122451
0.9269734744713617
0.9486119149448269
0.9421354115515916
0.9290873501053097
0.9258373103944081
0.9272845998119301
0.9237906822859453
0.9236806133926668
0.9318310633359046
0.9267368269557644
0.9268568370394015
0.9268568370394015
0.9306794194751579
0.9499619018951674
0.9499619018951674
0.9498815458900273
0.9516867223324184
0.9516043228898274
0.9517647323201894
0.9531518096885037
0.9568444576288571
0.9589750337902236
0.9604585678731067
0.9634812183734108
0.9696396056878891
0.9689078942989383
0.968752506718209
0.9609481790669206
0.9777453119438734
0.9755862280775054
0.9887161902590603
0.9954558954097752
1.011127629218941
1.0002037553410785
1.0106387455619148
0.9975292228975376
0.9783648171362395
0.9904577470298453
0.9928263246393342
0.9907964348233235
0.9907149530412246
0.9904068992568203
0.9904068992568203
0.9849793353505845
0.9852305400409762
0.9816602109831108
0.9861572382586771
0.9902405557243906
0.9868594740968327
0.979779697639989
0.9797996459908187
0.9793260545639961
0.9794327138453399
0.9788714732586632
0.986543008147549
0.9875750485289059
0.9835345463703878
0.9991551850617715
0.9991551850617715
0.9994774781114815
1.0088093278286137
1.0088093278286137
1.0088597363362224
1.0038544614956841
1.0038544614956841
1.0038544614956841
1.009140792775933
1.0099154128401786
1.0097564244628194
1.0098166275245026
1.0058963900610902
0.9896526481084822
1.0023893628894145
1.00205086752312
1.0068107884656656
1.0025062367388307
0.9991247027268714
0.9989740794556121
1.004572951797609
1.0037399259985518
0.9916211270125074
0.9964444786336256
0.9899937018950918
0.9905037688033368
0.9894349633560103
0.9860068344081211
0.9863796223136742
0.987517448334872
0.9634928637655019
0.9623218852853418
0.9636427433616129
0.9603532424407027
0.9578077057359435
0.9428914736406978
0.9424574830879141
0.9343521613771759
0.9334601638141495
0.9346057016915867
0.9336550183507375
0.9497638371742151
0.9466782897307864
0.9466112433211161
0.9666637683521795
0.9719649207272595
0.9718717494465668
0.9747644499855711
0.9734008009959034
0.9757598885081773
0.9819139882979555
0.9910853287091508
0.9910853287091508
0.9888616770049691
0.9885657516221318
1.009983747400425
1.0101021490074564
1.01399160516469
1.0121720619636072
1.0083701620783576
1.0255370169933349
1.0125251023612272
1.0142510002238898
1.0095069354986093
1.0097086464604075
1.0052452925807223
1.00313959810909
1.0013237713932417
1.0193147827166011
1.0227445764062286
1.015515182147562
1.0153508092188843
1.0212551843759932
1.0257488373710755
1.022062478755845
1.0261701070878433
1.021632285426987
1.0160223232860008
1.019324517078252
1.023732694588239
1.0232132372812706
1.0285972879125567
1.0313613136579851
1.0298196293322075
1.0300282974007657
1.0288480019529747
1.036021318019743
1.0356889252523191
1.0052549865936824
1.0063848068287324
1.0063848068287324
1.0091708650071969
1.0343705065558344
1.0350794858498016
1.030439601649798
1.023904121880386
1.0282765507751306
1.0276838543458746
1.025940437541654
1.0215756980257564
1.0215103151266471
1.02245439341144
1.0248641771586084
1.0247044921335104
1.0188363779432126
1.0265445198213516
1.0221948626107646
1.0207305727748566
1.0190720180712227
1.0224195696427114
1.0191894640824426
1.0214540317712208
1.0214540317712208
0.9943050662571478
0.9934367944492026
0.9934367944492026
0.9934367944492026
0.9934367944492026
0.9934367944492026
1.0280979296172925
1.0284457683167831
1.0277037790190011
1.0277037790190011
1.0267926398782794
1.0339217119143804
1.0339342937456577
1.0292067750989369
1.02911939185371
1.0282079409431149
1.039733947011867
1.0396658018356504
1.0349611163195196
1.0349893257880254
1.0371789045423248
1.0379476947478363
1.0413554362656405
1.0527420575569715
1.0527344895584092
1.0551989384008185
1.0551989384008185
1.0428955964172033
1.0353504828494338
1.0350926271998668
1.0330852415549165
1.0153897167872121
1.0238108705088176
1.033135239929519
1.0332775935497163
1.0374515977274286
1.0374515977274286
1.0409874666758392
1.043065397954307
1.0491480426425206
1.0281089266109995
1.0281089266109995
1.0325645051582388
1.0317020683951077
1.0324302160283836
1.0258067908108424
1.032076626328074
1.0384783008388454
1.0395982573790745
1.0384873975308466
1.0384873975308466
1.053118138814013
1.0539382772800285
1.0498178516985446
1.0498178516985446
1.0430753566487092
1.0380377036558115
1.0297855428227898
1.0357141975827786
1.0378648450132517
1.0361703208218254
1.0321306480650225
1.0317667514202535
1.0311749228912694
1.0192863397868819
1.0216518329474196
1.0073171413049609
1.0071882094897786
1.0109663595829645
1.0059127886375248
1.0057230595318474
0.9840419613840659
0.9758361449634736
0.9778287304547285
0.9779095259503778
0.9922658556711937
0.9913247529612175
0.9922067007539673
1.0009192962689177
0.9995948327601724
0.9923402215079975
0.9927246791191955
0.9883863701684207
0.9890911630098795
0.9948742110148304
0.9939430447452663
0.9856936227332445
0.9839047194496396
0.9826995220956607
0.9911010674200713
0.9873173147592531
0.9873173147592531
0.9878871443780456
0.9878517815562574
0.9780726554501432
0.9698437551514202
0.9821340705187696
0.9813167297719897
0.9834507711856703
0.9834507711856703
0.9846860510373906
0.9840365372706593
0.985674443691384
1.0086598715121295
1.008821922622516
1.0088256643478433
1.0044819954113686
0.9935670055926363
0.9935670055926363
0.9954907049330523
0.9954907049330523
0.9942311949782198
0.9940466030685616
0.9937799140548864
0.9976266980281775
0.9935902966379107
0.9883008487645107
0.9812210636996684
0.9815392990384546
0.9813079291477596
0.9847830101928466
0.9834945435949081
0.9918271703195365
1.0009606902889738
0.9971285481037903
0.991922959866864
0.9912712159049388
0.9892724335257029
0.990712882992877
0.990712882992877
0.992500678253572
0.9925140000496434
1.0027864428920459
0.9972105394102154
0.9964097944086044
0.9943554754918873
0.99484234554005
0.99484234554005
1.0083999381708624
1.0067321463906223
1.0067321463906223
1.0058537719596266
1.0078989554042672
1.0033044867234957
1.0033044867234957
0.9970884235975743
0.9931944449902501
0.9922469525579432
0.9911666129961039
0.9911666129961039
0.9728351634255769
0.9709219690183709
0.9718548185645997
0.9843177971296441
0.9711214188117098
0.9658793810280997
0.9490522316133251
0.9497103356857864
0.9505327280421826
0.9509186133874611
0.9464058104190193
0.9464058104190193
0.9300962768315225
0.9300962768315225
0.9299112199849269
0.929817827260546
0.9270133814822721
0.9270133814822721
0.9265068670658817
0.9276045605747364
0.9122329206479167
0.9054692273716649
0.9134767341771782
0.9161688084538172
0.9198230887184866
0.9358647831670767
0.9396410908936854
0.9387698327585063
0.9335657056119843
0.9354605926193653
0.9397388776345318
0.9404274130531741
0.9404274130531741
0.9258210530512584
0.9318390913174759
0.9318390913174759
0.9318390913174759
0.9318390913174759
0.9065425770717994
0.9043433914663022
0.8991132002902539
0.8991132002902539
0.8978378601087917
0.9001470803569142
0.9049175775066839
0.9036709623763226
0.8819739031711408
0.8608949603904905
0.8608949603904905
0.8696561592011145
0.8695704576441003
0.8701834688712371
0.8723179227570702
0.8667281819985245
0.8836802329290201
0.8837410929974985
0.8847480470096672
0.8867512193524852
0.8891158844739645
0.8891158844739645
0.8897484679284551
0.8879760790309117
0.8876522081324842
0.8724279366857207
0.8682465612659882
0.8682465612659882
0.8682465612659882
0.8737212646993048
0.8737212646993048
0.8683710571596472
0.867321987045114
0.867321987045114
0.8573728834426346
0.8497985109337828
0.8514613440764363
0.856225789765869
0.8566824016982643
0.8561763910482906
0.8677263728081973
0.867028780723304
0.8567007133093333
0.861650511596473
0.8682884968563542
0.8561488020120713
0.8622694384331322
0.8599121742509374
0.8599177843948885
0.8574355640153762
0.859756292481739
0.86838316252695
0.8587318552330745
0.8557788290518621
0.8676300904347598
0.8578289801964148
0.85544684941298
0.8541107021327299
0.8565004907120147
0.8564232201155965
0.8556987988644722
0.8693556790256445
0.8721562723514797
0.8626818975411824
0.8595425360002081
0.8621101634871088
0.8623259791996362
0.8591754462163855
0.8692811872048071
0.859884504594372
0.8519448117385956
0.8519448117385956
0.8494065180048648
0.8571749006146552
0.8601725536410719
0.8637108504183536
0.8686767648011221
0.8660284129588376
0.8635636253119313
0.8687916693669411
0.8833995990767237
0.8811655441669481
0.8803220504655416
0.8821789959111881
0.8806873297789873
0.8806873297789873
0.8806873297789873
0.8765494008989103
0.8768627050633081
0.8737779857811996
0.8725568218129656
0.8727591291236486
0.8722288375977019
0.8665386757049959
0.8665824559833104
0.8676349348173488
0.8532873283800144
0.8532873283800144
0.8572757279349154
0.8572757279349154
0.8666971645771806
0.8658446155031212
0.8594281901706359
0.8595141482007622
0.8551550594314798
0.8411933938253027
0.8412194690011177
0.8412194690011177
0.8236235118646943
0.8235729269898884
0.8281515252194009
0.8341885668167045
0.8355769678638797
0.8313137887773616
0.8311332807242179
0.8220030144191727
0.8223087664348321
0.8264890550500057
0.8269110889704389
0.8230432796354579
0.7907796708747523
0.78615802290758
0.7839022485568404
0.7891707698677403
0.7891707698677403
0.8035077818861335
0.7848128278668591
0.7939072898279854
0.7827059114161742
0.7827059114161742
0.7860816119646166
0.8102820631730293
0.8107810078341746
0.8104313689407412
0.7833186667613092
0.7844917893805967
0.7862282093826994
0.7862282093826994
0.7862282093826994
0.7939938815514231
0.7963985099968384
0.7951956338487591
0.8119982160191653
0.8170500730250538
0.8202038475338844
0.824137622070656
0.8233466379338723
0.8313978186298125
0.8313978186298125
0.8313978186298125
0.830864188219008
0.8448728862083007
0.8448728862083007
0.847971350057146
0.8402964752133281
0.8280555297969766
0.8282829877943317
0.8305904170523698
0.8313487530773728
0.829515990711855
0.8283432878684349
0.8274596282412251
0.8263341590470856
0.8290678513211086
0.8411492157924251
0.8258658236703984
0.8371771177749753
0.8427940162997312
0.855362978681775
0.854149977837227
0.8459186117074318
0.8456438308021665
0.8704283012848354
0.8721226483321424
0.8708472067943153
0.8707400831873771
0.8707400831873771
0.8707400831873771
0.8707400831873771
0.874035811732336
0.8780450571249572
0.8862609031807159
0.8963673449129503
0.8946359653140316
0.8969615119800346
0.8962761397889366
0.9063102021391862
0.916516188012932
0.9137980136384458
0.9137980136384458
0.9160745596813176
0.9140391471922045
0.9378814161232034
0.940013667689958
0.9306398628202298
0.9230923358024569
0.9230923358024569
0.9155224567911968
0.9218137136217365
0.9377660220613632
0.9301131709729142
0.9301131709729142
0.942938001740335
0.942938001740335
0.9523221063007463
0.9523221063007463
0.9346718204410029
0.9351919513898854
0.9350779121717833
0.9334783733241863
0.9362182446561885
0.9338634954584729
0.9277216097715683
0.9265397198951557
0.92302654600309
0.9143536817602835
0.9189837816944495
0.9189837816944495
0.9189837816944495
0.937607982205
0.937607982205
0.9335719500251785
0.9335719500251785
0.9398746328173938
0.9511892280410619
0.9544597428674857
0.9463347999898977
0.9566554661948247
0.9851603148585647
0.9821752428687863
0.9625203368853512
0.9545164621152193
0.9545164621152193
0.9513226856965851
0.9340168553500586
0.9230046157483959
0.9230046157483959
0.916519982219057
0.9118135351444421
0.9118148270034204
0.9118432086372801
0.9087484555057802
0.9157560745426881
0.9158853993273988
0.9144468950028796
0.9107262814758756
0.9333032511989312
0.9309006949674
0.9315401208121045
0.9298658441117442
0.9068779803713828
0.9068779803713828
0.8972826747302631
0.8950715800249903
0.8955558506838681
0.8840840641752856
0.884129013039065
0.8866322061011791
0.8875642958139667
0.8863117868473832
0.8863117868473832
0.8969706322751523
0.8985844925520127
0.8989939242915965
0.8980705694804673
0.897077086326161
0.9001386857476535
0.894549676854948
0.8957776909495107
0.8957776909495107
0.904578554767285
0.9052675335972713
0.9251503912470666
0.9281584941296672
0.9164746045693977
0.9162926993444868
0.9162926993444868
0.9147779919328974
0.9159603487363561
0.920021960007379
0.91348279097043
0.9160461629146939
0.9194006161785595
0.9195727782918662
0.9237927515456091
0.9231258269739242
0.923147937188982
0.9218426924603961
0.9218426924603961
0.9152579264838918
0.9152579264838918
0.9260097101667452
0.9260097101667452
0.9215953652622436
0.9217544479485879
0.9217544479485879
0.9143747602128498
0.9160572547249378
0.9160572547249378
0.9160572547249378
0.9187497631836441
0.9190806051113968
0.9183479599152963
0.9199473362318911
0.9199473362318911
0.9293863809918738
0.9211896192313177
0.913265297560265
0.9114455564413768
0.912977429311574
0.9139312888441103
0.9124726040652893
0.9194213792899064
0.9148961964797969
0.9148908325591589
0.9118567522700016
0.9118567522700016
0.9101870658224368
0.9020868788946946
0.9084137494856662
0.8999994574838864
0.9026694992868345
0.9012942519602087
0.8879327063598919
0.8832529868619846
0.8857899970074854
0.8990041458893863
0.8977173373129843
0.8928640306241608
0.8876552103153409
0.8874994035282705
0.8848789947544622
0.8800598680119832
0.8806012195439039
0.8815802135961028
0.8808599552717832
0.8655133575425271
0.8655133575425271
0.8778321137511443
0.8593413987470035
0.8581826961279359
0.8606935042247069
0.869089536622619
0.8606976629849772
0.8669800463957453
0.864566587958247
0.8604384009872651
0.8604384009872651
0.8815110700168602
0.8774677645504637
0.8809329546090294
0.8798917427824496
0.8798917427824496
0.8798917427824496
0.8794808664989906
0.8786692896391555
0.8817529871165004
0.8751734443177795
0.872129481413351
0.872129481413351
0.872129481413351
0.8772335937308827
0.8774945244232827
0.8695115408020195
0.84408281086435
0.827225372104208
0.8281905952272564
0.8288532811126832
0.8292669898695949
0.8279488378602177
0.8310288535702643
0.8149855874449515
0.8181167943514945
0.8245868825501593
0.830971900412606
0.8281287189341895
0.8278851727188024
0.8442113242527582
0.8391947945537487
0.8404070332417611
0.8453650075777652
0.8410366572570339
0.8308360436367653
0.8273543843979859
0.8354477112237828
0.840114886189648
0.8405002364098406
0.8405002364098406
0.8361607047116465
0.8325703309045372
0.8244406875603205
0.824603109327749
0.809799952469626
0.809799952469626
0.8145857161078912
0.8130552693901053
0.8163449560321112
0.8163449560321112
0.824118364268155
0.8208628251035057
0.8208628251035057
0.8137858334502397
0.8029242642837314
0.7877789072117393
0.7861305140438816
0.7813899304186918
0.7813899304186918
0.7837617523792884
0.7789362435222993
0.769598426710386
0.769598426710386
0.769598426710386
0.7717681537862093
0.7608450425380052
0.767490903229675
0.76710442712601
0.7738693099904007
0.7738693099904007
0.7659168522408917
0.7648832078877231
0.7461270502307233
0.7465904772268087
0.7465904772268087
0.7420323552953941
0.740699143610635
0.7401150554053803
0.7349024016439789
0.7447811457330529
0.7425899890052414
0.7472822054203939
0.7528034784282903
0.7371545616734921
0.736046878882394
0.736046878882394
0.7458641571111317
0.7620044740643133
0.7620044740643133
0.7464302607558971
0.755725067599742
0.755725067599742
0.7567281746886613
0.7496501956386598
0.7529532289694071
0.7549011805720872
0.7219968579038829
0.7168137114452083
0.7168137114452083
0.7237931761136835
0.7136131178308394
0.7138858761321268
0.7142639635435108
0.7142639635435108
0.719980499190862
0.7209548022382523
0.7209548022382523
0.7211199749748951
0.7205993349407672
0.7139398007506533
0.684330665750692
0.68738934062964
0.689273493787909
0.6889668929248705
0.6990912018975045
0.6978419275641279
0.6978419275641279
0.6949742162308425
0.7012594813011679
0.6936108615082028
0.6800414026187216
0.682554830878451
0.6724860489079769
0.6724860489079769
0.6769586254016948
0.6769586254016948
0.6687501039854271
0.6602243956725006
0.6503125688890116
0.657903305677497
0.657903305677497
0.6647140983868811
0.6647140983868811
0.649338894141172
0.6413927961437866
0.6462435838582703
0.6323898152821601
0.6232011152837571
0.6011992617836224
0.6021179020741162
0.5990146263146413
0.5999202774104562
0.5992434813556463
0.606549672874094
0.606549672874094
0.620175078917869
0.620175078917869
0.6201881186829277
0.6292604852976813
0.6105512859928695
0.6077170742410708
0.6077170742410708
0.6079458357953684
0.6075069482182252
0.6107128686703299
0.6090629244284325
0.6234862114238644
0.6258073407019311
0.6096309509156643
0.6061979531200611
0.6101123353853616
0.6101123353853616
0.5974231789159157
0.5849821586544061
0.5894513647207109
0.5849461502496889
0.5811596669158109
0.5757701185186846
0.5767369507507981
0.5760422248631674
0.576088156489755
0.5698217279539398
0.5650836534466673
0.5576446515728118
0.5760169453065437
0.5739067597885127
0.574498474692468
0.574498474692468
0.5616157023219754
0.560254208438819
0.560254208438819
0.5719724148635886
0.5736025006197728
0.5725150022961956
0.559225732770884
0.5633011737675457
0.5678012621591002
0.5678302019932199
0.5977110930745582
0.5975830178958129
0.57568930329716
0.5777393036034998
0.5807903515739189
0.5883004410754937
0.593032960411255
0.5876721534497962
0.5948644405575166
0.6051391674907594
0.6037987958845595
0.5966164719645879
0.5976766148395494
0.5869544893926291
0.5891512628215457
0.5847354284325699
0.594524299008962
0.594524299008962
0.5934393505386065
0.5932406015584386
0.5936071463309464
0.5936233866409484
0.5936274239011695
0.5936274239011695
0.591923062116928
0.5832380953650734
0.5694688111444198
0.5694688111444198
0.5836473222048981
0.5846843975210796
0.5827052582298462
0.5827052582298462
0.5672113975989589
0.5671912272570746
0.5720562944031826
0.574831063611576
0.574831063611576
0.5743394796220663
0.575576498590956
0.5635807156669563
0.5591881185840671
0.5602913120285558
0.5641921456035772
0.5587988654386935
0.5593791070962622
0.5593791070962622
0.5787931936675292
0.5727266674912566
0.5707193089411756
0.5697543842805316
0.5697543842805316
0.5597032550611384
0.5596390224828872
0.5658210438883348
0.5658210438883348
0.5682167882752159
0.565675416847891
0.5572598372024014
0.55974565260147
0.570656970739303
0.5579112611697703
0.5605986221358892
0.5606526330055811
0.5599827677935626
0.5599827677935626
0.5584506810232777
0.5584506810232777
0.5607037276893316
0.5607037276893316
0.5607037276893316
0.5692768741961977
0.5782042610855535
0.5782042610855535
0.5835022739413421
0.5835022739413421
0.5895801077360044
0.5869227363942463
0.584875598104529
0.5673561625190713
0.5618357694826851
0.5700763275735534
0.5745068389068905
0.5745068389068905
0.5671603222223861
0.5671603222223861
0.5679412193011077
0.572649650809752
0.5727011807332725
0.5726938251940931
0.5724529455195285
0.5697245688280732
0.5561112105449458
0.5549342184913008
0.5581861796743282
0.5559216033868719
0.552164655486884
0.5475366107451758
0.5475366107451758
0.5475366107451758
0.5371475686403459
0.5371475686403459
0.5387836117808695
0.5585768366558407
0.5534449786808225
0.5534449786808225
0.5569850100023125
0.5354257809743658
0.5172951442423424
0.517178154340581
0.5057640891828072
0.5212643427461771
0.5212643427461771
0.5173402972719882
0.5164977667526378
0.5197521289911853
0.5197521289911853
0.5245919707825454
0.5576467852454312
0.5460044886621678
0.5470833933513665
0.5470833933513665
0.5456053681209104
0.5451166109699611
0.5469225711591983
0.5485876052533588
0.5458996950713668
0.546893265131614
0.5415172591347711
0.5415172591347711
0.5173227323377875
0.5000706877121012
0.5016146631847844
0.5065063873174878
0.5064854775550681
0.5061152513974981
0.5205951490052912
0.5219501828979045
0.5219501828979045
0.5249838161552756
0.49605795008480247
0.49605795008480247
0.4861657868891495
0.4949571717383079
0.49533575044456357
0.5018161079974254
0.5098270628400883
0.5114858027292332
0.5143652372883066
0.5151083363455147
0.5151083363455147
0.503749025277757
0.4979625528882769
0.4785932950987945
0.49038818297378506
0.4872268553897046
0.4872268553897046
0.48567850432233167
0.48567850432233167
0.4822032781930128
0.4822032781930128
0.48105258114855415
0.47995096874358206
0.47602611073588647
0.4773178563677377
0.45982199195668433
0.45982199195668433
0.4571823171679333
0.46009328914770303
0.4897013520357885
0.4897013520357885
0.4883234254615851
0.4900310008210037
0.49012721242054735
0.4893623668863359
0.4893623668863359
0.48760943144166236
0.48744374403321267
0.48728344073082336
0.4871480205160188
0.48496996294628375
0.48471597781054043
0.48471597781054043
0.47667554887449487
0.4782853237417723
0.46443547696731524
0.467147926379838
0.4671813698327028
0.468466058635905
0.4684658988841084
0.4688471720125665
0.46581327979597226
0.4694362998254052
0.483955234678854
0.48410359635006517
0.4882528733250261
0.48157124639197785
0.48157124639197785
0.4850857980118478
0.48631923239103675
0.4933106533457811
0.4933106533457811
0.49162369355200797
0.48954428623452767
0.488798323536641
0.488798323536641
0.4901172709989938
0.48945112277054525
0.4906281687995122
0.4905120123864242
0.4905120123864242
0.4825594042197277
0.47951373422361765
0.47951373422361765
0.47908688192458654
0.4820185436087228
0.488539347037482
0.48846530363092744
0.4915075801205872
0.4984266883658881
0.4984266883658881
0.4925942852868105
0.4998042284861382
0.4957934085201325
0.4972549487351028
0.49269676815608515
0.48739513791637207
0.48739513791637207
0.4888629193561807
0.4888629193561807
0.4888629193561807
0.5088910846783957
0.49790706651204525
0.49790706651204525
0.49762129629073987
0.5014323116946354
0.4839224465030858
0.48261525015121626
0.48170892415630523
0.48170892415630523
0.49431929515853307
0.4946251148016204
0.5039428343261402
0.5039428343261402
0.5039428343261402
0.510626966841407
0.5257447561777251
0.525756121232375
0.525756121232375
0.525756121232375
0.5258662412123375
0.5258662412123375
0.527060217421093
0.527060217421093
0.5230552753965201
0.5310889647925948
0.5310889647925948
0.5315493371423131
0.5315493371423131
0.5349408677051184
0.5390922118041379
0.5528047339477814
0.5608022562709325
0.5616401783138658
0.559851591098785
0.5525384599659547
0.5511391290839179
0.5511391290839179
0.5511391290839179
0.5779221508524083
0.5930435490087326
0.5930435490087326
0.5930435490087326
0.6096625035497845
0.6096625035497845
0.6110977054154113
0.6110977054154113
0.6314805740812733
0.6280166146431457
0.6312312749160912
0.6312312749160912
0.6312312749160912
0.6301588595423327
0.6276025431245523
0.6379055653383288
0.6396793246291795
0.6430695849781918
0.6404042728854781
0.6415289424470579
0.6391916251086699
0.6387618940835712
0.6355934309941896
0.6251956280677438
0.6227472627510869
0.6227472627510869
0.6174837387911402
0.61742344521884
0.6165682927622446
0.6166715713107394
0.6166715713107394
0.6166715713107394
0.6170899639334607
0.6226420497059457
0.6244394260921439
0.6291069639535234
0.6289064519139811
0.6292419946473405
0.628480832701426
0.6260872247219348
0.6415375403562494
0.6568604032816935
0.6503506242311248
0.6274503635945641
0.6274503635945641
0.6266854370286351
0.6266854370286351
0.6249123105827911
0.6251025270280859
0.6246239696332503
0.6246239696332503
0.6352979378013901
0.6345509146552567
0.6324486424840496
0.6248032468529305
0.6267438042524024
0.6267443841842046
0.6310798883335716
0.6294926872793188
0.614943603252971
0.6161712970764484
0.61580216950791
0.61580216950791
0.61580216950791
0.6157553468905735
0.6138274390880467
0.6144601045217672
0.6119294309577283
0.6186754732227319
0.6186744880104847
0.6215207040944155
0.6281957611252676
0.6346505782545951
0.6471341012409728
0.6438228815302218
0.6437294621427556
0.6322900169733907
0.6292584670772604
0.6299381706322774
0.6289835721759107
0.6190434324763839
0.6191890946956322
0.6191890946956322
0.6191890946956322
0.6191890946956322
0.621959665165689
0.6160402915232471
0.6297599974707937
0.634021801143592
0.634021801143592
0.6344075144702226
0.6376411979617614
0.6368186330707375
0.6463699296575217
0.6584476099987613
0.6584476099987613
0.6581561536839067
0.658710182408649
0.6528188799885194
0.6526598649206045
0.630126095729744
0.630126095729744
0.630126095729744
0.6183492505874046
0.6051766736786799
0.587795919833269
0.5880937513061111
0.5871652763210997
0.590798373260239
0.5843193100218756
0.5848590999770674
0.5708684650597498
0.5708684650597498
0.5742124070399937
0.5770375459769632
0.5632274549523277
0.5738799468008694
0.5738799468008694
0.5738799468008694
0.5717642198832428
0.5683245903754025
0.5671386991006233
0.5647034717913582
0.5647034717913582
0.5620817377066001
0.557298792624629
0.5562026169196614
0.5575948600726064
0.5614124434098574
0.563441884671014
0.5406770151119819
0.5406770151119819
0.5406770151119819
0.5406770151119819
0.5406770151119819
0.5434811454906666
0.5459797079083135
0.5316083347370136
0.5316083347370136
0.5394108319907659
0.5389673202176222
0.529859205008429
0.5302436168266198
0.5309038726573978
0.5408150025295876
0.5310244266633187
0.5310244266633187
0.5300788505702575
0.5359856993199978
0.5294701467326155
0.5294701467326155
0.5274948769993867
0.5339949772549234
0.5339949772549234
0.5068110088908729
0.5068712953385119
0.5082130045457545
0.5069303696777745
0.5069303696777745
0.5073178010819727
0.5059113509269729
0.5258874764294699
0.5318235356025116
0.5211190305486075
0.5211190305486075
0.5214557887360617
0.522300238536364
0.522300238536364
0.522300238536364
0.52170546054582
0.5204352746719939
0.5142909111723898
0.5173720438213769
0.5193717401724179
0.5189912975501275
0.519374949467022
0.5170814091345451
0.5170814091345451
0.5123955551210947
0.5155140549556178
0.5136313507150814
0.5120068713570378
0.5120068713570378
0.5227499899978885
0.5041342167750258
0.5028460168390266
0.5028460168390266
0.5026892737765014
0.4969745236316777
0.4969745236316777
0.48501257472751824
0.484947994117631
0.484947994117631
0.4852321694510119
0.4890286483332945
0.4988390066889929
0.4981891808283926
0.48893270395405025
0.4782778184960799
0.4782778184960799
0.47892015747343814
0.47892015747343814
0.48063322464704594
0.48063322464704594
0.4827341680132278
0.48062749095399265
0.4772820839031217
0.4770489122622788
0.4752156830100122
0.47668496570449803
0.47505819348112593
0.47505819348112593
0.47656610853636755
0.48314914370237794
0.4902322449008359
0.4900679914856461
0.4879497628943863
0.49807396033439105
0.503012530970958
0.5047155580712651
0.5023003838026545
0.5001264173239877
0.5025146549719846
0.49522606296294885
0.49522606296294885
0.493575981506234
0.49113315724505496
0.49113315724505496
0.503415341278534
0.5095720617735295
0.5095720617735295
0.4999505128849416
0.4999505128849416
0.50103598808295
0.5041118179393244
0.49753980613043863
0.49574399279267317
0.4947030014697083
0.4886764864656141
0.4901748722270756
0.4914057813383332
0.4922211097985417
0.4942469746018369
0.5172476345267389
0.5188043404727106
0.5336763000575996
0.5358279181348871
0.5382277767912981
0.5382993474131561
0.5350472041176737
0.5221808870217043
0.518890949781203
0.5117685595294085
0.5117685595294085
0.5022717088076599
0.5071244207756378
0.5071244207756378
0.5051532590564416
0.5093242061306913
0.5105749588688474
0.5105749588688474
0.4865563891719006
0.4865563891719006
0.46437790743366075
0.46706958710073054
0.46201640822122886
0.4648672972559962
0.46375576687945785
0.468280396897371
0.4615605714686726
0.45268674565776273
0.45622306774136745
0.45625391870606463
0.45625391870606463
0.4523197655988491
0.4627625110502365
0.4627625110502365
0.462135225965999
0.46387483845986793
0.46090268068748275
0.46090268068748275
0.4672423237518758
0.4672423237518758
0.4489677577156132
0.44938015897501715
0.44938015897501715
0.4518003224604842
0.4533196792753318
0.4533196792753318
0.4517269313857396
0.4490862104649413
0.4490862104649413
0.44583799609635966
0.4459770212134081
0.4500571201003828
0.44717427125943365
0.4491140701373178
0.4546121345076772
0.45456719142467106
0.4518395627624372
0.4532452290949696
0.45046923195963384
0.4485264817510661
0.45007585411332623
0.44195818040730506
0.4374982546144138
0.43590715061948093
0.4248794808861529
0.4248794808861529
0.4219425263594548
0.4219425263594548
0.4211043201552586
0.4211043201552586
0.4211043201552586
0.4277045920167958
0.4277045920167958
0.4334451693908272
0.4343673922449259
0.4251023795563532
0.42398888430498055
0.4229077078877028
0.4241646242241755
0.4208450033394273
0.42495917991063387
0.4208597575933813
0.4195397939866884
0.4195397939866884
0.42155807220853186
0.42078844858346715
0.42078844858346715
0.42078844858346715
0.425570403651047
0.4133995672400962
0.4133995672400962
0.4133995672400962
0.4133995672400962
0.4133995672400962
0.4133995672400962
0.3809475856113714
0.3809483023132928
0.3846585991126528
0.40826107552883284
0.40826107552883284
0.4157151236634873
0.4157151236634873
0.40890692858090183
0.40030647480508363
0.40030647480508363
0.4157544966127944
0.4073076386624981
0.4073076386624981
0.40609542981190055
0.410139992287669
0.4195169071835107
0.41555720316357586
0.4130101305491537
0.41886299326704696
0.41886299326704696
0.4197130271912315
0.4197130271912315
0.42415160221448267
0.4199140851507566
0.42368953360271305
0.42967590794057914
0.42313120560720313
0.4267969927751449
0.4267969927751449
0.42736154291099016
0.43746594242703696
0.43746594242703696
0.43774861838622026
0.43774861838622026
0.43774861838622026
0.42753940631377496
0.41732684845236534
0.41701292585661115
0.4156349096571583
0.4156855876601826
0.4149967795913825
0.4182532328069841
0.4182653228097583
0.43015736558069745
0.4365407603341363
0.4365407603341363
0.43823514151831333
0.43882085002643006
0.4490212016140675
0.44067755362786243
0.4431812370529766
0.44056013659629545
0.44056013659629545
0.4135063898015123
0.40206528019152343
0.40069660139633834
0.40597499778015395
0.40597499778015395
0.4166046511233816
0.4157160402177511
0.4161355964523828
0.44482058793839263
0.41970687552670766
0.41918269483091797
0.4111180147932921
0.4111180147932921
0.4111180147932921
0.3978422999633242
0.39601152279208657
0.4092197854331538
0.4111028523301244
0.4046650135537293
0.4046650135537293
0.41075830736776664
0.4155254654071845
0.4155254654071845
0.41356761991378105
0.41741507606784645
0.41880431303325466
0.42537417066711514
0.42537417066711514
0.4262641627187195
0.4298390408620489
0.4298390408620489
0.42534814967546053
0.42534814967546053
0.42534814967546053
0.4514440265490404
0.4516260136549613
0.45369808522175487
0.44244224653035014
0.44244224653035014
0.44244224653035014
0.44264168531674086
0.4426325119063467
0.44639606416206856
0.4460102285683741
0.45002174121218974
0.4420089697721564
0.4239058317968143
0.4239058317968143
0.4239058317968143
0.4239058317968143
0.4218969203260152
0.42570361217427705
0.42570361217427705
0.42470253399601776
0.42470253399601776
0.43186868348721047
0.42895131776798323
0.4194955275610336
0.4194955275610336
0.41668688857799135
0.41195421257818216
0.41195421257818216
0.41195421257818216
0.4226032278984203
0.42617040058610667
0.4255645214356012
0.4255645214356012
0.42134596071173797
0.4283235014399598
0.42829298265595495
0.42829298265595495
0.42719022502100545
0.4296725604885243
0.43114916019909183
0.4334643120666225
0.4324621097117629
0.4352536932961206
0.4352536932961206
0.4532167169429258
0.4532167169429258
0.45313196237390807
0.4459944788221357
0.44613055156519277
0.4469644351267308
0.44698166044766857
0.44698166044766857
0.44698166044766857
0.4511404156255501
0.4442516578701061
0.4442516578701061
0.443448819357725
0.4449574678120426
0.44085628802888344
0.4417291443451477
0.4385097442863968
0.43171803515262436
0.4432332596756988
0.4445773815642825
0.4428937935721888
0.4428937935721888
0.4428937935721888
0.44415776882917607
0.4456819263379882
0.44549270016078263
0.43674948076656506
0.42937541763354037
0.4266549272821743
0.42655145064594197
0.41782647756401287
0.41782647756401287
0.41782647756401287
0.399027773184835
0.399027773184835
0.3882986548746842
0.3882986548746842
0.3882986548746842
0.39024121735127765
0.39024121735127765
0.3834145255392217
0.3834145255392217
0.3816998840328703
0.3831681994612438
0.3816304481771723
0.3816304481771723
0.3816304481771723
0.3819340996693409
0.38009228619046465
0.38141661491869305
0.37814413599721003
0.3764300468292196
0.3764300468292196
0.34647754411051124
0.34761579722312735
0.3555190196523717
0.3444550619225931
0.3444550619225931
0.3444550619225931
0.34448370205623124
0.3396191965622578
0.3364780631029592
0.338415680287997
0.35518955162002214
0.3558835974057185
0.3558835974057185
0.3479313176983962
0.35023690851512695
0.35162518520431996
0.3564804882433693
0.35632449019154233
0.3562877586623282
0.3612558900143229
0.36127959006603055
0.3589950344568078
0.3623493803142906
0.3600356177771942
0.36255537306017377
0.36566187782439846
0.36566187782439846
0.3646819947289531
0.3571980479689178
0.3548549108496546
0.3598288963522568
0.3598288963522568
0.35907984200859
0.35907984200859
0.36163602716509197
0.3598936234308331
0.3598936234308331
0.36000416263232077
0.36000416263232077
0.36016876167020473
0.356824369474925
0.35633786883323815
0.34471693654744257
0.34872462859875114
0.34480847945582155
0.34480847945582155
0.30991903841971663
0.31268255985353205
0.303130044930753
0.2967121059295991
0.29416384778857724
0.29416384778857724
0.2961476593027007
0.2961476593027007
0.2961476593027007
0.2961476593027007
0.29580865993019295
0.29580865993019295
0.29580865993019295
0.2910149515361144
0.28549013150252495
0.2874761198253841
0.2886833561023029
0.2886833561023029
0.28842713798770536
0.2848211104420589
0.2848211104420589
0.2771905742028808
0.27751511439644383
0.2779635455523748
0.2779635455523748
0.28208369591544574
0.27989894303788543
0.279102482675024
0.2841498879345736
0.2841498879345736
0.2841498879345736
0.28301547887679596
0.28301547887679596
0.281417237056352
0.2842739988692558
0.2842739988692558
0.2842739988692558
0.2842739988692558
0.28060620058007013
0.27827071930568437
0.27827071930568437
0.2784392389444045
0.2731164780328916
0.2819237032619517
0.29114985919072245
0.29527198210208283
0.2891772203509174
0.2864944394513603
0.2864944394513603
0.2864944394513603
0.2864944394513603
0.2864944394513603
0.2864944394513603
0.28376054969772235
0.28376054969772235
0.2836545311486982
0.28717859056898754
0.28209870607977305
0.28366539173625266
0.2875882893204652
0.2881406055902928
0.2881406055902928
0.2921309801716444
0.2787448820661336
0.2781999006707171
0.2778786586564578
0.2778786586564578
0.2847039065886844
0.28379972302006196
0.27586743804017627
0.27935565289484154
0.27935565289484154
0.284499877654556
0.28497762478275057
0.285981432466867
0.28220533293170436
0.27539231068999276
0.27593279184899383
0.2659140827204704
0.27421419396577135
0.2741452376869385
0.2741452376869385
0.2741452376869385
0.2741452376869385
0.2729825402632915
0.2729825402632915
0.2772690656655649
0.2772690656655649
0.2793900296182064
0.27396016554091085
0.27396016554091085
0.2743406403487017
0.2824456602737531
0.27825810628193526
0.2743700566274464
0.2743700566274464
0.2743700566274464
0.2615338967271871
0.2652595374361982
0.2834742649830056
0.2889360343543476
0.3093545368453663
0.3093545368453663
0.30954898422506855
0.31612562337983197
0.31614233397503844
0.32213121426721186
0.32446023828136933
0.32446023828136933
0.32446023828136933
0.32446023828136933
0.32446023828136933
0.31898199546164285
0.3140449472171415
0.3140449472171415
0.3109388441728013
0.3109388441728013
0.30482284901857865
0.3048237453415299
0.3048237453415299
0.2977513979060032
0.2861616027565803
0.2815097109647436
0.28628305447414876
0.28238315187555246
0.2844110781967618
0.2844110781967618
0.2823342651719454
0.2679316193981064
0.2664599135819444
0.27787032497140524
0.27898375885498633
0.2768438920276973
0.2768438920276973
0.2768438920276973
0.28685930832974094
0.28712865443978686
0.283100775275853
0.283100775275853
0.2835169409697348
0.2835169409697348
0.28100615413544305
0.28100615413544305
0.28100615413544305
0.2809089605628828
0.2809089605628828
0.2809089605628828
0.2809089605628828
0.29260329889498
0.29260329889498
0.28678979442037933
0.28678979442037933
0.2818551651694235
0.26557068777138454
0.26489770018414005
0.2676166492716543
0.2695926101180078
0.2695926101180078
0.2695926101180078
0.28333111431234015
0.28741325049842753
0.28741325049842753
0.2906477171897964
0.2844190272021351
0.29184280396249723
0.29966710176523215
0.29966710176523215
0.29937710624215036
0.30313370546990764
0.3033999201115636
0.3025116615858448
0.30401615524321673
0.30401615524321673
0.30189031624664187
0.3013527338427152
0.3013527338427152
0.30066713651193194
0.30066713651193194
0.30148446478394725
0.3011108775370367
0.30425301081393696
0.30483937641932346
0.310761276990158
0.3080871793802167
0.30671648579033
0.29999592126931063
0.29999592126931063
0.29999592126931063
0.29999592126931063
0.2919184075327011
0.2919184075327011
0.2919184075327011
0.2880074914867252
0.28827987916687936
0.28827987916687936
0.2867659808993598
0.2870558374506492
0.28394447048483895
0.2819648776621195
0.282470993240124
0.282470993240124
0.282470993240124
0.28074537499838814
0.2719198055171324
0.27165928419200097
0.26006124532469094
0.26010055392707004
0.2502675471424819
0.2502675471424819
0.2493787901288325
0.24941211947435946
0.242288808969544
0.24655084089099413
0.24655084089099413
0.23637011072752592
0.2362430299438452
0.2362430299438452
0.2362430299438452
0.2362430299438452
0.23585356929224457
0.23585356929224457
0.23585356929224457
0.23585356929224457
0.22793520564364728
0.22793520564364728
0.24461101419952122
0.24461101419952122
0.24487184331489775
0.24487184331489775
0.2427499957341503
0.2427499957341503
0.24234089168082398
0.24234089168082398
0.24541269890661793
0.24541269890661793
0.24721568613744696
0.24721568613744696
0.24599620530319172
0.24721341308580055
0.24721341308580055
0.24174383766562593
0.24174383766562593
0.24174383766562593
0.23158693666989438
0.23158693666989438
0.23470076463473927
0.24003246927681005
0.24003246927681005
0.24003246927681005
0.24162610533242113
0.24162610533242113
0.24162610533242113
0.24188844698743509
0.24188844698743509
0.24297013096842132
0.24328678529266481
0.24445763642872445
0.24739310576948537
0.25533014124165715
0.25533014124165715
0.25030455466520773
0.24936220890878313
0.24943983706276462
0.24943983706276462
0.24943983706276462
0.24943983706276462
0.24632886663804274
0.24634788952969255
0.2500307166391343
0.25030529557805126
0.25764744826908437
0.25480574045845666
0.2503863123147698
0.250276710070652
0.25220095789562474
0.25220095789562474
0.25220095789562474
0.2572112779019357
0.2572112779019357
0.2655413382964522
0.2639378779128223
0.2582583272750481
0.26600985649145825
0.27535343594042005
0.2601734030800944
0.2603642856393384
0.2573900889078382
0.26055572197959725
0.25876847496486427
0.25876847496486427
0.2696968243492374
0.2696968243492374
0.2696968243492374
0.27140585908247455
0.27140585908247455
0.2781251383963565
0.27743287898224334
0.2746589316877545
0.2746589316877545
0.28623108511208734
0.28437928669544194
0.2805295583740837
0.2805295583740837
0.2811040244474951
0.2822954814671231
0.2822954814671231
0.2822954814671231
0.2808274394462433
0.2808274394462433
0.27257169970244555
0.27115764009952953
0.27115764009952953
0.27453048709583483
0.27453048709583483
0.27107242505676993
0.2579272227356898
0.2579272227356898
0.25622064634240543
0.2602011518123152
0.2602011518123152
0.256868763652352
0.256868763652352
0.256868763652352
0.2602973504698526
0.2602973504698526
0.2656797387764565
0.2545266058272294
0.259256953646075
0.2519038756795329
0.23158693666989438
0.23158693666989438
0.23158693666989438
0.22825386776037188
0.22825386776037188
0.22906312657496436
0.22906312657496436
0.22920264979647592
0.22920264979647592
0.22545962004930173
0.22545962004930173
0.22545962004930173
0.22545962004930173
0.22545962004930173
0.22545962004930173
0.22369522141143944
0.22369522141143944
0.2233298550320309
0.2233298550320309
0.22283931143541383
0.22235158305709127
0.2215450187037738
0.2215450187037738
0.2215450187037738
0.2215450187037738
0.22154884273056535
0.2210559122396467
0.2210559122396467
0.2210559122396467
0.2210559122396467
0.2210559122396467
0.2210559122396467
0.2210559122396467
0.2210559122396467
0.2210559122396467
0.19055611485882934
0.19055611485882934
0.19055611485882934
0.19055611485882934
0.19055611485882934
0.18895041107776298
0.18895041107776298
0.18895041107776298
0.18895041107776298
0.18895041107776298
0.18270899662727785
0.18270899662727785
0.18270899662727785
0.18270899662727785
0.18270899662727785
0.16388863848551266
0.16388863848551266
0.16257930484920527
0.16257930484920527
0.16257930484920527
0.16257930484920527
0.16257930484920527
0.16257930484920527
0.15873767119761403
0.15873767119761403
0.15873767119761403
0.1594147450883017
0.1594147450883017
0.1594147450883017
0.1594147450883017
0.1594147450883017
0.1594147450883017
0.1548447434577594
0.1548447434577594
0.1548447434577594
0.1548447434577594
0.1548447434577594
0.1548447434577594
0.1548447434577594
0.1548447434577594
0.15156707491122862
0.15156707491122862
0.15030779057742993
0.15030779057742993
0.15030779057742993
0.15030779057742993
0.15030779057742993
0.15030779057742993
0.15030779057742993
0.15030779057742993
0.12349329304632009
0.12349329304632009
0.1208605760530677
0.1208605760530677
0.1208605760530677
0.1208605760530677
0.1208605760530677
0.1208605760530677
0.1208605760530677
0.1208605760530677
0.1208605760530677
0.12065474153282188
0.12065474153282188
0.12065474153282188
0.12065474153282188
0.12065474153282188
0.12065474153282188
0.12065474153282188
0.1172869969645696
0.1172869969645696
0.1172869969645696
0.1172869969645696
0.1172869969645696
0.11541013292216191
0.11541013292216191
0.11541013292216191
0.11541013292216191
0.1153944453890968
0.1153944453890968
0.1153944453890968
0.1153944453890968
0.1153944453890968
0.1153944453890968
0.1153944453890968
0.1153944453890968
0.11078959625602613
0.1094258936761519
0.1094258936761519
0.1094258936761519
0.1094258936761519
0.1094258936761519
0.1094258936761519
0.1094258936761519
0.1094258936761519
0.1094258936761519
0.1094258936761519
0.1094258936761519
0.1094258936761519
0.09558642695833149
0.09558642695833149
0.09558642695833149
0.09558642695833149
0.09558642695833149
0.09558642695833149
0.09558642695833149
0.0949482717545977
0.0949482717545977
0.0949482717545977
0.0949482717545977
0.0949482717545977
0.0949482717545977
0.0949482717545977
0.0949482717545977
0.0949482717545977
0.09392266566207269
0.09392266566207269
0.0891288101885253
0.0891288101885253
0.0891288101885253
0.0891288101885253
0.0891288101885253
0.0891288101885253
0.0891288101885253
0.0891288101885253
0.0891288101885253
0.0891288101885253
0.0891288101885253
0.08701372615568642
0.08701372615568642
0.08701372615568642
0.08701372615568642
0.08701372615568642
0.0870859953312069
0.08314454415954847
0.08314454415954847
0.08314454415954847
0.08340055253911159
0.08340055253911159
0.08340055253911159
0.08229961481148694
0.08228620445799698
0.08228620445799698
0.08228620445799698
0.08228620445799698
0.08228620445799698
0.08228620445799698
0.08228620445799698
0.08228620445799698
0.08228620445799698
0.08228620445799698
0.08228620445799698
0.08228620445799698
0.08228620445799698
0.08228620445799698
0.08228620445799698
0.08228620445799698
0.08228620445799698
0.08228620445799698
0.08228620445799698
0.08228620445799698
0.08228620445799698
0.08228620445799698
0.08228620445799698
0.08487741386275419
0.08487741386275419
0.08487741386275419
0.08487741386275419
0.08487741386275419
0.08487741386275419
0.08487741386275419
0.08487741386275419
0.08487741386275419
0.08487741386275419
0.08487741386275419
0.08487741386275419
0.08487741386275419
0.08487741386275419
0.08487741386275419
0.08487741386275419
0.08487741386275419
0.08145105520220039
0.08145105520220039
0.08145105520220039
0.08145105520220039
0.08145105520220039
0.08145105520220039
0.08145105520220039
0.08145105520220039
0.08145105520220039
0.08145105520220039
0.08145105520220039
0.08145105520220039
0.08145105520220039
0.08145105520220039
0.08145105520220039
0.08145105520220039
0.08145105520220039
0.08145105520220039
0.08145105520220039
0.08145105520220039
0.08145105520220039
0.08145105520220039
0.08143103596260502
0.08143103596260502
0.08145537866263583
0.08145537866263583
0.08145537866263583
0.07578573319703037
0.07578573319703037
0.07578573319703037
0.07578573319703037
0.07578573319703037
0.07578573319703037
0.07066899215030209
0.07066899215030209
0.07066899215030209
0.07066899215030209
0.07066899215030209
0.07066899215030209
0.0714986862550029
0.0714986862550029
0.0714986862550029
0.0714986862550029
0.07139691520983173
0.07139691520983173
0.07139435811691301
0.07139435811691301
0.07139435811691301
0.07139435811691301
0.07139435811691301
0.07139435811691301
0.07139435811691301
0.07139435811691301
0.07139435811691301
0.0699860209734466
0.0699860209734466
0.0699860209734466
0.0699860209734466
0.0699860209734466
0.0699860209734466
0.0699860209734466
0.0699860209734466
0.0699860209734466
0.0699860209734466
0.0699860209734466
0.0699860209734466
0.0699860209734466
0.0699860209734466
0.0699860209734466
0.0699860209734466
0.0699860209734466
0.0699860209734466
0.0699860209734466
0.0699860209734466
0.06036670706407086
0.05850064791994523
0.05850064791994523
0.058990790941835805
0.058990790941835805
0.05894980367367395
0.05894980367367395
0.05894980367367395
0.05894980367367395
0.058800701741632135
0.058800701741632135
0.058800701741632135
0.058800701741632135
0.058800701741632135
0.058800701741632135
0.058800701741632135
0.058800701741632135
0.058800701741632135
0.058800701741632135
0.058800701741632135
0.058800701741632135
0.058800701741632135
0.058800701741632135
0.058800701741632135
0.058800701741632135
0.058800701741632135
0.058800701741632135
0.058800701741632135
0.058800701741632135
0.058800701741632135
0.058800701741632135
