0.0466667 0.045302245190592616
-0.0866667 -0.08383205998290266
-0.3733333 -0.3514082463911203
-0.1533333 -0.1601020302172898
0.0366667 0.04952947171046568
0.0066667 0.007850534315583857
0.7633334 0.7300588438117583
0.61 0.6027731609869718
0.3833334 0.3757191823945156
-0.28 -0.3195708050131166
0.56 0.5876127287618009
0.1633333 0.14543111571700282
0.1266667 0.1074594090752917
-0.71 -0.7307272193747922
0.9666667 0.9672212318807087
-0.86 -0.889084294253494
-0.59 -0.5914811213441777
-0.2366667 -0.25250033263418326
-0.4033333 -0.4176381483611169
-0.7566667 -0.7481492447772677
0.7133334 0.7420304671514952
0.4233333 0.4218992917060868
-0.2933334 -0.320670453390138
0.72 0.7391868699827596
-0.9666667 -0.9647168573435075
-0.9966667 -0.9889784621773269
0.9833333 0.9993786901943336
-0.6666667 -0.6456265494369593
-0.17 -0.181937596808383
0.9 0.9071214581549367
0.03 0.032291016072671375
0.27 0.27975964176333057
