0.0466667 -0.03718179480578579
-0.0866667 -0.11360690645782251
-0.3733333 -0.39818746148055895
-0.1533333 -0.17254886898816885
0.0366667 0.024478915728769812
0.0066667 0.007789119930884714
0.7633334 0.7455061809361675
0.61 0.5829634300709936
0.3833334 0.3800436312819363
-0.28 -0.28999572578989374
0.56 0.57995652149856
0.1633333 0.17952632335287166
0.1266667 0.12174059058856002
-0.71 -0.7323996030667869
0.9666667 0.9608333691693303
-0.86 -0.8805613512436016
-0.59 -0.5687293756246661
-0.2366667 -0.241782545658473
-0.4033333 -0.3774953174319604
-0.7566667 -0.7514950561583701
0.7133334 0.7023684208786771
0.4233333 0.4275561312828579
-0.2933334 -0.2924202605595507
0.72 0.7446532737455431
-0.9666667 -0.9397944261660527
-0.9966667 -0.9488379669702687
0.9833333 0.9753205497666948
-0.6666667 -0.624163439464587
-0.17 -0.2246726490216283
0.9 0.8934037349749531
0.03 0.010714523231589168
0.27 0.24407243485076316
