0.0466667 0.042412318326327636
-0.0866667 -0.06973151872830474
-0.3733333 -0.3631545361968348
-0.1533333 -0.1499895271167372
0.0366667 0.037931121587051475
0.0066667 0.03600230337905136
0.7633334 0.7382668426994372
0.61 0.6119347360619809
0.3833334 0.38490780173871986
-0.28 -0.31271435625750005
0.56 0.5742272409763116
0.1633333 0.16301813829222928
0.1266667 0.11573805345786858
-0.71 -0.7319488406349588
0.9666667 0.9723162125045834
-0.86 -0.8703669507509215
-0.59 -0.5670612462345108
-0.2366667 -0.2684115872973689
-0.4033333 -0.4139111731312496
-0.7566667 -0.7678783194787527
0.7133334 0.7487618185732949
0.4233333 0.43150187970976417
-0.2933334 -0.29604366962225875
0.72 0.7323981321836608
-0.9666667 -0.9706226570281765
-0.9966667 -0.9921621308390137
0.9833333 0.9996934413036627
-0.6666667 -0.6569723759567572
-0.17 -0.15844791203280434
0.9 0.9025433333693463
0.03 0.03763416941879871
0.27 0.2610814165386531
