0.0466667 -0.0219832596572615
-0.0866667 -0.07600659698985662
-0.3733333 -0.41025914841672784
-0.1533333 -0.17019124827452115
0.0366667 0.001072928081079394
0.0066667 0.023657225725863207
0.7633334 0.7690080139870883
0.61 0.6310371420114828
0.3833334 0.4223283489992776
-0.28 -0.23974439712964973
0.56 0.5595238064842174
0.1633333 0.14780862248808263
0.1266667 0.10358856336577374
-0.71 -0.7354745377716989
0.9666667 0.9927250453935474
-0.86 -0.8257923070980979
-0.59 -0.5699396101541951
-0.2366667 -0.2658043157290413
-0.4033333 -0.3968413037876296
-0.7566667 -0.6919126500925414
0.7133334 0.7548875165498197
0.4233333 0.4700748248664791
-0.2933334 -0.30752867603307227
0.72 0.7987204026097349
-0.9666667 -0.9560603227117551
-0.9966667 -0.9871986118965825
0.9833333 0.975570493451055
-0.6666667 -0.5924184946900809
-0.17 -0.17495383393148306
0.9 0.9026046223353523
0.03 0.07469212147289811
0.27 0.4797160362438224
