0.0466667 0.03620788702754624
-0.0866667 -0.07004318528884967
-0.3733333 -0.36297099945593003
-0.1533333 -0.16557386757244968
0.0366667 0.0341983084461549
0.0066667 0.01683457277609951
0.7633334 0.7461301053143744
0.61 0.5868749126793813
0.3833334 0.3903813238178378
-0.28 -0.3197711548058168
0.56 0.5578007154225318
0.1633333 0.16028399954545006
0.1266667 0.11766810928746885
-0.71 -0.7296158913720501
0.9666667 0.9615507347823722
-0.86 -0.877582298316594
-0.59 -0.5703520752008664
-0.2366667 -0.2544856009782841
-0.4033333 -0.4079215928310532
-0.7566667 -0.7599321497966289
0.7133334 0.7384424571948172
0.4233333 0.4509338458089142
-0.2933334 -0.3374989155830004
0.72 0.7338117940953122
-0.9666667 -0.9558666682016664
-0.9966667 -0.998137997817775
0.9833333 0.9684029961846488
-0.6666667 -0.6465608086742779
-0.17 -0.1678511856570255
0.9 0.9067925315743286
0.03 0.022438469095846514
0.27 0.27011895229841903
