1.6256654938171926
1.4335427903929054
1.4354919279350595
1.4481391931796677
1.4442823568061927
1.424403572862167
1.42306475068529
1.4222743746372999
1.4176235364365581
1.3951247035548422
1.384814523489838
1.3843953757535186
1.3843953757535186
1.3841596934324587
1.3878627607581877
1.3891323073748436
1.3897724744605828
1.3793351685783397
1.3747867235554496
1.3926976863981866
1.39119355890618
1.4134241699975543
1.4278586408595535
1.428496041110028
1.4170347129385588
1.409751424789092
1.4005210951452916
1.401625685221531
1.4004048788323673
1.3994315017911436
1.400244738548899
1.4002891939434312
1.4016522792863957
1.4018134994260245
1.394392353838396
1.3897688695462183
1.3785578709851836
1.3770591845374431
1.3773432425472332
1.382393235109329
1.3818410191517754
1.39039868625984
1.3909754568671453
1.3782532915042425
1.3808067609656725
1.3838006302563353
1.3836231262484588
1.3834402252134164
1.389727929402565
1.3881355594876896
1.385973544163108
1.3877099393057837
1.3658652660771398
1.365162244915762
1.3469893789093368
1.3400506327634711
1.3393294051660074
1.3393334115765312
1.3487550030286777
1.354728977899948
1.3537494718832705
1.3539636251405986
1.3561927441527943
1.36154427152456
1.3533003996257968
1.3266952362981712
1.336136636652737
1.33537006858207
1.3439011086621129
1.3437207310662702
1.3274382538943144
1.32812469016295
1.3295674654315492
1.332392726137848
1.3261860773677654
1.3297206444244987
1.3307066221320052
1.3129500509232734
1.3128156034147207
1.3068109482126942
1.306648120105618
1.3193887316961197
1.291002662119419
1.293580240770829
1.293932531243223
1.2913211819922352
1.3011513317164982
1.3022190524444588
1.302941096108556
1.2979430151877502
1.2886399479562534
1.290671870242443
1.2918461542121227
1.3001077531378713
1.2972647999172853
1.2972788635212391
1.296462304636368
1.2955889880520843
1.2916504112151634
1.2925773518701493
1.2866972890655106
1.288084643321024
1.285964623851909
1.285964623851909
1.284848993931744
1.2855908545777348
1.2853723655474538
1.28893397816438
1.2883611560527424
1.3095728105461488
1.3081373162319514
1.3124344170962454
1.3113787642190875
1.3101571130818035
1.3102381674115076
1.3105292440131913
1.3117786209481919
1.3124847930256296
1.3100211181575538
1.311187884117175
1.3309811012010857
1.3500273323128331
1.3407615588805724
1.3376715320232617
1.3372954149731124
1.3381614595043974
1.33699533190421
1.325810720486896
1.3324986120295896
1.3324986120295896
1.3167285480057394
1.326858371933878
1.3256244920622242
1.3256244920622242
1.327939699970193
1.3265057192878085
1.3234931996734243
1.3177388921025144
1.3198607467876988
1.3120064425111106
1.3163955330762804
1.3165210883460574
1.3167190782656628
1.3375108467722414
1.323573789879097
1.3102137331223056
1.3099247516755788
1.3108248894066188
1.316675686782336
1.3161434083581016
1.3020796866549378
1.3159820846081647
1.315278098687369
1.315278098687369
1.299192171260255
1.3089552166431975
1.297672969490485
1.3138899989410187
1.312336323902319
1.3167168729072307
1.3171308649754352
1.297008340422767
1.297008340422767
1.3038195670852952
1.3033724001498028
1.29304339777134
1.2788701974138352
1.2656522652298001
1.264756801056186
1.266034322768882
1.2660200717370182
1.2653925176982082
1.249704388735669
1.2599770001893535
1.2638398514436788
1.251484120490932
1.2619389338213611
1.2612810960514953
1.264160579872033
1.265310860643377
1.2650296783234611
1.2558716063958437
1.252419050622924
1.2517359107485069
1.2502393124884494
1.260500629923281
1.2466195281488028
1.253195010893335
1.2544857369694946
1.2440666827704017
1.244016324255047
1.2540082561090273
1.2540082561090273
1.259166301760829
1.2585617946957688
1.2475075684766646
1.2460287434077213
1.2460255593089193
1.2474350004797115
1.237820815271928
1.234617530953894
1.233436357999399
1.225334638445708
1.225334638445708
1.2406765757733063
1.2570421980754474
1.2512356983552897
1.2512764783545913
1.2510954369497922
1.253795900668061
1.2722541193260022
1.2732812316889937
1.2784776116525014
1.2805503327559813
1.2785659229223203
1.2779680226397836
1.2782926920155364
1.2782374187448517
1.2782374187448517
1.281435269017717
1.2803713411370363
1.2806669255844199
1.2695462700186517
1.2682070068444469
1.2704316831693614
1.2718662879689118
1.2732393589933888
1.2725505395066534
1.2558557527956582
1.2724568793080688
1.2669204025544833
1.2646310074771343
1.2646310074771343
1.2665002531265124
1.2716096052060966
1.272455736276761
1.272455736276761
1.2489515770417627
1.2484734341315153
1.2419126107557492
1.2222115361919013
1.2019654153750159
1.2037538735636053
1.212923876171272
1.2099633989240952
1.210856433230397
1.2212337356339542
1.2195624715782423
1.2165866183814764
1.2230659494548601
1.2231021125791197
1.2236116031342055
1.2236580280712859
1.226508290770081
1.2353894012629416
1.2366941831680682
1.2388969229670155
1.241270769762912
1.239544330062824
1.2395425763266024
1.253692197440937
1.2502135957853433
1.2543610919740358
1.2348140429935799
1.236186594592595
1.2273792950094315
1.2233697116254907
1.2233697116254907
1.2268722648774304
1.2264870339336054
1.232419892576002
1.226189535795495
1.225669944413498
1.2162240263184172
1.2165785931419677
1.2190939771166511
1.2264988011213438
1.2073423182907865
1.2102933402113198
1.1927188364992998
1.1863547500006804
1.1866043635755708
1.1777178149797802
1.1752123452898091
1.1758033963760766
1.17318953589015
1.17318953589015
1.1640946818238773
1.1608063911450992
1.1608063911450992
1.1623423274090439
1.1550398039927505
1.1639143301484365
1.156810170380663
1.1629530436693007
1.1640077023340596
1.1685577814539045
1.1702515234246973
1.172643642595963
1.1698219002894208
1.1673018558625345
1.1714115017229334
1.1692515346302765
1.16183066741119
1.158110396883497
1.161695061410727
1.1766958938521799
1.1690548177415454
1.1706591290344015
1.1722234356500556
1.174978898104939
1.1733940009883814
1.1917587311216171
1.185968951674863
1.1913049109321938
1.1798876379872552
1.1829350217105863
1.1791581444110082
1.1997137896438617
1.1997137896438617
1.199248048316217
1.199248048316217
1.181314790574881
1.1821205188935706
1.1698843292259566
1.1714197772746524
1.1714197772746524
1.1733446711353697
1.172099330313162
1.1709075455864286
1.140175711889517
1.1434996924568601
1.135397131342235
1.1335467813804052
1.134489170702194
1.1265320803100027
1.109988161745252
1.113080362667257
1.112701908275327
1.102106727767603
1.1057370661602808
1.1302441011256816
1.127054835018109
1.1290109184777526
1.1292507452398108
1.1446618596810754
1.1707967138601647
1.1671004407484502
1.1618683820135562
1.1516420885821732
1.150536863847117
1.1596393999905423
1.1596393999905423
1.1596393999905423
1.1600136805630201
1.1880568278343948
1.1931954883953755
1.1799801170051025
1.1836944724216105
1.1806902423119097
1.185118185205387
1.1797886849187853
1.180130368508189
1.183392947941283
1.183392947941283
1.1875767764623626
1.1853702246615816
1.1814509608309611
1.1619816526736584
1.162618842152822
1.1595044917956618
1.155215024869839
1.1521544888029482
1.1574828816263916
1.153111739876992
1.1664142352177895
1.165190813869797
1.1736153084491339
1.1734577234561903
1.1709281081672978
1.1705518618656576
1.1705518618656576
1.1723273606616151
1.1660458836901457
1.159300316045046
1.1592191559458214
1.1757480665002633
1.1780408503961266
1.1776183808416314
1.178760187995834
1.1703573081300076
1.1731537024570065
1.1874458963294825
1.1778339474724198
1.1769558323878966
1.180357736629618
1.1579196033264105
1.1541495964581507
1.1345731476584926
1.1451109876322936
1.1451109876322936
1.1442368724491376
1.1430300532366042
1.1495248354330159
1.1495248354330159
1.1448679965590718
1.1463036887249756
1.144432321277759
1.1415964412266508
1.1391836208797843
1.1499631553148857
1.1509366877404057
1.1487760960233409
1.1590499431491033
1.161993832359312
1.1549769802068561
1.1567738375543812
1.1439253323154552
1.1492950320722324
1.1360698158677138
1.1371058932648455
1.1395438606623707
1.1393144350603348
1.1295123008517645
1.1322611370405036
1.1365479748270984
1.1382652175651764
1.1398198046007921
1.1365115911975185
1.130598767960667
1.1117377068871137
1.1201685914816282
1.1201685914816282
1.1160512440161148
1.1109725350388302
1.1132644090404478
1.1141858508244094
1.1204072692495903
1.1092704507550188
1.109811590196951
1.1118143194016235
1.1118143194016235
1.1119173970877543
1.10127363782085
1.1039157037258616
1.100539782807755
1.0963735242263297
1.0996802481556454
1.0987341624308675
1.1012283306024477
1.0999028572115777
1.098199520277514
1.099488207387189
1.1035245763579462
1.0990266800987385
1.104393282779305
1.100903558601355
1.1076033186520335
1.1156105425557017
1.1182942659359207
1.1125588244020193
1.1140561901592918
1.127848079255528
1.1262755663140867
1.1201101478112176
1.111442210576888
1.1184286094155116
1.1205438009102142
1.1205438009102142
1.1257248466077312
1.129746060823534
1.134854861505913
1.1368902911379997
1.1368902911379997
1.125584036548874
1.1249947705466525
1.1190630620339055
1.1191240838863823
1.1166341517912264
1.1166341517912264
1.1100918412956131
1.1185799974577728
1.1227796944968347
1.1227796944968347
1.125895472745699
1.1202507295918283
1.139377795202107
1.136479438687577
1.1368180161757544
1.1278333662580704
1.1350153535129575
1.1468371186545558
1.1468371186545558
1.1489046647786438
1.1441868437658347
1.1421724584814563
1.1422554219731855
1.1422355169813994
1.1370546378975366
1.1371940695675944
1.1341219614519538
1.1336618369026916
1.1384460782954353
1.1366867952538477
1.1394132216414234
1.1463920653452337
1.1506403665970983
1.1578356625951087
1.1592442377086825
1.1597068890395503
1.1597068890395503
1.1615086572377484
1.1621341105504608
1.1547949485051463
1.1311488807656767
1.1325731359397422
1.1272594284535318
1.1343978971631694
1.129273553976699
1.129273553976699
1.1297773437113172
1.1330932760163033
1.1337664342645186
1.1318856026307862
1.1311847340564891
1.1258598118079117
1.122843798937679
1.112717308624942
1.1063580361487888
1.104594545614739
1.1088354732756986
1.1183704029024475
1.1183704029024475
1.1168248596632258
1.1151842403572516
1.1148146795864937
1.1117444567138128
1.1003442369592562
1.106007443476861
1.1045169453732302
1.1014641673495071
1.0876722984364173
1.0843318747953414
1.0835022163946173
1.0752158664279665
1.0983009328945184
1.0938557501093944
1.0906550828831787
1.0928193500323586
1.0874798221924735
1.0965565834772846
1.0966676233253194
1.0839863694845173
1.0994041463803004
1.1094147166912993
1.1202173452057866
1.1117255615714532
1.1133393639676354
1.1133393639676354
1.1158837167725466
1.1065222407451107
1.091985425392901
1.091985425392901
1.0979210884570416
1.099965234176855
1.0999808149569017
1.0999808149569017
1.09971460127453
1.09971460127453
1.0996761644812612
1.1032676778996418
1.1032676778996418
1.092703072541177
1.0897216636371265
1.102028151988595
1.1120739379466058
1.0847256665245841
1.091167835678796
1.0940794572110546
1.0995379959415488
1.0995379959415488
1.1016260961715032
1.103914877053587
1.1106808376002362
1.1068250794306356
1.105885458503625
1.1031025148528417
1.1087345659025334
1.1087345659025334
1.1139122424857855
1.12562188992802
1.12562188992802
1.1321316650507036
1.124468210720948
1.1247640823853278
1.124239643938192
1.1370109755724342
1.133277785224761
1.133277785224761
1.1420762448119304
1.1472763118437317
1.1309502923840773
1.1381388591275106
1.1318673817416087
1.1295079758096855
1.1213446500929949
1.1213446500929949
1.1189790575295573
1.1106704439287711
1.1106704439287711
1.107151665978928
1.0993048132495493
1.1043841323251324
1.103314062197782
1.1097846266013394
1.1097846266013394
1.1097846266013394
1.115644486276952
1.1147583160053471
1.1149205210179451
1.0977256522810075
1.1035813230039886
1.1035813230039886
1.1017650976810072
1.0968266868982575
1.1069018665570367
1.1043239961514701
1.1043239961514701
1.1043239961514701
1.1040385911356505
1.099076868855336
1.1012399634292538
1.1009294527930953
1.1009294527930953
1.103100409982608
1.0972187139181968
1.0972187139181968
1.0985263556115328
1.0917998954193913
1.0815508708635477
1.076315523177227
1.0713709367345905
1.065682172189146
1.0658566944175811
1.0557191711632274
1.0557191711632274
1.0574151148049034
1.046867336831001
1.046867336831001
1.050154111011208
1.051324612491699
1.051324612491699
1.051324612491699
1.05059494639933
1.0412049844849889
1.0374501208992841
1.036894472665876
1.0341413788246885
1.0370327825942314
1.0373693021497505
1.0334549051536925
1.0339709671498933
1.0339709671498933
1.0315754730316995
1.0315754730316995
1.0368928056192288
1.0412006994135217
1.036207607844128
1.0379546836718923
1.0313534113754346
1.0313534113754346
1.0404940249422654
1.0411095185644579
1.0394263006434834
1.0429623600402855
1.046048215357884
1.0482456166987237
1.036776674958927
1.036776674958927
1.0371335432396882
1.0292515873768582
1.0338068031459282
1.0192145032735336
0.9981736003028323
0.9981670520571337
0.997879907005196
1.0036208946907768
0.9996796292370757
0.9795989498487359
0.9826496312230344
0.9826907247210446
0.9826907247210446
0.9775708037309622
0.9576864288101374
0.9664684018499407
0.9664684018499407
0.9677487743559069
0.9720726801282689
0.9666585470038561
0.970154102964877
0.9647717343251568
0.9697430447467204
0.9697430447467204
0.9665732379816078
0.9684099224675022
0.978300041253627
0.9777436499742442
0.9798141977769577
0.9798141977769577
0.9711691936929657
0.9736113650086288
0.9710774576812278
0.9700376993915099
0.965320616577746
0.9665542953988069
0.9654483241912388
0.9602550377801782
0.9621866549048818
0.9621866549048818
0.9617088523368262
0.9687706935354606
0.9551265731038525
0.9496868617221507
0.9503119318258662
0.9408826117775753
0.9364420743733437
0.9321666913143204
0.9348524275724092
0.9307178479267063
0.9307178479267063
0.9056064691540936
0.9017334923955757
0.902304456244899
0.9009892061090405
0.9036033271866029
0.9036033271866029
0.9052476288074923
0.9132532303257651
0.9132532303257651
0.9132532303257651
0.9232645198502977
0.9229188287137368
0.9377501522717986
0.9465378655706141
0.9531048915938438
0.9576570834992022
0.9576570834992022
0.9544478303773974
0.9539370281233661
0.945967806894325
0.9488134606540543
0.9488134606540543
0.9411172106279989
0.9435142414725518
0.9435142414725518
0.9307277644149323
0.9307277644149323
0.9285356161577453
0.9283424325182293
0.9283424325182293
0.9283424325182293
0.92345618052611
0.9213898770469496
0.9154415525061949
0.9107548225053318
0.911422070973939
0.9211322155510222
0.933443396204724
0.9334060634824971
0.933894621620954
0.9448571101214777
0.9532674172444143
0.9585780566152041
0.957263375012079
0.9574458282578753
0.955311578513997
0.9397204907138303
0.9392896099599853
0.938349503733243
0.9297602902323079
0.9296991739691879
0.9284535550408727
0.929291478947376
0.943643846354885
0.9399575282294795
0.9399575282294795
0.9422358621089104
0.9358977722264357
0.9337518064378301
0.9260006553469148
0.9084946010673772
0.9013283236120164
0.9010709815748079
0.8897169555237614
0.8885108826754488
0.8882336796015392
0.9013133866651128
0.897352996462749
0.8988720367006895
0.9033849193287061
0.9095936063654131
0.9056568894116173
0.9055449314201255
0.9055449314201255
0.9092331825151284
0.9116596016893105
0.9116596016893105
0.8959487190716249
0.8959487190716249
0.8919269466405143
0.8537459849454393
0.8537459849454393
0.8594855532991578
0.8486644142753421
0.855422549885966
0.855422549885966
0.8464822348501216
0.8464822348501216
0.8464822348501216
0.8464822348501216
0.8509744819981665
0.8599714342190383
0.8583744180085975
0.8583744180085975
0.8726281550192697
0.8791965608423514
0.8835293595163108
0.8802526801741289
0.8802526801741289
0.8806556141510561
0.8806556141510561
0.8820739186928113
0.8716692942820072
0.8716692942820072
0.8713606392420914
0.8713606392420914
0.8737256218921655
0.8737256218921655
0.876084403719585
0.8917860444977747
0.8854304450846312
0.876188552717477
0.876188552717477
0.8775875639391005
0.883898796868266
0.883898796868266
0.8874419397608327
0.8805378466368874
0.8571085072604528
0.879224983260179
0.8805594749085011
0.8805594749085011
0.8805594749085011
0.8746795342837295
0.8616326565555504
0.8616326565555504
0.8499859616373244
0.8173738413066297
0.8148031970439662
0.806174607327747
0.806174607327747
0.806174607327747
0.806174607327747
0.8078431106575431
0.8078431106575431
0.8078431106575431
0.795908199308165
0.795908199308165
0.7963529047791573
0.7918664575347931
0.7935659824070809
0.7910565851944416
0.7945190991752753
0.7886972551166276
0.7979792954021667
0.7947186942857418
0.7802953162658693
0.7802953162658693
0.7909666822985226
0.7897042688001781
0.790480991930622
0.790480991930622
0.7881755738781131
0.7973462791210364
0.7973462791210364
0.8003865440358069
0.7985887548111226
0.791803071216637
0.7942451445913974
0.7918747080699047
0.7875672307400486
0.7875672307400486
0.7866926697769181
0.7866926697769181
0.7866926697769181
0.7868446823422051
0.779083945180146
0.77775178169825
0.7754732136398133
0.7817777175364422
0.7630845069168402
0.7630845069168402
0.7589778934662905
0.7539547718336441
0.754638126254826
0.7543558942436424
0.7578135055397994
0.7584064529628036
0.7611834371133198
0.7598642106379055
0.7598695384320763
0.7432059065640358
0.7434789092993497
0.7434789092993497
0.7381170318314322
0.7381170318314322
0.744664770370624
0.740163034847029
0.7425960696788494
0.7380377542330943
0.7429992106938963
0.7429992106938963
0.7436013194039874
0.7531394855006008
0.7436761171836602
0.7495793909984663
0.7464773382122606
0.7432544859595751
0.7432544859595751
0.7440654119015883
0.7417931895051675
0.7417931895051675
0.7412505605077336
0.737199990631366
0.7365974006667425
0.7294725096816387
0.7130460466774067
0.7130460466774067
0.7097989646897565
0.7257832456058325
0.7246872337817563
0.7229513507849434
0.7284793067751992
0.7288617032067461
0.7357740679283497
0.7357650524590363
0.7357650524590363
0.7354269869263821
0.7216470948520818
0.7041595385043894
0.7047220059980023
0.6778351530529472
0.6773176365907331
0.6773176365907331
0.6971442537136797
0.6963034280060396
0.6963034280060396
0.6919320096604392
0.6912128090716175
0.6974741700089007
0.6974741700089007
0.700973726068892
0.7001786559354911
0.7001712555777804
0.7001712555777804
0.699543058226098
0.7004261160208405
0.6988702656718148
0.7011269164770223
0.7011269164770223
0.7146830339287311
0.717823146662346
0.7101134937073597
0.710360713053066
0.698939932463403
0.6848124398797224
0.6893979271441528
0.6899936921464669
0.6899936921464669
0.6899936921464669
0.6894667200486102
0.6899134345745469
0.6899134345745469
0.6901191137683458
0.6901191137683458
0.6829172707028722
0.6830243458454206
0.6778056460249583
0.6769170256049633
0.682724930419623
0.6922732817357985
0.6891734095421319
0.6892358685229936
0.6892358685229936
0.6866894606675785
0.6807033110372162
0.6807033110372162
0.6648907126322205
0.6604552680073461
0.6608191383680071
0.6608191383680071
0.6603787188414787
0.6608947764059221
0.6527774232257848
0.6582440468357424
0.6553332514346979
0.6518727856157184
0.6426294176686754
0.6428320587823652
0.6428390260326159
0.643666129799232
0.6409857654982963
0.6480951257933296
0.6480951257933296
0.6482101131017879
0.6481935527246453
0.6544511036647144
0.6488347395941504
0.6429398874121828
0.6424041075699191
0.637609340596846
0.637609340596846
0.637609340596846
0.6500686080450404
0.6558397252563138
0.6624066875662559
0.6628391210562347
0.6600563214053067
0.6629713866387406
0.6750817391894498
0.674918720889694
0.67524627135423
0.67524627135423
0.6745110393612597
0.6742693941609026
0.6675432359275931
0.6676521640698623
0.6676521640698623
0.6710979050862798
0.6666721757633246
0.6620674883392232
0.6648303101655327
0.6648303101655327
0.663221151040369
0.6546564250991368
0.6546564250991368
0.6729029363782612
0.6729029363782612
0.6729029363782612
0.6751382515889592
0.6833246171391425
0.6833246171391425
0.6833246171391425
0.6833246171391425
0.6819407473289714
0.6769443091239964
0.6775871655479272
0.6775871655479272
0.6778637262310829
0.6790602314348445
0.6860380461720601
0.687188401241522
0.6702885701954125
0.6743163617149542
0.6743163617149542
0.6743163617149542
0.6743163617149542
0.6790479450173695
0.6790479450173695
0.6794245889729443
0.6794245889729443
0.6795070841017449
0.6795070841017449
0.6795070841017449
0.6775690707386487
0.6755513079392576
0.6718197194871979
0.6639278904932555
0.6552108218311423
0.657780747210398
0.659030700662168
0.659030700662168
0.6705586006213048
0.6643262270392266
0.663876016380836
0.663876016380836
0.663876016380836
0.6714239824793067
0.6714239824793067
0.6703881455616953
0.6703881455616953
0.6703881455616953
0.6703524947864947
0.6718979302424806
0.6678324614147706
0.6668026602946127
0.6668026602946127
0.6671699666793602
0.6671699666793602
0.6604905329906157
0.660744435651878
0.6457443628624991
0.6457443628624991
0.6457443628624991
0.6432533710155391
0.6433683109769788
0.6433683109769788
0.6448606085078845
0.6284238541803642
0.6284238541803642
0.6284238541803642
0.6285207219581634
0.6283631238433741
0.6219968914178141
0.634732738505949
0.6357961681543168
0.6349879826316018
0.6333641187250204
0.6342759568363615
0.6316896856133515
0.6316896856133515
0.6286167831483355
0.6286167831483355
0.6286167831483355
0.6266748192825196
0.6269703120769547
0.6218961803435317
0.6218961803435317
0.6224838070816274
0.6221829300775703
0.6221015712095334
0.6221015712095334
0.6202268630648727
0.6202299212238287
0.6227579589067525
0.6212022813252198
0.6223460567276451
0.6223460567276451
0.621776540928119
0.6191362214897621
0.6191362214897621
0.6191362214897621
0.6191362214897621
0.6197251194863598
0.6195662558003983
0.6182155825117139
0.6081544818706667
0.607642947023634
0.607642947023634
0.607642947023634
0.6075117221773841
0.6075117221773841
0.6125953667345361
0.613514507022401
0.6141605713588857
0.6132724688084874
0.6075936337076083
0.5960586207448219
0.6002701332903907
0.6002701332903907
0.6081419377719165
0.6081419377719165
0.6023010990318205
0.6014657633364102
0.6014657633364102
0.6014657633364102
0.6043730295576528
0.6051161036567757
0.6066653081854415
0.6081701270077643
0.6069739975899914
0.5986567431591411
0.5954743443322678
0.5954743443322678
0.6011886463554923
0.6018547487862232
0.6051106388770353
0.6073997006503826
0.5992735969299322
0.5992735969299322
0.5938871395679471
0.5935172487440692
0.5903791127199869
0.5962821016295996
0.5962821016295996
0.5929663580593358
0.5923235143896693
0.5923235143896693
0.5923235143896693
0.5913878002487348
0.5919320720459381
0.5919320720459381
0.5928165865343132
0.5928165865343132
0.592653145021361
0.5925993784113528
0.5925993784113528
0.5925993784113528
0.5925993784113528
0.5925993784113528
0.5925993784113528
0.5925993784113528
0.5925993784113528
0.5924914479397209
0.5933664981280758
0.5941556567923153
0.5765970665071466
0.5765970665071466
0.5765970665071466
0.578285058577157
0.5827610122484532
0.577366542009645
0.5519493315188044
0.5423762262789318
0.5423762262789318
0.5423762262789318
0.5397650620802413
0.5312714426968219
0.5316413061817177
0.5316413061817177
0.5316413061817177
0.5309523567807543
0.5309523567807543
0.5309523567807543
0.5270530656426383
0.5270530656426383
0.5270530656426383
0.5225999248754387
0.5135260659320101
0.5135260659320101
0.5134536767050505
0.5105116531984512
0.5278135961226489
0.5278135961226489
0.5278280115160007
0.5275028107434829
0.5275028107434829
0.5275028107434829
0.5275028107434829
0.5268779803413813
0.5308418938916417
0.5142491883426317
0.5142491883426317
0.510298709956824
0.510298709956824
0.5096420021076806
0.5101599242278138
0.5158587487628843
0.5195013505434058
0.5210800174934764
0.5182700949892657
0.5134061650955715
0.5038125105567883
0.5066877448066521
0.5066877448066521
0.5014225581769313
0.4970256441142142
0.4980103900067592
0.4980103900067592
0.4980103900067592
0.49991919617424296
0.49991919617424296
0.49991919617424296
0.49991919617424296
0.49930993061272044
0.5002533707426174
0.5002218528782657
0.5008285349121819
0.5017614660580288
0.49706303261342966
0.49706303261342966
0.49738876528319753
0.5014168504270872
0.49585810352249404
0.4940933687818791
0.4971008401970579
0.4979619357590209
0.4979619357590209
0.49681544635602815
0.4929323916045287
0.4930467229117775
0.4930051251247112
0.4955549081800527
0.4923583835619406
0.4917936277377959
0.4917936277377959
0.4917936277377959
0.4917936277377959
0.48962525817943026
0.48962525817943026
0.4918259269648225
0.4918259269648225
0.4926041409296343
0.4926041409296343
0.4869980803894529
0.48886234060584616
0.48886234060584616
0.48591064420459534
0.48316165591728555
0.48316165591728555
0.48316165591728555
0.48316165591728555
0.48316165591728555
0.5009675192150361
0.5009675192150361
0.5009675192150361
0.5009675192150361
0.5009675192150361
0.5013499354404509
0.4944203769199421
0.4944203769199421
0.4944203769199421
0.4791395003710853
0.48363904119676604
0.480628300182684
0.48254435733476225
0.48462035723945224
0.48779778182443256
0.4929335040772546
0.4929335040772546
0.48975973020656816
0.49003938748688575
0.49003938748688575
0.48878349340465016
0.48878349340465016
0.4821655373879858
0.4823401790002139
0.47922881096815023
0.47922881096815023
0.47922881096815023
0.48665846337755814
0.48600965862497414
0.48939209569775316
0.47003357994762907
0.46322429700079537
0.46092111313909173
0.46000934237200514
0.46000934237200514
0.46000934237200514
0.46713321775085537
0.46745800438292395
0.47143408620954164
0.46779723705923165
0.467676995460276
0.467676995460276
0.47075481451107615
0.4797057215315042
0.47641462925671657
0.4845299020573014
0.4845299020573014
0.4813118680330724
0.48374953010415245
0.48374953010415245
0.4828386329702057
0.48469625260786714
0.4846822194097473
0.48158004489813183
0.4805359150851128
0.4805359150851128
0.47921702212095235
0.48041441815143016
0.48041441815143016
0.49355200045228026
0.4935891191852173
0.4962510130324526
0.4962510130324526
0.4966351397746518
0.4949433538948524
0.4949433538948524
0.4949433538948524
0.4949433538948524
0.4917259138537422
0.4912789121901728
0.49084181506610314
0.4915453169185426
0.4915453169185426
0.4783171589822905
0.4783171589822905
0.48230207134665687
0.4919049339750463
0.4919049339750463
0.4881698016748975
0.4890859747224438
0.4888924253587348
0.48646667183692177
0.4828057986540599
0.48161653937409876
0.48161653937409876
0.48161653937409876
0.49054897372176254
0.4834653367104253
0.48330473924234263
0.48330473924234263
0.49518130665890614
0.49518130665890614
0.49518130665890614
0.4896035566814046
0.488352975300861
0.48895964724794083
0.48733496928655734
0.48082508962783665
0.48082508962783665
0.4769244312210303
0.47000592970681365
0.47000592970681365
0.46937413529125677
0.4649139327339969
0.4649139327339969
0.46494559752643405
0.46486548042473586
0.46486548042473586
0.41340481253592976
0.41340481253592976
0.41340481253592976
0.41860418373992175
0.41860418373992175
0.4253032580358816
0.42556055679930516
0.42556055679930516
0.425676518366284
0.425676518366284
0.425676518366284
0.425676518366284
0.4262011625626308
0.4262011625626308
0.4244874389137612
0.42536009631075145
0.42536009631075145
0.42536009631075145
0.42536009631075145
0.4135537900891155
0.41062659116951805
0.40959351870144406
0.40959351870144406
0.40878202247127576
0.4003199107104038
0.4003199107104038
0.4003199107104038
0.40176335757959747
0.40067723069021205
0.40067723069021205
0.40067723069021205
0.39832758242829164
0.39832758242829164
0.39832758242829164
0.39118691469600775
0.39130301723673844
0.39130301723673844
0.39130301723673844
0.39130301723673844
0.3902129178610224
0.3902129178610224
0.3902129178610224
0.3902129178610224
0.3902129178610224
0.3902129178610224
0.35721616556756897
0.3566045038005054
0.3566045038005054
0.3566045038005054
0.3566045038005054
0.3566045038005054
0.35626007327147013
0.35626007327147013
0.35626007327147013
0.35626007327147013
0.35626007327147013
0.35626007327147013
0.352368344461461
0.352368344461461
0.352368344461461
0.352368344461461
0.352368344461461
0.352368344461461
0.352368344461461
0.352368344461461
0.352368344461461
0.352368344461461
0.352368344461461
0.3493237879577442
0.3493237879577442
0.3493237879577442
0.34155144182223773
0.34155144182223773
0.34155144182223773
0.34155144182223773
0.3256551897660386
0.3256551897660386
0.3256551897660386
0.3250155847081337
0.3250155847081337
0.3250155847081337
0.3250155847081337
0.3250155847081337
0.3250155847081337
0.3189135553294003
0.3189135553294003
0.3189135553294003
0.3189135553294003
0.3189135553294003
0.3189135553294003
0.3189135553294003
0.3189135553294003
0.3189135553294003
0.3189135553294003
0.3189135553294003
0.3189135553294003
0.3189135553294003
0.3189135553294003
0.3189135553294003
0.3189135553294003
0.3189135553294003
0.31665585994667067
0.31665585994667067
0.31665585994667067
0.31665585994667067
0.31665585994667067
0.31665585994667067
0.31665585994667067
0.31665585994667067
0.3184777073880009
0.3171218457166579
0.3171218457166579
0.3171218457166579
0.3171218457166579
0.3171218457166579
0.3171218457166579
0.3171218457166579
0.2933397399530763
0.2933397399530763
0.2933397399530763
0.2933397399530763
0.2933397399530763
0.2933397399530763
0.293836036862606
0.293836036862606
0.293836036862606
0.293836036862606
0.293836036862606
0.293836036862606
0.293836036862606
0.293836036862606
0.293836036862606
0.293836036862606
0.2926781424517088
0.28821183523985233
0.28821183523985233
0.28821183523985233
0.28821183523985233
0.2876328723340515
0.2743235565045445
0.2743235565045445
0.2743235565045445
0.2642301544814219
0.2642301544814219
0.2642301544814219
0.2642301544814219
0.2642301544814219
0.2642301544814219
0.26217079434893914
0.26217079434893914
0.26217079434893914
0.2620302915760056
0.2620302915760056
0.2620302915760056
0.2620302915760056
0.2620302915760056
0.2620302915760056
0.2620302915760056
0.2620302915760056
0.2620302915760056
0.2602900866941482
0.2602900866941482
0.2602900866941482
0.2587964566965577
0.2587964566965577
0.2587964566965577
0.2587964566965577
0.2587964566965577
0.25467481577189977
0.25467481577189977
0.25467481577189977
0.25467481577189977
0.25467481577189977
0.2515414966497607
0.2515414966497607
0.2515414966497607
0.2515994173245458
0.2515994173245458
0.2555545781209349
0.2555545781209349
0.2522947885706192
0.2522947885706192
0.2522947885706192
0.2522947885706192
0.25178240435157623
0.2502662562804974
0.2502662562804974
0.2502662562804974
0.2502662562804974
