1.610751038389347
1.4058897873014689
1.4044186594018755
1.395936093588936
1.3943391678774104
1.3943391678774104
1.3943391678774104
1.3970727125648594
1.4207781256297551
1.418401602347819
1.4165832542145746
1.414874217178102
1.4241672221423642
1.4388564541621205
1.4389526351391837
1.4355254010795335
1.4357438793706963
1.445685458357296
1.4540636249515857
1.4257005838487384
1.425858021346274
1.427656208232387
1.4169664571787948
1.4098430579877204
1.4098430579877204
1.409689351196767
1.3990708353724135
1.4008541117738282
1.3851918093789024
1.3860659084666689
1.4062101935321356
1.4045983981239014
1.4032431289213363
1.407990493018501
1.4052666419105428
1.4061516255046627
1.4110080353573378
1.4000007654986473
1.3927502325354293
1.3942154786961949
1.4010524972137768
1.3954797317419154
1.3977903334967852
1.4019806662134124
1.4008888450883323
1.4036451310914022
1.4008747781619812
1.4028424934259744
1.3901633107067608
1.390421968909956
1.374961614957381
1.357527952708217
1.3276082910312483
1.321712087803851
1.3149647914406777
1.305762037291394
1.3058593410220314
1.3060975164467348
1.3077673789804893
1.3039660751734516
1.2854868210907646
1.28207700833133
1.2967900391619254
1.287556180550779
1.2874168263470191
1.2890861538806646
1.278767481792356
1.2800758709495232
1.2796624658667015
1.2800255582494895
1.280453924031823
1.2817571993367955
1.2841822804664198
1.2746914273707113
1.2736543465544685
1.2673459462648529
1.2679186746641455
1.2657475771379803
1.2692233182052095
1.2755877680239425
1.2750165352039633
1.2761700921917212
1.273266005180759
1.2728436865231076
1.2681976701805693
1.2781570702606333
1.2771042403370432
1.2821089237368795
1.2794030682252782
1.2780690606240541
1.2752249013695909
1.272660455878377
1.275973896891283
1.2745072589206383
1.2745072589206383
1.2795203837316704
1.2660730268083458
1.2644966900853176
1.2645222749650755
1.263429999220022
1.263219180942146
1.2611655383539548
1.2621086116747255
1.260954935157894
1.2632966245285444
1.25282692292021
1.2380789728723056
1.2377578671433018
1.2427196350881038
1.2444899095189355
1.244450821431571
1.2427729706868056
1.2497467453934934
1.236604847720948
1.2467136292817602
1.2469534905114403
1.2433727303334976
1.2353371496946055
1.2390840680400463
1.2185679717259905
1.2142459529537
1.2142386958288935
1.2269303688010638
1.2286339318250803
1.229445007488576
1.2269485405249791
1.224593649681792
1.2225334251816093
1.2345038795118353
1.2297598882639735
1.2310509658831372
1.2326429047333873
1.2328860248224074
1.2325180489069703
1.245818379611661
1.245266320665165
1.2470503677737306
1.231972215941287
1.228032338162396
1.2422047039241997
1.2441698090444435
1.2475856143931667
1.2401561400940626
1.2683248990138642
1.2626577813108555
1.2628494123159124
1.2509324006456528
1.2495817097762465
1.2508221971946358
1.2570258428764545
1.2534466915098001
1.2594266710636324
1.2506570231587109
1.2506698300327665
1.2463440700216055
1.244552524487467
1.2420317534399585
1.2338153397192342
1.2338153397192342
1.2298086058249058
1.209193766143887
1.202660844561293
1.2032749002810004
1.2028495144940052
1.2028495144940052
1.2038234975044255
1.2063365332903278
1.2217663275521435
1.233151767522406
1.2528872625658833
1.2538112140209103
1.2537221569096089
1.2539927129825075
1.250684968749991
1.250684968749991
1.25195254167591
1.2599392402356182
1.268943481766322
1.2657203165902426
1.2611569446329396
1.261093418221022
1.2601540505590425
1.2638308801732385
1.25123282701971
1.2553934936978368
1.2467070647199994
1.2485812838244819
1.2592036188728843
1.2594742672548125
1.261278231700401
1.2692695090646395
1.270535148479851
1.2674514047367427
1.2696528287418716
1.2651712244918434
1.2532068478639782
1.26111278299653
1.251077627595238
1.249830172093228
1.2517407135933156
1.2604545923087032
1.258713387573072
1.2689679113441437
1.2441803396409061
1.2451064905119684
1.2519577586207344
1.240726096159608
1.2409860388972829
1.2450098052081653
1.2511749911659449
1.2497186067972406
1.2458173716595413
1.2458173716595413
1.2393836018328959
1.243892702183035
1.2578149670069276
1.2574443055295648
1.2634552295593964
1.2731307958584017
1.2787754187237987
1.2764565962381784
1.2722730039249541
1.2846275565169658
1.2834971484847046
1.2999910300837876
1.2931448147410918
1.295369325501567
1.3023023238171467
1.3023023238171467
1.2980305566002857
1.3032346649387379
1.3339669510142762
1.3279667938433934
1.336299336124814
1.3316222642855655
1.3247050360480546
1.332198815546082
1.3144211465973736
1.3308135233036293
1.3291970833751956
1.317848783415853
1.317848783415853
1.316519675507703
1.3284103010371502
1.3112383512363843
1.3059536025476535
1.2903418220914986
1.265944199306753
1.2425752641467245
1.241476034965631
1.2497608331582182
1.23737799431437
1.2580388306715407
1.2684745062857261
1.2466910204216113
1.2550374919116616
1.2689354690951167
1.254169381561457
1.2580906876290503
1.2588496986814655
1.2505823674656653
1.2443950304194489
1.233846252818071
1.2389815194514233
1.2381037326797444
1.2266054315721209
1.2221567992326494
1.2101707247487723
1.2103106712906593
1.2006125311104803
1.1794957300436726
1.1647278006111799
1.162283782353322
1.1465523246368898
1.1647167480958733
1.1621670399241741
1.15356631385169
1.1582459014104327
1.1483445698806596
1.1485760407945609
1.1505274505719827
1.1511399704181595
1.1618668074601177
1.1624842755775204
1.1631830152525935
1.1704549857706026
1.16575102992328
1.1593479116428396
1.1659100701122795
1.1760106795990057
1.1732886536169906
1.1762679424985627
1.19702562204295
1.1897645234869878
1.194365812321705
1.1913674292113785
1.1894412078103231
1.174153953481211
1.1739103062376575
1.1889434245596018
1.1786569484894749
1.1743466965772853
1.1819610697978906
1.1961000636271646
1.1981917780026463
1.1900853975237642
1.1805893206798936
1.1831420005500275
1.1830816020495651
1.1846157662217693
1.1689115771437084
1.1689115771437084
1.1677425963349994
1.1704249748424291
1.165704337018387
1.1653456178406119
1.1693967034839772
1.1718153316462623
1.189807579025431
1.1911618674460336
1.1908408244712783
1.1911078612859154
1.178481882142092
1.1725405851345163
1.1794827409243223
1.1801577066641182
1.1801577066641182
1.1698941589011158
1.1625045928593443
1.1803842468159116
1.191711533138245
1.2053098346957456
1.1910227753737586
1.1826546297374478
1.183172583158046
1.183172583158046
1.1889960447366157
1.2079100426553484
1.2135013247105275
1.2144185184639962
1.2108547881574512
1.2002722729913746
1.1968354178695908
1.1957937106561347
1.2008653560984153
1.1998538413625042
1.2131795370319867
1.2118921182578135
1.2118921182578135
1.2100013263886187
1.2109489199786014
1.2101846796534292
1.2084691006746175
1.1717799546424412
1.1612595086984219
1.154998168447486
1.1502883604017224
1.15132513897305
1.1448437964487312
1.1401749248688255
1.1400092888963105
1.1349284453382797
1.1272193074631813
1.149385649609096
1.1528276623777727
1.152747902700235
1.151311834692691
1.151311834692691
1.1525528949802206
1.1661747396744142
1.175184847521111
1.175184847521111
1.1859274625823684
1.1820959069351251
1.182762636251958
1.1791053102243467
1.1724559075092815
1.1510740980581096
1.1510740980581096
1.1374279136848755
1.1352185426293433
1.133597929694544
1.1211551042541499
1.1266161615743866
1.1256717144853026
1.1059511579604129
1.099414315336927
1.0983773243858495
1.0983773243858495
1.0983773243858495
1.100137735303251
1.1056455515969517
1.1062919927830495
1.101236154725922
1.1033731840167853
1.1126434184535494
1.1122420047353596
1.1099636228934613
1.114852104547366
1.1149991752042383
1.1149991752042383
1.1155662333430383
1.1135034139158801
1.1108106733155245
1.1105794940236193
1.1105794940236193
1.110528001593532
1.108543062198746
1.1177619213133236
1.1177619213133236
1.1177619213133236
1.1222256697198352
1.1230403360659886
1.1284652097611176
1.124568791478232
1.1235956332192094
1.1377378906665652
1.1382516991080243
1.1382585116035993
1.1230488699375407
1.1259156375622263
1.1230812770799499
1.122663184936424
1.1187898882375462
1.1238648329948087
1.1293078076081087
1.1302656716758943
1.1110754294241068
1.1091067058655915
1.1045280912219484
1.1031319389319167
1.0869439466970672
1.0859426510033854
1.082106177097604
1.082106177097604
1.0758572462149676
1.0820146443296323
1.0820146443296323
1.0615409109839655
1.073584184882181
1.06688288088433
1.0717365248752377
1.072365606720363
1.082770519556058
1.082770519556058
1.082770519556058
1.095749743992782
1.0894458148820698
1.0927780522880308
1.0917577670537635
1.0884241256718188
1.0960002337675494
1.0939795279849291
1.093962046360125
1.0961703453440081
1.1041643777627659
1.1124805084997351
1.1124805084997351
1.1124805084997351
1.1125118579932274
1.1191782530188497
1.1192048722282801
1.1147643559366398
1.1127432656675427
1.1126556290990224
1.0894824226126765
1.089532369571049
1.0860287182312147
1.0770044681603446
1.0770044681603446
1.0791798397084273
1.0971665768632974
1.1093814229036008
1.1094154198914172
1.1092188714096927
1.1122316269024322
1.1122316269024322
1.095734051347234
1.095734051347234
1.0961746564388923
1.096446021852821
1.094753532095981
1.0949251415408896
1.0932441412465526
1.0933877945169213
1.094385144276234
1.0873851760621223
1.0862438442302746
1.0902071389162582
1.0902555966132268
1.0859705389044092
1.0857851074427096
1.091455765946595
1.075269409677655
1.0797735156728931
1.0761196887344724
1.0713646753111763
1.0780585921404922
1.0748713651665078
1.0747315166815488
1.0782309150804725
1.0986743330181254
1.1107609798441862
1.1087296335803676
1.1078100486953062
1.1076460422902148
1.0844979956508092
1.085996321373031
1.0898764290513125
1.1031207080372711
1.0994188630420354
1.0912126607367936
1.0930936769721977
1.0878307611448146
1.0890135893950161
1.0770974459993723
1.0722556244359165
1.07296848032263
1.0750920754817823
1.0764400766964255
1.0762853819536355
1.072116251244427
1.0653587211898914
1.0468248550566452
1.042605575468351
1.0440120551490681
1.0440120551490681
1.053486311839271
1.0537075025431137
1.060276390528674
1.0453285066978601
1.0458349489836318
1.0372161473336017
1.0268911301954307
1.0284083094724614
1.0290398680657333
1.0317066370943542
1.0426245080898444
1.0414999165070555
1.0411320395647081
1.0421927116474763
1.0221563604893262
1.0272801807734924
1.0272519683297785
1.0100972022290824
1.0076047406811366
1.0073649517713397
0.9997658204470552
0.9893308345499479
0.9893308345499479
1.0012828066307964
1.0037830290787673
0.9973628670041115
0.995615552735865
0.9908264383741733
0.9907561058370656
0.9825943298389201
0.9792454608891542
0.9720728833961026
0.9805307350586742
0.9759615467076931
0.9792482758562572
0.9677338069482375
0.9655082692671132
0.9815933724692185
0.9815933724692185
0.9900032108825074
1.0049445302558138
1.0000511375343497
1.0109472969189683
1.007325410452755
1.00885822385781
1.0093804285511212
0.9983027536008506
0.999917936691536
0.9943851568868591
0.9802263936917602
0.9774797807372549
0.9774797807372549
0.9451066707748922
0.9451066707748922
0.936261408949716
0.9329846995951534
0.9377913886618813
0.9355505717267818
0.9532133131193058
0.9540798489124541
0.9454318920333868
0.9434157721295598
0.9401383933505569
0.9266537867391051
0.9266537867391051
0.9337806011878244
0.926447703069771
0.9224754472229982
0.9283608200011584
0.9189034045157048
0.9189034045157048
0.9353827557108066
0.93108137735548
0.930572123314758
0.9383313084399921
0.931865971171423
0.9450448548343677
0.944208977584543
0.944208977584543
0.944208977584543
0.9451859517247337
0.947221460053625
0.9479638310843082
0.9514378232038045
0.9634266779184094
0.9630409648396836
0.9561515598016431
0.9599236631865626
0.9599365959717207
0.9608698438977812
0.9623795724220695
0.9650555988652962
0.9571094910581466
0.9594395837134992
0.9708498346035722
0.9796767276004736
0.9780392916550544
0.9797235597416563
0.9797235597416563
0.979114545657742
0.9793730871350315
0.96136209956107
0.9764796354054845
0.9757008580621648
0.9757803701606189
0.9580600981578347
0.9526517407563624
0.9452605506988266
0.9432708558129191
0.9416804516481786
0.9410629423695956
0.9469581201537726
0.9305333916574526
0.9160127028901819
0.9070047896961213
0.9240432168460835
0.9243696961452892
0.926786992227111
0.9263178022502652
0.9219827798068366
0.9215947694676359
0.9219021899004413
0.9253140561761823
0.9304611030362367
0.9304611030362367
0.9142714734581692
0.9130443200389365
0.9152604295031262
0.9151900851618742
0.9153748518984346
0.9078012409907655
0.9072466803298909
0.9148759619141128
0.9040174256672018
0.9019058238079889
0.8950722837324554
0.8868268144492487
0.8868268144492487
0.8809262913786189
0.8781294009532247
0.8669108225426859
0.868770016284961
0.8652717720406681
0.8652717720406681
0.8665143345452088
0.8665143345452088
0.8637457930980338
0.8675125157398029
0.8674622381698015
0.8663685726999167
0.8605781074734616
0.8641781159535071
0.8641781159535071
0.875586038187644
0.8598904486668708
0.8709051128899666
0.8630315665250461
0.8743107567572485
0.8691355945425149
0.8690126768842767
0.8719470986795443
0.8765002101921954
0.8780635994131994
0.8825873794986547
0.8741646091708953
0.8749681263985533
0.8842673917803958
0.8751507942854457
0.8690198224169496
0.8690198224169496
0.8715782668608837
0.8715782668608837
0.8715782668608837
0.8681902144945988
0.8675585245299892
0.8630099768832624
0.8625585276782562
0.8755393752790173
0.8630923987859569
0.8743230485899919
0.8743230485899919
0.8771719899573857
0.8657453439407037
0.8657453439407037
0.8625984393868804
0.8606267220442921
0.8606267220442921
0.8608908019391416
0.8697346030137889
0.8662764856244837
0.866372712822512
0.8720135515259659
0.8720135515259659
0.8821727449514899
0.8771122321597584
0.8677706458398596
0.8705618808105776
0.8693467345996009
0.8637873065197695
0.8575892492722489
0.8578413148708673
0.8578413148708673
0.8578413148708673
0.861592997558044
0.8631671499249379
0.8611799513196269
0.861047957748445
0.8569693823537124
0.8592555441028367
0.8592555441028367
0.8620427706893724
0.86062675841757
0.86062675841757
0.863272211425676
0.863272211425676
0.8636628837022169
0.8472911259879736
0.8472911259879736
0.8467412362288372
0.8467412362288372
0.8371952742981479
0.8302368917013204
0.8265510818962045
0.8239428297209926
0.8225254252637646
0.8230694204038014
0.8230017183186417
0.8243321431329966
0.8266907521653214
0.8266907521653214
0.8238437142225282
0.8255618119430715
0.8168305187107419
0.8224425699957845
0.8188499624814242
0.8326430837199459
0.8316391416175847
0.8187931453313408
0.8215102122662692
0.8276101036970558
0.8255220198651748
0.8249847667308193
0.831312929444153
0.8377774276923341
0.8374071240285023
0.8374071240285023
0.8382019260551031
0.8382812541170582
0.8529451364520135
0.8543006679457215
0.8540751577649012
0.8579747437324702
0.85519401037433
0.85519401037433
0.856238477272662
0.856238477272662
0.8691569908680858
0.8683693212908242
0.8679920838409736
0.854375786873128
0.8543670022442728
0.8559323387602144
0.8600136790379185
0.8551845213631722
0.8551845213631722
0.847597604437664
0.847597604437664
0.847597604437664
0.8294664806401993
0.8298101604396959
0.8293093352277093
0.8293093352277093
0.829211132260323
0.8285212601669795
0.8286393175389006
0.8250054489065761
0.8198962730222482
0.8198848946787024
0.8170353468718664
0.8116668399429864
0.8059573597108379
0.7997266705480695
0.8061483567083357
0.8109135349126398
0.8325079922411694
0.8325079922411694
0.8252700472499475
0.8237295009735427
0.8192952010828566
0.8203771643418937
0.8084910001277427
0.8274537196040446
0.8288996240494259
0.8283629049381487
0.8291207475440708
0.8265342198592418
0.8265342198592418
0.8282955762938593
0.8247766796657825
0.8247766796657825
0.8247766796657825
0.8243469303880857
0.8274697963808841
0.8252354024119279
0.8195031688143528
0.8182753986850055
0.8195162669673166
0.8212743321673583
0.8212941762393057
0.8212848629835577
0.8212634287663736
0.817344132410067
0.817344132410067
0.7931156015328076
0.7917248631354036
0.7901268745554905
0.7941991709753653
0.790708701604901
0.7923781479148918
0.7912907992158977
0.7912907992158977
0.7914290802684855
0.786463488511944
0.7807871745064494
0.7743586669099463
0.7743817634172101
0.7729346303038511
0.7695830846502887
0.7705477519411769
0.7720522384918874
0.7719554061305754
0.7719554061305754
0.769814846531807
0.7707895388592676
0.7696951461754565
0.7696356429380681
0.7696356429380681
0.7656622286232644
0.765763962424903
0.7655254549949156
0.7655254549949156
0.7655254549949156
0.7649092650119476
0.7612958877540065
0.7564984321219507
0.7569092998762551
0.7528090002090786
0.7528090002090786
0.7528090002090786
0.7503688576293411
0.7503688576293411
0.7485806472556974
0.7495919280636372
0.7522989094156899
0.7433903485844882
0.7402750170957502
0.7486046501296757
0.7487426351830299
0.7488670056078324
0.7477992802292175
0.7477992802292175
0.7477992802292175
0.7477992802292175
0.7604979466237074
0.7594058585993693
0.7482466117033351
0.7480141433213108
0.7479562843875565
0.7479562843875565
0.7379220431569375
0.7389617586027583
0.7389617586027583
0.7375542727231112
0.7375542727231112
0.7085568193785242
0.7096162526298502
0.7212459421798053
0.7174014075073366
0.7174014075073366
0.7012261472801451
0.7032997052324135
0.7052959279508202
0.6960189487814301
0.6960189487814301
0.7005810070362585
0.7005810070362585
0.7027901192886837
0.7027901192886837
0.6957057074326591
0.6972416485659094
0.6963699811372016
0.6979915914538505
0.6966609524578667
0.694873402789159
0.694873402789159
0.694873402789159
0.6994937015385914
0.6994937015385914
0.7044207278513103
0.7105469375722618
0.7105469375722618
0.7085063670994821
0.7178678448163363
0.7144976936689414
0.7208698653372313
0.7104545159708492
0.7142210644647076
0.7129542737418024
0.7129542737418024
0.7130997067292106
0.7085899654466056
0.7085951093060849
0.7062533176932112
0.7105005471735797
0.7105005471735797
0.7089711731470089
0.7089711731470089
0.7098494392612775
0.7106143519439568
0.7102432190025106
0.7114231429945479
0.7090496230044488
0.7090496230044488
0.7087762592372058
0.7072157749707918
0.7072157749707918
0.7090238393805965
0.7079291549892032
0.7074502919666005
0.7222023878310037
0.7223310178593142
0.7179217652117377
0.7253499940893406
0.7317871712476874
0.7310568426690376
0.7341221763481038
0.7340179939373485
0.7264385058335183
0.7323486812236014
0.7323486812236014
0.7323486812236014
0.7317930264727932
0.7242541052157234
0.7224851190918423
0.7366329959482084
0.7283025486748897
0.72876237791297
0.72876237791297
0.723012541488822
0.7255524552284165
0.7136174904577888
0.7136174904577888
0.7158031371784299
0.7158550332163865
0.7160439259506444
0.7156491847186424
0.7134830985766727
0.7134830985766727
0.7133081711519016
0.7154766360997789
0.7191681942203043
0.7191681942203043
0.6989375118609218
0.6989375118609218
0.700620186331523
0.699405541055198
0.6974486827330892
0.6903359071441048
0.6966168084592995
0.6975743140896462
0.6972655857841391
0.695646120864396
0.695325284922955
0.7032925783693701
0.6966612480728892
0.6966612480728892
0.6805670161490089
0.6695330463946325
0.6742140022699836
0.6735124426655192
0.673392068242623
0.673392068242623
0.673392068242623
0.673392068242623
0.6806923940552123
0.6838404949244136
0.6727024084544426
0.6727917197418873
0.6656889015746865
0.6707168295883251
0.6768717572577148
0.6825482346604985
0.6825482346604985
0.6825482346604985
0.6786336164788901
0.6758212649382292
0.674995939861689
0.674995939861689
0.674995939861689
0.674995939861689
0.674995939861689
0.674995939861689
0.6763264377330166
0.6679101113589582
0.6679101113589582
0.6804258587256656
0.6826668434777586
0.682347163891348
0.6808303273300644
0.6812831253924901
0.6808231365712551
0.6840847719313649
0.680678432716213
0.680678432716213
0.680678432716213
0.6799916574001708
0.6792138622081417
0.6791305524145481
0.6812633713417389
0.6825235114084567
0.6825235114084567
0.6698000285833116
0.6585156692222752
0.6507092929588734
0.6530176855116064
0.6519305119342774
0.6535987092785047
0.652146003635557
0.6492711716670436
0.649512988340338
0.649512988340338
0.6466816625635715
0.6455199185002035
0.6457529283951816
0.6466244680397676
0.6566550941608357
0.654503106263207
0.6510443352261035
0.6509405503331253
0.6481067337917114
0.6415615079537598
0.6419262820038032
0.6419260767126357
0.6419260767126357
0.6416388892234174
0.6423490056334372
0.6529521696165818
0.6527188912853282
0.6567036725838133
0.6600649306288041
0.6675115827307052
0.6675115827307052
0.6691104080561422
0.6737440163564841
0.6737440163564841
0.6691511843302652
0.6691511843302652
0.671285220376712
0.6703620477921948
0.670376952080413
0.670376952080413
0.6705590806185955
0.6705590806185955
0.6706140246980756
0.6706140246980756
0.6740249361690653
0.6639444014755689
0.6639444014755689
0.6658992138821005
0.6739758040528553
0.6743309378194342
0.6715890586074545
0.6715890586074545
0.6853665614199648
0.681193644601238
0.6734710197478183
0.6498062625832864
0.6503350660470363
0.6504610542729529
0.6538394336473645
0.6547340822386962
0.6558030378930428
0.6571575671152403
0.661517229705007
0.661517229705007
0.659765111495394
0.659765111495394
0.659765111495394
0.658609972466053
0.658609972466053
0.6601924567094406
0.6601924567094406
0.6601924567094406
0.6507919029879079
0.6472915296166453
0.6523349991079532
0.6523349991079532
0.6523349991079532
0.6629481834014351
0.6587491419706654
0.6473610660182982
0.649535217481174
0.6504453334972338
0.6406793744753451
0.6410603196948202
0.6414818060155578
0.6414576256285826
0.6397778019293295
0.6446654556693336
0.6446654556693336
0.6454457122283044
0.6456015639119221
0.6414565916445644
0.629222178798133
0.629222178798133
0.6140931626822067
0.6140931626822067
0.6114254731897024
0.6130547372525036
0.6130547372525036
0.5659706614194187
0.5662855283891088
0.5567901195059085
0.5564974267434302
0.5566888229226361
0.560116367641837
0.5594949803383895
0.5669203030524329
0.5708510904929933
0.5708510904929933
0.5763261699013426
0.574870368944793
0.574870368944793
0.574870368944793
0.5766048766558649
0.5705615156917603
0.5705615156917603
0.5729069608609493
0.5729069608609493
0.5729069608609493
0.5729069608609493
0.5715683751942888
0.5713094932712138
0.5567455906027445
0.5579620024673968
0.5579620024673968
0.5587241924998434
0.5583274234745232
0.5583274234745232
0.5630227644441868
0.5671225140995265
0.5654385334751009
0.5575152611778419
0.5617932107826339
0.5590025387468583
0.5572594591305319
0.5353336914245368
0.5353277486801371
0.5296131902209998
0.5296131902209998
0.5296131902209998
0.5241643978466625
0.5264144999643393
0.5265421941418529
0.5271415134755948
0.5271920161621397
0.5223398980941933
0.5214712108753714
0.5200384858893924
0.5177211109429419
0.5011421945325787
0.5023272116972639
0.4964002055948351
0.4979914162210205
0.49249210687344125
0.49249210687344125
0.4936210902321806
0.49218182048032244
0.49218182048032244
0.4944614556314316
0.4944614556314316
0.4934421891504319
0.5022794289802591
0.5030561216148559
0.5030561216148559
0.5030561216148559
0.5030561216148559
0.5030561216148559
0.503404069293842
0.5021596408935246
0.49936881074138895
0.49936881074138895
0.49936881074138895
0.499504807800742
0.499504807800742
0.5007123110616798
0.4995949511355842
0.49888907510130315
0.49888907510130315
0.501672391846269
0.501672391846269
0.501672391846269
0.5013502440900357
0.5004326335756305
0.49528035383022617
0.49325495202616987
0.5031449390233512
0.49114080378638997
0.4831681426758753
0.4854326210676601
0.4854326210676601
0.4854326210676601
0.4854326210676601
0.48704230680416316
0.48704230680416316
0.48704230680416316
0.4923340575057962
0.4812886665417698
0.4812886665417698
0.4819640866239446
0.47664385879601656
0.47664385879601656
0.4798323412441452
0.4797432573671897
0.47765684311330436
0.47921503224597095
0.4776228272001244
0.47761497352697113
0.4786706141655332
0.4786706141655332
0.4689594028154362
0.4689594028154362
0.4689594028154362
0.45933781332489687
0.46394102148440985
0.46394102148440985
0.4638874559728256
0.4638874559728256
0.46411384612129747
0.46411384612129747
0.4629323093081828
0.45957490558552666
0.45957490558552666
0.45957490558552666
0.45957490558552666
0.4620922031187711
0.4620922031187711
0.4626910059212946
0.4487975237149003
0.4577435357667737
0.4577435357667737
0.462827417674042
0.4624142745984911
0.467184572489618
0.46725490080708515
0.46713247775560673
0.4761678494162608
0.4695567664120103
0.4649162805098998
0.45841259308756765
0.45799761637814007
0.45799761637814007
0.45799761637814007
0.4668590218012409
0.4677258003215481
0.4677258003215481
0.47801235608751214
0.47311715951306466
0.47311715951306466
0.4719124095064497
0.4711087044305943
0.47495670914386773
0.47495670914386773
0.4735652811305566
0.47662326874388694
0.4766701841287367
0.4793374151813386
0.4788144066921635
0.4788144066921635
0.4788144066921635
0.4788144066921635
0.4788144066921635
0.4776033700368412
0.4750733947974418
0.48496528560600977
0.4858388321744083
0.4858388321744083
0.4858388321744083
0.48538851536622435
0.48538851536622435
0.48538851536622435
0.4862155646567953
0.4862155646567953
0.4862155646567953
0.4862155646567953
0.4862155646567953
0.4818704176286092
0.4807290357610697
0.43740393556849516
0.4442383561713677
0.4442383561713677
0.4442383561713677
0.446619855816131
0.446619855816131
0.446619855816131
0.4448090113358709
0.45614250094354897
0.4559100079396356
0.4559100079396356
0.4544305087857166
0.4544305087857166
0.45156102652517943
0.45156102652517943
0.4517646005379217
0.44870961908518125
0.44532598333585055
0.44532598333585055
0.4459407912620617
0.4459407912620617
0.4362632168531333
0.4369978871204842
0.4369978871204842
0.4369978871204842
0.4369978871204842
0.4369978871204842
0.4369978871204842
0.43732436259404217
0.43732436259404217
0.43732436259404217
0.4417149532702379
0.4386328044648032
0.43955002992240694
0.43955002992240694
0.4382219917886817
0.4382219917886817
0.4382219917886817
0.4382219917886817
0.4342933897122103
0.43161196403102786
0.43571708581912566
0.423258787904251
0.423258787904251
0.423258787904251
0.41162494098937674
0.41150929292819144
0.415319067665013
0.412090635268857
0.4146375680358878
0.4144006973020832
0.4144006973020832
0.41532513680409816
0.41532513680409816
0.41532513680409816
0.4148198303255906
0.4148198303255906
0.4134258448808763
0.41071880688023715
0.41071880688023715
0.4089277241938943
0.4089277241938943
0.40870945823084015
0.4105519153133338
0.4105519153133338
0.4085461043252226
0.3991261522381488
0.40506464296279826
0.4057470872177332
0.40441842413980283
0.4037366153345299
0.4037366153345299
0.4017574183638886
0.3992656129884497
0.3992656129884497
0.3992656129884497
0.3992656129884497
0.4003282347144942
0.39933238984275593
0.39933238984275593
0.39933238984275593
0.3882648259004744
0.3915414035674275
0.3915414035674275
0.39087881780529
0.39087881780529
0.39087881780529
0.38889581109064
0.38889581109064
0.38889581109064
0.3893267778197514
0.37418000547612806
0.37104191238090206
0.3713337899319682
0.3713337899319682
0.3713337899319682
0.3582591210626892
0.35375531595237514
0.35375531595237514
0.35375531595237514
0.3547490215505962
0.3545589923679662
0.35472492500770647
0.35464046057796456
0.35464046057796456
0.35464046057796456
0.35249367446462004
0.35249367446462004
0.3518896472259119
0.3496034437949432
0.3563019304226073
0.3563019304226073
0.3563019304226073
0.3563019304226073
0.3563592449167675
0.35375531595237514
0.3512398373081645
0.3512398373081645
0.3512398373081645
0.3512398373081645
0.3512398373081645
0.3512398373081645
0.3512398373081645
0.34880626174752744
0.34880626174752744
0.34880626174752744
0.34880626174752744
0.3475991396446638
0.3475991396446638
0.3475991396446638
0.3475991396446638
0.3475991396446638
0.3475991396446638
0.3475991396446638
0.34647602758011187
0.34647602758011187
0.34260413654541166
0.34260413654541166
0.33122610703488387
0.3305046858363807
0.3305046858363807
0.3137507994091568
0.3137507994091568
0.3137507994091568
0.3137507994091568
0.3137507994091568
0.3137507994091568
0.3160043414076767
0.3184240894256041
0.3177370170526727
0.3177370170526727
0.3142663659100661
0.3142663659100661
0.31162303002845315
0.31162303002845315
0.31162303002845315
0.31162303002845315
0.3018693247678919
0.3018693247678919
0.3018693247678919
0.27255199691730814
0.27255199691730814
0.27255199691730814
0.27255199691730814
0.27255199691730814
0.27043931319958603
0.27043931319958603
0.27043931319958603
0.2707902716383971
0.2707902716383971
0.2707902716383971
0.270748118150458
0.270748118150458
0.270748118150458
0.270748118150458
0.270748118150458
0.26821905043476246
0.26821905043476246
0.26821905043476246
0.26721322932290764
0.26721322932290764
0.26721322932290764
0.26721322932290764
0.26654057484888943
0.26654057484888943
0.26654057484888943
0.26654057484888943
0.26317148868785084
0.26317148868785084
0.26317148868785084
0.26317148868785084
0.26317148868785084
0.26317148868785084
0.26317148868785084
0.26317148868785084
0.26317148868785084
0.26103461159966906
0.26103461159966906
0.26103461159966906
0.25692289789689243
0.25692289789689243
0.25692289789689243
0.25692289789689243
0.2553895037182704
0.2553895037182704
0.258000064353432
0.2551835613366981
0.25382238603090934
0.18802633461404775
0.18802633461404775
0.18802633461404775
0.18802633461404775
0.18802633461404775
0.18802633461404775
0.18802633461404775
0.19007512925315345
0.19007512925315345
0.19007512925315345
0.19007512925315345
0.19007512925315345
0.19007512925315345
0.19007512925315345
0.19007512925315345
0.19092382253929738
0.19092382253929738
0.19092382253929738
0.19092382253929738
0.19092382253929738
0.19092382253929738
0.19092382253929738
0.19092382253929738
0.19092382253929738
0.19092382253929738
0.19092382253929738
0.19092382253929738
0.19092382253929738
0.19092382253929738
0.19092382253929738
0.19092382253929738
0.19092382253929738
0.19092382253929738
0.19092382253929738
0.19092382253929738
0.1877498392096269
0.1877498392096269
0.18734821735529072
0.18734821735529072
0.18734821735529072
0.18734821735529072
0.18734821735529072
0.18734560218076893
0.18734560218076893
0.18734560218076893
0.18734560218076893
0.18734560218076893
0.18734560218076893
0.18734560218076893
0.18734560218076893
0.18734560218076893
0.18734560218076893
0.18734560218076893
0.18734560218076893
0.18734560218076893
0.18734560218076893
0.18734560218076893
0.18778657854428035
0.18778657854428035
0.18778657854428035
0.18778657854428035
0.18778657854428035
0.18778657854428035
0.18778657854428035
0.18765166541943573
0.18765166541943573
0.18765166541943573
