0.0466667 0.12416412440036859
-0.0866667 -0.033337800667092465
-0.3733333 -0.39959981568853725
-0.1533333 -0.23541136848777633
0.0366667 0.011848442082556143
0.0066667 0.1286345975353096
0.7633334 0.716171972121007
0.61 0.5553437158815153
0.3833334 0.417771929506155
-0.28 -0.30269543264618615
0.56 0.45044151766230767
0.1633333 0.17901923128501102
0.1266667 -0.05198162104648624
-0.71 -0.7850934730670653
0.9666667 0.9184995051257434
-0.86 -0.8529953212995677
-0.59 -0.5557123314595012
-0.2366667 -0.30239565903392784
-0.4033333 -0.5474185354677883
-0.7566667 -0.7984509184307108
0.7133334 0.7562590241684083
0.4233333 0.3874533622588791
-0.2933334 -0.37341975164239544
0.72 0.7716745235968145
-0.9666667 -0.5294192649540845
-0.9966667 -0.9507160213763155
0.9833333 0.9265144652090967
-0.6666667 -0.7095204422422317
-0.17 -0.2604978637232134
0.9 0.8915660885761574
0.03 -0.13460939630214894
0.27 0.18343392705564784
