1.6068998286407024
1.4416761094410355
1.448747811746795
1.4534442632533353
1.4519437721280481
1.4543217576584193
1.4543814791864034
1.4496428221090305
1.4439010560382237
1.4438399650504556
1.4450344374764434
1.4449366716365328
1.4437511206774423
1.4452476100454983
1.4358932445637747
1.4390037255216783
1.4413427211909158
1.439789589940934
1.4428016219309945
1.439403419902704
1.440184646037883
1.4403574605457623
1.4403313339134038
1.4385436218227643
1.4346745536282743
1.4314515710792504
1.430916133704565
1.430331533532092
1.4312950263289002
1.4275879689162143
1.4258200371520773
1.4216438897275676
1.4219699707002436
1.4237475695055657
1.4201290755152176
1.4233835680242346
1.4237486149050962
1.4215370717636604
1.421166511083862
1.4209164676959491
1.419555148984666
1.4131379167661036
1.4111090266013284
1.4099475880486467
1.4073070381636348
1.41275885134738
1.4157049197556542
1.4100272909661273
1.408859141301102
1.407864356209792
1.4072847592015623
1.414342080423272
1.4168000262458524
1.41821730053637
1.4180369845624128
1.4172777869906399
1.421726416883184
1.4171971743619154
1.4148872139141524
1.4133754406538195
1.4142624526539438
1.4145141288167544
1.4127180332368012
1.4153696316463689
1.4160066162693363
1.4158300414711102
1.414509921426999
1.4129061958815332
1.4143720979758647
1.4146273331182866
1.4142859123195557
1.4129503184063055
1.4135870759894167
1.4107130842211328
1.407837163555479
1.4043326959817988
1.403148953865661
1.4033170515923126
1.4030897256844137
1.4024575018892045
1.4019786042189082
1.4011716393469111
1.4006927026414275
1.3993061970293739
1.3987566695438474
1.3974049924087644
1.3934603805700527
1.3932527488826931
1.3857092163628975
1.3868923129410686
1.3870325861440083
1.3847701270727324
1.3887551444039676
1.3854455668651404
1.387984937932473
1.3863581045873512
1.3801650939670975
1.3812065617412526
1.3821651910631643
1.3755312690789758
1.3790814975371082
1.3752052168604911
1.3749711688518698
1.372252286221106
1.3748159910281894
1.3750221330672516
1.3688244149203281
1.3652239432321982
1.3641615757717698
1.358194701513935
1.3569916933484745
1.3641471067442124
1.3628163555768125
1.3615969309122662
1.364739727639709
1.3653285205066517
1.3599219058863494
1.3586917551623945
1.3569624447877189
1.357590861041507
1.3598007049831473
1.3558059807995886
1.357928907004543
1.3575276498361686
1.3537516070499886
1.3534392208941513
1.3570327894555154
1.3566416033495263
1.3615940697092415
1.357978679763815
1.3576693641103257
1.3527824834679711
1.3509269277308753
1.3471984714261345
1.3423756317207594
1.3334657945680286
1.3359054717284953
1.3381123597041402
1.338090168163911
1.3375640715609662
1.3386684130666073
1.3354478254788655
1.3352945764787645
1.3329271458413903
1.3303002127363563
1.3331241454522256
1.3289027864321419
1.333254961526816
1.3338943834533405
1.333168558491799
1.3343118353239314
1.33628977498273
1.3395141910439836
1.3362285528695712
1.3344432828912658
1.3312885865344597
1.3301921564870667
1.331391369626159
1.3338784479700747
1.333685831187332
1.3365213944300087
1.3407718015706274
1.3398979041120362
1.3421655233807799
1.3401957836793221
1.3416259991576729
1.3407812709187976
1.33965817468476
1.34033740738541
1.3393735310575174
1.339049667412272
1.3387461684826025
1.3382771153996862
1.3361020182705654
1.3342666587034047
1.3364000905266258
1.3311337273676571
1.3293183963384365
1.3314860830531239
1.3309606840651458
1.3265368982920767
1.3268814898074954
1.3310897868023273
1.333482135166345
1.332124643134636
1.3297199622538594
1.3308858786177422
1.3304248700136452
1.3332455813641648
1.3263796557558742
1.3277052576801232
1.3260742627374134
1.3224442875641746
1.3179147148706076
1.3196207890748521
1.3206412565742782
1.324822311619538
1.325593903848005
1.3271727055535725
1.3217540252238054
1.3258302822240065
1.3247440794235783
1.3253532306072044
1.3259497608977486
1.3286415397870706
1.329001275514422
1.3253683811558092
1.323867896069514
1.327367689541663
1.3233994923888965
1.3231444074645466
1.3214946674484254
1.3220165624361755
1.323394843620985
1.32534173702857
1.3288417291828185
1.3282867647694334
1.3295780794839682
1.3306645951098846
1.3310736120602775
1.3331750050055688
1.3340591608564345
1.3298248968048703
1.3276536663107845
1.3257409079252065
1.3216729862340535
1.3206684727720426
1.319791972956043
1.3200865473249082
1.3214469429551026
1.3215618554663187
1.3188937499439137
1.3166923811171871
1.3155861942259142
1.314671853239902
1.3107215973825252
1.3130578916188804
1.318765979760139
1.3223761839995913
1.3222186574535244
1.3234134891715756
1.3301873020423411
1.3318657111063552
1.3318197269115255
1.3259367681166783
1.3272760008294586
1.3309622917532158
1.3286370828607916
1.3290681873338
1.3266572910831604
1.3224926477379608
1.3156014912760734
1.3110290673271527
1.3081537127432628
1.3041142451020893
1.3000548381843162
1.30588695592506
1.3068472118239833
1.3053247598319684
1.3037431076333341
1.2988283407103078
1.3000486513155165
1.297060775814736
1.2994880454888782
1.2992962142532982
1.2974466466414236
1.2954651136199347
1.2920185187402486
1.2925280366080256
1.2862512921254434
1.2856911430014275
1.287591031683123
1.2831638405765227
1.2837858268351778
1.2847905448181542
1.2815527878580162
1.2743266276016207
1.2701525153279962
1.2722216372190673
1.2710616688323306
1.2700587440379874
1.269297612369233
1.2740686709576485
1.2735577145086379
1.2753048032884686
1.272721354525662
1.2703022773770576
1.268661283527616
1.2710790031326185
1.271095358059609
1.2713079849273834
1.2690394692252998
1.268271845341863
1.2699384058218777
1.2737971901325698
1.2703320871922033
1.2689933058129423
1.2717263616451229
1.2656019430240297
1.2634072020776796
1.2628177750005105
1.2633904130951772
1.2576126269146894
1.2537278725807632
1.2510425391350062
1.255711519713317
1.258903951357141
1.2565782344733558
1.2556044050704058
1.2528186430483617
1.2534082250398577
1.2557990827650705
1.2545268507076375
1.2562573038801501
1.254596213561376
1.2582684062915737
1.2589837719213304
1.2545495943650844
1.2515121705682617
1.254234892379531
1.2504233722559506
1.2489266880294105
1.250433890178304
1.2509057622231663
1.2470040097150321
1.2499891836693482
1.2518554743979053
1.2522535023860606
1.250444367112197
1.2537023089004842
1.2544590375586742
1.25738309374398
1.259636446885088
1.2651697117815466
1.2714826854479058
1.2706294137191594
1.2715562270207619
1.2705675013166404
1.2733551797835525
1.270343271958542
1.2723672887127073
1.2742078961581498
1.2801122549038317
1.2795123214919577
1.277407171940482
1.2805395073458679
1.2757634495910835
1.2757438835081785
1.2772454598140548
1.2809279066051351
1.2822690276333453
1.2862637807662145
1.2881488196516175
1.2944490234754187
1.2926476860057
1.2959205262244402
1.2972436595627572
1.2927028766030422
1.291232428481913
1.2924582257353863
1.2948388938327378
1.2951046773446953
1.2953716812496343
1.2950551396189123
1.2928212239809769
1.2946715597155127
1.2949942053135417
1.2914663716876345
1.2865869768789655
1.2834299046900477
1.2880788364695488
1.2870668244924985
1.2869173772513232
1.2891562539398138
1.2945320040164778
1.2942191633116555
1.2928393106526683
1.2955100652542648
1.2930728999080028
1.2954518388170393
1.2968237018395619
1.2974102794855977
1.2896433040057804
1.2878956749057535
1.2865774790227493
1.286181936835916
1.2843080382040717
1.2843109488153897
1.2840436345740212
1.2855473566781384
1.2817688851298477
1.282045382516385
1.2824748053462642
1.284614584386166
1.286533553128169
1.2856022274090049
1.2837278651802684
1.2810041669548748
1.2802660873437575
1.282011997342687
1.2843273459391633
1.2766729630538882
1.2726429132668882
1.272284390455073
1.270185665671354
1.2701506938197564
1.2692435572426424
1.2680749066396992
1.270133855651673
1.2698368463761087
1.273354404865332
1.2735271726623598
1.2765386416460665
1.2752097924584953
1.274200422884252
1.2723637029950368
1.275844334443859
1.2741167564084086
1.2762400099187616
1.271979622726451
1.2710238657583908
1.273753731018529
1.274310061038675
1.2729033981136912
1.274830420871526
1.2740398112061757
1.2782925819268698
1.2770186070152343
1.2740303077665878
1.2689529765731231
1.271831702771093
1.2703526943937138
1.2725237774523317
1.2685940499405006
1.2724195492526138
1.2757696672633816
1.2791835849499293
1.2767072673504802
1.275147743715797
1.275481934980517
1.273304336719615
1.27193108708655
1.270960653821597
1.2709969939307526
1.2703065827815587
1.2706922558203557
1.2727934701736494
1.277242067967814
1.276782401609619
1.2764531899085343
1.279896865883107
1.2812083517958908
1.282047460048794
1.2839504029771538
1.2843557268035615
1.287884494391875
1.2855788720122596
1.2830493534100407
1.2796390020116615
1.278651843053887
1.276724879943495
1.2783583222122235
1.2815979422229298
1.2778612233007438
1.2787615370238592
1.2801151793183299
1.2843876436688018
1.286306377339992
1.2876292798777322
1.2863677486539147
1.2857539517398506
1.284072301238372
1.287786058548481
1.287504589917255
1.2852127401165907
1.2878616501212719
1.28931880940413
1.2865453455626643
1.2826602452214253
1.2815860040744558
1.287536067763297
1.2901693740134834
1.2899235656460686
1.2910066387020944
1.2947516511380885
1.2861029038193572
1.2887712219390566
1.2852079355088484
1.2843854059661464
1.2836838606884886
1.2859287513625515
1.2876964092338716
1.2835411811800805
1.2874009568570357
1.2884679827212753
1.2867418100603814
1.2884340405964438
1.2865628956240363
1.2895851626658605
1.2909642856771484
1.2824329751809835
1.2769122822687542
1.2785832434441886
1.2767011764098344
1.2765950901273915
1.2747755720090823
1.274111406173552
1.2725301169285823
1.2709019869621963
1.2688882167380908
1.263203269051673
1.266875790510071
1.2657151183883144
1.261708099556078
1.2635579665038033
1.2629786479253686
1.2638589588113218
1.2686943166743627
1.2670468054419017
1.2618083601240913
1.260581197865945
1.2610787659228744
1.261032019046193
1.257398480866948
1.2550730025723291
1.2491006481228726
1.2513536635644655
1.2501103534464357
1.248806812200377
1.249695626086367
1.2460292164962816
1.247063688202282
1.24868786235248
1.2494716069031004
1.2495622180343382
1.2529456832405137
1.2470363881457525
1.2454857673950692
1.2437808209427803
1.2451396399803203
1.2435673217249454
1.2398890856109355
1.235393749865534
1.2325619095891418
1.230550145093688
1.229983699695506
1.2252133631157522
1.2257512572464457
1.2233773892760311
1.2239308823768553
1.2231258669314165
1.217622392900029
1.2177267430190055
1.2174404937398768
1.2174417321979227
1.2178038171127
1.2179830049418159
1.2138404185309417
1.213492437331837
1.2098345385376488
1.2070760282328066
1.2063203240200902
1.2052135870799596
1.2036006811782953
1.2038039445902677
1.2029206467389797
1.2020971325231213
1.1987538054620217
1.195747349046196
1.1900741150217757
1.1889325023552533
1.188788239032149
1.1923723612073993
1.1880035424424
1.1908536772235265
1.1892112243836261
1.1889657186009717
1.1861649315271037
1.1848984165605585
1.1832336519570428
1.18235154539244
1.1816855002493052
1.1802319608285152
1.175093477617268
1.1770410049009614
1.1718635673453088
1.1756858188541144
1.1824127064293073
1.1800455553387552
1.1820044142323929
1.185766430457468
1.187713860511063
1.190659304834278
1.195330557177887
1.1949158707928789
1.1914909055304748
1.1909198449288314
1.1938989055472133
1.1916718462861433
1.1934801583557575
1.1881848325517494
1.1858353559251291
1.1860414324157713
1.1870810475812021
1.186205318977219
1.1891900037503569
1.1925825935224035
1.1954569671956203
1.1899673473224373
1.1879208799276206
1.1905817720147955
1.1938955107144213
1.1935406353409563
1.193014394532827
1.1900251877348011
1.191755914156873
1.1865185682754955
1.188223769046235
1.1902657995583013
1.195660942832118
1.197654473030687
1.2053048295662563
1.2067517246434716
1.2033780264219769
1.1998446334181574
1.1982069687463794
1.2042899276170678
1.2073129974051637
1.206007834688498
1.2058684823857084
1.2026013855135484
1.203442488015739
1.2092525893032064
1.2073766677323177
1.2030104953574503
1.2036678424071499
1.203338073572993
1.2128928949814646
1.2151757607676075
1.213247558956591
1.2156171220426468
1.2161805556493477
1.2154859901502129
1.2170668463370056
1.2131794705282668
1.2134995488662847
1.2148790133272462
1.2164028673244387
1.2145598181508415
1.216435045658507
1.2128643043966831
1.2134908620878626
1.2123166220475619
1.2109651732622873
1.208639158796349
1.2067636677750224
1.2032723213568728
1.2024967623803917
1.196815656542691
1.194843777312039
1.19798488127562
1.2011399040656128
1.200534631699664
1.1976289772222004
1.1944921099829975
1.1946962581968756
1.1950345887699028
1.1976185343295112
1.2010987453608384
1.2046764523413362
1.2090431980764094
1.21163547894954
1.2094871848865876
1.2101949721856977
1.2054349611596131
1.2108534785496903
1.2145269026988461
1.212172117124189
1.213870212298733
1.2109813457524077
1.2091174482049174
1.2083377291375998
1.2082023780904272
1.2081613470441463
1.2083356688555789
1.20968480892634
1.2110443494216825
1.209919402026905
1.2118677720397872
1.2133611448633042
1.21704330838607
1.2178568116856652
1.2205117946096977
1.2200858910639567
1.2199504049267773
1.2183596881804775
1.2149866234657247
1.2163244426971789
1.2134629685331435
1.2168282741263423
1.2120562541513156
1.2132145306209643
1.212470282523612
1.210940845451639
1.2106493684435289
1.2088953295960523
1.2090730001210797
1.212597365821
1.215577482615108
1.2144032058708394
1.2123636958500836
1.2141101254401785
1.2137409855615455
1.2144815311695343
1.2120072259016452
1.2120782552338958
1.2102252058319602
1.2108092627664593
1.2061762530169675
1.2069984943032703
1.2036569425232697
1.2073335630030155
1.2110140411574288
1.210484593696617
1.2112057791409625
1.2098219535946944
1.213010684473661
1.2085679153345144
1.2071535557167696
1.207666280807657
1.2098732555297167
1.2082830619661968
1.203742206652421
1.203939464396987
1.2006370379656108
1.2009837825318104
1.1997321799097393
1.2043161424040612
1.2005585731358042
1.2004814577074745
1.2010621926178742
1.202975623175861
1.2034805735663523
1.2070961791987103
1.203889692817398
1.199998319210046
1.2030406182279105
1.2006859410895028
1.2008977394044895
1.1960090403899961
1.1947570933673346
1.1916195844558315
1.1870220212070337
1.1865865791941996
1.1824110450937384
1.1796324909896694
1.178091573028326
1.1783357453850463
1.175137440584322
1.1746045191906263
1.173146734115002
1.1738822831846405
1.1729108514799595
1.176858759111685
1.1766991125017525
1.176005583436053
1.1754442055280927
1.1781336558764877
1.1801242472029323
1.1785077359763625
1.1824039208750319
1.1793974990411962
1.179077459393872
1.1763121203530504
1.176058945123454
1.1780040312704132
1.1753842581672644
1.176044763763802
1.1785011192718131
1.177756486542819
1.176436122091021
1.1787177676161393
1.179044532670312
1.179374149881773
1.1756037902424072
1.1790111289625411
1.1781829014262584
1.1754211638001113
1.172712964946704
1.1698544658088899
1.1682960357580476
1.1684153549082743
1.1719324064399539
1.1719151287254153
1.1685315742172115
1.1654756891792375
1.1626799451178413
1.161251048443917
1.1617290885477234
1.1640318171785675
1.1569574759062837
1.1587337478080986
1.1589087070092654
1.158361447265472
1.158698888011275
1.153941577577965
1.1573238000360093
1.159689489563379
1.1603037222567667
1.1620917079765956
1.1656303994294306
1.1644820118118555
1.161810800827649
1.157680079369927
1.1575526668404126
1.1577736463921469
1.1574119587124398
1.1574494974272238
1.1556541426474634
1.15228974730574
1.1525392529915943
1.153243398594539
1.1533852332823435
1.15604481420382
1.1560460231820642
1.1549255709849013
1.1542234777211495
1.1446999453428346
1.144761584348239
1.1439172132509066
1.1388055001242516
1.1411129291887359
1.1353493912591075
1.1375792629348578
1.1383521383036315
1.1339447673210228
1.1330970290067675
1.1337323308701492
1.1322173187950189
1.1266613981013767
1.128267683513517
1.1293551277885308
1.1255598780650782
1.1241796903708314
1.126444717951843
1.1253707032169094
1.1300804992172009
1.128400199121173
1.1280826138744795
1.1290380745815898
1.1312613429525455
1.1321029591588254
1.1329020584018925
1.1264291946343505
1.128172091813092
1.1272672701742947
1.122132675827356
1.1229049727133593
1.1235633273968701
1.1213852830410396
1.1229216146674488
1.1211109511301536
1.1199166414429773
1.1270557314465868
1.1292655587898455
1.126333677955183
1.1236087328255828
1.1245951884707481
1.1232399792146956
1.1189603149248
1.1205285410866181
1.1243074796828352
1.1236733544445496
1.1219330712666566
1.124303120773951
1.123238668257847
1.1221945307359917
1.1238767136262429
1.12303379049282
1.1261620923853686
1.1227320888729548
1.1248289604527444
1.125654887349064
1.1230684638129496
1.1227145933700062
1.121377546467176
1.1212485210554373
1.122231850787756
1.1235834926374169
1.126366141218591
1.1263971138845807
1.1245296105752076
1.128415259806584
1.128797679864439
1.1309604084047546
1.1331541713488928
1.1331667870776623
1.135366207697888
1.132122199638717
1.1323850305395766
1.1349545358556152
1.138399176957935
1.1388439626626197
1.138122763582324
1.1389271190578898
1.1389593483256364
1.1353551588919522
1.1350820430120625
1.1300120012358803
1.1290236881013924
1.1254087063411726
1.122008396054612
1.1238168529405468
1.1234504451956338
1.1201958917921002
1.1182461355043043
1.1177371477573097
1.119089142764676
1.1128142205858298
1.1147767236826627
1.1112549464175323
1.110121404690014
1.1137944871245653
1.1118727339280565
1.106409504960545
1.1081379781235918
1.108047063853928
1.1087259978892403
1.110160154115532
1.1092609921244403
1.1034496655664754
1.1007235375449729
1.0990198244442584
1.1019858370710167
1.1017469536380573
1.1019647558149996
1.0981230780436766
1.097833324156449
1.0990655881970517
1.1005651486702692
1.0992726127907348
1.0967255133834484
1.0991761464214613
1.0962673245042969
1.09518828864176
1.0910261635272238
1.0943177523299479
1.0931472886539162
1.0877368116159403
1.0868474113723903
1.085229534225495
1.0807720909655036
1.0787096665345592
1.0777696794128544
1.0801566188055698
1.0811593963459234
1.0781047211467212
1.0755540249518543
1.0752345843677673
1.0763749372877518
1.0758595539232065
1.074850619140148
1.0723262325694443
1.0714454042251789
1.0703782839435227
1.0706545378629697
1.0686240819886064
1.0690107965472029
1.0668762454305223
1.0666945327876303
1.0757325988390838
1.0714109847056204
1.067308991892808
1.0662951405265275
1.0645313702136368
1.0637688806605188
1.0642435596676354
1.065780419768743
1.0723112627052114
1.0717865057605749
1.0711240267898356
1.0735365492000475
1.0728907808786032
1.076585841233065
1.0774857984975614
1.0773741308421503
1.0785580721634767
1.079460115491655
1.0800602091388265
1.0786718335387462
1.0763130008233355
1.0713858604171118
1.0728781843491944
1.0724280153659782
1.0723922849435519
1.0731604910533297
1.0689298183445943
1.0692429553123226
1.0668051995724266
1.0683435896765365
1.065261564758841
1.05790577037556
1.0573356193296695
1.055948288062598
1.0558288094551946
1.0537748995073843
1.0513518701076108
1.0452367427241345
1.0443410024171358
1.0415283535993558
1.040222820026987
1.0414042264560195
1.0416497414291963
1.043665009247308
1.0431925906948751
1.0461557785670084
1.0490063278446387
1.0465158925992717
1.0452582278246403
1.048119063760295
1.0465399193084683
1.0504118005973873
1.04663850192127
1.0505313596129064
1.0522177870047835
1.0538480783605884
1.050538521008857
1.050816185241251
1.0499556837983486
1.0522217122982211
1.0492627651106414
1.0475631996704429
1.044899014357173
1.045703817014488
1.0458106497395323
1.0488312447230201
1.0482336469170026
1.0492525433581539
1.0467673121195342
1.0459980840389569
1.0476628297323702
1.0477926602353589
1.0473450678544787
1.0465010638815826
1.0448695164265822
1.0404865577259002
1.0388232243794122
1.0361124623073639
1.0391757951700742
1.042642226675229
1.0463201109635352
1.0479853315534413
1.049540949411113
1.0498435961401067
1.0529869584164706
1.0490513748977373
1.049282948989579
1.0481287615808317
1.0466105254194726
1.0474102771676774
1.0481050732637982
1.0453552098702865
1.0424313675874972
1.0422350717733915
1.0420455788001886
1.046793136569351
1.0468797243982242
1.0463492425043812
1.0420450767950429
1.0437342386827941
1.0445355424277403
1.0462052312174956
1.0477282994827277
1.046289601226727
1.0448601310869314
1.0447446369831257
1.040941846349418
1.0394445611831378
1.0396597828823255
1.0402862725726991
1.0413405361215191
1.0385556828617775
1.040864234158832
1.0398947777281438
1.0397938059093992
1.0399352985182613
1.0397574239213399
1.0392883796651708
1.043553413830614
1.0440613937482133
1.0427504433397288
1.0418717804800308
1.048123622015812
1.0478510020277878
1.053468328115145
1.048365050333817
1.050067430193279
1.0499712548271627
1.0506506060444274
1.0501018843715886
1.0500172935737775
1.0487458053308265
1.043961071437856
1.0414178877006723
1.041327439957183
1.0429096953392336
1.0448792696187295
1.0437057186517555
1.0406451709013054
1.0388647446252217
1.0372053887346504
1.031025133153521
1.0304307755768956
1.0331375697950214
1.0393324635371983
1.040869244154645
1.0408668585598762
1.0395174101929527
1.0388574107769348
1.0346546762094215
1.0348625530065962
1.0344259664876128
1.0339433631974906
1.0258180040535971
1.0200426623286507
1.0187234063040744
1.0183697346410405
1.0180257485720974
1.0153295360261967
1.019773125290372
1.0199471245781946
1.0183905602618117
1.014657274139622
1.0113197798697173
1.0142933665395444
1.0129346378638158
1.0117607250377982
1.0144552967005391
1.0162440791142473
1.0157052698760578
1.0176669678179129
1.0180266524727295
1.0190880585959334
1.0176082675610112
1.0201363479854548
1.0173239459264227
1.0147949667686211
1.013593195343422
1.0163094185050465
1.0159755120347662
1.016180689858365
1.0134161721480417
1.0129110157662393
1.0070229441782628
1.0087205652636118
1.0066234907106568
1.0073249688046697
1.0041291042423308
0.998986202943318
0.9961558427562686
0.9983099462471421
0.999711803514689
1.0055091221668209
1.0011867897579934
1.0011297544822277
1.0025039077632072
1.0015358750408672
1.0004761475275392
0.9974206590852983
0.989633837646889
0.9887490701953375
0.9854443391414488
0.982999998959872
0.9822369664474981
0.9807728845263552
0.9803161766527039
0.9766154653682131
0.9709819292343689
0.9731526937020686
0.9721034470499843
0.9698871266289748
0.9705580095792496
0.9725996733767126
0.9714884747048101
0.96927398052884
0.9684734219715532
0.9658034082318606
0.9659780682388417
0.9583853923340808
0.9574996694267904
0.9589018568220758
0.9612582760075515
0.9588221733254818
0.9587704028199789
0.9577588401971298
0.9577169553795526
0.955428094785786
0.9529209419770156
0.9575363543533791
0.9478532823641137
0.9502298745985559
0.9533076434898501
0.9472639820370936
0.948612003168992
0.9465179247225025
0.9479641364567432
0.9522152325719127
0.947789551976723
0.951716891885147
0.9547593307959519
0.9540018933431424
0.9553177572530469
0.9545702036871454
0.9527756555344183
0.9541642069614753
0.9522970780902538
0.9518579200458909
0.9491115995105132
0.9514722150832913
0.9506596561890355
0.9483283898022439
0.9411504614762991
0.9411397858093723
0.9391820037789808
0.9354359919612442
0.9333114743794807
0.9357473873663966
0.9350922835563532
0.9326491575008932
0.9312144349054294
0.9342060407160335
0.9366413536023626
0.9351795086425818
0.9355023764276889
0.9311992181784141
0.9337875920159264
0.9337124075509097
0.939482655001397
0.9387996020076438
0.9437361413881863
0.9469394507067704
0.9463127281959711
0.942594915718004
0.9409105241298199
0.9425391598700987
0.9395822803431111
0.9385140074196542
0.9367666907303736
0.9309835367826518
0.9297259456828939
0.9289734435322107
0.9241566071246275
0.9241949398972084
0.9243865124019621
0.9241025827917138
0.921215162665896
0.9233244484741169
0.9204900488063424
0.9218009162274763
0.9226918979382882
0.9230125368594907
0.9203365804863015
0.9191165816473349
0.9191189172769487
0.916723833268559
0.9167076086920852
0.9173572864071264
0.9174698823463618
0.9153195560487657
0.9134742611482742
0.9142941186170248
0.9133550526045215
0.9139580038272772
0.9165830115627205
0.9133221053759051
0.9123297373413755
0.9118883680885277
0.9136487489666966
0.9111733006398577
0.9133675882797967
0.913109748817137
0.9073281286008849
0.907264742352889
0.9030651403610601
0.8987035458416571
0.9010366991471965
0.9025102755689296
0.9007120598510289
0.8948353401196757
0.8950948837477417
0.8964416830408372
0.898630017161309
0.8962444928742614
0.8951519355850553
0.8964700355193447
0.898363967008408
0.8991509433673869
0.8953340695152268
0.8948718888732119
0.8914977132358413
0.8896706561312987
0.8901929726567877
0.8970291362395318
0.897138018857315
0.9000858409494088
0.8996292873362005
0.9041329516938965
0.905988007229411
0.9048565060061602
0.9028375298720983
0.9060025852586964
0.9077796821361591
0.9096043667550571
0.9126242841221451
0.9141331131148209
0.9121411835128492
0.908699603455797
0.9070632593489174
0.9099179666598964
0.9112476173959353
0.9117600806220045
0.9129607092276266
0.9110321456497872
0.9095355598925281
0.9093921539200295
0.9080307452158174
0.9086036017043011
0.9035267684942945
0.8970297594460016
0.8919705579327648
0.8910728260613066
0.891178021273564
0.8898828480589618
0.8863531193629764
0.8817500943618153
0.8816152729807284
0.8823081260372796
0.8834591261407889
0.8762560946764051
0.8746199266989612
0.8771757529754366
0.873641204847541
0.8749985892367029
0.8744509177758047
0.8708795874777021
0.871895446085286
0.8658056292672827
0.8669174034408828
0.8647706814807841
0.8612704803570115
0.8600737305811463
0.8634995699512057
0.866362915662901
0.8671792594109414
0.8696540068782138
0.8705725356488412
0.8734808778149343
0.8746987604899037
0.8781214145024171
0.8793846805073418
0.878438102210912
0.8774654444475626
0.8731696788884058
0.8719304547269949
0.8724255254005697
0.8728126177272338
0.8758572498791072
0.8761290034769642
0.8735472532662412
0.8717965066789972
0.8669738176107733
0.8690230909577148
0.8733411043084246
0.8704505675222599
0.866869906867781
0.8682169485688908
0.8679387357272376
0.867909646542684
0.8665629368733831
0.8627028877845755
0.8573522299802478
0.861657034843027
0.8604078584185508
0.8654886235997813
0.8650633593786736
0.8626207274609327
0.8616679852555524
0.8613232902557304
0.8607749422580921
0.8627181843865943
0.8593663805297804
0.8564591525125407
0.857225636217998
0.8543002032818006
0.8543428244795536
0.8530980693605196
0.8527896593711791
0.8553626759405363
0.8567476905602198
0.857502112757192
0.8582059481157662
0.8570087464575741
0.8608930304921968
0.8633892612805397
0.8629978859158631
0.8611928811299648
0.8599848212816376
0.8657154428088857
0.8657423632065882
0.8607489181976516
0.8549333123052658
0.8517613699020956
0.8517028058135934
0.8485554325933287
0.8415939954966438
0.8415501719008743
0.8418397855280656
0.8421353922947329
0.8411493896722938
0.842468031484042
0.8418274981567041
0.8406835404885771
0.8410287494599533
0.8409432298865788
0.8381258808392034
0.8383691402036956
0.8356522754296387
0.8384666814928904
0.8370358050609216
0.8318363780233133
0.8346166657797948
0.8353194334362282
0.832239478039955
0.8317812663547194
0.8296054506713142
0.8296621460956409
0.8294641725748514
0.8286430311883001
0.8328240317815242
0.8319204275320647
0.8331513660760095
0.8340817130711295
0.8359917526794323
0.8328359500220032
0.8329065435547017
0.8307615064530929
0.8307244889194887
0.8286797398559832
0.8285828144254156
0.8318692703101185
0.8297010185643569
0.833404468239235
0.8348043721645517
0.8352040307883948
0.834161963841775
0.8361386435906096
0.8388434693545799
0.8399245037741693
0.8409855113733629
0.8411108904271367
0.8413817762401468
0.8388246664365934
0.8381651923785632
0.8401629527465329
0.8374794897218403
0.836368707651487
0.8343974351994043
0.8357582509449978
0.8354342448285035
0.8360734372652047
0.8385641119323886
0.8387866476188961
0.841020810854908
0.8410773494970878
0.8389273836496705
0.839041259901977
0.8379231039546722
0.8353445181080976
0.8387362398001962
0.8394947179464998
0.8420535249497307
0.8413257059185367
0.8407007741026771
0.8381838400043475
0.8397355056871187
0.8409814090856409
0.842178631343175
0.8409354293855534
0.8382913750841345
0.8396714207589865
0.83890167382812
0.8362041285898005
0.8370767156315864
0.8348304709242409
0.832328592594415
0.8277757148198278
0.8284133472994453
0.8221385712659227
0.8192256293840809
0.8196600239825784
0.8200494823229209
0.8206612499787107
0.8221026032460224
0.8202417448615977
0.8206247220370717
0.8235970974479555
0.8236804314742099
0.8233480214246983
0.821830118844302
0.8211664245732152
0.8212877425896083
0.8209008733843419
0.8212644014403061
0.8190780674157547
0.8231965186589758
0.8211645673057506
0.820409410782748
0.8201037977535346
0.8149289528475935
0.8160250919451496
0.8160818896554438
0.8213030638665788
0.8178339283252807
0.8177150618658583
0.8190270553373653
0.8168648654231386
0.8164027235885267
0.8142923142700862
0.8147567542369382
0.813669794529476
0.8080405474535791
0.8071833595724126
0.8092501550607663
0.8114822400724659
0.810429465136796
0.8108964671449014
0.8158417535649397
0.8159113610100126
0.8111362588820953
0.812214190843885
0.8146986952065918
0.8159872382185259
0.8151860272448488
0.8129971211691863
0.8116965857027507
0.8119716154179099
0.8128309467545553
0.812250301580429
0.8119098033774211
0.8114605097079869
0.8106986093594685
0.8126148004721685
0.8103998939106198
0.8114519106924514
0.8106625975101593
0.809464239459488
0.8071082382926147
0.8063002260767339
0.8062782288515271
0.805613298162168
0.8088892661110945
0.8076134716996254
0.8061222026373172
0.8053501858237453
0.8038526926293382
0.8067656859546799
0.8063223552033681
0.8041238303913225
0.8006671765944325
0.7987770123377445
0.7971011734082986
0.7955321805113508
0.7974912496574108
0.7918506351858131
0.7900957741176539
0.7880841019658986
0.7849412096754631
0.7869374838634893
0.7885906059856633
0.7888460267038495
0.7855953630581409
0.7834002246843166
0.784362962106889
0.7886437623607019
0.7862126454349649
0.7837466688197039
0.7822423182427289
0.7781044140529579
0.7807599071171822
0.774863449446108
0.7758197531425675
0.7778883233024897
0.7774574721136565
0.7763864063666723
0.7752752619902864
0.7762934574168923
0.7762223492082267
0.7736545188305874
0.7746307737686247
0.7712540520517672
0.7677957634392291
0.7670373708925062
0.7650931959836885
0.7659698204798595
0.7638539964983178
0.7642298399226313
0.7655632321587694
0.7669857961501937
0.7677955825182804
0.7682849482486354
0.7640199158395344
0.763992913448044
0.7655422744483176
0.767169379060349
0.7719823431946424
0.7716658863018712
0.7688673769367279
0.7668824085480846
0.7670009585824921
0.7694076472358995
0.7639491114570763
0.7654843945580154
0.7631672105062706
0.760452549513911
0.7622889427340952
0.7620112859615201
0.7573292198301889
0.7568265272938625
0.7577589412337458
0.7586751703913144
0.7579985854633651
0.7594164051023381
0.7562911190796061
0.7511512202065118
0.7499691360048435
0.7496611764220792
0.7489865551339421
0.7465589965990261
0.7447239852788397
0.7442361983892892
0.7460739878914323
0.7475792825922168
0.7441005939259673
0.7458168988602895
0.7425623677906371
0.7457911094069234
0.7433217156376679
0.7394659573324625
0.7366171678902051
0.7333186415486639
0.7307143402116313
0.7338099465126932
0.7357927870552968
0.7341709938991573
0.7289699793749141
0.726633799648185
0.7208063969182221
0.7193532483130466
0.7204826112802976
0.72312956110784
0.7199231253641175
0.7218873473566954
0.7244330947303286
0.7244393567172734
0.7212321864509821
0.7177114657706964
0.7160392726792972
0.7169978933763617
0.7183492749587328
0.7182133603687042
0.7203155589858332
0.7198783411258909
0.7199951499931172
0.7186284099271886
0.7182023211592802
0.7215524603400871
0.716184876620488
0.7170328927053116
0.7140983478841745
0.7149396171775412
0.716254446706975
0.720326213199229
0.7228304490236734
0.7231940941233267
0.7187073398263257
0.7179267926852405
0.7163872740689297
0.7134673732405962
0.7118327445352077
0.7111031851783465
0.7095646713375479
0.7118772752871847
0.709882000607615
0.7099376435126367
0.7055364045715373
0.706172622727208
0.7048244778509622
0.7076421726474692
0.7040872111601343
0.7004663565601913
0.7002416390255356
0.7018868083459466
0.6980928573450205
0.6995786653205952
0.7022521315353756
0.703570365164225
0.7031737927428983
0.703978120230216
0.7052664391714467
0.705029366081982
0.7054441269107992
0.7031608950479973
0.7033704577458967
0.7027355376336193
0.7022492050253527
0.7069014974453183
0.7057661113836016
0.70309310637937
0.7008390537090029
0.6991390839608499
0.6989593060762327
0.6971591798022931
0.6994325596812834
0.7001026513989601
0.7022254006750064
0.6999613210383668
0.7026647442097504
0.7057715986275052
0.7017451302855802
0.7016994990931613
0.6997395609717796
0.6972740276104589
0.6994275692093402
0.6993570623524799
0.6988314921400772
0.6980526971192025
0.6949859444438651
0.6928630503280773
0.6931571528462764
0.6901355528554469
0.6862706881541978
0.686214251936361
0.6843145434349098
0.6827927875866739
0.678490390752548
0.6769986837012084
0.675684324843026
0.6727959987169598
0.672227046275772
0.6711330225125425
0.6702631496603594
0.6690579386881174
0.6676407481573717
0.6632753331873255
0.66189363329763
0.6592726627120158
0.6583705808140782
0.6533823032379495
0.6547036804593066
0.6533436321033205
0.6510462011755708
0.6487359310398195
0.6468017602377951
0.6443291445887482
0.645427309812232
0.6482319675120884
0.6473477351752155
0.6479138406576985
0.649447011441281
0.6452711975537612
0.6449042813905478
0.6475417067105538
0.6461233740503182
0.6461933220716487
0.6482311783669683
0.6445465262725516
0.6458588119814159
0.6484380028727033
0.6497203877254052
0.6492318337816673
0.6473893930571519
0.648036596321582
0.648502263312051
0.6495241579637374
0.6463482378613348
0.6464383662096331
0.6456025895897074
0.6456357245149698
0.648153729659507
0.6464584865337547
0.6470100505891816
0.6477778689465504
0.6497170661958432
0.6471925882688574
0.6436489321428279
0.644231471909736
0.6448092472746252
0.6456089560119279
0.6435888971106454
0.6428116174010474
0.6430438839372508
0.6459389859475464
0.6396798186999162
0.6400282709525207
0.6376203214566503
0.6369748403102896
0.6396734103425912
0.6431509355789886
0.6427065193556897
0.6407996906244573
0.6420979349086426
0.6406781656270705
0.6413830091726199
0.6419075290312345
0.640969381317779
0.6391681725266135
0.6391170703030984
0.6387559157230257
0.6365008116489169
0.635740987962546
0.6353394792332394
0.630838755666806
0.6297639351390225
0.6290544560329406
0.6274741610693801
0.6299801566194123
0.6303665487439505
0.6301437377842538
0.6295159486599526
0.6325885726844201
0.6277268671836763
0.6290925941294389
0.6313659277210453
0.630630590441385
0.6295434252334424
0.628409294276097
0.6256136375250112
0.6248738575362055
0.6272440423934015
0.6286978759657458
0.628690816923254
0.6266306954826623
0.6252996124557719
0.6249409393783916
0.6235280145275205
0.6246502300519572
0.6206880786546314
0.6220256324904496
0.6252075655798655
0.6253759544060641
0.6302520822761993
0.6318649726157627
0.6302640491227913
0.6296223034177238
0.6262477920424178
0.6272524258116797
0.6275351172347304
0.627670269734549
0.6279132918320178
0.6284127643858333
0.6290025963353068
0.6314812856603286
0.6308947457959573
0.6263195499052234
0.6255079137262858
0.6270517791032969
0.6278337238930888
0.6266364696216625
0.6258278418390322
0.628549504012498
0.628369995328648
0.6260370402877052
0.626706287493067
0.6247997022863893
0.6253749801239067
0.6241060265302314
0.624270981019768
0.6236568659147363
0.6206007590053506
0.6145014920755701
0.6144542142356958
0.6146812105122753
0.6158464742303386
0.6218232358084304
0.6214132987611041
0.6189048341351848
0.6184175225253872
0.6185231967778009
0.6170870369105627
0.6124180558136677
0.6168037141180084
0.6147250725787625
0.613230681271072
0.6142753571052066
0.6154943637722798
0.6151416175150872
0.6092331599672065
0.6073959948583147
0.6076600602798412
0.6084240491178632
0.6082603728668212
0.6063931174321213
0.6112576523781298
0.6086657856576153
0.6115546461115655
0.6116777581219836
0.6125070467916787
0.6138953900408128
0.6140506811614609
0.6130486785612634
0.6113888743717133
0.6129457493031298
0.614861101467749
0.6136466036371755
0.6164593934175142
0.613093948518858
0.6134690823520418
0.6129787233181218
0.607483541082674
0.6054290722776585
0.6049466754250763
0.6068028480284202
0.604922239126451
0.6067741139363009
0.6079376388716893
0.6082572971575073
0.6056994841123537
0.6017056073461242
0.6014434038685039
0.6002855670923554
0.6020541894939277
0.6020932525248339
0.6030358460109232
0.6040944530901438
0.6027826945808841
0.6020504634593322
0.6046973488412106
0.6060022365003415
0.6047956139729378
0.6051885707328422
0.6036149233879955
0.6038102942252623
0.6036222397366896
0.603446747041579
0.594372407367298
0.6002759330082847
0.5981174858080794
0.5990408080908549
0.6027828910569456
0.6016681622475935
0.5978399322087178
0.5955726927052856
0.5930552254635039
0.5945342662810134
0.5976561600331769
0.5974771959155091
0.5993066692543856
0.5990628274341583
0.5981516706016587
0.599099584832133
0.5977398461404009
0.59674724904992
0.5914267652131956
0.5920335000025585
0.5898388049126632
0.5885500065935843
0.5874266546046429
0.5853051347519691
0.5851969730258325
0.5859492359392664
0.5844113926722415
0.5853127067895798
0.5865445917481044
0.5853221769650959
0.5832381248988708
0.5839728214964588
0.5810667898029731
0.5803925730726309
0.5805565231335249
0.5789402155699106
0.5781611136754361
0.5798367353523182
0.5794993019695869
0.5846780500214879
0.5860968861666211
0.5841254202717192
0.5853603599404076
0.5863417961101313
0.5877560676523446
0.5891470059164443
0.5869884868105439
0.5883481613152306
0.5890735401273912
0.5909506076449309
0.5877925084014637
0.587754545440115
0.5836165114851852
0.5829755525545596
0.5837715757663244
0.5822591579653805
0.5820209565164075
0.579404920293572
0.5770723467228548
0.5776690931224289
0.5757784253030958
0.5723194392635846
0.5716837704135844
0.5692209162786197
0.5688287890702102
0.5650475847488091
0.5644493711720941
0.5633254609922699
0.5603233791546264
0.5599626085725432
0.5596993135212232
0.5561096138152121
0.5519770632771703
0.5470296623376679
0.5537303751322491
0.5497418449135584
0.5503344558208234
0.5526510146311231
0.5489400875318671
0.5467407392060352
0.5457476036449856
0.5391418860537234
0.5378060217695834
0.5353121282305937
0.5336574191355615
0.5343849010882907
0.5344345578508453
0.535109441630332
0.5305829800887265
0.5304121414625982
0.5296958380154866
0.5292990146624975
0.5279583055558902
0.5256659049491503
0.5251697835867308
0.521824584111773
0.5223200024135846
0.5249108146439537
0.522245592334877
0.5238862536659455
0.5231777962635127
0.523765479372769
0.5208042493189332
0.5189589573878814
0.5178321418623527
0.5178498394868172
0.5157898602191924
0.5172452490448665
0.5131852328466093
0.5118649770753795
0.5124288197678413
0.5108030754901519
0.5110549373960377
0.5107220318542904
0.5100346789850004
0.5062442819380837
0.5050202147821444
0.5029984093879667
0.5016859283007832
0.5005376123314842
0.5014197622531926
0.49984425497414886
0.49751202604387645
0.4954228247382373
0.49522475755921114
0.49467867222933404
0.495369712715606
0.4952915716537641
0.4944947131564503
0.4957921459962388
0.49798269146886814
0.4935709836514074
0.4931260545964905
0.4963281505052045
0.4988894290344671
0.4984705882656316
0.4973734170759855
0.49658787673288973
0.4991706652245436
0.4976358331669598
0.4983029737901254
0.4959813223455242
0.49225805553496765
0.49033710216542953
0.4881568965131873
0.48633166858945875
0.4860744811727365
0.4824355355025213
0.4819950867225901
0.4812872887528171
0.48091783847506536
0.4813517895110001
0.4812069077028728
0.4761482496480995
0.4744515189414102
0.47880142233464856
0.47416283092692046
0.47360238438394964
0.47680415586787284
0.4739772165363239
0.4708860555140298
0.47324160966932344
0.47349367389450847
0.4758907019568781
0.4763805510122937
0.4760432417094802
0.4764104783833245
0.4719155318069223
0.4683497818634059
0.4637792055917938
0.46168230219316353
0.4593985919109662
0.4624803277314732
0.4628416467791154
0.4651400453514617
0.46540149089822974
0.4621106206825155
0.46382080932083936
0.46736079263880165
0.46728986465172195
0.4642215070839325
0.460725546352046
0.45932698954371637
0.4626068310427893
0.4636978773265638
0.4621748309944593
0.4617905655157702
0.4618299343843926
0.4602917827251899
0.4611953893353403
0.46173990676478294
0.4642806110605215
0.4606653887159853
0.456834950782597
0.4569548777021996
0.4579051637535443
0.4578780775710717
0.45974759259280296
0.4585645497218308
0.46038996154612893
0.46256534233548086
0.46242480875712005
0.4576365359664692
0.4585081457409636
0.45904297143254774
0.4625406572369279
0.4618931726560681
0.4642446029953612
0.46479646131483693
0.46206102305862656
0.4643665948115007
0.46352861349800883
0.4625343106506817
0.46148100764959155
0.4611936793297513
0.4615954001431306
0.46079937878806865
0.4615608764594989
0.46178329507217625
0.4608723956674388
0.460295886731506
0.46164677685134947
0.4618001081016751
0.4594125991819483
0.4605735783981381
0.4605588181612813
0.45969448836618343
0.4607437780389255
0.461917251577756
0.45960034133235306
0.45630406745101143
0.45673448098467107
0.4539796074079388
0.45602743055732126
0.4576115157871192
0.4581923410579064
0.4566467888034178
0.45471707129176286
0.45163719622157183
0.4508440454922086
0.4495834515969738
0.45017761852305804
0.45278900379249903
0.45689943687572
0.45956778681603005
0.4616430496641349
0.4613311421676102
0.46393125719633305
0.46339724387519043
0.46046844679213217
0.46336708133055404
0.462433360527875
0.4630297622025382
0.46775883306039123
0.4657822792296096
0.46732852561219784
0.4685998625657161
0.46874478119221175
0.4703847615898821
0.4731816476934453
0.4739049396024894
0.47263143801889385
0.471192900859969
0.4713273641960761
0.47358029067373125
0.47142858523091186
0.4715675219420567
0.4699604284510694
0.46976634093462327
0.4694781216039292
0.4689233409248838
0.46781082363960014
0.46766251818136756
0.4667257567563894
0.46533817213612527
0.4673112044558871
0.4691717993592741
0.4678748315118294
0.4700331645780113
0.4734634383947071
0.4743593340382043
0.47309593724499466
0.47638842265149695
0.4758557629437812
0.47489857209504294
0.4730324991860102
0.47136958716503097
0.47126590629890774
0.4693981644291509
0.46772213955293696
0.4655084777736259
0.4614353113119603
0.46316566132340337
0.4625578902099237
0.4626916850619769
0.4648697764855846
0.467313401638538
0.46698475325851146
0.4692442387524413
0.46919764935098895
0.4652186370277865
0.46468548961929335
0.4599316339367924
0.46198293693305503
0.46093726528828294
0.4575435602301693
0.45992812588286763
0.46143753752383115
0.4607929578268716
0.4582939374045907
0.4581444956818662
0.45645770406064756
0.4555614790769097
0.45873037238057757
0.4566561337121654
0.45466562640556
0.4543866429154898
0.45409754352747156
0.45223463486892673
0.44817205997982745
0.4491426857116321
0.44877963194314524
0.4476358872833776
0.44936881066266776
0.45065885312890985
0.449991881797376
0.4487762887610544
0.45107968613044525
0.45146573213398833
0.45163619007100086
0.45358969096598906
0.45197919765823646
0.4525738272488802
0.4519727456545809
0.4514922015537688
0.450071456484128
0.44763651745482635
0.4471192347943673
0.44771669611456966
0.4457731221860669
0.4440525837534241
0.44258289696163355
0.44071279612039327
0.43986292313712383
0.4391370712768974
0.4402158889154052
0.44085797254303516
0.43859203179262557
0.43616873821270924
0.43554312568250947
0.43505284296067187
0.4333264056087308
0.43229697008538304
0.43114839654333287
0.4311925074229211
0.43015439722219106
0.427340269859827
0.4213716677973826
0.42295323664383855
0.42215483275444565
0.4211535338343301
0.4192280597659808
0.41870325806115816
0.41486665892661323
0.41599314221958206
0.41829636376476353
0.41536708718206894
0.415776823708884
0.41871537771755624
0.4136368981398837
0.41458523186779594
0.41186982921462667
0.4122835747240664
0.4118915276890741
0.4117067089423969
0.41261112165877983
0.4105702150810092
0.40684429539816114
0.4058262192708644
0.4080347766914236
0.4082683872013996
0.40513629815753854
0.4048904126838938
0.40182722704699225
0.40480375893128917
0.4025524641873752
0.4026118795701201
0.40412255253486384
0.40174223714775437
0.40097964006046727
0.4015407576599414
0.40214338993833226
0.40325197081560515
0.405217459666699
0.4049542764856648
0.4067984695612147
0.4035022956490028
0.4063680867208855
0.4040416084237612
0.40509121102063406
0.4032392014857106
0.40405930034585735
0.401904530282949
0.4013238674027229
0.3991669293606719
0.40007317211226406
0.39527204958072043
0.392408529872116
0.3921534674942648
0.3942441974864858
0.3903052842475018
0.38732025030294165
0.38711130720136977
0.38308255147093623
0.38461750477484163
0.385095822585512
0.3860547726260448
0.3854929248140322
0.3892142185400452
0.39288895432858306
0.39548186295641596
0.3952297688758017
0.3947558678206147
0.3945502304231775
0.39474961036761
0.3946876836379167
0.39600458751389156
0.39620545612060326
0.39754904113566375
0.39782661267424346
0.3942854609107008
0.3925087983892574
0.3934288968420329
0.3940523035333547
0.3940073480191197
0.3934552478461427
0.3931157835691213
0.3867114616208557
0.38752306386965146
0.38716605100977797
0.38684779261556757
0.38770685016429524
0.38550470725155195
0.3867924095620127
0.3837059151522467
0.38363643669957914
0.38509013883401977
0.3844070805737375
0.38350175674368353
0.38448224784574225
0.3851742982435077
0.387190818120538
0.39031609604368495
0.38723111129730925
0.3851977481699737
0.3858181728431819
0.3854025490562144
0.38853098513335144
0.3884032861555746
0.38565698882997396
0.38595705203853187
0.38512855861028517
0.38199893484429337
0.3855207504550333
0.3851586981358881
0.3862695758108039
0.38566146771831156
0.3850363677889803
0.3851468978869653
0.3831732322281129
0.38455021034200026
0.38178680408764454
0.3802447974523605
0.38336592539459996
0.3836252431570122
0.38518164750384853
0.38149743799941815
0.3834904579267223
0.3818009760561119
0.38030641542592175
0.37996394067211947
0.38015792990254005
0.3773982932580386
0.3762408256716903
0.37663398918976654
0.37466514445571236
0.3748838321699218
0.3736349384264018
0.3723525376195102
0.3742428422342017
0.3732668861656479
0.3731104701112919
0.36793961045008544
0.3667360436874202
0.365510756004982
0.36405140520961343
0.36191660243791995
0.36148226305319303
0.36233667610744846
0.36303567510395407
0.36798404830267495
0.3653188800899924
0.36509944024326735
0.36332782159165766
0.3640110937927212
0.36384208625559633
0.3646774982632552
0.3640063388030802
0.3686254362364777
0.3675273687090343
0.37008726804869363
0.369353578366325
0.3693793832689033
0.3698891521830153
0.3721335024371556
0.3720043924698503
0.3701608649036588
0.368991498914215
0.36971479087827575
0.3673215591548527
0.3647308760186908
0.3611289603348976
0.3594424497402079
0.35863425531717497
0.3587001744350372
0.35700968952867007
0.35929455095179647
0.36113638866740383
0.36350974914085826
0.36291873402430036
0.36323419926802136
0.3632099796472018
0.3614725599658971
0.36005027996788336
0.3568696809342267
0.3557997302723365
0.35524763144501914
0.3567178517910515
0.35636203139146577
0.35700341034561844
0.3583273066269733
0.35540635332928056
0.35483167019572326
0.35386963855364223
0.35832315689196814
0.35922754497000753
0.35697847715795306
0.35415851420474515
0.3517022097064591
0.35252731950866417
0.3524234472702553
0.35251055894822286
0.3510340128099857
0.3533695314483817
0.35286176260486657
0.3547307443895266
0.35359956751128546
0.351417059921193
0.3522018880624544
0.35174689783176605
0.3517647392231346
0.3494498059670977
0.34751309460342633
0.3488520272404344
0.34698638783896196
0.3472344003073182
0.34835445157637135
0.34521568467603486
0.344497849492322
0.34064381390488724
0.3393976824857753
0.33830445358531347
0.34202503152467956
0.3422843219170975
0.3414466851695214
0.34379931363065896
0.34459227176902046
0.34669794132363607
0.34737772583472165
0.3469525414055856
0.34760845228203896
0.3437044324659079
0.3431988303383383
0.3439216825232885
0.3425331133557273
0.34206039552231315
0.33897258511789163
0.33814710768545553
0.3367463487139917
0.33510563375246977
0.3323060200667131
0.33314855873663957
0.334268784683121
0.33423351383549577
0.3349793173235251
0.336087151316692
0.33519701118204753
0.33289092345753934
0.33194740909505427
0.33104430165343635
0.3333951098737528
0.334007052972194
0.33406427443887216
0.3303889284387961
0.33011345262841046
0.3313030339169053
0.3338196415015712
0.3301809148883546
0.3282937982287083
0.3257051885804014
0.3235893710054315
0.32308392183103
0.32254760666800136
0.32224009567666684
0.32233272206563707
0.32435453680542875
0.3261998530203536
0.3285918882313642
0.3294976696482163
0.33130106896470957
0.3325114875439821
0.3285866663865973
0.32895422912593497
0.32718839953409345
0.32833104759158366
0.32873131328849947
0.32795238676325045
0.32662810896217814
0.3250971701831645
0.3249456041669393
0.32516514469346813
0.3234502768289862
0.3250320251401816
0.324192884571386
0.32256815617229273
0.31975178578419405
0.32094097606040395
0.32263497854619455
0.32382244932565707
0.32458222890573607
0.322772374105959
0.320372391295402
0.3214030858764422
0.32092519163414746
0.3209610605750418
0.3205021799415903
0.32012256481524304
0.3185223258097325
0.31832445635635914
0.3166806663002891
0.3148493510752169
0.3201686174284322
0.32328003882035755
0.32208629625106877
0.3231160861943231
0.32445063946140223
0.3259054397478701
0.323223378159886
0.32635065211516434
0.325088044712365
0.323950308982321
0.3243918392256323
0.3265405656292898
0.3260024241390853
0.3280285939654998
0.3295799174398304
0.32952950426088046
0.3282102535328704
0.32946784504870974
0.32976232904447234
0.3282530282563593
0.3285615488381617
0.3279100614653817
0.32961623493378445
0.3330755938441917
0.32996539963843147
0.32994294402359986
0.3304710097436544
0.3268711339911239
0.3265377686802737
0.32570521983468276
0.32579452251608987
0.32851114138631343
0.3287169933444383
0.3304507030980453
0.3295871444727081
0.33057521609922
0.33044998429454153
0.32595390676446445
0.3262223066037714
0.3247763166114184
0.3241691510763665
0.32049453281488266
0.32087922842860805
0.32015685281058615
0.3208248022262591
0.322278968073547
0.32028786499051815
0.31963936132308907
0.3196263083156604
0.3182255650282873
0.316933089714236
0.31888016461815016
0.3190953237033346
0.3196597009125397
0.3208877880661021
0.3233687534375997
0.32411073968524046
0.3257092515126978
0.32477081662227597
0.3240122241661516
0.3247683040250212
0.3255500813322513
0.3260299574305643
0.32395496767425824
0.32218652441850687
0.3231153859461612
0.3224944729746507
0.32490802351871717
0.3210949216034434
0.3199308091646692
0.32319393581303013
0.3218620475108833
0.3237596041743191
0.32291322882690493
0.322287087420761
0.32057420511706786
0.31881437398685636
0.31701962623149826
0.3147975166368359
0.3177676380710762
0.3180885655501204
0.31872040709968114
0.31618005905685054
0.31474960084749154
0.31630367363170453
0.31501096343889035
0.31690461545980997
0.3156943568561217
0.3159254034384116
0.3134797375609217
0.3142496243306485
0.31513020886257925
0.31474462106240725
0.3150297861133218
0.3141465322446676
0.31418570816408337
0.3147523864224303
0.31164360587012657
0.31170144762630236
0.30980079308955083
0.30949053885136374
0.31179811523702383
0.31108100933004423
0.3084712849806527
0.3093726507276242
0.30969582407483953
0.3089121839405314
0.308190134587495
0.3087721999251769
0.31005526912749587
0.3140014785448356
0.31578396209469783
0.3143802493795878
0.31577916722899035
0.314261302821939
0.3144040239427416
0.31561830321703577
0.3163057751900238
0.31322209675422885
0.31283386532583496
0.31270682446247566
0.31215879396481727
0.3107915387538119
0.3103873056769427
0.30966801148432294
0.30765876066782033
0.30892653216924365
0.30737947750655475
0.3051610222096523
0.30426820739854615
0.30488813577132595
0.30643774135261914
0.30517013781782454
0.3045823941201519
0.3059905498399088
0.3065456707458398
0.30719008160013556
0.3088362948641197
0.310880131601955
0.3091404598805569
0.3082604975186479
0.3094690777554069
0.30874815617080487
0.30923598239160716
0.308677797189585
0.308005672223813
0.3086175350434694
0.3087335407460622
0.3055359273168722
0.30687331194144496
0.3053810337882628
0.3056225770623759
0.30360530731398866
0.299895438771202
0.2968774188234958
0.2955582451501537
0.29274445799368987
0.2917982794596571
0.2897515900716422
0.28702245939182713
0.2841030233631029
0.28102567804304635
0.2820308536886328
0.2769271110367199
0.27527042084015785
0.2749732474814931
0.27493370996934635
0.27438660599463816
0.2746742577255525
0.2729092547031906
0.2715211479990237
0.2700911713155705
0.26671146021989445
0.2671330246606317
0.2659464864898882
0.26614438844882565
0.2643412354849779
0.26419614195958385
0.26148789959586477
0.2606905966048975
0.2591963111468966
0.26100640682087733
0.25985980295561356
0.2610772340745223
0.26129295153109555
0.25865140283045107
0.256938830672372
0.2583339104809471
0.2561872829485014
0.25729059120316233
0.25819866853473183
0.25521821255605953
0.25515689291165533
0.25504176987099403
0.2562430589269279
0.256838397282188
0.2546858950436949
0.2546398267364291
0.25202477993905725
0.25212386462009573
0.25201639261173925
0.25212172097449065
0.2541929460736557
0.2556713180678261
0.2544487796161206
0.2560399576028314
0.2535530249186863
0.25310002707770135
0.2528949867013045
0.2531997126451842
0.25288596555488796
0.2504912342892215
0.25107144021629824
0.2512909846819197
0.25293264905303725
0.2518357944039906
0.2524023247726283
0.25322216496246275
0.2520408921222647
0.250562585696231
0.25103151302621646
0.25037762418601706
0.24956599170543892
0.24939794563412346
0.24757020057721052
0.2485648063489349
0.2503670737275493
0.25092917658578545
0.24645399726389483
0.2491561339524718
0.25027071767661485
0.25090803601735895
0.25157599574783346
0.2508533163934933
0.2502546792675025
0.2527599506732006
0.25068380950067903
0.2538180885163228
0.25490805129657224
0.2536370087794476
0.2506314744129799
0.25018846669327
0.25105258326925134
0.25027780349522993
0.2502013830712552
0.25055071686151603
0.2523358694165917
0.2536313200003065
0.25137175836714515
0.25204421448764663
0.2523376292325511
0.2556163731903784
0.2556173974965283
0.255763219403535
0.2581322015889103
0.2575866648054509
0.2564992479843042
0.2565162106293191
0.2553298445431635
0.2537125460648689
0.25288633097071755
0.2543453572537868
0.25406536207597874
0.2533857702028878
0.2515183183981251
0.2511255002536513
0.2522436534692363
0.25266640045173744
0.2532261764102219
0.2560925379729114
0.2579238677152512
0.2550763869144933
0.25541644504907346
0.2555418613454431
0.2530159151019214
0.2525829859373966
0.24961526314456678
0.2463799054703205
0.24484842287287992
0.24658078266479952
0.2468490298936247
0.24602357143107262
0.24389634929950382
0.2459559038323944
0.2448980029730889
0.22523764137658703
0.22405999638803972
0.22385251980945906
0.2230637289071066
0.21906729324665886
0.2166464378939895
0.21510251547155673
0.2147861834185958
0.2143502679952225
0.2138684094697337
0.2126792829890623
0.2129802480332938
0.21250448403692906
0.21255085476459845
0.21203889942517035
0.21121695290681802
0.2099887351245297
0.21021889060021892
0.21026268457557995
0.21009278695059855
0.20951040527561612
0.20681349983145933
0.20647560729656908
0.20586888364890615
0.20369461848178716
0.20369500088446632
0.2032336194483686
0.2032336194483686
0.20324126826245856
0.20324126826245856
0.2028255926228207
0.20122250037111086
0.20027465022786
0.1995832176152495
0.19939042324484033
0.1963404435067586
0.1963404435067586
0.19624811219815136
0.19553012466640093
0.19507069254204723
0.19084392765217065
0.19065930035499473
0.190359483087702
0.18959522599486084
0.1895190259771526
0.1861633639545896
0.18475874976763582
0.18454890902931825
0.1842850827326344
0.18431050486939887
0.1812447013222523
0.18057108627077337
0.17976399010532412
0.17916066068406877
0.17916066068406877
0.17914695783621296
0.17914695783621296
0.1791314484598974
0.17843801357713193
0.17794526805382446
0.17713428450875646
0.1772019918978252
0.17567898891459321
0.17558100140166352
0.1750389610311249
0.17526154950776718
0.17526080296273427
0.1739951779061039
0.1739017075187774
0.1736232748499202
0.17069703326670288
0.17012301062582122
0.1689908465553167
0.1684164244221606
0.16692969305150368
0.1666019261968506
0.16599448882113282
0.16575604448651665
0.1657482924938098
0.16369723838977895
0.16369723838977895
0.16357648729247243
0.16268783192980693
0.16093159886270117
0.16034175916898316
0.15766030941587222
0.1575293746915425
0.15726610299221724
0.15714401210668175
0.15714401210668175
0.15469428398980423
0.1540768428264557
0.15012350830221038
0.15012350830221038
0.14920052553844373
0.14710554249837546
0.14726787363537286
0.14621706617318503
0.1461365156893846
0.1458047932784428
0.1458047932784428
0.1458047932784428
0.1458047932784428
0.1453988340337619
0.1446090758586126
0.14206173265712355
0.14206173265712355
0.14206173265712355
0.14187404625288275
0.14059402846815966
0.14059402846815966
0.14044669236439455
0.14000095715531274
0.13950974015746748
0.13941076055873997
0.13927084028720865
0.13868369921232615
0.13791997692255598
0.13662870127683477
0.13660454766042435
0.13605884810302266
0.13555915762556192
0.13493930108071314
0.13364399296766286
0.13344693490784793
0.13300207105370704
0.13254035016801063
0.13229316284830686
0.1320696298639464
0.1321461539444798
0.13178248996742745
0.13173544602750603
0.13103302576762035
0.12927002424168166
0.12899112280363595
0.1281880040806915
0.12743980032185873
0.1268997858748498
0.1236549219194734
0.12284033636262834
0.12277652084225496
0.12245974090965664
0.12245512497008315
0.12182629040259021
0.12157690103984271
0.12143814903208006
0.12004874086724952
0.11926844973596448
0.11922913142468598
0.1191265708154335
0.1191265708154335
0.11828797918943187
0.11828797918943187
0.1179556270981708
0.1173814328313707
0.1173814328313707
0.1173814328313707
0.11722052443886344
0.11690509112532894
0.1140117098397347
0.113143997130011
0.1132617645859165
0.11111960497444336
0.11111960497444336
0.11091616559523279
0.11055426767389909
0.10911438375868236
0.10822001850691707
0.10730023780258717
0.10730023780258717
0.10723431323231447
0.10725991407027077
0.10722375402080578
0.10671676915476191
0.10654148720948409
0.10654014617413507
0.10654014617413507
0.10648090692716242
0.10648090692716242
0.10630701159413489
0.10623507921476194
0.10618682463845794
0.10555791913518904
0.10555791913518904
0.10555791913518904
0.10498867769852734
0.104021249463818
0.104021249463818
0.104021249463818
0.10351689667005451
0.10349418286386261
0.10349902859396487
0.10299030548947707
0.10259304724292218
0.09828431354208352
0.09825757599850474
0.09825757599850474
0.09807649844414212
0.09721334642032031
0.09721334642032031
0.09721334642032031
0.09721334642032031
0.09722110722700308
0.09711534817509926
0.09666919264486959
0.09673678110110488
0.09673678110110488
0.0966807623553035
0.0966807623553035
0.09662038653551268
0.09657079902105588
0.09654906697706458
0.09308503610397187
0.09267684585029268
0.09260828130878122
0.09191285710511574
0.09191285710511574
0.09171597240275528
0.09156611777692301
0.09156242164969391
0.09156242164969391
0.0892590523485033
0.0892590523485033
0.0892590523485033
0.08926892238833913
0.08926892238833913
0.08926892238833913
0.08926892238833913
0.08901566292602013
0.0885557763025159
0.08843824983364036
0.08791185855763925
0.08737662754828426
0.08681452818791523
0.08641841467182845
0.08632997980211359
0.08626157573138861
0.08625957380742907
0.08614719382013553
0.08602711728407053
0.08579214968586191
0.08575641130612521
0.08442792910937165
0.08442792910937165
0.08432824301370585
0.08387573243959395
0.08387573243959395
0.0837107603821585
0.08319908627748568
0.08322268484351839
0.08263955521115172
0.08263955521115172
0.08235865137697637
0.082343672097652
0.08238247986267747
0.0822125508417442
0.08142824793581477
0.0809739541728983
0.08086283658723888
0.08084497217616946
0.08084471646687758
0.08084471646687758
0.08054823009890785
0.08045638663786345
0.08045638663786345
0.08049623464654228
0.08039846504944338
0.08038410722281339
0.08020433600509914
0.07996973452641555
0.07996973452641555
0.0799724924706976
0.07824664261563737
0.07794216095767223
0.07794216095767223
0.07791591099058523
0.07744684986291718
0.07703053849690475
0.07697392013909769
0.07696789706905731
0.0769335362715222
0.07710959228507774
0.07710959228507774
0.07710959228507774
0.07695722307753085
0.07715083099468
0.07715991942825934
0.07717899059665004
0.07717899059665004
0.07577172814348439
0.0738071233416186
0.07191888788842118
0.07196790219061025
0.07197444141300958
0.07189576808448918
0.07189576808448918
0.07186433107866663
0.07172188875075329
0.07146481028326185
0.07143318297258146
0.07143318297258146
0.07143318297258146
0.07144399608206244
0.07144399608206244
0.07157513771138842
0.07156277583900986
0.0710355357638682
0.07083541212081397
0.0708154099727575
0.0708154099727575
0.0708154099727575
0.0708154099727575
0.07059844826032433
0.07059844826032433
0.07059844826032433
0.07049605630385325
0.07049605630385325
0.07053927591520348
0.06914489907976087
0.068248265548744
