0.0466667 0.06315711548628716
-0.0866667 -0.07606314721071233
-0.3733333 -0.35550383704214866
-0.1533333 -0.13292257397199453
0.0366667 0.016104379172416583
0.0066667 0.007412963863345445
0.7633334 0.742698125194273
0.61 0.5460628399532488
0.3833334 0.42252420003325664
-0.28 -0.24530405227980073
0.56 0.5296302741900875
0.1633333 0.13533504927951398
0.1266667 0.1649090405070876
-0.71 -0.6749516389771093
0.9666667 0.8669097507806298
-0.86 -0.812996720781952
-0.59 -0.5699613721144619
-0.2366667 -0.2621326951969668
-0.4033333 -0.41972678290022974
-0.7566667 -0.7641055797771671
0.7133334 0.6971201224365882
0.4233333 0.44590790843392547
-0.2933334 -0.22275162305430607
0.72 0.7067558799023411
-0.9666667 -0.9885600754558851
-0.9966667 -0.9931780653384655
0.9833333 0.9879515416256698
-0.6666667 -0.6266175643907074
-0.17 -0.2041374497324352
0.9 0.9176059769384799
0.03 -0.006981753281451203
0.27 0.28292661334543073
