0.0466667 -0.3579999749187394
-0.0866667 -0.09585372962796662
-0.3733333 -0.38554722848395073
-0.1533333 -0.10520771402277396
0.0366667 -0.028557947967997488
0.0066667 0.07755620903897448
0.7633334 0.8465814840176619
0.61 0.6292998400787997
0.3833334 0.36950824673672644
-0.28 -0.1129306170366865
0.56 0.5783203489105457
0.1633333 0.14949127986867258
0.1266667 0.2413323603856518
-0.71 -0.7596055137576403
0.9666667 0.9743725913183973
-0.86 -0.919628296891631
-0.59 -0.5537118403865467
-0.2366667 -0.2264996622136461
-0.4033333 -0.4431353064233894
-0.7566667 -0.7402891990384436
0.7133334 0.6016858188750849
0.4233333 0.4487126828925406
-0.2933334 0.07853851089950978
0.72 0.7191619218759904
-0.9666667 -0.9590420116523763
-0.9966667 -0.9671391512813596
0.9833333 0.9512147261816375
-0.6666667 -0.5231342854409586
-0.17 -0.17483217466461182
0.9 0.9216005489262503
0.03 0.05209308142133884
0.27 0.353379153561594
