0.0466667 0.018529858678888178
-0.0866667 -0.11228918282817274
-0.3733333 -0.3455364958213706
-0.1533333 -0.17848340482911568
0.0366667 0.06556674779699406
0.0066667 -0.001020772297122552
0.7633334 0.7359509722061743
0.61 0.5601982489187038
0.3833334 0.36100067782405676
-0.28 -0.29933938801256316
0.56 0.5938778852445368
0.1633333 0.193893905371253
0.1266667 0.08684698379375433
-0.71 -0.7651702770966233
0.9666667 0.9744577141809252
-0.86 -0.8802868628212335
-0.59 -0.5619833911965233
-0.2366667 -0.26504695584614046
-0.4033333 -0.4010677520556806
-0.7566667 -0.7817120218410214
0.7133334 0.7275044338325247
0.4233333 0.459632031470697
-0.2933334 -0.2639917197922836
0.72 0.7359630994627442
-0.9666667 -0.9535087018043658
-0.9966667 -0.979729161721408
0.9833333 0.9962723019390622
-0.6666667 -0.6585544140504352
-0.17 -0.21344675573503324
0.9 0.9044470365054371
0.03 0.017303268830530794
0.27 0.27303645409966887
