0.0466667 0.10387911263211236
-0.0866667 -0.11334865582204195
-0.3733333 -0.39245834355078285
-0.1533333 -0.20647019497630714
0.0366667 0.016287580264637058
0.0066667 0.0030266230883941314
0.7633334 0.7817354905778111
0.61 0.6022284309797408
0.3833334 0.39876676123906984
-0.28 -0.20742214116188407
0.56 0.6149306837231218
0.1633333 0.20001481730230536
0.1266667 0.10681035381479123
-0.71 -0.8127835546547999
0.9666667 0.904401565398312
-0.86 -0.7910818000528951
-0.59 -0.6147353836926973
-0.2366667 -0.20759087191636552
-0.4033333 -0.46981986946104487
-0.7566667 -0.7462530305198949
0.7133334 0.7732911164692338
0.4233333 0.4800560926492181
-0.2933334 -0.2111148802666396
0.72 0.7940207320690051
-0.9666667 -0.9468484605454124
-0.9966667 -0.9634742635895021
0.9833333 0.9247122294299499
-0.6666667 -0.7149519882715503
-0.17 -0.16329259558875836
0.9 0.896654018374655
0.03 0.0585019389099834
0.27 0.2570016346908274
