0.0466667 0.03419767046634986
-0.0866667 -0.06370264254188635
-0.3733333 -0.3828380288448482
-0.1533333 -0.18880922609812323
0.0366667 0.047690960922049996
0.0066667 0.03005302674980681
0.7633334 0.757847894497296
0.61 0.5732366223938142
0.3833334 0.4112130755958221
-0.28 -0.3106969933892344
0.56 0.5628637115403983
0.1633333 0.19773693946888768
0.1266667 0.0995246548631229
-0.71 -0.7467375821236695
0.9666667 0.9643840629469425
-0.86 -0.870013360217076
-0.59 -0.6046882343215666
-0.2366667 -0.1874743949799783
-0.4033333 -0.4103381377131388
-0.7566667 -0.7861984887433258
0.7133334 0.7616896677443459
0.4233333 0.44103935919589343
-0.2933334 -0.3555248863369472
0.72 0.7375221610072753
-0.9666667 -0.9450110399707146
-0.9966667 -0.9866181054060991
0.9833333 0.9840137645928115
-0.6666667 -0.6469999900275962
-0.17 -0.17307107060308102
0.9 0.9114263612521336
0.03 -0.004432981599467978
0.27 0.22865039796333428
