0.0466667 0.011350342184087037
-0.0866667 -0.08929522111458077
-0.3733333 -0.36418312245557155
-0.1533333 -0.21743630766540248
0.0366667 0.09390452594216686
0.0066667 0.049289418911347804
0.7633334 0.7675807592166729
0.61 0.6060885395964417
0.3833334 0.45598934539324326
-0.28 -0.29530541728353427
0.56 0.5706508044174469
0.1633333 0.1770871061871076
0.1266667 0.13045163145204713
-0.71 -0.7286337595593979
0.9666667 0.9874800083586466
-0.86 -0.8783977774631245
-0.59 -0.5899785167462395
-0.2366667 -0.24852641265206554
-0.4033333 -0.4041178513260849
-0.7566667 -0.7945847106026391
0.7133334 0.7480083543017311
0.4233333 0.451819662923315
-0.2933334 -0.3152426774581021
0.72 0.6414595525987903
-0.9666667 -0.9462590374400168
-0.9966667 -0.985610986932609
0.9833333 0.9748331354352473
-0.6666667 -0.6104812862234819
-0.17 -0.16651537859427745
0.9 0.9600277786271305
0.03 0.05664657880381596
0.27 0.24360212150773125
