1.3588270562684808
1.0868859340910915
1.089400201534421
1.08952629698912
1.0848608710696148
1.0819038801416028
1.0838100828808495
1.0723392371791096
1.0686244668649554
1.0685798087174585
1.0685798087174585
1.0680905929545927
1.066203355621509
1.0671526129935485
1.030770271687139
1.042133380796641
1.0484628729025955
1.0427500152938551
1.0649722905745411
1.053859719318468
1.0492975339457098
1.0488827953123245
1.064125491255636
1.0671004704136051
1.0643074414875946
1.0818978308744007
1.0800249415166667
1.0821801549395187
1.09085314934606
1.078175966730236
1.0780550266508786
1.0799380510956382
1.0816919785171746
1.0834187226561747
1.0675227357200425
1.0699527854528625
1.064574394145054
1.0674242255513224
1.067520630716845
1.0909476587908158
1.123279437072351
1.1208115499865385
1.1190295026464119
1.1116907252843553
1.1227471834109066
1.1330284555083077
1.1330285126187094
1.1332069782966059
1.130441093351297
1.1324414559448333
1.136253833489454
1.145901927336316
1.148942144834096
1.145450534283492
1.1457788836438183
1.1436083656369138
1.146867625176204
1.1494363799958691
1.1494363799958691
1.1416006664044265
1.122505141355706
1.1221344815959968
1.122901835182786
1.1401089302409653
1.129163054960561
1.1240880012498795
1.1216820232789797
1.1211636109028642
1.1303655214510702
1.1359179805150479
1.1440756183060006
1.1504239751202165
1.1539870921169022
1.14359604887802
1.1456617116212784
1.1506673311871147
1.145834324670664
1.143403852555857
1.1424471032511672
1.1471686548630524
1.1451907019699852
1.1451907019699852
1.1444007662354683
1.1290321661396496
1.1345734657984448
1.1418154544432706
1.1403653136557386
1.1287021680171578
1.1275051930902353
1.1219738777535844
1.1264257714594246
1.1302088615703607
1.129886125207337
1.1259199527034138
1.120807253442887
1.1242191167544542
1.1056664403237066
1.1006481545598006
1.085692813634753
1.0848315026467896
1.0970455741048237
1.1007147884574504
1.0926360497659586
1.0903243579992472
1.0885476235205473
1.0574845364627303
1.0519073684842835
1.0519073684842835
1.0642023548709207
1.0677640778327402
1.0666983963182133
1.0670407679160157
1.0529930409261292
1.061441583645898
1.0706274176019228
1.0706274176019228
1.0653842890048457
1.0580608050268792
1.0459924406240864
1.0482724594567427
1.0671774379519088
1.0715869064374257
1.0860728810650164
1.0820797728923424
1.0631869761089454
1.048763552239942
1.0447330188691766
1.0423450537469894
1.036096410594291
1.027485786566019
1.0255408709190257
1.0267094428073555
1.0308010180033107
1.0308010180033107
1.026762404264051
1.0063932228538235
0.9986868546512062
0.999826571005399
1.0022348695679577
1.002210644466356
1.0019828365769696
0.9979388048091558
1.0095121897215507
1.0091614146794532
1.0049543679809028
1.0028431030480554
0.9868594772603596
1.0102942218086213
1.0115855551273405
1.006404261803917
1.030595032344655
1.024027547616597
1.0247329972207944
1.0128922026520997
1.008847292200754
1.006141991268927
1.001563683648685
1.0143649229759317
1.0320790280207515
1.0353882957830391
1.0232596272271435
1.0238545316387397
1.0260929646208294
1.0262960555623977
1.02714123833355
1.029175096890016
1.0281047662530538
1.0241513553607124
1.0339121549022072
1.0282918496752727
1.0293657778638996
1.0293657778638996
1.037061432265066
1.0266704085128338
1.0257257523064445
1.0224728432175756
1.0223402154016945
1.015178773546783
1.022461231347653
1.0224913535993323
1.0236389359355664
1.0195695125061037
1.0321469176568439
1.043904800603415
1.0492053971457622
1.054395330307546
1.0522640137148245
1.0474617886526678
1.0478035624383977
1.0177162267741715
1.0347525270580504
1.035549628075874
1.0412917400363428
1.031628293644806
1.0320278978501474
1.0286183610050674
1.0323928969579628
1.0348653752873296
1.0355171476588807
1.0035768426021026
1.0035631438802664
0.9984611065918438
1.0018569085407552
1.0032059560080535
1.0127717839949855
1.0186089448871007
1.010633697444748
1.010633697444748
1.003729062673572
1.0086664413282227
1.01631172933235
0.9998424138916246
0.9998341732348072
1.0093154081685354
1.010719389000991
1.0113909514693937
1.013597966635169
1.033321332041087
1.0317592113927752
1.0389270181152095
1.049839226707128
1.0465669731021048
1.0249527506825729
1.0240952679282218
1.009078142914298
1.0010765282072693
0.9995858277591507
1.0083658857602924
1.0256671169526084
1.0342799677074404
1.0390985159317014
1.0467393393860613
1.0470612807247766
1.0460680550299257
1.0466409001630221
1.0423921317045295
1.0392456945513235
1.0567704123721218
1.0627725733474793
1.062829280952439
1.061745050702248
1.0832123940719176
1.0823324588160825
1.0873501638030907
1.0759925880189254
1.0723748507050237
1.0700168775368748
1.06176998871876
1.0621110193135854
1.0611768966454735
1.060920664996083
1.0750910769222428
1.0657214217952509
1.047152562177127
1.049271504422336
1.049552046035686
1.0669664324913217
1.0681812922105431
1.040528710884866
1.0428302800956097
1.0492136440041013
1.0486640494222128
1.0461476197315875
1.0589613826871103
1.0593357492416948
1.0584881388316076
1.0536927503904383
1.0343030407163218
1.0341796714067901
1.0345893945860505
1.023319372351118
1.0276225135063248
1.00550739023894
1.0066249053275715
1.0062690416881575
0.9963118694168418
0.9692723258585202
0.9729455724304762
0.9650659343047487
0.960142941021662
0.9687288816020766
0.9685151915673282
0.9994154329238241
1.0027803316996038
0.9944142919966749
0.9755163143101268
0.9925953908705006
1.01558465560423
1.0171570207731628
1.0221760452671877
1.0353762223014236
1.034219101079734
1.0355522608701424
1.0381562255987475
1.0456425076434557
1.0492789652048093
1.059567612164141
1.0681705688771335
1.0513145884136441
1.0561062359069582
1.05105985179306
1.0609187931294368
1.0655815309293368
1.0595152702089539
1.0593563700250828
1.0666118386365862
1.0654298513773897
1.0528762104055223
1.0572636393943076
1.0571135658951345
1.0555910701131594
1.06296917461327
1.0762749736075352
1.090754715297998
1.0904853998085153
1.0842433711336807
1.0853415344078885
1.0914665097380818
1.0849798428017723
1.0858699693437883
1.085693080379422
1.0884547499635258
1.0884547499635258
1.086892094211018
1.0724275540962398
1.0730459032187276
1.0605200605665188
1.0605341095509389
1.0578852815625583
1.0563170720145172
1.0629878704101237
1.0629878704101237
1.079050814403589
1.091451559108882
1.0858641876717496
1.0795220714946052
1.0793383790298356
1.0883592115163423
1.0913058181715578
1.0693858337430766
1.0670903877594815
1.0618533500977183
1.0560500352175148
1.060139117683742
1.064614620718841
1.0666155070831016
1.0666155070831016
1.067941770777404
1.066925103549467
1.0666557994096195
1.0738358468125937
1.0750298783667465
1.080787795085421
1.0740316905852703
1.0712937906466489
1.078489236856679
1.0785022091498917
1.0959331297362558
1.0928074913560883
1.0810440551856937
1.0877220182235814
1.0876972309744999
1.0877672681838266
1.0873127682820296
1.090346895656925
1.098555355401634
1.0998839116015193
1.0996095228610734
1.09638311247997
1.088615942431386
1.1100240548110296
1.1234412922101367
1.1238107770083337
1.1359456138023623
1.135779220160915
1.1373318237639283
1.1394859040523067
1.1394859040523067
1.1374874525106728
1.1578514880139925
1.1752464734054395
1.1840192373186689
1.1683640276147167
1.1607759227437657
1.1556690329557229
1.1609418325607828
1.1306003545300147
1.1175046268943118
1.1175046268943118
1.1350325095761566
1.1241025838698586
1.123798119960578
1.1329541787482198
1.1329541787482198
1.1398955184256778
1.1398955184256778
1.1452771733875373
1.1456797451871605
1.1486152064384514
1.1448524455992508
1.1508107493158302
1.1507410465139678
1.1296442497703634
1.1184708122495524
1.1029711142648877
1.100525855335567
1.104183048397457
1.10345495015441
1.1111314015825728
1.1009560543035253
1.1171580171099464
1.1125477766784515
1.121318584204685
1.1380146493598324
1.1417469968917218
1.1546197923489143
1.1473079365674161
1.1482995497497437
1.151170994946604
1.1406457218984984
1.1411467735841767
1.1413106722127608
1.1276621695846787
1.1252895957480769
1.1304319507726484
1.1303353410750177
1.1285169172423941
1.1217756582861163
1.1233700553650274
1.11287606490387
1.139644141321085
1.1358221470682315
1.1376823345294953
1.1357043138325564
1.1373855621944517
1.1426524502562263
1.1427150163478832
1.1210261992423964
1.1169433095715138
1.1232427393646256
1.1266954621266323
1.1248210336992077
1.1281567410914748
1.1281567410914748
1.14193578189196
1.1356452253834983
1.13941501762352
1.1599250721173413
1.1599369066111858
1.1602817919900077
1.1588379321479276
1.1768640083394797
1.162372602227999
1.1836751921000952
1.1822293376163397
1.1871885383624066
1.1890051249505538
1.1886599160909044
1.1888593280548536
1.2054520252631888
1.2063165957380324
1.2068747084121776
1.2057865384743471
1.211970138203682
1.2117489737537908
1.2221855734842875
1.2196960857078192
1.2132059520617045
1.2150471984188462
1.2209695854523779
1.221180456525288
1.2342796543269947
1.2463187488556544
1.240065216919719
1.2294255685952502
1.229443306579203
1.233116728244742
1.2353531108297044
1.2325072905272902
1.2182183907416737
1.213813401854625
1.216357836341438
1.2328138571114575
1.2328138571114575
1.2383584562780168
1.235702722869575
1.2503564745237405
1.249839607398112
1.253048068461087
1.2562219149875584
1.2360816579868412
1.2367478736660489
1.2438550527320165
1.2444597167145333
1.2600241554084528
1.2708615457791355
1.2776899905223666
1.2736017207324022
1.2992875223731728
1.3010956942544478
1.3010956942544478
1.3030421968158348
1.3032504598319248
1.3006466713124956
1.3018155759292815
1.294975862852974
1.2951213373364332
1.2951213373364332
1.2940979008497135
1.2647285245930553
1.2648217496002425
1.2703388990225621
1.2503169183901344
1.2235586181623188
1.2237141307026185
1.2236531504611403
1.2236395078647366
1.2389658059450535
1.2276530737791205
1.2146764404146662
1.2143675627687334
1.217075261654246
1.2103563769055825
1.2023945595331718
1.2088156567282222
1.2116577193190459
1.2113029358222251
1.2240325088107427
1.229871965150676
1.2375410790250987
1.2224497241328216
1.219345931087202
1.216040996792745
1.2129547213556184
1.2143834827193096
1.2143834827193096
1.2048958263320573
1.2169945211252777
1.2267953197905728
1.2225405913863483
1.2397209569747347
1.2397568617754569
1.2322385663202144
1.224634727348762
1.224109074629545
1.2270019754381902
1.2295053535642546
1.2295053535642546
1.226811769952438
1.234741858095152
1.2413539451985045
1.248325339337343
1.2458639722897584
1.2378200061886622
1.237991301076298
1.2381142116346349
1.239521488895117
1.227661724310209
1.225939022638269
1.2246002265351532
1.227575884990652
1.2246669949039746
1.2219247926955699
1.2198065712536976
1.2201138993485225
1.2184244650767333
1.206504968553698
1.1885537003905455
1.178173389133184
1.1624414784135666
1.1564492835983984
1.1566816307628285
1.1745436579319313
1.1723098779663168
1.1723098779663168
1.1532657558891444
1.1518509132261159
1.154685219752383
1.1548877699567324
1.1633242288506038
1.1647980737779153
1.1647980737779153
1.16116567896338
1.153225199573195
1.153240408837654
1.146123328467033
1.1523067446151316
1.1546783441479571
1.1511380114641396
1.1684704551522773
1.179426520664994
1.179426520664994
1.1803575658602343
1.180647658968926
1.166010851251639
1.1600388940967283
1.164041011867041
1.1621039905039499
1.155135884010267
1.155135884010267
1.1394759784762938
1.1326592318915667
1.1297678181473612
1.1312231358168363
1.1293761437082577
1.140623399804652
1.1415383426339776
1.1415383426339776
1.1401201264980259
1.1418081975430043
1.1433178617689652
1.14382076615906
1.1601413835201158
1.1635465584118245
1.166428604606151
1.166428604606151
1.1664440430512333
1.1662136393719935
1.1726253002436553
1.1733901950493055
1.184491277479998
1.201628128388574
1.2077498821901091
1.1843069774732888
1.1843069774732888
1.185708420496814
1.1756557868893793
1.1804420752117135
1.2115591659111682
1.2111335048650584
1.2182177025360321
1.221647095266805
1.2142764536483674
1.2140896683911369
1.2208906742335508
1.2328004112461441
1.2328004112461441
1.249188152696519
1.2736324541918789
1.2733639156672991
1.2739282777720762
1.261953275202195
1.2601287784945039
1.2601287784945039
1.2512122113163966
1.2496478197997851
1.2628875754421762
1.2643936908390923
1.2660019946337653
1.263402755183589
1.250291964122708
1.2489373720843213
1.2499131838623012
1.2499131838623012
1.2647607241956518
1.2597607632166115
1.262716241102433
1.2456970284161786
1.2387695697217183
1.2371680823609972
1.246324958247487
1.252902653200395
1.2528468311471004
1.276214880007607
1.276214880007607
1.2747381012320609
1.2904446275714005
1.2916057780656045
1.2936843886119391
1.3012834655950374
1.3085446386329194
1.3120148521858168
1.3166870511376598
1.3136433602443376
1.3158364503966504
1.3196259874545044
1.3405483384416688
1.3528364343011168
1.3510954879880335
1.3437294482677382
1.3409171164927933
1.3421842328626972
1.341987525273989
1.3418650803556085
1.3386622698649249
1.342621495098096
1.3446095542509753
1.3434668635653446
1.3483816827568136
1.345486246514497
1.344262650594055
1.3434768635016188
1.3513973116571405
1.3406278740103186
1.3448857718701301
1.3313429956323668
1.3184371273475768
1.3185195710186246
1.3192022096176663
1.3237762772901729
1.3028940136354885
1.301401330436862
1.3011238750267249
1.3058826775811163
1.3073627319135606
1.2958396038014908
1.305771510150152
1.3189271766574278
1.3189271766574278
1.311174597668407
1.3053021144106993
1.3020255798986746
1.2954800548982384
1.3114427166887925
1.3123486259820751
1.311345624579479
1.297222031812944
1.2917862633241617
1.2616103796321525
1.2616103796321525
1.2469554265699117
1.2338716967616983
1.239937301807879
1.2356250275448057
1.2356250275448057
1.2512846638661086
1.2577318294892148
1.2531458408479894
1.260792589929952
1.2701233518686357
1.2682536420436545
1.261037911035383
1.2662045307733047
1.2630503700649018
1.2630503700649018
1.2605400192464575
1.2603984433379491
1.2697061682070088
1.265988515680678
1.2802906597798651
1.2866431956267224
1.2859560988452248
1.2804351460491856
1.285561138231172
1.3007736317739607
1.3007736317739607
1.3009673224904175
1.2992287918553
1.294797921351343
1.2798335297239478
1.264794185288942
1.2674759500765744
1.2614903644517645
1.2548552106835649
1.244428459148688
1.2507420525473718
1.2458831356877074
1.230564818620988
1.216345184065947
1.2159959097032975
1.2159959097032975
1.219346876393091
1.2088540064281545
1.2091523775041064
1.2199150985454097
1.2199150985454097
1.2263360824759364
1.2314751285866146
1.2277026885802569
1.2402499207677251
1.2402062490969434
1.2402062490969434
1.2404580929819098
1.245310343361149
1.244100706320444
1.2374341027794584
1.2408022008650972
1.2556188266091397
1.2556188266091397
1.2505880376223744
1.2393925625880666
1.2312493116433434
1.2321506236983923
1.2158316669090936
1.2158316669090936
1.215859002877148
1.2160731585894475
1.21506591904054
1.2221863167960592
1.2215096804649368
1.2215096804649368
1.2118774504354675
1.215806679833593
1.215806679833593
1.214200691635074
1.2109560134928878
1.202081840419235
1.2049782975855121
1.1959010206103078
1.1959010206103078
1.1902295923267026
1.1961583230009818
1.1952492027455068
1.188436964672307
1.1774791730187735
1.1774791730187735
1.1766030087657235
1.1824029216556946
1.1752204364674406
1.177360305597392
1.1750901108498042
1.1661752354189194
1.165830505153183
1.1728500195235514
1.168210275958812
1.168210275958812
1.168210275958812
1.1798802042608643
1.177493306879841
1.179636390332277
1.179198526224508
1.1696173452073007
1.1696173452073007
1.1702190651599147
1.1721851729343635
1.173354227842725
1.1746122449173106
1.1661696815947888
1.1668874828432034
1.1789659975698203
1.1651967307095126
1.163126125410286
1.1636459472988754
1.1701306727531435
1.170263050003053
1.162456148888971
1.1614790246215
1.1614790246215
1.1815421943596525
1.1815421943596525
1.1863221155319545
1.1956420266810917
1.1956420266810917
1.1956420266810917
1.200138259193365
1.1989218489120486
1.1981184271580316
1.1863035452417405
1.1821732982284183
1.1809292223099959
1.1902844962136028
1.2016850333323867
1.1990337295143625
1.197639339482176
1.195441866283134
1.2015871487424779
1.2015871487424779
1.2118241482421008
1.212474573330734
1.2035322627891998
1.2156534380622106
1.235469700752569
1.2232599693808988
1.233648803409844
1.2341146398238392
1.2135829374930007
1.208065300603781
1.2005441487911814
1.2118255743751645
1.2087851763626516
1.211769463381046
1.211769463381046
1.211769463381046
1.2143449643595454
1.2271707564153762
1.2203051582529374
1.223374574434083
1.2320301904304545
1.231576065096489
1.2334633150756005
1.2330775297999417
1.2352057430638064
1.2372530805525195
1.2366083773122216
1.2218074695700143
1.2219630306225713
1.2221813745699688
1.226027980341573
1.226270703465993
1.2350110863563342
1.2347102147691558
1.241854555176858
1.2492921315382772
1.252899860999578
1.2565729119300428
1.2617755147435816
1.26412926095537
1.2796205961754674
1.2803443142957927
1.2734515328537255
1.2843276312389131
1.2834049286016653
1.2839200871086438
1.2786835408749437
1.2772946071352551
1.2726971028539609
1.2740876442766076
1.2730381902050039
1.2723635626060155
1.2723635626060155
1.261796149402286
1.2629746386377572
1.2636411695856202
1.2765609865365906
1.2709942555771208
1.2435155086505478
1.2547523556190188
1.2547523556190188
1.2482640595746501
1.247423645933304
1.247423645933304
1.247423645933304
1.2593630421194546
1.2659480533269376
1.2650202396908594
1.2612645347705835
1.2776578578598201
1.2900091263707991
1.2866764305461669
1.2885647059383947
1.288441940379977
1.288441940379977
1.2769727830353836
1.2883489322791069
1.285168402947472
1.2730377035957077
1.2585007151197014
1.253160609346631
1.2600832160905997
1.2697848962865295
1.2743754387262407
1.2792526088587073
1.2842655003594494
1.2810379652658281
1.2777347689765897
1.2667568774987652
1.2671051060932732
1.2561089528551286
1.251163820086291
1.2535702796116341
1.2288659098942687
1.23452947386849
1.2354364324837108
1.2320902082935037
1.2359352195874065
1.2356992594739593
1.21747233932572
1.2099061241808522
1.2099061241808522
1.2102972887715697
1.2427901278044724
1.24107246161361
1.2428355551349808
1.2388326338326292
1.2394607003123441
1.2344688253584533
1.2300539843341407
1.2194507727057626
1.2186461651113372
1.2179449888948548
1.2213172389244373
1.2184444452240855
1.216587335649284
1.216587335649284
1.1971186464296284
1.1969440205842938
1.1997179740261203
1.2026972386825387
1.2119712535050613
1.2149443110795215
1.2092032685932705
1.2219555369829684
1.2219555369829684
1.2212486043323856
1.2259783089457668
1.2293926628888232
1.2299610257208136
1.225350975737218
1.194673130460713
1.2066033318771447
1.193797616742934
1.1898238617277859
1.1898238617277859
1.1898238617277859
1.1898238617277859
1.2030480925937534
1.2033263994756906
1.2033263994756906
1.2033263994756906
1.2115274267126477
1.2084471738320175
1.1846620363710203
1.1857198932890007
1.176926130834103
1.176926130834103
1.1777775283774812
1.174327549153456
1.1727068316837064
1.1685836246762678
1.1645333171659205
1.1528710041691963
1.1628481105011048
1.15074090212856
1.15074090212856
1.1520511549866093
1.1544850776911748
1.15592506428211
1.15592506428211
1.161729988998253
1.1597335000209583
1.1676075880850862
1.1676075880850862
1.1651144233734956
1.1716895482342322
1.1587009550966372
1.1632377567807084
1.1358681483499504
1.1358681483499504
1.1364518366097514
1.1339161077654583
1.1391305831450613
1.1415594793405375
1.1425879950425453
1.1293903517082169
1.122791010075461
1.120431233889517
1.1204122732910737
1.1204122732910737
1.108838176019691
1.0909815290807776
1.0815316371739374
1.1050549039380324
1.1074697041686872
1.1040562864991887
1.1030743894682753
1.1030743894682753
1.0911587406650665
1.0911587406650665
1.097936937007263
1.092391900595924
1.1239914805550597
1.1239914805550597
1.1222494952812956
1.1222327285934328
1.1222327285934328
1.1225808588000148
1.1165360744287494
1.1127499085738324
1.1077140377442172
1.1141572016621042
1.1081320509314991
1.097923330094284
1.0986632845926685
1.1142165482204027
1.1142165482204027
1.1268850576015597
1.1321043460367028
1.1319555072768115
1.1262385964880732
1.1340595055843494
1.1326702018066785
1.116192967722171
1.1159623745648208
1.1159623745648208
1.1156153309444743
1.127267181310384
1.141772584089033
1.1431135765351235
1.1393825534534103
1.1502139454725087
1.1552644344371172
1.151189124074671
1.151189124074671
1.151189124074671
1.15361449849455
1.1516812977463602
1.1523114208962086
1.1522010032154741
1.1591342075605375
1.1591342075605375
1.1593544538513834
1.1593544538513834
1.178933279479926
1.1812534850363687
1.1812534850363687
1.180974876240475
1.179302788520313
1.1749304258665674
1.1803779657712723
1.1828599241920057
1.178554890845156
1.1805105101455773
1.1861760377288364
1.1871960789388596
1.1864081019285562
1.192749733372046
1.1796389152281297
1.1714263048233375
1.1707289465263278
1.1741256453995899
1.1709575877427774
1.1412243763600638
1.133260597421297
1.1464200349176485
1.1506732251564535
1.1506732251564535
1.1696672688978724
1.1697411244874019
1.1658653656137585
1.1625759960458517
1.1616421982344574
1.1523302499182029
1.1529505686696935
1.1502639422193148
1.1285135475008712
1.1281221872188605
1.1283954029826644
1.1214286808747929
1.1318736030395231
1.131143099269054
1.1336295431609729
1.1294510028904183
1.1242236031442354
1.1186498378370813
1.1308065524742645
1.1344428842099479
1.1353590163480964
1.1394085778871006
1.1302949662003587
1.1302949662003587
1.1461155135824477
1.145526960469574
1.1393514772406195
1.1431430653457304
1.1421713687407398
1.1424946071632853
1.1424946071632853
1.143499020784703
1.143499020784703
1.143499020784703
1.143499020784703
1.135338587333198
1.1370126103269005
1.1380433255807725
1.1380433255807725
1.1380433255807725
1.1430590952847728
1.1430590952847728
1.1340808601080254
1.1338649462673756
1.137789021304028
1.1427945128198678
1.1449666211942602
1.1323339451346075
1.1286552156179164
1.1293160347737943
1.116495601068125
1.1228600840457215
1.1204669326029064
1.1216551005258177
1.1162294642743242
1.112085234542747
1.1065237681706426
1.1052384220966136
1.106280128932051
1.1101912110046588
1.1243204325977683
1.1228290644374996
1.1240163029893913
1.1251479788846497
1.1228043973956066
1.1228043973956066
1.121487129339863
1.1169746414697084
1.1045057925396418
1.092029130548259
1.0907567482369676
1.0956725376891634
1.0857578788044635
1.0844779159560491
1.0772237624955567
1.0801171881814144
1.0801171881814144
1.0825460647941694
1.0809330582645282
1.0809196380774586
1.0809196380774586
1.0842519630232625
1.0812221968370055
1.08390428997622
1.1063664406043863
1.1123542602157852
1.1002664984437502
1.1002664984437502
1.0932598296762623
1.0921005275261093
1.0921005275261093
1.0963363093886493
1.0822192203397392
1.0750250940991877
1.0671852980036522
1.067266283938023
1.0618002482417526
1.0572351528396475
1.0524405442786586
1.0536789876040216
1.0702241449723122
1.0725017206020038
1.0647544748822044
1.0668958587420412
1.0591340143569703
1.0515475646385044
1.0491697795310742
1.0404760875493235
1.0404760875493235
1.0225391090521418
1.0318436278650744
1.024752366828657
1.0224783170466716
1.0218551934984081
1.0254941872506969
1.0418962333055235
1.0418962333055235
1.0418962333055235
1.0419030946891814
1.0419687656528518
1.0418118189723504
1.051014810810198
1.0488875304614658
1.0488875304614658
1.0522777610397105
1.051057801651559
1.054429241165683
1.0510926479156282
1.059356573829098
1.059356573829098
1.0590902079095164
1.0586759816597016
1.0537842653342608
1.0541792663975418
1.0541792663975418
1.0541792663975418
1.052215693690949
1.05520853383964
1.0567304369185264
1.0567304369185264
1.0686081703458001
1.0686081703458001
1.0532433916739496
1.0547483453360953
1.0567814467766004
1.0539499271038375
1.054138278747058
1.031342345039622
1.031342345039622
1.0321738820830735
1.038755997558226
1.038755997558226
1.0326010790009688
1.0338368040564871
1.033849981927982
1.0326716987082085
1.0256772414532622
1.0245975507238103
1.0218485886443618
1.0209233071518375
1.0132402888571257
1.0181141919176577
1.0076577569004963
1.0076577569004963
1.0057717276666827
0.9880565382370585
0.9933546399547428
0.9745461263689856
0.9472185971164304
0.943360468551289
0.9390307487510566
0.9390307487510566
0.9391983968990998
0.9374767671229257
0.9430793483992536
0.9430793483992536
0.9430318132265186
0.9655659471926966
0.9736523068468437
0.9676318474567696
0.9716911628647144
0.975503811122198
0.9770400244457985
0.9771868319544794
0.9800878375705964
0.9800878375705964
0.9853802375895736
0.9819347606860673
0.9787842380617561
0.9863640995734153
1.012806141099305
1.012806141099305
1.0119547466014394
1.0119547466014394
1.0072984570929693
1.0072984570929693
1.0146804537736558
1.0234556570123963
1.0233182533949337
1.0224123482718201
1.0276843803447848
1.0211912526292024
1.0214515167342602
1.0214515167342602
1.0472606672857228
1.0368179724202071
1.0302422879605109
1.0306064473850554
1.0231026515183308
1.0127457550051437
1.0135322705128158
1.0135322705128158
1.0117170772932735
0.990088829287803
0.9805648385538713
0.9797475424970147
0.9779721740526899
0.9780178039334266
0.9755223888203086
0.9730036606208396
0.9783941825819301
0.9818840580680537
0.9713362045603509
0.9528800181891485
0.9539126753222757
0.9729758649027773
0.9729758649027773
0.9843939071901462
0.9806101144674703
0.9806101144674703
0.9823518445907103
0.9823518445907103
0.9849007878207926
0.9868017114203171
0.9868017114203171
0.986977623719622
0.9875686790841756
0.9798783425533998
0.9798783425533998
0.9840467744394701
0.988359990646594
1.0096304314005766
1.0101611251670362
1.0068925216153488
1.0096983901076468
1.0249268431018683
1.005098756839164
1.0048833509158006
1.0043913503830582
1.0061707123900807
1.0105832984586398
0.9997261409674231
1.0012480372717036
1.001939136167209
0.9971656699430027
0.9974529656137575
1.0003008180262136
1.0002545198595063
1.006392363034572
1.006392363034572
1.005749792993931
1.019012846521812
1.0121800183158993
1.0082930445800666
1.0148911238143232
1.0246208853161805
1.0152536702477337
1.015625168125511
1.0099540315688953
1.0158329512932078
1.0158329512932078
1.0157569277131429
1.0185613486477672
1.02489986531595
1.0282001826946396
1.0282001826946396
1.0224690636963383
1.0161370473811642
1.016327112903684
1.0130577445760185
0.9997506130791979
0.9985949642877459
0.9953647859178275
0.9979957254921905
1.0040165341530518
0.9826233544323572
0.9826233544323572
0.9826233544323572
0.9819813327910802
0.9844500937815533
0.9795791822606976
0.9822355061634295
0.9791574643817096
0.9801189290262645
0.9610296174742763
0.9663638385876867
0.9613601116898098
0.9608517533309824
0.9495424318829438
0.9570682150880709
0.9570682150880709
0.9558687908355233
0.9584479411740658
0.9703552431652548
0.9612001957304236
0.9642509969773987
0.9648941336150069
0.9646102246947874
0.9645218868080978
0.9693185236059361
0.9693185236059361
0.9698907543225664
0.9642023060477835
0.949036012192889
0.9444388197849418
0.9440944621911425
0.9440716992719572
0.9342734481223984
0.9346646698551978
0.9356217487426056
0.9197821311537459
0.9219592259884126
0.9246277195987443
0.9262333531231172
0.9254964743806398
0.9254964743806398
0.9311130065885403
0.9268560111744815
0.9294295015213268
0.9294295015213268
0.9291064839775934
0.9256246595789065
0.9237360257139656
0.9244977765192919
0.9049062073949627
0.9060157112839988
0.9098128653520784
0.9323677452964084
0.9285321267488446
0.9288314469505823
0.9288314469505823
0.9310962227873657
0.9310426217306725
0.929959396578822
0.9364450014667521
0.9246551690593178
0.9201907507831882
0.9229691765275386
0.9413016328396197
0.9421269753103405
0.9142080271011204
0.9164464216351043
0.9164464216351043
0.9214773225312091
0.9214773225312091
0.9210627303929673
0.9244342321261158
0.9240696262280055
0.9132057069360903
0.9227339126213265
0.9223774727098689
0.8978221760529965
0.9036382261314369
0.8989230798832586
0.8947503237320849
0.8827100212013355
0.8865596355726414
0.8824309530112093
0.8861166557876814
0.8861166557876814
0.8871727445386254
0.8896582702190317
0.8843345625870285
0.8812882350282801
0.8595710761713904
0.854312032897036
0.8647332370186983
0.8647332370186983
0.8692020860343084
0.8665012480998789
0.8648316928791884
0.8606754385109406
0.8498233588733152
0.8487020410852887
0.8370246011653064
0.8385751563138905
0.8375291095225917
0.8394436549394838
0.8508971921919309
0.8520507407926738
0.8644308838417807
0.8634301546957592
0.8523596967049365
0.8679522131457217
0.8678358778956166
0.8702182394093376
0.8660962107163589
0.8660043478263348
0.8782709115524933
0.8770299089439039
0.8894603471762553
0.8853682515252596
0.8854060121363677
0.8825957086268241
0.8803556058366749
0.8800122997034463
0.8801167056856712
0.8815040633715637
0.8815040633715637
0.8778897593319592
0.8762318212037663
0.8749976120935262
0.8756598018155485
0.8769445985545635
0.861506814886434
0.8462212819137128
0.8519086514341596
0.8652926042004432
0.8653082912019507
0.8656244305833138
0.8662480991796104
0.8599388183812694
0.8459254474809637
0.8575139254248455
0.8584003478864085
0.8715451933552725
0.8715451933552725
0.8812467332761105
0.887670743747975
0.8872459526973353
0.8844476809546915
0.8848097642079604
0.8891130254441613
0.9063122744510494
0.9081120869022485
0.9208516458949141
0.9204323814175407
0.9160414363615914
0.9052479530603719
0.9053212199825781
0.9026917032744438
0.9033761827026139
0.9125936722456153
0.9240380810211077
0.939585711191688
0.939585711191688
0.9396442483665519
0.9401376552450881
0.9401376552450881
0.94704187494895
0.94704187494895
0.9447826508182583
0.9447826508182583
0.9266886919997651
0.9147204709350357
0.9163072403867967
0.9173562376024426
0.9169892206522037
0.9169892206522037
0.9178126151188157
0.9014601215650203
0.9016895698229365
0.9018826032432574
0.9027298301949612
0.9031004039580341
0.9017722891751742
0.9197791536262848
0.9197791536262848
0.9249622027645874
0.9249622027645874
0.9249487959995226
0.9312401141615894
0.9312401141615894
0.913373978260282
0.908777826380491
0.9024678802349423
0.9104524548546176
0.9136230234709463
0.9096076038080797
0.909357458125311
0.9113562150397786
0.9113562150397786
0.9102280162987535
0.9112694947407
0.9112694947407
0.9122634092760803
0.9102079749931604
0.9178318720158476
0.9130254176887251
0.9108338267107741
0.9191288531338021
0.9191288531338021
0.9094175704769553
0.9022625698035812
0.9092273148446944
0.9115106472943978
0.9082733007106292
0.9088598811117846
0.9110964721094763
0.9110964721094763
0.9110964721094763
0.8961152306064606
0.8895462140690824
0.9015644700799407
0.9015644700799407
0.9133749646810121
0.9178476368940313
0.9181763939469537
0.917076914484697
0.9172860596445034
0.9175840384096373
0.9175840384096373
0.9279564883037531
0.9279564883037531
0.925765084506313
0.925765084506313
0.9228383040829294
0.9212123071907443
0.9288531588581728
0.9264470556389874
0.9264470556389874
0.9321024826775041
0.9318518065501422
0.930665688678807
0.9415049527959495
0.937378602662156
0.937378602662156
0.932191211156074
0.932191211156074
0.9338794269274262
0.9355497991694409
0.9341144129934765
0.9341144129934765
0.9365033777167812
0.9413655600150619
0.9401935187575582
0.9476223069264517
0.9491685160011958
0.9360362926550873
0.9335744962091117
0.9335744962091117
0.9316795057308764
0.9316795057308764
0.9354152255767357
0.9354152255767357
0.9354152255767357
0.9225803924305209
0.9224551661877862
0.9224551661877862
0.9276600010634302
0.9248255669517856
0.9235659671773924
0.9261803757954363
0.9261803757954363
0.9261803757954363
0.9134980237263497
0.9141340812391551
0.9141340812391551
0.9150610427023494
0.9148896079898109
0.91098171532912
0.9080158960206106
0.9085725961442026
0.9065333334760127
0.8960803344557058
0.9113572639800107
0.91580122331047
0.9172341056562199
0.9149321254384082
0.9135755063143749
0.9113989479394056
0.9056022369948942
0.9056022369948942
0.8950154946136298
0.8950154946136298
0.9007494773018658
0.9007494773018658
0.9074149360553189
0.906520376903317
0.8999973433403187
0.8993572728318966
0.8977105381385692
0.8987324727085868
0.8727176850395855
0.8727176850395855
0.8731064876323065
0.8731064876323065
0.8741393242646565
0.8775701553959435
0.8785626802280733
0.8795610039057491
0.8795610039057491
0.8795610039057491
0.8745922335940062
0.880595685630958
0.880595685630958
0.8591176951004135
0.8516127663857382
0.840604137811333
0.8405095145478859
0.838334057558832
0.8401582568076004
0.8211776609185162
0.8211776609185162
0.8224740913022398
0.8152704866111438
0.8152662478971248
0.8216624727588396
0.8201548646337876
0.8131536471263175
0.8124615833670584
0.8145526811132067
0.8096962459198827
0.8067047087896798
0.7984830191205103
0.7895024320064605
0.7895630417860348
0.7895630417860348
0.7860018965080762
0.7838232864468296
0.7842724014267629
0.784984364156075
0.784984364156075
0.7837612998512044
0.7852120332154445
0.793145047630121
0.7835224409780678
0.789017068144316
0.7874288032804793
0.7864962070222143
0.7929364584882678
0.7934666348969117
0.8005647324558283
0.7923460408632326
0.7904334656489224
0.7864359358722707
0.7702173554103988
0.7691085765971605
0.7682414825220606
0.7732478246653477
0.7611821723845942
0.7611821723845942
0.7721283401384622
0.7718609293051559
0.7714935963426668
0.7714935963426668
0.7751423703269636
0.7739534520521352
0.7739534520521352
0.7773740673641811
0.7773740673641811
0.7860706667541321
0.7866392848366079
0.7866392848366079
0.7866392848366079
0.7852230958616289
0.7749693572721498
0.7725229325419535
0.7720468402161343
0.7650495301920286
0.7641515486114879
0.7653824823862441
0.7652641007484551
0.7965311079782017
0.794226146269272
0.794226146269272
0.7885457425804726
0.7885457425804726
0.7719894367209742
0.7714427492097511
0.7750280588719953
0.7798532252602922
0.7942296087779316
0.7921283154430834
0.7920505618403579
0.7917142885102805
0.8001969543112182
0.8001969543112182
0.7763248245612443
0.7792174082902198
0.7750117594660088
0.7750117594660088
0.7554828349939772
0.7554828349939772
0.7595638767606798
0.7570941260861525
0.7415364782323547
0.7418821043034718
0.7264140679953089
0.719680045794599
0.7194587042938054
0.7185546574743339
0.7236083265814869
0.7206302110426237
0.7206302110426237
0.7205172632946653
0.7342224631435768
0.7342224631435768
0.7416463064530602
0.743220415311193
0.743220415311193
0.745016612944572
0.7498814632192702
0.7498814632192702
0.7498814632192702
0.7530118740779056
0.7530898255648425
0.7500893456007014
0.7500893456007014
0.7441100359279494
0.7441129895045717
0.7464576326967733
0.747947964278941
0.7499104522930369
0.7352735379439905
0.7387375734070368
0.7387375734070368
0.7432689216833532
0.7376148908410586
0.7406480644283518
0.7406480644283518
0.7399417539559968
0.7416995009718129
0.7608620183995553
0.7557098672406799
0.756424844601702
0.7571159625940048
0.7504245489476112
0.7374366750339983
0.7375159033280115
0.7375159033280115
0.7370324379472654
0.7370324379472654
0.7422694227892098
0.7471340946424192
0.7393264003160523
0.7357241416813207
0.7385888457101284
0.7366685562310167
0.7366685562310167
0.7366685562310167
0.7366685562310167
0.7252437930024105
0.7224962561515981
0.7149065794321131
0.7125397543962544
0.7125397543962544
0.6845746320521736
0.6850124199267589
0.6899834301963796
0.692633357681221
0.6925551760586858
0.683566946624696
0.6999586099661983
0.6976080505650545
0.6940356965204999
0.6984348861825163
0.7029279043983596
0.7029279043983596
0.6989792636106049
0.7043009285917957
0.7053157990264536
0.7053157990264536
0.686130431949266
0.6829049618417076
0.6944720053340293
0.6910533476247233
0.6920090896305775
0.6915283393899395
0.6949091026595161
0.6984908526323438
0.6956904306155756
0.6972988377603051
0.695184869046944
0.7070639167532015
0.7044173356909731
0.7013144322432886
0.7013144322432886
0.7013144322432886
0.7010170748163098
0.7010170748163098
0.7019054471164818
0.6955854009300048
0.6956199179050903
0.6955850443635487
0.6957824010694499
0.7001579158593039
0.6997820292280821
0.6997820292280821
0.7011822707450347
0.7011822707450347
0.7131519780604255
0.7147335262876915
0.710637585308788
0.710555284241458
0.7256661048752522
0.7430191391498185
0.7417566976928291
0.7344377180208825
0.7246269027996272
0.7246269027996272
0.7246269027996272
0.7162733836781074
0.7154160968242401
0.7138359579419393
0.725521207123125
0.7229068739468885
0.7470268839339667
0.7538059080938744
0.7538059080938744
0.7459711912468528
0.7297252862035902
0.7270335588713296
0.7237339179308218
0.7237339179308218
0.7237407217180886
0.7238778130562351
0.723728859181734
0.7236721287283361
0.7243798308565963
0.7365407093905252
0.7411658234622668
0.7394227218481173
0.7364243058259529
0.7364243058259529
0.7425722729094469
0.7425722729094469
0.7425722729094469
0.7440390440445842
0.7440390440445842
0.7478512535318512
0.7455145898004872
0.7497409835727707
0.7474498524412465
0.7474498524412465
0.7476634636280459
0.729733246152413
0.7309486138196266
0.7309486138196266
0.7309486138196266
0.7206902319892096
0.7195231361545026
0.7168295519901935
0.718627428572356
0.7074044431071432
0.6964593355575701
0.6811612049463718
0.6796854840612208
0.674296520164144
0.6753106048237544
0.6753106048237544
0.6801851161344812
0.6801851161344812
0.6859720942538771
0.6885826801324632
0.6826921027865736
0.6830285881868599
0.6830285881868599
0.6830285881868599
0.6863370720910893
0.6863370720910893
0.6673926830400068
0.6673926830400068
0.6705687570334548
0.6675121665344621
0.6675121665344621
0.6779520794778623
0.6691785996570806
0.6849503561166524
0.6776953092862382
0.6776953092862382
0.6767727026894155
0.6747869503217493
0.671452578948762
0.671452578948762
0.6703757581356582
0.6716110721856692
0.6716110721856692
0.6687942061025572
0.6687942061025572
0.6582124060583874
0.6561901278333557
0.6627350466962163
0.6482138849265037
0.6482138849265037
0.6482138849265037
0.6478744271715468
0.6472159757195304
0.6437361217060514
0.6453490615024379
0.6453490615024379
0.630195851104774
0.630195851104774
0.6248113786548617
0.6233902036205304
0.6233902036205304
0.6164303485550763
0.6127854284938935
0.6130646675056918
0.6130476713366051
0.6059957190196481
0.6066374811859291
0.6063370124532464
0.5972452394827199
0.5961147777111531
0.5961147777111531
0.5960482672907944
0.5960482672907944
0.5960482672907944
0.5765373069621238
0.5770870797214684
0.5744732476998872
0.5801750529548519
0.5801750529548519
0.5731524244426381
0.5757662297698549
0.5732630880407508
0.5860286105093101
0.5860286105093101
0.5972472089697894
0.5972472089697894
0.5978385185002786
0.5944118150333997
0.5935465887958703
0.5932670484808831
0.5983518513955578
0.598275383803824
0.5933629922300642
0.5957012160054196
0.5968711306461989
0.6009440479139082
0.5988923862448954
0.5988923862448954
0.5930164974823845
0.5914188249917216
0.5914188249917216
0.5817746357727428
0.5837296318756889
0.5837296318756889
0.5837296318756889
0.5837296318756889
0.5837296318756889
0.5808339165800654
0.5635509280805522
0.5635509280805522
0.5594562138592313
0.5594562138592313
0.5594562138592313
0.5549554258367198
0.5525709126757365
0.5525709126757365
0.5523210293809336
0.5584130906753043
0.561236240798621
0.5553552821527751
0.5653831976853225
0.5685989303578111
0.5685989303578111
0.5845678501262807
0.5850531203830659
0.5873919164446755
0.5926869390112876
0.5926869390112876
0.5895838699250668
0.5895838699250668
0.5874100425553086
0.5931385443506206
0.5942945863137712
0.6053035294720769
0.6040145541038918
0.6040145541038918
0.6040145541038918
0.5933891127129091
0.5968907163812555
0.599051296659183
0.5709951418700936
0.5712016229766651
0.5720566730617523
0.5727969184434064
0.5720487438098983
0.5720487438098983
0.5720487438098983
0.5720487438098983
0.5720658460026093
0.5602972429943944
0.5602972429943944
0.5618566868847412
0.559306927273683
0.5568480677103311
0.5597609068525327
0.5597609068525327
0.5597609068525327
0.5578128919906201
0.5572854292910205
0.5572854292910205
0.543892383993358
0.543892383993358
0.5385576165436868
0.5262408340838697
0.5303688548243727
0.5445718615036712
0.5445718615036712
0.5650280072418884
0.5629388002227111
0.5630873261732631
0.5713324033759524
0.5734230806529663
0.5776675312022501
0.5658864052660242
0.5657135636412746
0.5657135636412746
0.5728627493098787
0.575180392443397
0.5726432083967162
0.5726432083967162
0.5732945639877944
0.5732945639877944
0.5710844263760172
0.5746579580833537
0.574052931881792
0.5778123631410754
0.5778667567353238
0.5770272896107965
0.568627292498173
0.568627292498173
0.5650609038235951
0.5634892229383144
0.5657496888244462
0.5657496888244462
0.5637599564296675
0.550688084910041
0.550688084910041
0.5507796879979557
0.5482644149562468
0.5477106006132321
0.560903336579304
0.5567865342086269
0.5564453010555005
0.5468859870366549
0.5420772375306926
0.5420772375306926
0.5301915907352643
0.5312280795597976
0.5316189441734676
0.5315281724496709
0.5326136391190799
0.5267984295319823
0.5363651762548437
0.5323488527698953
0.5337057156067335
0.5337057156067335
0.5321777403884582
0.5433291772226266
0.5473741763912852
0.5434908904174581
0.5434908904174581
0.5436233064852763
0.5446421983507145
0.5412002387797304
0.5422212187232148
0.5359236857462611
0.5344168487380433
0.5348094656832069
0.536117937572989
0.536117937572989
0.5353240482780781
0.5379569246149529
0.5379569246149529
0.5365202602344051
0.5281229681657615
0.5404511506492559
0.5411691116132359
0.5433229001857568
0.5433229001857568
0.5505518508678539
0.5470871439194545
0.5523077883400389
0.5523077883400389
0.5614565790566902
0.5465871941439127
0.5412908180280002
0.5413998914037412
0.5358199430335716
0.532139587337777
0.5219858550603029
0.5219858550603029
0.5219858550603029
0.5219858550603029
0.5175050579112691
0.5112715299164632
0.5115337924389497
0.5115337924389497
0.5122564811255206
0.5036007015537923
0.5029362703349837
0.5012497857866848
0.501772984485849
0.5101718503492235
0.5065162395808784
0.5174843107710562
0.5120469190464702
0.5097806217295797
0.5064820946859382
0.5064820946859382
0.5100971668820518
0.5100236630491878
0.5187278349414471
0.5187278349414471
0.5182412499042806
0.5175337703328688
0.5177666783295686
0.5028235018844694
0.5016920653454765
0.5016920653454765
0.49761193063799153
0.49761193063799153
0.48661843592036985
0.48759338387904333
0.48587156667375286
0.48587156667375286
0.48587156667375286
0.48587156667375286
0.484453252146052
0.5013729089315018
0.49911992760798635
0.49911992760798635
0.49996302610309595
0.4975567419965637
0.48513699467085053
0.480169952555452
0.46932246083629225
0.4766652649495643
0.4766652649495643
0.47696103785563815
0.47446767668444007
0.47446767668444007
0.47080129283674826
0.47080129283674826
0.4717485091269048
0.4710643436385842
0.47214375163930045
0.47214375163930045
0.47256440929748317
0.4707741130604474
0.47220062682343267
0.47220062682343267
0.46487596441537427
0.46487596441537427
0.4636784384500393
0.46175742819776394
0.46175742819776394
0.4619029238155584
0.4616171110907745
0.4734137557631356
0.47367881622568253
0.47367881622568253
0.48886682420995153
0.4882921285108253
0.480313238367308
0.46940306322656467
0.46940306322656467
0.4619336441864728
0.46176004009931526
0.46106847949867064
0.46106847949867064
0.47449905841036055
0.47859098776635184
0.4690137768441429
0.44781037802332657
0.44310243814889094
0.44348257490019055
0.44742827332015084
0.44742827332015084
0.4691978983280636
0.4691978983280636
0.4691978983280636
0.45638157548868424
0.4660268952697409
0.46765114638327554
0.4643514045684455
0.46453050217568365
0.44037685180762
0.44953033447924035
0.4400451231375958
0.4400451231375958
0.4400451231375958
0.43990189770629484
0.4401124083224019
0.4401124083224019
0.4401124083224019
0.4409111186813302
0.4433682541219998
0.4433682541219998
0.45002039145650047
0.45157379615076054
0.4527558679996295
0.4527558679996295
0.4307084729230979
0.4307084729230979
0.4307084729230979
0.42256322280043784
0.4217085268381088
0.4170178233252408
0.41788152301521114
0.40841346385664856
0.40039528386517015
0.38635871924106135
0.38672331990587605
0.38672331990587605
0.38672331990587605
0.38672331990587605
0.37386101480767164
0.3640683141705784
0.36350068841399236
0.3610394136055035
0.3610394136055035
0.36100418919026767
0.36115573427276165
0.363697510646227
0.3620452032486601
0.36584122157069104
0.3647808604638448
0.35886536678247694
0.3783172773535643
0.36977148028373114
0.38311773596302173
0.38250259646602
0.38250259646602
0.38250259646602
0.3823462724244702
0.3892337548833069
0.39262565483011685
0.3779347035675681
0.3793955259435334
0.3794316140340261
0.3752249038372898
0.3752249038372898
0.3752249038372898
0.3597978223500839
0.34523029971051516
0.35366723182914206
0.3411912053816335
0.3479873035897588
0.33791201174736385
0.3607325343711717
0.3613554838032368
0.3613554838032368
0.36656486286785656
0.36656486286785656
0.36922799453303823
0.36922799453303823
0.3692198819768061
0.3697105308395349
0.3853575084701949
0.3893865394901016
0.3893865394901016
0.3964291235619107
0.3951173989679989
0.39749933099054824
0.3989599410953776
0.39820059714951145
0.40408078092776517
0.4040784455283964
0.4040784455283964
0.403362174422843
0.3974917115498276
0.397421218243687
0.4160965644957613
0.41803027110726504
0.4180457854072313
0.41927883823742673
0.41927883823742673
0.41927883823742673
0.4226066774853326
0.42314819423880784
0.4280191890877602
0.4280191890877602
0.4187176516318712
0.4187176516318712
0.4161193730489968
0.4292545729608433
0.43340719858765425
0.43340719858765425
0.43340719858765425
0.4326057128054455
0.4326057128054455
0.4330297565051574
0.4117175492249349
0.4117175492249349
0.4119931881613961
0.41215539019081854
0.4130118986688129
0.4110202898246378
0.4122572320143756
0.4088807167949215
0.4088807167949215
0.4088807167949215
0.4119800916925832
0.418013785514699
0.42209288355757935
0.42209288355757935
0.4294514364386052
0.4294514364386052
0.4294514364386052
0.4248891027194583
0.4248891027194583
0.4165166814760905
0.41273377874951434
0.41273377874951434
0.41273377874951434
0.4133606195371217
0.4133606195371217
0.4133606195371217
0.41097397038364525
0.41744188378819563
0.4177177254087639
0.4373441279430814
0.4373441279430814
0.4358130327007568
0.4358130327007568
0.43964631503076207
0.43772808057012735
0.4204859279262799
0.4212626121279853
0.4212626121279853
0.4145048368055028
0.4145048368055028
0.4105663548380813
0.4114052027014367
0.4114052027014367
0.4114052027014367
0.4084228068725028
0.40935086769956947
0.40935086769956947
0.40135979318263104
0.3845731390258815
0.38423788775252
0.38423788775252
0.38423788775252
0.38423788775252
0.38423788775252
0.38558807291204567
0.3874846382588873
0.3874846382588873
0.37997288607665924
0.37997288607665924
0.379262972494417
0.37962342163310503
0.37962342163310503
0.37962342163310503
0.37249728017249756
0.3751585482681941
0.3751585482681941
0.3751585482681941
0.3744098101031125
0.3744098101031125
0.3744098101031125
0.3726936773800991
0.37813658942196643
0.37693700097627303
0.3800872277953424
0.3773736458687654
0.3773736458687654
0.3773736458687654
0.3773736458687654
0.3765351419583022
0.3765351419583022
0.3587840692862247
0.3587849570948943
0.35575627303795104
0.3566265375692205
0.3566265375692205
0.38125386491533914
0.38066445106179453
0.3887235891438474
0.3887235891438474
0.3901019911659994
0.39317692566876133
0.39317034278932084
0.39769465946707194
0.3959297686519988
0.3985792867096245
0.3937033520440654
0.3894895428062921
0.3910628833963003
0.3910628833963003
0.392147922252782
0.3866357517723806
0.3823545559703398
0.36618848257000636
0.36663588096784916
0.3669983310704142
0.3567963277941734
0.33950017716253567
0.3275888564372052
0.3214994318857965
0.3214994318857965
0.3237164300922428
0.32328869458595433
0.31901926245862205
0.31901926245862205
0.31901926245862205
0.320905514808806
0.320905514808806
0.32145319655406895
0.3175438663272291
0.3201307007220737
0.3201307007220737
0.3218077316906005
0.3218077316906005
0.32267454039698856
0.331997780949693
0.331997780949693
0.331997780949693
0.331997780949693
0.3333188450866248
0.3194683652640789
0.32076076342171644
0.31694816661173225
0.32204271565458586
0.32310812115713655
0.32310812115713655
0.3262940640432068
0.32738287213930606
0.32748118710251894
0.3284657807079694
0.3284657807079694
0.32398009281568707
0.32398009281568707
0.3187106533998581
0.31202008020100186
0.31202008020100186
0.31776207754034586
0.3229295713428653
0.32217127300755655
0.3273322519501383
0.3290958764001928
0.3294226010259239
0.32933490718259634
0.32933490718259634
0.3279253935864014
0.3281506887237174
0.32683248072422116
0.32039342538346816
0.32039342538346816
0.32039342538346816
0.3323139706005991
0.3323139706005991
0.3323139706005991
0.327813381518341
0.3253550512378517
0.3253550512378517
0.32337839713033584
0.3208016685046326
0.3204647447966301
0.3217665985569961
0.32206774270124106
0.31779185860486964
0.3228924949005756
0.32193027119798523
0.32193027119798523
0.3268692988437088
0.32706339484402175
0.33007216223934227
0.3333770018306971
0.32791835899653304
0.3305630900919704
0.3309000209590343
0.3232204532502329
0.3226154947659842
0.3226154947659842
0.3226154947659842
0.32466182108844494
0.3239997282575663
0.3283568342234
0.3364968277474238
0.3364968277474238
0.33952813934007203
0.3395274762142577
0.33930701808940583
0.33930701808940583
0.34196531748648085
0.34194870826011864
0.3455844091685035
0.35527400165221656
0.3325150947592188
0.3316992989165199
0.3316992989165199
0.3311106621503741
0.3328446261890141
0.34376335608440733
0.34425198578094107
0.3491199761394308
0.3437371751689869
0.3462901012007151
0.34360924490380296
0.3491056135005434
0.3491056135005434
0.3491056135005434
0.3426231813104161
0.3426231813104161
0.34847704294473947
0.3480590053664598
0.33915670429251593
0.34050672207346505
0.34050672207346505
0.339451704310331
0.34467967193197613
0.3535733015409427
0.3532107796083707
0.3532107796083707
0.3463479013634017
0.3510364637130994
0.35217691192893513
0.35217691192893513
0.35710991016458027
0.35272969750263705
0.35430219343121694
0.35430219343121694
0.35430219343121694
0.3304736144503339
0.3311866313606389
0.32786755347959323
0.32786755347959323
0.33238652817789605
0.3404353837404234
0.34053574960435906
0.34929907901558765
0.3356015630028682
0.33470390466510375
0.33470390466510375
0.3345856846913951
0.3419702431506655
0.3419702431506655
0.3321530336864001
0.3321530336864001
0.34022583117610633
0.34758893196392754
0.3497407739714934
0.3496245774579559
0.36218729599992255
0.35094219267897325
0.34506548421701705
0.34506548421701705
0.34506548421701705
0.34506548421701705
0.34361470249310294
0.3369933224911228
0.33315153402460784
0.32917419744444903
0.32917419744444903
0.32648074604607125
0.32648074604607125
0.32648074604607125
0.32648074604607125
0.32648074604607125
0.32648074604607125
0.3261301008495078
0.33680375532166645
0.33785612727213366
0.33521599921710343
0.33521599921710343
0.33521599921710343
0.34792621619227226
0.34792621619227226
0.34792621619227226
0.34241827157258786
0.34183909550739056
0.34183909550739056
0.34183909550739056
0.33294800616276726
0.3257005783295017
0.3227877118421728
0.3260526745798214
0.3260526745798214
0.32438376872671615
0.3191069192544155
0.3230509345224613
0.317747946297261
0.30938008206475803
0.30938008206475803
0.30988336462836
0.30988336462836
0.3156183705371494
0.3152000539796081
0.3172752532581261
0.32006270928324826
0.32006270928324826
0.32006270928324826
0.3336766870744586
0.33165743138590037
0.33165743138590037
0.33549872557726285
0.33549872557726285
0.33549872557726285
0.33549872557726285
0.3326151022997278
0.3354877078571347
0.33724627788749234
0.3377365256250363
0.3225562811044422
0.3225562811044422
0.3221874982345082
0.3221874982345082
0.3221874982345082
0.32382402534345495
0.32382402534345495
0.3116408871803751
0.3101436680425824
0.30369966764199774
0.3156633499647821
0.31177235473967263
0.31667406158566624
0.31667406158566624
0.31667406158566624
0.31667406158566624
0.3138114724753109
0.3138499197497945
0.30898514242171377
0.3088065934568604
0.3088065934568604
0.3088065934568604
0.3105573426484059
0.3105573426484059
0.3105573426484059
0.307101244778763
0.307101244778763
0.307101244778763
0.3104830976077954
0.3104830976077954
0.307383678647594
0.300841232437366
0.2931180462976823
0.29208398599817126
0.29208398599817126
0.2780094300863222
0.2780094300863222
0.26622583855509147
0.26622583855509147
0.26622583855509147
0.24209988741294866
0.24209988741294866
0.24638137401249824
0.24638137401249824
0.258615125418888
0.2623654219450384
0.2620504223434092
0.2620504223434092
0.2620504223434092
0.26287966674291
0.2521963759413593
0.2516270115496091
0.2516270115496091
0.2516270115496091
0.25595827027502727
0.25595827027502727
0.25595827027502727
0.2465750221408057
0.2589375315278946
0.24801507864378808
0.24801507864378808
0.24801507864378808
0.24871676868088105
0.24490302011674345
0.23952816764443527
0.23952816764443527
0.2408395675640965
0.23470357575761264
0.23917066410274418
0.23969169575351332
0.23669764023052495
0.23669764023052495
0.23669764023052495
0.23831900837943318
0.23123431547570109
0.23123431547570109
0.23288578831613377
0.23083059188040891
0.22938218802290222
0.22973791383306752
0.22973791383306752
0.22565400345073172
0.22551739353640643
0.22551739353640643
0.23316064975836395
0.20984679917403717
0.21542637889745825
0.2148784332836803
0.2148784332836803
0.21497194586744156
0.20631500185803966
0.20983034314292714
0.20983034314292714
0.21164547664002034
0.21159151334946794
0.21159151334946794
0.21329204275252545
0.21349210809949695
0.19665722024161628
0.19665722024161628
0.19665722024161628
0.19735487224901843
0.19716025175451074
0.1993180025937901
0.1993180025937901
0.1993180025937901
0.1993180025937901
0.1997817324967866
0.1969694307785833
0.18996440676356738
0.19770560811886426
0.19770560811886426
0.1950002988708724
0.1978290319727241
0.1978290319727241
0.1978290319727241
0.1971682110126898
0.1971682110126898
0.18539162066208292
0.17725208287378713
0.17926983299907798
0.17926983299907798
0.175592536023772
0.17514627249378648
0.17470215172316542
0.17502759556425482
0.17934596966938918
0.17544461794000976
0.17544461794000976
0.1787096476357525
0.18782703985728644
0.18800618790383622
0.18800618790383622
0.2020605225696429
0.20900080689519812
0.20900080689519812
0.20309270306907456
0.20368563751398783
0.20368563751398783
0.20551786987897078
0.20551786987897078
0.20551786987897078
0.20551786987897078
0.20551786987897078
0.21068202301800767
0.21269632490346274
0.207285392176964
0.20694917035059468
0.22999299267807952
0.23439080948641342
0.23439080948641342
0.23439080948641342
0.23439080948641342
0.23186129772505554
0.23186129772505554
0.21024611220448663
0.21024611220448663
0.21285851102047393
0.21285851102047393
0.20978763785784146
0.20978763785784146
0.2196769159199762
0.2196769159199762
0.2188984220513817
0.1787096476357525
0.1787096476357525
0.1787096476357525
0.1787096476357525
0.17159777179823976
0.1714352180076279
0.16893994632871231
0.16893994632871231
0.16635986022303048
0.16635986022303048
0.16635986022303048
0.16590896166411984
0.16590896166411984
0.16590896166411984
0.16590896166411984
0.16590896166411984
0.16590896166411984
0.16590896166411984
0.16590896166411984
0.16590896166411984
0.16590896166411984
0.16818406703860858
0.16818406703860858
0.16818406703860858
0.16818406703860858
0.16818406703860858
0.1641282038450266
0.1641282038450266
0.1641282038450266
0.1641282038450266
0.1641282038450266
0.1641282038450266
0.1641282038450266
0.1573647438293781
0.1573647438293781
0.1573647438293781
0.1573647438293781
0.1573647438293781
0.1573647438293781
0.1573647438293781
0.14838177627500942
0.14838177627500942
0.14838177627500942
0.14838177627500942
0.14838177627500942
0.14838177627500942
0.14838177627500942
0.14838177627500942
0.14574351330817112
0.14574351330817112
0.14574351330817112
0.14574351330817112
0.14574351330817112
0.14574351330817112
0.14574351330817112
0.14574351330817112
0.14574351330817112
0.14574351330817112
0.14576181641469063
0.14576181641469063
0.14576181641469063
0.14576181641469063
0.14576181641469063
0.14576181641469063
0.1402732443748292
0.1402732443748292
0.1402732443748292
0.1402732443748292
0.1402732443748292
0.1402732443748292
0.1402732443748292
0.1402732443748292
0.1402732443748292
0.1402732443748292
0.1402732443748292
0.1402732443748292
0.1402732443748292
0.1402732443748292
0.1402732443748292
0.1402732443748292
0.1402732443748292
0.1402732443748292
0.13929221414813334
0.13929221414813334
0.13795772440782056
0.13795772440782056
0.13795772440782056
0.13795772440782056
0.13795772440782056
0.13795772440782056
0.13795772440782056
0.13795772440782056
0.13795772440782056
0.13795772440782056
0.13795772440782056
0.13412269787321834
0.13595184376343838
0.13595184376343838
0.13425010130211532
0.13425010130211532
0.13425010130211532
0.13425010130211532
0.13425010130211532
0.13425010130211532
0.13425010130211532
0.13425010130211532
0.13425010130211532
0.13425010130211532
0.13425010130211532
0.13425010130211532
0.13425010130211532
0.13425010130211532
0.13425010130211532
0.13425010130211532
0.13425010130211532
0.13425010130211532
0.13189894018488968
0.13146066197145045
0.13146066197145045
0.13146066197145045
0.13146066197145045
0.13146066197145045
0.13146066197145045
0.13146066197145045
0.13146066197145045
0.12821976597780865
0.12821976597780865
0.12821976597780865
0.12821976597780865
0.12821976597780865
0.12821976597780865
0.12821976597780865
0.12821976597780865
0.12821976597780865
0.12821976597780865
0.12821976597780865
0.1232000654702985
0.11777608316460338
0.11160096034481663
0.11160096034481663
0.11160096034481663
0.10865692976536304
0.10865692976536304
0.10865692976536304
0.10865692976536304
0.10865692976536304
0.10865692976536304
0.10865692976536304
0.10865692976536304
0.10865692976536304
0.10865692976536304
0.10865692976536304
0.10865692976536304
0.10588191691462859
0.10588191691462859
0.10588191691462859
0.10588191691462859
0.10588191691462859
0.10368633102977223
0.09365229908040104
0.09365229908040104
0.09365229908040104
0.09365229908040104
0.09365229908040104
0.09365229908040104
0.09365229908040104
0.09365229908040104
0.09365229908040104
0.09365229908040104
0.09365229908040104
0.09365229908040104
0.09365229908040104
0.09365229908040104
0.09365229908040104
0.09365229908040104
0.09365229908040104
0.09365229908040104
0.09365229908040104
0.09365229908040104
0.09365229908040104
0.09365229908040104
0.09316975331736105
0.09316975331736105
0.09316975331736105
0.09316975331736105
0.09316975331736105
0.09316975331736105
0.09316975331736105
0.09316975331736105
0.09316975331736105
0.09316975331736105
0.09316975331736105
0.09316975331736105
0.09316975331736105
0.09009289484369609
0.09009289484369609
0.09009289484369609
0.09009289484369609
0.09009289484369609
0.09009289484369609
0.09009289484369609
0.09009289484369609
0.09009289484369609
0.08903530432465778
0.08903530432465778
0.08903530432465778
0.08903530432465778
0.08903530432465778
0.08903530432465778
0.08903530432465778
0.08903069246980613
0.08903069246980613
0.08889192484154279
0.08889192484154279
0.08889192484154279
0.08889192484154279
0.08889192484154279
0.08889192484154279
0.08814338451078403
0.08814338451078403
0.08814338451078403
0.08814338451078403
0.08814338451078403
0.08814338451078403
0.08814338451078403
0.08814338451078403
0.08814338451078403
0.08814338451078403
0.08814338451078403
0.08814338451078403
0.08814338451078403
0.08814338451078403
0.08814338451078403
0.08814338451078403
0.08814338451078403
0.08814338451078403
0.08735505613088769
0.08735505613088769
0.08735505613088769
0.08735505613088769
0.08735505613088769
0.08699767233352078
0.08699767233352078
0.08699767233352078
0.08699767233352078
0.08699767233352078
0.08699767233352078
0.08699767233352078
0.08699767233352078
0.08699767233352078
0.08699767233352078
0.08699767233352078
0.08699767233352078
0.08699767233352078
0.08699767233352078
0.08699767233352078
0.08699767233352078
0.08699767233352078
0.08699767233352078
0.08699767233352078
0.08699767233352078
0.08699767233352078
0.08699767233352078
0.08699767233352078
0.08699767233352078
0.08699767233352078
0.08699767233352078
0.08685409406722092
0.08685409406722092
0.08685409406722092
0.08685409406722092
0.08685409406722092
0.08685409406722092
0.08685409406722092
0.08685409406722092
0.08685409406722092
0.08659530348304399
0.08659530348304399
0.08626775265354349
0.08626775265354349
0.08626775265354349
0.08626775265354349
0.08626775265354349
0.08626775265354349
0.08626775265354349
0.08626775265354349
0.08626775265354349
0.08626775265354349
0.08626775265354349
0.08626775265354349
0.08626775265354349
0.08626775265354349
0.08626775265354349
0.08626775265354349
0.0855220066365012
0.0855220066365012
0.0855220066365012
0.08418803360457706
0.08418803360457706
0.08418803360457706
0.08418803360457706
0.08418803360457706
0.08429616469938682
0.08429616469938682
0.08429616469938682
0.08429616469938682
0.07902376394797038
0.07902376394797038
0.07902376394797038
0.07902376394797038
0.07902376394797038
0.07902376394797038
0.07902376394797038
0.07902376394797038
0.07902376394797038
0.07799984438325963
0.07799984438325963
0.07799984438325963
0.07799984438325963
0.07799984438325963
