0.0466667 0.06210921581340084
-0.0866667 -0.1264278672142978
-0.3733333 -0.40637126896475667
-0.1533333 -0.1563140240917642
0.0366667 0.04988489529787271
0.0066667 0.03787183160769969
0.7633334 0.7559363648334063
0.61 0.6145901544695633
0.3833334 0.3982048429219038
-0.28 -0.28943755216642547
0.56 0.5437027339287955
0.1633333 0.16620842460150748
0.1266667 0.11788879542412944
-0.71 -0.7356144865989536
0.9666667 0.9785229935194557
-0.86 -0.8727069326950025
-0.59 -0.5884674251371593
-0.2366667 -0.2438087252885744
-0.4033333 -0.4188951255732905
-0.7566667 -0.7501949453136025
0.7133334 0.7400445614655818
0.4233333 0.42284054120954556
-0.2933334 -0.3124157802883342
0.72 0.6883030685185257
-0.9666667 -0.9783136881826252
-0.9966667 -0.9879817532015445
0.9833333 0.9773081627755245
-0.6666667 -0.6503849197284777
-0.17 -0.16216278321379823
0.9 0.9111938888253843
0.03 0.03571284399181934
0.27 0.28136314847373606
