0.0466667 -0.013336554467470563
-0.0866667 -0.08877359438030225
-0.3733333 -0.380602083556286
-0.1533333 -0.17125414370296255
0.0366667 0.1005133272405685
0.0066667 0.017256136948016643
0.7633334 0.7704236103594286
0.61 0.6066027910493015
0.3833334 0.4207986663201781
-0.28 -0.3064325212328619
0.56 0.6131291840690551
0.1633333 0.14706601712127282
0.1266667 0.11894882136985957
-0.71 -0.6793124600623173
0.9666667 0.9676175706628936
-0.86 -0.8170027526548738
-0.59 -0.554493716912163
-0.2366667 -0.30593309321081663
-0.4033333 -0.45965759988593546
-0.7566667 -0.7626554278337024
0.7133334 0.7087215246053333
0.4233333 0.3850282413637288
-0.2933334 -0.29144791509980095
0.72 0.7151571992909261
-0.9666667 -0.9187479844656534
-0.9966667 -0.9161631086896971
0.9833333 0.9609989562343486
-0.6666667 -0.6475255475468118
-0.17 -0.1939980061580563
0.9 0.8840522877582984
0.03 0.05665324797991561
0.27 0.25866576808109015
