0.0466667 0.05097514142562737
-0.0866667 -0.06937970756476447
-0.3733333 -0.36131085075375474
-0.1533333 -0.15077208508154388
0.0366667 0.05931189784481339
0.0066667 0.02730210618627632
0.7633334 0.745013632111236
0.61 0.5961818821005098
0.3833334 0.38688813078205087
-0.28 -0.3031810387807677
0.56 0.5610870414116828
0.1633333 0.16315091596689194
0.1266667 0.11399688469994579
-0.71 -0.7332082585448506
0.9666667 0.9760871476126737
-0.86 -0.8646410147700161
-0.59 -0.6072323767536669
-0.2366667 -0.23965253338382358
-0.4033333 -0.41993400764304223
-0.7566667 -0.7551673655052804
0.7133334 0.7320940413061175
0.4233333 0.41197188913582056
-0.2933334 -0.31826732946012914
0.72 0.6968035496246274
-0.9666667 -0.9941046011870396
-0.9966667 -0.9987239460670323
0.9833333 0.9523766133470595
-0.6666667 -0.6628644845834895
-0.17 -0.17942912456382198
0.9 0.8968539918867948
0.03 0.05441461429095479
0.27 0.27207888930049057
