1.6481670469992022
1.4132247604764827
1.4117175360058642
1.437897967324973
1.444469811972959
1.459899067641918
1.4535447493247315
1.4281221814255627
1.4120949193752845
1.410543047205375
1.4186814465362358
1.4188470126304071
1.4196415501718822
1.4198406330569122
1.413851990418742
1.3916947658003418
1.3991142201676072
1.4000265719403076
1.3960268379692269
1.3813179508646798
1.3847248249776591
1.37683864664629
1.37683864664629
1.3713892934787058
1.3819832401685586
1.352623598048216
1.352623598048216
1.3501447854154702
1.3629290976743473
1.3655308734152278
1.3655308734152278
1.3523251249816295
1.3669460769304387
1.3678243395011245
1.3661682834572468
1.3662506346164045
1.3663537745533108
1.3661354637961316
1.365949776332939
1.3620843472705282
1.369420687154306
1.3372304440786635
1.3372304440786635
1.3315525112899207
1.3258309764935678
1.3214450683611565
1.3243725505280706
1.3243589905444977
1.3198374551984573
1.3287559585640016
1.3292588074347824
1.348766619789813
1.3402878613485485
1.340141154299153
1.3178841762509514
1.3087907929777833
1.308440425215326
1.3144857829753998
1.3137032600805072
1.313450184244687
1.3096615362223927
1.312901383719141
1.312901383719141
1.3111933184035782
1.3194974625236617
1.3363270972967844
1.3349933423246243
1.3349933423246243
1.3347204631378395
1.33401894106305
1.3490382883344907
1.347417563796286
1.3513334677760296
1.3463764801090483
1.320263679504405
1.3231262694320316
1.327711657831566
1.3310880877623117
1.3312541045895216
1.336263909005426
1.336263909005426
1.3612199386485686
1.3463713349512387
1.3463713349512387
1.3478305349101585
1.3473097827342349
1.3482164405864812
1.3456783102672767
1.3213490080313837
1.3213642309073583
1.3301756572202077
1.3317734491840327
1.345912175566041
1.3390750182731839
1.3582020297272461
1.3555876816015298
1.3538895377361784
1.3727824055713316
1.3808744344174404
1.380440496798298
1.3789366348989593
1.3700245128975665
1.3843867749570107
1.3858247331386682
1.3809598825592277
1.3820603559609632
1.3806855120482284
1.3817792460754663
1.3842634494415427
1.3750521849994484
1.3747340680646154
1.3718268415893342
1.376556947488457
1.3947975438641265
1.4020208301188515
1.4051817059843075
1.4036434351134783
1.4050222084229353
1.414157532507804
1.4146990900921752
1.416628401889972
1.3952793404162167
1.3770617454767153
1.3675324197392549
1.3780457072935663
1.3794328592655574
1.3797713488724863
1.3898981288411545
1.3917060071263345
1.3896427489141834
1.3897095286101682
1.3896070211806246
1.3799152220430635
1.3844327066552418
1.3806799420331102
1.3857122255129781
1.4120093323197047
1.4121853892722
1.4121343491308775
1.4136406444947467
1.3914560508950948
1.3928152850620703
1.3901292033995505
1.3901869291302218
1.3949139215338455
1.3995709563072372
1.3985949093775012
1.3979825312055765
1.4016113998463535
1.3778411233374963
1.3960416367930117
1.4001998709036452
1.3769934712998457
1.373901181774875
1.3816312681644292
1.3817676980136673
1.3647105553495982
1.3662827657125374
1.3782778720689361
1.3828913951877608
1.383470208253045
1.3928226197342002
1.3966324469205236
1.3835519757352057
1.3814883570582224
1.3780068956718985
1.375562528821594
1.3763141603390758
1.375886355364878
1.3581191436769438
1.3648900164487319
1.3690214196676143
1.3686021654441656
1.3679697301636045
1.3679697301636045
1.3679697301636045
1.3483035088187232
1.3482838613268264
1.341886403476844
1.3500164136616248
1.3347854877609306
1.3419516164491803
1.3572273578296021
1.3692813651743154
1.3714970754200657
1.3705404817593618
1.3703659665045431
1.3704207194087648
1.3662276711954675
1.365922000294151
1.3846132797901824
1.3845561866745295
1.388643686759247
1.3952006975244664
1.3910919363190208
1.391026146601574
1.391026146601574
1.3854937912382752
1.3919750504479949
1.397540484162415
1.4246158558810103
1.419857501580809
1.4177391324832325
1.4272414076128908
1.423353444145205
1.4438737916890574
1.4389128032165466
1.4199701774866906
1.4269638690875206
1.4060707297384243
1.4036551772617423
1.4042508560131337
1.4053267789985833
1.4058376906417007
1.4058376906417007
1.4205876807370332
1.4207802571708352
1.4211840936375837
1.4162921620825988
1.4230903703434572
1.4386132917248062
1.445304740440826
1.4454087666104827
1.4451459635234045
1.4410243185688902
1.4237888255636801
1.4238666520769612
1.423878493537148
1.4184707247153003
1.4085259610580805
1.4093142680165813
1.4020368599471627
1.4000016456848505
1.4002036874703891
1.3986893872931068
1.400586129648033
1.405527764028538
1.4062698543012624
1.4229561325662055
1.4273532896930925
1.430157527762773
1.4406828709239854
1.4431011604093915
1.4479983124119817
1.438518963021772
1.441033697158179
1.4673538134064945
1.442708883837956
1.4421526247929948
1.447903894045422
1.4472632516765032
1.4254404157924145
1.4161663277399086
1.4158509896179765
1.4144257247973593
1.4142238974285948
1.4142830137640314
1.4069239103594964
1.4343628867562495
1.4333784338434044
1.4138433194833342
1.3985906535134083
1.3945167777310092
1.3945167777310092
1.4067554471506978
1.405384521558629
1.4073377277679107
1.4073377277679107
1.3914950267687216
1.3955820932889387
1.4074151574239597
1.4107771572294026
1.3957639763731844
1.4041829065399134
1.4045877675281873
1.4080293103553045
1.3845587006258533
1.3755320427459226
1.3888272046827221
1.3773002364012437
1.3775653842506064
1.3736721214305376
1.3680969842443382
1.3961988490722999
1.3941429577349893
1.3931471281123227
1.4000028877700381
1.3945579588675099
1.3965347919625641
1.3738766596664544
1.3760577449159725
1.3697501731651014
1.3497117387809272
1.3518581617631504
1.3522837457987302
1.3362052604833305
1.33460843732493
1.3296142250446514
1.3163393209830088
1.3164376693752904
1.333428345466662
1.335753014735058
1.3162614890587845
1.2991234563647516
1.29778322847246
1.298770080598247
1.2897670461750075
1.271484460035379
1.273871194307238
1.2658891172820195
1.2717723392421494
1.2757399188299656
1.2751664581522415
1.2787083315107588
1.2683342816445133
1.282312083000846
1.2899028550337184
1.2946247587587538
1.2796828513026208
1.2855184208409522
1.2773923131127864
1.2735866166610386
1.2771797181022568
1.2625276285798224
1.2601096170076596
1.280844616196447
1.3010520519367395
1.3145298397581242
1.3142710991453237
1.3207624090477668
1.3160523598136964
1.3160523598136964
1.3169424742915579
1.3363573447541717
1.3677131819891966
1.3687493404280218
1.3684599929930767
1.3621928349873673
1.3621422006316335
1.3671570204748351
1.363393093975832
1.3603619760848076
1.3680871077845544
1.3680871077845544
1.362542026979136
1.3560792311392396
1.3574937292176414
1.3565138599031785
1.3684156352883317
1.370394547687436
1.3533995096783402
1.3650580578084452
1.3610878921231468
1.3704178002442104
1.3757227872201128
1.3780112785405754
1.3829505172589802
1.3688586024474356
1.3627540492928567
1.359190238768777
1.357890599360288
1.3339213928830718
1.333137136991212
1.3356934124654496
1.3320989234921563
1.3317036182845607
1.342335543612251
1.3438194217265367
1.3193740064620747
1.314523793598126
1.312041296629437
1.312041296629437
1.3114241434493819
1.3026850218481463
1.301118183325056
1.3094292980224114
1.3087284820359535
1.3282755297382591
1.3224101456757225
1.3285429050558115
1.3136612885412637
1.31151297514764
1.3099640072239922
1.3100408909208652
1.3029980890032817
1.301587701442362
1.2917083951657822
1.2854268852879012
1.2863206303530197
1.2761963775973655
1.2699415414292956
1.2725961546415705
1.279783634574027
1.2961503669672518
1.2984701866233324
1.3005425296504343
1.295225301440353
1.295225301440353
1.2905281712379972
1.2889792695310376
1.2899912020842794
1.2695292428003462
1.2695292428003462
1.2688445654479197
1.2634167274608281
1.2571465917488487
1.2553141816002757
1.2506709896089527
1.2490103127155308
1.249491730763369
1.2518871089367234
1.2553753815643796
1.249628506292732
1.2349715885459858
1.220055735439336
1.216901910156738
1.2156210517928938
1.2196033740254844
1.2232925848710572
1.201560553464668
1.2012491918476342
1.2130067971878284
1.2123061146309149
1.213010029955514
1.2082142507348206
1.212321067578645
1.2103788258940034
1.220393522412211
1.201854895190865
1.215307439648854
1.2143330549554239
1.2358748325256692
1.2487354810560878
1.2348679721760654
1.2633541239371167
1.2754878757322616
1.289367661429452
1.289367661429452
1.2896986812778215
1.2933483445561273
1.2950300513210833
1.2824958013050465
1.282154712246039
1.2718528740351096
1.2762470430271524
1.2762470430271524
1.284110450486483
1.2839419376021073
1.2732310345318945
1.2789635171624285
1.2820677463735548
1.272391151166071
1.272391151166071
1.273380964046921
1.2800759883700923
1.2739673841507926
1.2783711669439373
1.2769953257834468
1.2788094482770118
1.2692045292601828
1.2692045292601828
1.2704554865557212
1.27293543534096
1.2556189548566217
1.2502533122439476
1.2377710999614342
1.2355031537475254
1.234148766017433
1.234148766017433
1.2327368977240953
1.2217801306711455
1.2271925899458798
1.231983988193649
1.2341221840924048
1.224307010126108
1.2291720966420847
1.2261224279013927
1.2252114876715192
1.2169812829183309
1.2170302259682224
1.2386111362534435
1.2287223179927205
1.2274285475685576
1.2282912513459876
1.2552005459752962
1.2514234899756582
1.247750676682739
1.2398094810083746
1.2165619427523213
1.2189998235863182
1.2244326502929497
1.2249830162635742
1.227040611561993
1.2340526313893712
1.2394368825186564
1.236755202462012
1.2361758118026531
1.2337307051492512
1.2351933017059802
1.2331730314097318
1.2005995054628897
1.1701728248469963
1.1723596526706292
1.1700944185852018
1.1666042205355567
1.1788036651284424
1.1807360673442797
1.1761342123084069
1.1778101147538091
1.1886758405399802
1.1845488165307239
1.184395925328129
1.1888147582312338
1.175447196550592
1.1758938754547612
1.173474240302684
1.176818931110448
1.1862022015382714
1.1852395286585522
1.1842500785172403
1.1840814333635505
1.1847961646284395
1.1858354825105846
1.192874337818583
1.2011558877943809
1.1876801503315302
1.1850016833688364
1.1765025132771978
1.1729397984616088
1.1662007036830846
1.1601758839801632
1.154299414894056
1.1639804455422114
1.175754657610534
1.1697497786802415
1.1745540826942196
1.1703888581138666
1.1635027030274108
1.1607862786383862
1.1646031572259357
1.1504392349313561
1.1354618651863921
1.131683059186005
1.1086779517256735
1.099096929656339
1.0965702810225941
1.073206138379383
1.074493036469901
1.0640847089542502
1.0515676342147153
1.061259140682353
1.0542622163205604
1.0596168013963134
1.0596168013963134
1.0537721093515748
1.0601227269585913
1.0596695938731584
1.0599478356765573
1.06514105814504
1.0707255957320023
1.0700040416374024
1.0700040416374024
1.0700040416374024
1.0700040416374024
1.070135695203398
1.0555653985505844
1.0519292180044877
1.0533088603155516
1.0533088603155516
1.0533088603155516
1.0525853734916732
1.0529742129607362
1.0506874055217201
1.0497075359478292
1.0499759348632771
1.0642609087726371
1.0642609087726371
1.0587394084507475
1.0472958106693704
1.055842978112861
1.055842978112861
1.050723183590371
1.0490982362009762
1.040918175396273
1.0370162079611858
1.0306089344250264
1.0306089344250264
1.0306089344250264
1.0401097098005323
1.0402992210727258
1.0462230581387117
1.0435976921253782
1.0308203159304548
1.0318385767464229
1.0367445867341893
1.0515383329540924
1.0505396353626797
1.0505396353626797
1.0683255911431244
1.0755321319776985
1.0666799407976633
1.063751301775202
1.060815305619188
1.055094074264073
1.0532112494150085
1.0482178578099832
1.0499042549436914
1.0451054719581574
1.0484383322153692
1.0569444936246415
1.076379632781718
1.0895722276610578
1.0908929500342461
1.092797920013163
1.0861960739510619
1.0949283766034834
1.0933197980407954
1.1099690108999258
1.1187381480818652
1.125148205876724
1.1280658302152444
1.1507192563082937
1.1510451933581292
1.155393406929193
1.1555041634895804
1.152561640576695
1.1814846145431979
1.1759196466749136
1.1748979063990883
1.175635262901496
1.168572650837539
1.1701663063893701
1.1756238665497358
1.1782650796821383
1.178893650837923
1.1847810606657827
1.1870803432758703
1.2053061500295639
1.2030813052509584
1.214585161479639
1.220759378689632
1.2408402050442933
1.2382392527724972
1.2447710501334182
1.2475669276825576
1.264159369004117
1.265954263858198
1.2741707035781564
1.2713265151436381
1.2755102747415776
1.2791806330277897
1.2747938749664505
1.2830314741776667
1.2929347410714245
1.2853855554458862
1.2859201977322252
1.2745814902316999
1.2745814902316999
1.2611370343756632
1.247475745810663
1.247475745810663
1.2527551366044019
1.2511113825292577
1.2396406023965123
1.230617424971791
1.2316998029344093
1.2317147760595686
1.2282290971705387
1.2134473830647834
1.2094508585527768
1.2119816521923712
1.2130713212516695
1.209417670289696
1.2242790085448607
1.2243783243567308
1.2296812493203535
1.237126472898639
1.2376219440786
1.2432926746042847
1.2415533128735712
1.218798478356016
1.2190982150636587
1.217450658253833
1.2137754143485135
1.2137754143485135
1.213827099180699
1.2207470509736063
1.2180506175105528
1.2189611098909345
1.222211757485582
1.2279231659962182
1.215274978862958
1.2209268614186157
1.2209268614186157
1.2265637937477896
1.2338624535049454
1.2344977504092107
1.235922445186053
1.235922445186053
1.2476581460328768
1.2450627954691138
1.2368028369806987
1.236222094218984
1.2363251334176713
1.231111877317962
1.2514418642532994
1.2595032102018613
1.2596522244214587
1.2596522244214587
1.254915876271834
1.2412359695230735
1.2521298283835105
1.2531128306680783
1.2547198354563986
1.247496995394466
1.244891460624779
1.2461251613959574
1.252116326926801
1.2498591203722844
1.2499976960081418
1.2402228552268757
1.232942291567263
1.2322686361687247
1.2285415013520133
1.2166863763125655
1.2099902216204343
1.211830520103202
1.2126218948640517
1.214681165212467
1.2114178967087281
1.2114178967087281
1.2188958188660786
1.2144618082811451
1.1992267123853593
1.1999616575001515
1.2013588648634557
1.208572363903592
1.2095295875859842
1.2034193673170641
1.2036185620834194
1.2112901456372387
1.2098893746119241
1.210881668349058
1.2088620087550221
1.2006258093307314
1.2006258093307314
1.2049204535940146
1.19987573235795
1.206276699992709
1.2036281313001256
1.2075076406891965
1.1994890202378274
1.195171241633072
1.1922655524607482
1.187092854975443
1.1882612340302394
1.1833144403818718
1.1820526508302596
1.1830871188384675
1.1830871188384675
1.1770570537406002
1.1901599393086804
1.2066471925475042
1.2066471925475042
1.2003434445732408
1.1927753627270872
1.1917138969508942
1.2125779720853933
1.2125779720853933
1.2329347160063577
1.2423864884438203
1.2392039570887572
1.2327294156162725
1.2324931626874949
1.2631607052592468
1.2631607052592468
1.2670521470653606
1.2788695537974062
1.2653737023065523
1.263061311109235
1.2575651344665268
1.2575651344665268
1.2604976484511632
1.2557746875837716
1.2333238263746826
1.2340123284142184
1.2300908796982544
1.2364136205078176
1.2324642245505273
1.2361938938566701
1.2253807202345626
1.2255750194198498
1.2279468106717328
1.2418536625004246
1.2395094170956562
1.2341841354925993
1.2340146471237259
1.2234206286589968
1.2230113608656044
1.2232701087294358
1.2022954424391923
1.1993708561373144
1.1993708561373144
1.1956514549620372
1.197732221539941
1.193939454775799
1.1945262478479184
1.1911189977638725
1.1860567656745402
1.1987693155202506
1.208066967137396
1.2071072779658678
1.2110133269818553
1.2060095379812628
1.2014292023419961
1.2014292023419961
1.206914591429302
1.2016399501624013
1.1935078766925007
1.1935078766925007
1.2001712442901125
1.2063234683466932
1.210924453553436
1.2110880209546553
1.2110880209546553
1.2122263774909234
1.2122263774909234
1.1992492703900213
1.2015182504747435
1.2070570668267846
1.2087118731782829
1.221536550464053
1.204602527542191
1.201466236088619
1.207866964704193
1.2079955930693027
1.2025373391216858
1.2040196929921227
1.2143987783552308
1.2172751911388613
1.2172751911388613
1.2149897645508971
1.2124951435254427
1.1989886723400365
1.202238944342138
1.198107295724882
1.2016131390141498
1.198543059570058
1.1858578928967056
1.184499785962956
1.1817140193747155
1.1817140193747155
1.181589759308597
1.1829712267803438
1.1838771561847348
1.1838771561847348
1.1940147539248271
1.1788745253432027
1.1744333989440516
1.161132172444304
1.161132172444304
1.151378835973872
1.155754330858891
1.1471318720952202
1.1471318720952202
1.1558775656455944
1.1551814455416485
1.15362830146384
1.155070167915271
1.1511001214892567
1.14830487146577
1.1462017865118126
1.1409911185830643
1.12421567784492
1.1313244584377793
1.1258921481249007
1.1259339183027979
1.1333739825556417
1.1234084534451856
1.1234084534451856
1.1234084534451856
1.1254003063894353
1.139108163774973
1.137543120100445
1.1350558049426982
1.1350558049426982
1.1329596835647233
1.128607370636267
1.1267519045327283
1.129924780527085
1.131609502759425
1.1386104027299253
1.1434431900844653
1.1490221040528315
1.1488207922939708
1.1618159057101944
1.1634334318361355
1.1645259772250807
1.157226562197092
1.1528742789895912
1.1529002651110272
1.1545689182932581
1.1612022255769656
1.1617746370685094
1.1617746370685094
1.1729181830917903
1.1572085733517499
1.1517045545754023
1.1410109081381195
1.1329925560015945
1.1346746731871793
1.1346746731871793
1.1332230716230363
1.1338026500465634
1.1343672237474633
1.1234946354012245
1.14602319181012
1.1541593996779025
1.141940658671751
1.1413626595557427
1.1413626595557427
1.1278184147793717
1.1309545451143648
1.122283583992727
1.102174145311697
1.102174145311697
1.084259110810697
1.088247196784831
1.0863341724130404
1.0728273605961314
1.0684806354948782
1.0684806354948782
1.0664095250573562
1.0667437332478924
1.0667437332478924
1.0667437332478924
1.0667437332478924
1.06765386997409
1.0524847826941757
1.0547399620629658
1.057266186720735
1.0534931412202169
1.057023220094565
1.0675340069931896
1.0627937571748294
1.0627937571748294
1.0591397148153698
1.048104703123589
1.0459184880888635
1.0405390220773136
1.0412346917567274
1.005191623834439
1.002775941795673
1.0029400242130524
1.0058251549193682
1.0026838774838003
0.9966547605530908
0.9965919162551414
0.9978298940240588
0.9978666003730055
0.9975869925808144
0.9971587395450079
0.9917405069988705
0.9806347729297724
0.9806347729297724
0.9850530549247272
0.9850082507714222
0.988626290203816
0.9886433195885334
0.9910075429857848
0.9891922280199185
0.9757153248651034
0.9757153248651034
0.9861701841896804
0.9925673394205015
0.9900924888737197
0.9900403993427261
0.9900403993427261
1.0027588901093922
0.9931413487901539
1.0058787802777724
1.0062796718784761
1.0099163465922372
1.0099163465922372
1.010175047211619
1.010175047211619
1.0434941824734867
1.0514245404853853
1.0565876898629942
1.0565876898629942
1.0608814778586522
1.0590781562861897
1.0591729346416578
1.0591729346416578
1.061542823665422
1.0588863119659893
1.0444333591654356
1.0444333591654356
1.0391898184748198
1.0400216166341965
1.0403239580463786
1.018671316043277
1.0261551884305689
1.0165464336835077
1.0157616363657391
1.0181143596462938
1.0182647883362608
1.0230766844363668
1.0226377866294825
1.0226377866294825
1.0226377866294825
1.0202414138553644
1.029670995431209
1.0397805329166623
1.0398234102283923
1.0563595607952105
1.0720598082332276
1.0720665856167373
1.0749236544081622
1.1015199804538862
1.0976429203319038
1.0984027269355574
1.1053924509491424
1.0996625151368604
1.1005961659056152
1.0998754137238975
1.1059130494379192
1.1152926116114408
1.1152926116114408
1.1309594725000351
1.1308819101138985
1.1318609964461026
1.1255935015626959
1.1240268202669228
1.1290984676307527
1.1324857181292458
1.1324857181292458
1.1380990607380455
1.1420580830371436
1.1411027619498797
1.143466542679301
1.143466542679301
1.1364818704995001
1.1364169804151165
1.1386597003977623
1.120388471678036
1.1168653196117055
1.1206811846276041
1.1208090574620262
1.1195342363827
1.1251532677905007
1.1301108859567284
1.1316465890283378
1.1256546610110678
1.118117187891316
1.1196664037171755
1.115010222979127
1.108598357253332
1.1082853999672648
1.1088090785196216
1.1302453935472723
1.125087017357866
1.125087017357866
1.1360696915316009
1.1360696915316009
1.142225393917531
1.1283509922004302
1.1391589192150904
1.133598117928393
1.1371035459733823
1.1349651689862819
1.139548584826657
1.139548584826657
1.139548584826657
1.131130631692549
1.127890094104669
1.1246375762229592
1.1240279927076735
1.1257259139119415
1.1257259139119415
1.1236850810435066
1.1264077457112898
1.1306727714135925
1.130537622752353
1.1298850834166998
1.1298850834166998
1.1299626088537034
1.119709702352703
1.119709702352703
1.119709702352703
1.107491006870953
1.0871177709765356
1.097175252989382
1.0865771105850854
1.0941395551179776
1.093585343457087
1.1036710922719033
1.1066766131933945
1.106127191726393
1.109334583421509
1.1066543393602004
1.0915502043653416
1.092743257147911
1.0959476362823117
1.0876667059476919
1.08543301840586
1.096832772158088
1.0729615669469474
1.0729615669469474
1.076391883366963
1.0754268058814662
1.075511825266309
1.0725269463381493
1.0738013792703063
1.085254494931128
1.077979481410825
1.0695791526636853
1.07015868237184
1.0716425945155272
1.0434469038365501
1.0420934155686812
1.0432254949678996
1.0291014172039903
1.0175213271810093
1.01192791882985
1.010654473817611
1.0064723006050622
1.0064723006050622
1.0064723006050622
1.0064723006050622
1.0010941027152174
1.0010941027152174
1.0010941027152174
0.9988224876837799
1.0014203561577617
1.002306949051727
1.0031219934280817
0.996433620599817
1.006895025212804
1.0001114226000227
1.0000088451313027
0.9987961516146068
0.9987961516146068
0.9992387015233831
0.9907709260032665
0.9907054248835165
0.9808711859996444
0.983288139206307
0.9825079270935537
0.9891294073382115
0.9944281743906467
0.9898102619846939
0.9959324645476231
0.9768253543252906
0.9795981219106582
0.9806853041268839
0.9898399895144242
0.9898399895144242
0.9939652497388479
0.9939652497388479
0.9947167760419771
0.9975779272390685
1.0116650515550392
1.0132996979932793
1.0134290489981381
1.0178566571887322
1.0150281810241584
1.0005179072691097
1.00239342757582
1.0012870495419757
1.0012870495419757
1.0012870495419757
1.0017649713816106
0.9986226461901595
1.004954676581588
0.9901470380139796
0.9870355565979496
0.9870355565979496
0.9852220636658039
1.006341425437052
1.006341425437052
1.0050586806689035
1.0074953505506343
1.0009704734727516
0.99665695752046
0.99665695752046
0.9942686148162347
0.9942686148162347
0.9942686148162347
0.9957688107895851
0.9956977404362118
0.9919454820324849
0.9674089026549879
0.9592953253643038
0.9592953253643038
0.9541840558061825
0.957830684315968
0.957830684315968
0.9638119460289977
0.9647205081616513
0.9647205081616513
0.976606261013532
0.9803512332553663
0.9753794838703905
0.9895471575245876
1.0106534873278878
1.0138046668944265
1.008596156285613
1.0123977265600197
1.0178731319896195
1.0205214162177236
1.0206720199700143
1.017426866640122
1.0124314579976113
1.0099156768072157
1.0084494153179655
1.0084494153179655
1.0096344329284077
1.0085683379355697
1.0041036828042607
0.989480315002267
0.9687012652643623
0.9754330311915536
0.9784733080859213
0.974540637370892
0.9748343647943525
0.9748343647943525
0.9723655142355039
0.966086595216912
0.9669682380383473
0.9782861863277185
0.9782861863277185
0.9782861863277185
0.9782861863277185
0.9695758886382787
0.9662928258917465
0.9662430363311797
0.9835310778410193
0.9773843013073116
0.9787368739231566
0.9787368739231566
0.9700675051597593
0.9738288141279773
0.9738288141279773
0.9747382737621586
0.9751696508947105
0.9729508195505778
0.9729508195505778
0.9707630048776815
0.9725379786038464
0.9777895920972451
0.9631530518714574
0.9549996981643887
0.942808090363101
0.942808090363101
0.9271409148351875
0.9295319369451196
0.9295319369451196
0.9414353344009357
0.9323783019527896
0.9272567212595408
0.9225370086503577
0.9225370086503577
0.9193311295731093
0.9225432143182324
0.92087080609765
0.925700134246837
0.93070317150994
0.93070317150994
0.9469122028527789
0.9469122028527789
0.9487785723650786
0.9471795764531049
0.9574801955366168
0.9579935348184879
0.9606916850109993
0.9620537660468415
0.9680345171642689
0.9600648696045667
0.959292674964119
0.9592306181944136
0.9492262425153309
0.9452047014882278
0.9440986962101333
0.9308281671805716
0.934336124492625
0.9408563403196335
0.9396796789579375
0.9396796789579375
0.9390029565932356
0.932687184213578
0.9323344581754617
0.9469923649457659
0.9441304189348824
0.9586285283239309
0.9633962750537612
0.9651230523107823
0.9707810788301264
0.9728161247894835
0.9690954829180438
0.9722551288058053
0.9775646855619178
0.9775646855619178
1.0089141417994618
1.0094686472440442
1.016808521844056
1.016808521844056
1.0076971563712749
1.0090140396415355
1.000005709621931
1.0194353783377148
1.0194353783377148
1.0165676835837039
1.0246482720906593
1.0241375886665294
1.0129964556104836
1.0019175088074603
0.9998166739710347
1.0037270531320668
1.0042206424547884
0.9984796027322763
0.9994511352667704
0.9979274529323797
0.967340240056791
0.9659025083817513
0.9654344159934386
0.959067695263525
0.956860879466987
0.9523705921966721
0.952368619393146
0.9534263264693094
0.9523843114398655
0.9622773234046876
0.9514946460546387
0.9492734318779058
0.9524789223091701
0.9555864749006064
0.9568710214952867
0.9219344897409417
0.9219344897409417
0.9239416502760862
0.8977511205005947
0.9011785999200587
0.8911766884624196
0.8911766884624196
0.8893207732442836
0.8634911009626691
0.8634911009626691
0.8670811262125087
0.8648211075895561
0.8666971423763891
0.8692097866780422
0.8692251185834302
0.864911318076245
0.864911318076245
0.8575106647313125
0.8553700372280433
0.8553700372280433
0.8696648776049538
0.8618078516044338
0.8348741964315081
0.8268736189815977
0.8197268531497156
0.8400096593425649
0.8500891065804731
0.8509006080172098
0.8572640129667161
0.8661550434454083
0.8613352501516929
0.8625311533220953
0.8575167237958978
0.8575167237958978
0.8575167237958978
0.8344763949038808
0.8352600177153875
0.8346683518958731
0.8257958237431275
0.8269704357366913
0.8279366258239884
0.8301965641345234
0.8293222723325129
0.8421377596896794
0.842277223981428
0.842277223981428
0.8372945305129821
0.8341752827025773
0.8296456201944135
0.8243058310871181
0.8209438617177304
0.8207357396672806
0.8207917680919012
0.8155941101298158
0.8155941101298158
0.8156200531065504
0.8115713268939673
0.8116218585000259
0.8128352092054439
0.8214533310517541
0.8092138066746343
0.8069635501705217
0.8069635501705217
0.8073158114182831
0.8043038934535399
0.8062454945007168
0.8111231077790161
0.7991610421780172
0.7914364976654805
0.7949689730489194
0.8033844325389375
0.8101869686574974
0.815608573257952
0.8211811399106121
0.8202799062037028
0.8177877301437111
0.8177877301437111
0.8183194901876775
0.8185360728645295
0.8185043940672643
0.8204647386629174
0.8191193124120413
0.8228604139002698
0.8216511125553516
0.8275879894876411
0.83012826351711
0.8303809276977566
0.8103158500100662
0.8061961907333466
0.8227428058373075
0.8235574182149179
0.8175283942703105
0.8254720864903149
0.8301527544852311
0.8322258801664577
0.8328934170020005
0.8392383236472267
0.837454905852938
0.8320091204346234
0.8376395799706542
0.8401943840956686
0.8401276461246666
0.8401276461246666
0.8348265330254289
0.8324923691290051
0.8359578161400585
0.8407914751154654
0.8394692845495813
0.8408018859593142
0.8408018859593142
0.8439484461887404
0.8454681905184196
0.8440871003093601
0.8433425241023258
0.8433425241023258
0.85705857248111
0.8593394132388354
0.8593390207058832
0.8651826151146038
0.8627368285677848
0.8630296528911283
0.8630296528911283
0.8728052347445877
0.8655619780389154
0.8634241798671806
0.868195616718345
0.8611435664096484
0.8619529864881991
0.843416972708956
0.8395765956693169
0.8395765956693169
0.8371538176239478
0.8258613432192574
0.8259139595622823
0.8433468416374649
0.839506554326577
0.8388468412387844
0.8596658816615804
0.8598393054090729
0.8594162157609718
0.862505171900898
0.876884781599832
0.8779048865463759
0.8874451817646575
0.8874451817646575
0.8898251628170027
0.8789657476482242
0.8962255653076613
0.8967701694192625
0.8827559750576094
0.8834351513233186
0.8834351513233186
0.8796281751718281
0.8767308485604417
0.8736661128235769
0.8672021688106594
0.8637165407251104
0.85757028091901
0.8598893960311768
0.8566261392437193
0.8591213660831348
0.8574519536548652
0.8529157564535746
0.8539548290872457
0.8585393763180826
0.8527236049959132
0.857493146205699
0.8594482267921644
0.8546333027994235
0.8573703691109335
0.8552744365321101
0.8552744365321101
0.8555612875559513
0.8514905385482355
0.8580955381011558
0.8670540980897234
0.8661544950233095
0.8689353044391741
0.8530733221462816
0.856392249193148
0.8600235297742608
0.8625094217094362
0.8455682736518244
0.8489882735122025
0.8489882735122025
0.8496031425186427
0.8555502000687932
0.8566059612061349
0.8563917755942
0.8471795717128738
0.8471795717128738
0.8471795717128738
0.8274338575887787
0.8335001157303418
0.8424616135496387
0.8559779187208273
0.8591416185681484
0.8570339015932866
0.8573827770295269
0.8711099978828423
0.8693665518486414
0.8693665518486414
0.868828539175149
0.8684894806056603
0.8685044423765543
0.8695923253186306
0.8695923253186306
0.8681084901357905
0.871651739814879
0.8810762661949355
0.8803041294446261
0.8831978766857714
0.8831978766857714
0.8814245375392467
0.8782255487790284
0.8886390432922114
0.8959969676628577
0.90271992657484
0.90271992657484
0.89674210854162
0.8919157328334072
0.8721120221852756
0.8663031426223295
0.8654777002989013
0.8705162568767204
0.8709846487718844
0.8697414714167712
0.8750735386298141
0.8743734511261823
0.8805611023989918
0.8819372718501571
0.8931503655095597
0.8876270403680668
0.8775557891325501
0.8815627238668535
0.8715989514663632
0.863905108605493
0.8638514773327971
0.8592772741253143
0.8769872723004675
0.876992763634774
0.8744882673205777
0.8706060985495132
0.8741030767850845
0.8749697170807255
0.8874566431469912
0.8872852424684284
0.8870624971810447
0.8619877370978032
0.8619877370978032
0.8624814343809325
0.8481334148165242
0.8392869248611081
0.8405658015423265
0.8425333677471941
0.8469653976236509
0.8469400505935983
0.855802272966208
0.8367433303224402
0.8257918706170272
0.8257918706170272
0.8257918706170272
0.8181722263557837
0.8244855007383367
0.8158234754471784
0.8061963666061576
0.8061963666061576
0.8062085759499242
0.8074166974184283
0.801059535240919
0.7998908856079802
0.800081322960096
0.800081322960096
0.7990408960537279
0.7990408960537279
0.8128792414280617
0.8128792414280617
0.8097554517487208
0.7956652184420212
0.7932421771373821
0.7871973001935312
0.7854826115334913
0.7847165909318788
0.7836852462537139
0.7796375497531199
0.7623508670964055
0.7623508670964055
0.7619702015004693
0.7580954617831384
0.7599738106916737
0.7598267323654758
0.7614170723136029
0.7614170723136029
0.7614170723136029
0.7489362712017552
0.7471597838401609
0.753768381704478
0.753768381704478
0.7532700981963183
0.7558267835008923
0.7525918888432175
0.7525918888432175
0.7523712750934813
0.7506488420431409
0.7506488420431409
0.7513752936744538
0.7578570413186868
0.7572951557954904
0.7542152339782319
0.7390543373283363
0.7600586852629703
0.7412265526983841
0.7419683154444551
0.7431119641960818
0.7431119641960818
0.7434472969353408
0.7159586462808253
0.7159586462808253
0.7073921616055684
0.7020779501678939
0.684960973541475
0.7097540574311021
0.710426803842252
0.710892498564684
0.710892498564684
0.710892498564684
0.7137550699583234
0.7147339392258901
0.6903920391489561
0.6984607017062077
0.7111058021199343
0.7158752275780327
0.7158752275780327
0.7259674082140998
0.7290356006841482
0.7319416547524621
0.7195121329135961
0.7150727086073296
0.7150727086073296
0.7171998132694193
0.711666683479122
0.7097498064553076
0.7087709075057548
0.708797666532546
0.7088558956624055
0.7147423162116234
0.7147423162116234
0.7167034756116216
0.7091404761073793
0.6938639973240488
0.6987140064822817
0.6984852507485555
0.6984852507485555
0.6979472081842455
0.7011365315996941
0.6853105636218086
0.6798712582371236
0.6836197546359617
0.6795042089528405
0.6708854753130566
0.6680971696858563
0.670691918258898
0.6709780381633219
0.6693622047345652
0.6693622047345652
0.6693622047345652
0.6858177655737027
0.6905801063580348
0.6905415766897504
0.6716413199809719
0.6747834684039622
0.6707338784022537
0.6657215318934679
0.6586428435654954
0.6816980771274398
0.6816980771274398
0.6779551354950756
0.6696726302937104
0.6817075761220737
0.6817075761220737
0.6817075761220737
0.6810120409654217
0.6810120409654217
0.6809415360909954
0.7024196484223065
0.6988935637845879
0.6988935637845879
0.6923116258439699
0.6942805365335577
0.6976080516794698
0.6976080516794698
0.7013570174460049
0.6838039428687772
0.6822470657045073
0.6816971126456961
0.6887504075865621
0.6887665510688812
0.6819491699617264
0.6819491699617264
0.6819491699617264
0.6981384661960984
0.703961877507728
0.6991733421260946
0.6991733421260946
0.6988421545401612
0.693001448918562
0.6902946922500292
0.6902946922500292
0.6902744660408219
0.6902744660408219
0.6918077309517568
0.6876788868719264
0.6876788868719264
0.689360645281375
0.7008694954746426
0.7014582304317933
0.7051520275674584
0.6982216946698537
0.6982216946698537
0.6982216946698537
0.7023700391660257
0.691510940407254
0.6900923762231927
0.6900923762231927
0.6904565556772487
0.6898322379384242
0.6956509710603299
0.6956827707234647
0.6790204169894907
0.6790204169894907
0.6790204169894907
0.6790204169894907
0.6588363542791262
0.6641675546467122
0.6651163916543927
0.6653868543402196
0.6633390366960472
0.6615800107654439
0.6615800107654439
0.6651433446706797
0.6658099760181455
0.6424435267171653
0.6416973340674488
0.6414689691312278
0.6414689691312278
0.6450901935911962
0.6425637322801956
0.6425637322801956
0.6422540753866708
0.6414889957253634
0.6467060419198879
0.6464328490265596
0.6483994790520538
0.6410004348554796
0.6297976653797568
0.6285593612384395
0.625234172440694
0.6165555791651374
0.6217030112157645
0.6227039479278401
0.6235012667583242
0.6137572719778424
0.6150045050834871
0.6162709785612154
0.6122742018448053
0.6122742018448053
0.6186523211424191
0.6266709319335038
0.6296134740112186
0.6278111364868432
0.6204749831151612
0.6155454680665091
0.6166598785653113
0.6210477967092058
0.6236178199517992
0.6233078220070674
0.6231934359200525
0.6231934359200525
0.6250082930267574
0.6250082930267574
0.6250082930267574
0.6274026952529034
0.6274026952529034
0.6274026952529034
0.6274026952529034
0.6274026952529034
0.626348163207845
0.6247680802822068
0.6296007500441801
0.627807171582938
0.6256376223698663
0.6450631961683617
0.6428712007840562
0.6489837793129868
0.6496940831778786
0.6517624944240813
0.6371087213232309
0.6443437564184717
0.633525557050842
0.6310507633509973
0.6310507633509973
0.6310507633509973
0.6263910381456838
0.6263910381456838
0.6221687659807138
0.615789510219492
0.6201725600967216
0.6234859057055304
0.6186885911052221
0.6228759534283471
0.6224979800528979
0.6230099258405984
0.6299218794368857
0.6276485952376484
0.629129599905623
0.6303086463503106
0.6303086463503106
0.6299065508458955
0.6299065508458955
0.620391865317978
0.6205715915777295
0.6240156762148078
0.6240156762148078
0.6112810736192438
0.6111119512580763
0.6024703275388528
0.6092714664607694
0.6092714664607694
0.6070603177823778
0.6051064765080499
0.6149288387308225
0.6149288387308225
0.6144060162004396
0.618180983159603
0.6165349373537049
0.6119229872628474
0.6158288618454674
0.6254355660278031
0.6079874650414148
0.6080546815324198
0.6075110496209876
0.5816670254996297
0.5816670254996297
0.5688306235623104
0.5754236165425006
0.5752864804493732
0.5847763148238072
0.5847763148238072
0.586615869787614
0.5761309984290117
0.5670759375429326
0.5682709854942437
0.6020673829268811
0.6020673829268811
0.5998902852878683
0.6106527408836204
0.6264265570325425
0.6264990871679436
0.6178208789307875
0.6191172384711923
0.6210252201097977
0.6245866415544072
0.6228890650673558
0.6240868562483711
0.6330172711452018
0.6292498883594705
0.6310700703926684
0.6309773666752209
0.6340694174153855
0.6319201537243433
0.6273515954571265
0.6179189665201182
0.6096053344736179
0.6126914793902372
0.6232703820069091
0.6156493687155268
0.6172476172570919
0.6115372761999619
0.6127710100090035
0.614288134157504
0.6074950092524588
0.6078878858696967
0.6030492531161368
0.601746341344428
0.6021943957376551
0.6118043393775742
0.6118043393775742
0.6095748915042568
0.6110805547059232
0.6110805547059232
0.6110805547059232
0.6112833413520178
0.6128438738425692
0.6130405970324871
0.6282337813978995
0.6305911367320205
0.5966761631106549
0.6014297062041664
0.6014297062041664
0.6050639963780234
0.6050541385398768
0.6050541385398768
0.6050541385398768
0.6041527391649026
0.5975991839878918
0.6005118931256146
0.5991305737667803
0.6120082010089001
0.6039678566238117
0.6121907233836903
0.6316660248266728
0.6287084615992263
0.6250659068731491
0.6260705666991221
0.62610096369713
0.628944726960543
0.6340425000224849
0.622744943964818
0.6275631084445286
0.627115327886394
0.6212277119379921
0.6179402250244318
0.6179402250244318
0.6181548776966592
0.6181548776966592
0.6146733404398901
0.6144259488969236
0.61610118684838
0.61610118684838
0.6086869595562979
0.6050155930560845
0.6043031621130215
0.5920165663887219
0.5991535536789816
0.5991535536789816
0.6048181945187248
0.6065470065860087
0.606305435491582
0.6072287741989036
0.6144042106226841
0.6098622852147126
0.6072565928250006
0.6058695494942977
0.6121785662747691
0.605467366521469
0.5801822060485741
0.5853210055840162
0.5860377325275462
0.584748207388258
0.584748207388258
0.5874711982540795
0.5871458633662893
0.584123172912071
0.5911284294156554
0.5953992565361058
0.5969144127888666
0.5918539989900097
0.5957867085897832
0.6078267395986892
0.6078267395986892
0.6118678255435126
0.6055981222009914
0.6071615569872497
0.6069084648236768
0.6087462499801739
0.608745932683862
0.6003694607504297
0.6075941348047086
0.5945155854337314
0.5996269442273309
0.5967017078144676
0.5967017078144676
0.5908293743362512
0.5908293743362512
0.5908293743362512
0.5895491022285575
0.5905386180863156
0.5905386180863156
0.571754354060626
0.5664720054880144
0.5657848249850214
0.5657848249850214
0.5681164886439685
0.5818609640150165
0.5759171126905265
0.5732366914500898
0.5732366914500898
0.5732366914500898
0.5732366914500898
0.5716541590940994
0.5740689209056057
0.5746725394288605
0.5839066244921474
0.5853191001643101
0.5831941251534953
0.5683112270824421
0.5647761281126115
0.5565153303519519
0.5582762675459134
0.5510801302165986
0.5496936989929532
0.5632693257109271
0.565854700388146
0.5662770861775552
0.5637008077161164
0.5637008077161164
0.5568512371625419
0.5683784356761501
0.5683784356761501
0.567254924672754
0.5728622492511122
0.5695575658825157
0.5676255522256967
0.5533048061623914
0.5476888877986144
0.5396410033246167
0.5400690696050151
0.5400690696050151
0.5424742534542173
0.5402359185529082
0.5402338766485592
0.540275128503816
0.5384973143363531
0.5407384850662232
0.5317400028553446
0.5317682754676042
0.5317682754676042
0.5316275187125944
0.5279183722303659
0.5273039346220393
0.5138924940724086
0.5295926344170572
0.5257248097459973
0.5276172149001682
0.5267760366505214
0.5273138129816453
0.529592608066377
0.5342338846570309
0.533788356313684
0.533788356313684
0.5455555573685175
0.5455555573685175
0.5410680173891639
0.5406395736668315
0.550926250619488
0.5450092650676962
0.5441371918081368
0.5541525709429505
0.5541525709429505
0.5627010418731665
0.5612990591043795
0.5593095935853816
0.5593095935853816
0.5593095935853816
0.5585436575690199
0.5590965406049436
0.558923844330502
0.558923844330502
0.5585422104778202
0.5391290414667226
0.5391873698148121
0.5391873698148121
0.5391873698148121
0.5404236312885522
0.5643756817095212
0.5621724632538815
0.5626410390466944
0.5669153076976634
0.5660647576967245
0.5684860477355366
0.5684860477355366
0.5684860477355366
0.5684860477355366
0.5692889320733365
0.5702116357667331
0.5744515944234724
0.5737653532071407
0.5737653532071407
0.5737653532071407
0.5768077540942995
0.5722107094558653
0.5683019899839237
0.5683019899839237
0.5627550270167293
0.5675905591763386
0.5675905591763386
0.5675905591763386
0.5592701955515327
0.5466499861627611
0.5407138817764149
0.5412575991508745
0.541634721399374
0.5424527394968662
0.5403641597129449
0.5423676023276621
0.5420478646870732
0.5418379397059735
0.5409374440881048
0.5137276255767702
0.5137276255767702
0.5137276255767702
0.5126924523916011
0.5216750525350424
0.5216750525350424
0.5201988816458238
0.5265904195063393
0.5208844613735122
0.533163388715014
0.509132432457874
0.5035909036466005
0.5035909036466005
0.5006734636214464
0.5003242612718475
0.5030890129759408
0.5030890129759408
0.5024562018838475
0.5240245025844014
0.5240245025844014
0.5244895081759792
0.53060430793923
0.5336048721439305
0.5309499965416493
0.5475261836764532
0.5485866903808712
0.5463399747750014
0.5453818158807947
0.5451884819941034
0.5450787775373513
0.5450787775373513
0.5448598440220017
0.5448598440220017
0.5489991886809065
0.5581846433091702
0.5581846433091702
0.5590169034779093
0.5592127099343597
0.5454349185060526
0.5454813303430657
0.5414341379452606
0.5402868858739112
0.5402868858739112
0.534434280819423
0.534434280819423
0.5260094659697452
0.5243184767268263
0.5243184767268263
0.5121175684420489
0.5121175684420489
0.5121175684420489
0.5433023518757296
0.5530563971088995
0.5530859893666756
0.5530859893666756
0.5530859893666756
0.5538959302637508
0.5478905716362071
0.5485652938759317
0.5485652938759317
0.5485652938759317
0.5755159084876795
0.5753666445413318
0.581098143522843
0.5864846628995317
0.5810059696789835
0.5754798736981621
0.5753573166744931
0.5697177546350897
0.5697177546350897
0.5690262705703885
0.5713707839700816
0.5680794559838805
0.5665332303850894
0.5700114928211553
0.5548322021263676
0.5548322021263676
0.5497273951415985
0.5497273951415985
0.5360822756281927
0.5384798346978462
0.5384798346978462
0.5384798346978462
0.5438629375033541
0.5393877202150603
0.5393877202150603
0.5421362346185639
0.5421362346185639
0.5421362346185639
0.5419969677503813
0.5389761983647204
0.5389761983647204
0.5389761983647204
0.5558365214737478
0.5356159885087115
0.5350707954095222
0.5269024800088875
0.5257111088453552
0.5288620988738273
0.5283197185666452
0.5302983698052584
0.5253900487006584
0.5253900487006584
0.5253900487006584
0.5253900487006584
0.5253900487006584
0.5247576471440444
0.5224002587794181
0.5225020231287122
0.5225020231287122
0.5225020231287122
0.5210196135011427
0.5210196135011427
0.5210196135011427
0.5254641139468742
0.5275161130055002
0.5272937863943397
0.5270359524699693
0.5261660118046585
0.519078032556025
0.5144430737354274
0.5167792703242737
0.5150148535473774
0.5150148535473774
0.5150148535473774
0.5150148535473774
0.5150148535473774
0.4845146834322442
0.4871761373728199
0.4871761373728199
0.49188533541360324
0.49128926951484153
0.5044522869994101
0.5044522869994101
0.5044522869994101
0.5121965095902965
0.5127420044813461
0.5267251916681422
0.5231192014751003
0.5255380161461733
0.5255380161461733
0.5252716854948025
0.5258946719750776
0.5202782334091891
0.486379000770136
0.4739321070608925
0.47534208048055204
0.46881248176148926
0.46604425495550095
0.4704888461298082
0.4704888461298082
0.47223068076109886
0.47306787290963986
0.47306787290963986
0.4716209755156208
0.4716209755156208
0.4727654494125243
0.4689140311526707
0.4740713198592644
0.4750229483261468
0.47619019771023924
0.4794052941812162
0.4784837381263277
0.4784837381263277
0.47831255201419065
0.47943049372596663
0.4821388432614402
0.47998934329450943
0.47730491304494044
0.47634398196561134
0.47572897372127987
0.4748609993868141
0.4748609993868141
0.47471068500454716
0.47133785506315273
0.472471304059728
0.472328642647307
0.47982875511017165
0.47703093674381164
0.47726411756807136
0.47585255363178436
0.47585255363178436
0.4795120278181358
0.48015552068154715
0.48015552068154715
0.48258515471088753
0.4758034081597668
0.478518616506358
0.4783203856530592
0.4783203856530592
0.48140193203853493
0.48039771126361336
0.48802854361343523
0.4912156380289989
0.4999165040483454
0.501331712507803
0.501331712507803
0.4893648071660909
0.47820001296579867
0.4805203386042945
0.4805203386042945
0.48531126108350026
0.49109032194418445
0.49473180624814905
0.49294409084080204
0.49512064850146736
0.49512064850146736
0.4908173092995823
0.49382115414873806
0.49855698272434934
0.48830835122335464
0.48830835122335464
0.4843100507198017
0.4843100507198017
0.46789055081676906
0.46789055081676906
0.4689538678651476
0.46915050093228927
0.46915050093228927
0.46915050093228927
0.4683488211575839
0.46703032598945843
0.4720944644534101
0.4858879741525574
0.4858879741525574
0.4852865691833939
0.49362859100883716
0.49362859100883716
0.49576581992247115
0.49576581992247115
0.4924805728909203
0.49247508130365875
0.4878557393002915
0.4858743063691611
0.4832431001079362
0.4849164280738469
0.48662656474531507
0.4866309174077383
0.4844703090515557
0.484680183521363
0.48378690055121504
0.48378690055121504
0.4815245699533851
0.4827090129679694
0.4827090129679694
0.4882026913449526
0.4786005011575688
0.48538100327548545
0.4850194616943915
0.4850194616943915
0.485186973320348
0.485186973320348
0.4840258507832831
0.478705537358754
0.478705537358754
0.478705537358754
0.46476346316778133
0.48340119399269516
0.48340119399269516
0.48340119399269516
0.4822954231879616
0.4635948013050287
0.4635948013050287
0.4635948013050287
0.4639526581841933
0.48167819898805314
0.4718603882444803
0.46413191855232616
0.46413191855232616
0.46263695830735524
0.4505402742075633
0.45401881032141184
0.4534478362831509
0.4511396176806605
0.4497154646843532
0.4488937578675154
0.45064664251400055
0.4469792384470969
0.4469792384470969
0.4469792384470969
0.45011153160541933
0.4509145840632996
0.4509145840632996
0.4537918885846758
0.4537918885846758
0.45114747415587636
0.45114747415587636
0.45080352430863113
0.45180938698115525
0.45437069302833183
0.4468309375572255
0.451429063038771
0.451429063038771
0.451429063038771
0.451429063038771
0.451924220855033
0.4500766689790514
0.4579942558130666
0.45262642438433415
0.4495118249461726
0.43610917689143164
0.43610917689143164
0.4337488815341386
0.4161058991219988
0.4124342301187785
0.416710578818303
0.416710578818303
0.42393822803800324
0.4248417276874419
0.4248417276874419
0.42511371253086716
0.42511371253086716
0.4246443569874589
0.4320011126238217
0.4320087794926692
0.4291194854049889
0.42965546718755193
0.43231196056086446
0.43231196056086446
0.43287105337147547
0.4304865844235349
0.4333661023769736
0.4338343328414737
0.43060387066809425
0.4199717764083345
0.4055379143243742
0.4055379143243742
0.38503347236242425
0.38503347236242425
0.38332826821930555
0.379514198302274
0.37518508691533425
0.3694933201207121
0.37008457278267676
0.37119746356241357
0.37119746356241357
0.37985904543146515
0.3808231669357602
0.3826360341437201
0.3739902979587829
0.37447610617804544
0.37447610617804544
0.369654854206745
0.3747112029109081
0.37766837583432733
0.37766837583432733
0.37771635602935405
0.38851448230250035
0.38697339564118904
0.39069174114428384
0.3917146512521342
0.39066766973923517
0.390984881557314
0.390834690878851
0.389661918912584
0.389661918912584
0.38184994257827565
0.383285219778431
0.383285219778431
0.383285219778431
0.3723487095558356
0.37213511294408913
0.3781042115821933
0.3755472950147133
0.3755472950147133
0.3755472950147133
0.3755472950147133
0.3742208380406693
0.3575492392250052
0.3624065301244907
0.3693724449467428
0.36818309241440006
0.37686073665045394
0.37686073665045394
0.3791051072052307
0.38657926352238914
0.3866071364710852
0.38476017595572526
0.3686853798120066
0.3686853798120066
0.3686853798120066
0.3686853798120066
0.3686853798120066
0.3726590799970388
0.372289421535065
0.372289421535065
0.3563662919976763
0.3563662919976763
0.3518293645733358
0.3518293645733358
0.3518025841635093
0.3535063673048025
0.3539017390103175
0.35868381530168564
0.33610762778949377
0.3342798095181928
0.3330293865748094
0.3330293865748094
0.3343084564019493
0.3343084564019493
0.33387406052134766
0.334318452922384
0.334318452922384
0.334318452922384
0.3342235891955449
0.33308840146197743
0.33080551715408374
0.33585974921989953
0.3327691097488002
0.3358193201755639
0.3339883511965205
0.3339883511965205
0.3339883511965205
0.34562239404799744
0.34500586268874706
0.337022106371878
0.337022106371878
0.3397937246626238
0.33751810348838535
0.33680693484861934
0.33680693484861934
0.339427786500319
0.34320822977356985
0.34197949359419916
0.3418695764672944
0.3651207104249274
0.3718546267446894
0.3739615883208849
0.3839432887147149
0.3871141500973558
0.3865786434379322
0.3865786434379322
0.3868466743851443
0.3868214106710425
0.3730603263735619
0.3730603263735619
0.3736223574654506
0.3744508391675102
0.3655197346904581
0.36766277643255835
0.36695809596214024
0.36533820305728265
0.36533820305728265
0.36673234301885327
0.36673234301885327
0.3681489644581172
0.3681489644581172
0.36765348721894076
0.3635190192784757
0.3635190192784757
0.38407284030701916
0.3830463258734462
0.3868550838787825
0.3868550838787825
0.38335335408616117
0.38168733447907705
0.38168733447907705
0.38168733447907705
0.38105802417523466
0.38105802417523466
0.38105802417523466
0.38105802417523466
0.37947531334575085
0.3767239605950998
0.3752026030792435
0.3607803537670024
0.36145331351919907
0.36145331351919907
0.36145331351919907
0.3679070676387717
0.3891766958105528
0.394067454209141
0.3955615363636486
0.38639243977411364
0.4061413827652866
0.4061413827652866
0.40367873053019304
0.4010584612146632
0.3941937345693856
0.3999525560196899
0.3995887940168865
0.4098747965729472
0.4098747965729472
0.4060210058304604
0.4199372621961833
0.42096815327893217
0.4208410159217326
0.4208410159217326
0.41494418216651147
0.41494418216651147
0.4128410589234165
0.4128410589234165
0.4128410589234165
0.4128410589234165
0.41429570361883056
0.4142425953619944
0.4145731336916065
0.4145731336916065
0.4145932287527523
0.41281501623943484
0.40966254937168833
0.39106965527649235
0.3841320783202555
0.3841320783202555
0.3841320783202555
0.36037037959016494
0.35761299333696456
0.36187261183553754
0.3608638702468081
0.3580268499893299
0.35807882027219534
0.35807882027219534
0.35807882027219534
0.35593004156589236
0.3590100728730849
0.3589896717363072
0.3589896717363072
0.35671721356100866
0.3556980006512075
0.3556980006512075
0.3559392402800965
0.3573430594031624
0.3573430594031624
0.3381331554864306
0.3381331554864306
0.3381331554864306
0.33860317949508406
0.3335841029661632
0.3335841029661632
0.3350340641382875
0.3370123630240611
0.3499811317320136
0.3499811317320136
0.3552800197484662
0.34864583653213443
0.34978070028724906
0.34978070028724906
0.35158417018784055
0.3562178501630164
0.36149381328119146
0.36149381328119146
0.36072785059240126
0.36072785059240126
0.36072785059240126
0.36072785059240126
0.365141142459786
0.3594547976587231
0.3604873108893942
0.34897226878661947
0.3495346345875931
0.3495346345875931
0.3495346345875931
0.3664956559509978
0.36119510601403904
0.36340887295451635
0.36340887295451635
0.3546817083828409
0.3546817083828409
0.3545698600228566
0.3545698600228566
0.3579220220003995
0.36145456731406067
0.34353185051724977
0.34353185051724977
0.34353185051724977
0.34248225120109577
0.34248225120109577
0.34093011859270134
0.3424796880705743
0.34258690861900404
0.33733619984199215
0.3319281705844437
0.3319464451855041
0.3319526329373262
0.3319526329373262
0.33499665600823975
0.33499665600823975
0.3353642360637496
0.3368910674339125
0.3368910674339125
0.3368910674339125
0.337372634497929
0.337372634497929
0.34651091852352495
0.3414099579717974
0.3414099579717974
0.3414099579717974
0.3414099579717974
0.33833273534766556
0.33833273534766556
0.3359195814714834
0.3359195814714834
0.3312628109606816
0.3312628109606816
0.33779994310483924
0.33779994310483924
0.33779994310483924
0.331684841150249
0.32978078238660274
0.329744453218803
0.33263432332597487
0.33263432332597487
0.33263432332597487
0.33116773114925696
0.3326867052102594
0.3323191252099059
0.3340390150507754
0.33943170193608774
0.33943170193608774
0.3202311725716748
0.3216527939615682
0.3216527939615682
0.3233322584154174
0.3233322584154174
0.3212241396778571
0.32205103110817557
0.31226358481254624
0.308928653936211
0.31514713373808045
0.2899101698582254
0.2899101698582254
0.2879805660378286
0.2879805660378286
0.2879805660378286
0.2879805660378286
0.2879805660378286
0.2879805660378286
0.2819124589035377
0.27697201647449565
0.2754261035625131
0.2754261035625131
0.275888754573087
0.275888754573087
0.2737448742527937
0.27593246281575995
0.26318179105327927
0.26318179105327927
0.26184171089055425
0.2612613654284608
0.2612613654284608
0.2612613654284608
0.25218505463771657
0.25218505463771657
0.25218505463771657
0.24234487259002666
0.2510135053575461
0.2509093124605414
0.2509093124605414
0.24817119175220692
0.25410697238946084
0.25410697238946084
0.25410697238946084
0.25410697238946084
0.25410697238946084
0.24752171933468764
0.23914181951976812
0.23914181951976812
0.23914181951976812
0.2401952581768373
0.2401952581768373
0.23578602085787503
0.23567750360768214
0.2349009210612584
0.2349009210612584
0.23335925821601006
0.2334154443392811
0.2331844839017456
0.2331844839017456
0.23187694108214518
0.23187694108214518
0.22202579252862853
0.22202579252862853
0.22202579252862853
0.22202579252862853
0.22202579252862853
0.22202579252862853
0.2204239027735873
0.21618110909765695
0.21618110909765695
0.21059029836898077
0.21059029836898077
0.21096099888546718
0.21096099888546718
0.21096099888546718
0.2147032034868198
0.2147032034868198
0.2147032034868198
0.18093686429693306
0.18104320807790003
0.18104320807790003
0.18104320807790003
0.18104320807790003
0.1811399719657918
0.1811399719657918
0.18049338534338652
0.18049338534338652
0.17989829291991993
0.17989829291991993
0.16530880150678443
0.16502398719097364
0.164576693962892
0.164576693962892
0.17096170326084187
0.17076810690511315
0.17076810690511315
0.17814641844739204
0.18805677503015494
0.18805677503015494
0.1946401968656356
0.1969435268281285
0.1970332124735341
0.19558458083453625
0.19620193583278614
0.19620193583278614
0.19127416246088894
0.19127416246088894
0.19098851913196277
0.19098851913196277
0.19211904297097707
0.18405169893491272
0.18405169893491272
0.18533426729547878
0.18533426729547878
0.1854970832493765
0.1854970832493765
0.1853734453099288
0.18579132263226095
0.18579132263226095
0.19072061000147605
0.19072061000147605
0.18961248494482824
0.18918564871970095
0.1788854239791325
0.17864934483789444
0.17864934483789444
0.1737091858080658
0.1737091858080658
0.1737091858080658
0.18627210909446051
0.18615833156860734
0.18615833156860734
0.18322642964386202
0.18322642964386202
0.18322642964386202
0.164576693962892
0.164576693962892
0.164576693962892
0.164576693962892
0.164576693962892
0.164576693962892
0.164576693962892
0.164576693962892
0.164576693962892
0.164576693962892
0.1604498749465456
0.1604498749465456
0.1604498749465456
0.16053431340865051
0.16053431340865051
0.16053431340865051
0.16053431340865051
0.16053431340865051
0.16053431340865051
0.16053431340865051
0.16053431340865051
0.16053431340865051
0.16053431340865051
0.16053431340865051
0.16053431340865051
0.16053431340865051
0.16053431340865051
0.16053431340865051
0.16053431340865051
0.16053431340865051
0.16053431340865051
0.15131582492282267
0.1507989846323156
0.1507989846323156
0.1507989846323156
0.1507989846323156
0.1507989846323156
0.15054905841448551
0.15054905841448551
0.15054905841448551
0.15054905841448551
0.14786213003234272
0.14782768627379222
0.14782768627379222
0.14782768627379222
0.1473800391884371
0.1473800391884371
0.1473800391884371
0.1473800391884371
0.1473800391884371
0.1473800391884371
0.1473800391884371
0.14061841117025226
0.140365847390984
0.140365847390984
0.140365847390984
0.140365847390984
0.140365847390984
0.140365847390984
0.140365847390984
0.140365847390984
0.140365847390984
0.140365847390984
0.140365847390984
0.140365847390984
0.1425917321574067
0.1425917321574067
0.1425917321574067
0.1425917321574067
0.1418855100476685
0.1418855100476685
0.1418855100476685
0.1418855100476685
0.13650126110811095
0.13464101226341693
0.13464101226341693
0.12856663850623928
0.12856663850623928
0.12856663850623928
0.12856663850623928
0.12856663850623928
0.12856663850623928
0.12831772715270662
0.12831772715270662
0.12831772715270662
0.12831772715270662
0.12831772715270662
0.12831772715270662
0.12831772715270662
0.12831772715270662
0.12831772715270662
0.12831772715270662
0.12831772715270662
0.12831772715270662
0.12831772715270662
0.12831772715270662
0.12831772715270662
0.12831772715270662
0.12831772715270662
0.12831772715270662
0.12831772715270662
0.12831772715270662
0.12831772715270662
0.12831772715270662
0.12831772715270662
0.1254495125964041
0.1254495125964041
0.1254495125964041
0.1254495125964041
0.12516417623814038
0.12516417623814038
0.12516417623814038
0.12516417623814038
0.12387017493892935
0.12288037895165418
0.12288037895165418
0.12288037895165418
0.12288037895165418
0.12288037895165418
0.12288174670002974
0.12288174670002974
0.12288174670002974
0.12288174670002974
0.12288174670002974
0.12288174670002974
0.12288174670002974
0.12288174670002974
0.12288174670002974
0.12066601308756722
0.12722263051328822
0.12722263051328822
0.12722263051328822
0.12722263051328822
0.12722263051328822
0.12722263051328822
0.12722263051328822
0.12722263051328822
0.12722263051328822
0.12722263051328822
0.12722263051328822
0.12722263051328822
0.12722263051328822
0.12722263051328822
0.12722263051328822
0.12732116287811632
0.12732116287811632
0.1306835217841868
0.1306835217841868
0.1306835217841868
0.1306835217841868
0.1306835217841868
0.1306835217841868
0.1306835217841868
0.1306660953597803
0.1306660953597803
0.1306660953597803
0.1306660953597803
0.1306660953597803
0.1306660953597803
0.1306660953597803
0.1306660953597803
0.1306660953597803
0.1306660953597803
0.1306660953597803
0.12863170156767467
0.12863170156767467
0.12822376003724878
0.12822376003724878
0.12822376003724878
0.12822376003724878
0.12822376003724878
0.12822376003724878
0.12822376003724878
0.12822376003724878
0.12822376003724878
0.12822376003724878
0.12822376003724878
0.12822376003724878
0.12822376003724878
0.12822376003724878
0.12822376003724878
0.12822376003724878
0.12410177238855047
0.12410177238855047
0.12410177238855047
0.12410177238855047
0.12410177238855047
0.12410177238855047
0.12410177238855047
0.11905824445091544
0.11905824445091544
0.11905824445091544
0.1153928254175697
0.1153928254175697
0.1153928254175697
0.1153928254175697
0.1153928254175697
0.1153928254175697
0.1153928254175697
0.1153928254175697
0.1153928254175697
0.1153928254175697
0.1153928254175697
0.1153928254175697
0.1153928254175697
0.1153928254175697
0.1153928254175697
0.1153928254175697
0.1153928254175697
0.1153928254175697
0.1153928254175697
0.11530269641092324
0.11530269641092324
0.11530269641092324
0.11530269641092324
0.11329637463205859
0.11329637463205859
0.11329637463205859
0.11329637463205859
0.11325941335976755
0.11325941335976755
0.11325941335976755
0.11325941335976755
0.11325941335976755
0.11325941335976755
0.11325941335976755
0.11325941335976755
0.11325941335976755
0.11107863688741383
0.11107863688741383
0.11107863688741383
0.11107863688741383
0.11107863688741383
0.11107863688741383
0.11107863688741383
0.11107863688741383
0.11107863688741383
0.11107863688741383
0.11107863688741383
0.11107863688741383
0.11107863688741383
0.11107863688741383
0.11107863688741383
0.11107863688741383
0.11107863688741383
0.11107863688741383
0.11107863688741383
0.11107863688741383
0.11107863688741383
0.11107863688741383
0.11107863688741383
0.11107863688741383
0.11107863688741383
0.11092884409417014
0.11092884409417014
0.11092884409417014
0.11092884409417014
0.11092884409417014
0.11092884409417014
0.11092884409417014
0.11092884409417014
0.11092884409417014
0.11092884409417014
0.11092884409417014
0.11092884409417014
0.11132732418095845
0.11132732418095845
0.11132732418095845
0.11132732418095845
0.11132732418095845
0.11132732418095845
0.11132732418095845
0.09406882563035616
0.09102400905070479
0.09102400905070479
0.08996213451202915
0.08996213451202915
0.08996213451202915
0.08996213451202915
0.08996213451202915
0.08996213451202915
0.08996213451202915
0.08996213451202915
0.08996213451202915
0.08996213451202915
0.08996213451202915
0.08996213451202915
0.08996213451202915
0.08996213451202915
0.08996213451202915
0.08996213451202915
0.07538950146352509
0.07538950146352509
0.07538950146352509
0.07538950146352509
0.07538950146352509
0.07538950146352509
0.07538950146352509
0.07538950146352509
0.07507322835672113
0.07507322835672113
0.07507322835672113
0.07507322835672113
0.07507322835672113
0.07507322835672113
0.07507322835672113
0.07507322835672113
0.07507322835672113
0.07487320687615645
0.07487320687615645
0.07487320687615645
0.07487320687615645
0.07487320687615645
0.07487320687615645
0.07487320687615645
0.07487320687615645
0.07487320687615645
0.07487320687615645
0.07487320687615645
0.07287476972419045
