0.0466667 -0.018380905354564575
-0.0866667 -0.22082880421746348
-0.3733333 -0.40981688768778196
-0.1533333 0.5312476202001539
0.0366667 0.019206866701773018
0.0066667 0.04430262437575622
0.7633334 0.7411561565628677
0.61 0.5887965932532495
0.3833334 0.4149795300493643
-0.28 -0.2524101789216618
0.56 0.5680097982194724
0.1633333 0.1137533907874616
0.1266667 0.11018835417066136
-0.71 -0.8296089436312526
0.9666667 0.5253350001701176
-0.86 -0.8189733699871302
-0.59 -0.630811225031835
-0.2366667 -0.36402594905532276
-0.4033333 -0.39776488847670555
-0.7566667 -0.8309634099637683
0.7133334 0.7405113563902188
0.4233333 0.5456673739592344
-0.2933334 -0.17873751895121226
0.72 0.7239856088977346
-0.9666667 -0.9168684369489852
-0.9966667 -0.7570591307663314
0.9833333 0.6496365397161459
-0.6666667 -0.6775910111197871
-0.17 -0.1540164208499325
0.9 0.7967036715279329
0.03 0.027632401742597235
0.27 0.3663448008330541
