0.0466667 0.031786204196239676
-0.0866667 -0.11518713408042791
-0.3733333 -0.36198395427202956
-0.1533333 -0.14394317572481635
0.0366667 0.02163353735767659
0.0066667 0.027995005691507813
0.7633334 0.7610417901996557
0.61 0.625125508355015
0.3833334 0.3880190872310374
-0.28 -0.2664947576824479
0.56 0.5860157667748902
0.1633333 0.15503822044527665
0.1266667 0.132436953377277
-0.71 -0.7692680362781227
0.9666667 0.9847807467566471
-0.86 -0.8902522326739429
-0.59 -0.6098226098476588
-0.2366667 -0.2656300992514251
-0.4033333 -0.38637007036850224
-0.7566667 -0.7145943618513239
0.7133334 0.7105860554401242
0.4233333 0.45291139256988266
-0.2933334 -0.2939532449346664
0.72 0.7088762723390982
-0.9666667 -0.9533953997848394
-0.9966667 -0.9957409063271597
0.9833333 0.9851828472626674
-0.6666667 -0.6782700116217617
-0.17 -0.1471339574960458
0.9 0.8919552612319084
0.03 0.022965671595435555
0.27 0.27282762821132994
