1.439677048585541
1.2960914853246508
1.2976135803280369
1.3052773158271878
1.3044759117683604
1.3068226945125339
1.2939198657912847
1.2873953899556003
1.2938103497613986
1.2796512038073387
1.2767017586086906
1.2740355625787825
1.275914402856918
1.2751015885302641
1.2774005078689972
1.2831767710728021
1.263887908108075
1.2616633781023272
1.2622591342078284
1.259029344073125
1.2690133273442723
1.3024252147998332
1.301739935358064
1.2912225783397877
1.291170034303841
1.300466146424742
1.2714605359721087
1.2652363930089392
1.2644047027907381
1.2689991050461618
1.2513964178831838
1.2511395847243656
1.2513406743117381
1.2430691140977297
1.2431045203394142
1.2407722653521203
1.2407722653521203
1.2482264750490588
1.236393340448556
1.2369482832387049
1.2389678112872051
1.2388629692022097
1.207530266442265
1.1956946318787864
1.1777014901286882
1.1778201077511794
1.1774603878603185
1.1850980189300528
1.208024256383845
1.2221136244195032
1.2322909372546986
1.2253638599218166
1.221882969981534
1.225803753658861
1.203278354391342
1.232952543888764
1.2281997913803144
1.216645483282342
1.2087042197082938
1.2093965320117581
1.2306133526729408
1.2346719166112248
1.2325998773093232
1.2165002220283518
1.2228467433607415
1.2243096580921276
1.2264597876279828
1.2182149102341566
1.227620303846469
1.21636817306411
1.2320823264461016
1.2262902593912102
1.2426388837598927
1.2508786226790944
1.256294429984895
1.2487296057481563
1.2510839382181753
1.2523850253899393
1.2600032035323436
1.2936280186363653
1.2966739918147583
1.3017088093771252
1.310623611735342
1.3120082901283103
1.3061522898742328
1.3010925173053882
1.3050912500839624
1.3145416096951408
1.3218583158096506
1.3096533538769033
1.3126804149110225
1.3100329535589195
1.2923115053420555
1.3013477593783584
1.2959498896637285
1.2867565866910398
1.2728910726900264
1.2538152866142374
1.2559370859628547
1.251596328427909
1.2524171370116413
1.2388175110123294
1.2269099086860358
1.2238729441612228
1.234637816915631
1.2391676758166537
1.215697122176226
1.2220431796300704
1.2235908028487854
1.224569591152893
1.2232134640053456
1.2374372062434111
1.2373221848158644
1.2495866741316628
1.2454349496232007
1.2380064138334221
1.2508710469912128
1.2518641381967581
1.2482725595469848
1.2414686111534878
1.2257339003763146
1.2257276390353413
1.2248860572362363
1.2241959626749246
1.2110651295826786
1.2357346018021458
1.2346467780841823
1.2365426020697132
1.238641587132328
1.2318186699629372
1.23140423654311
1.225766359678722
1.2264112177065707
1.2227760109074024
1.2147340923825662
1.219448082701833
1.2198529173238373
1.221575274526019
1.2327144592155015
1.232245239627548
1.234878048828349
1.2305019918587674
1.2298479763739139
1.2298479763739139
1.22109869637587
1.2213209964019087
1.2239510562930862
1.2204236389491516
1.2146977578146878
1.2145733265690541
1.214589936519227
1.2220119187231662
1.2324203354687224
1.2324203354687224
1.2319141268729663
1.220969810036117
1.2222425231959435
1.2389900498677004
1.2389900498677004
1.2432812432924925
1.2442175686948598
1.243746143018671
1.2534349104467084
1.2609120021119031
1.2684136195723164
1.266341809382711
1.2585858554690117
1.2589693529612485
1.261788503677135
1.277926800947505
1.277926800947505
1.2782810655775847
1.272944013050538
1.274742608102604
1.2794944234762553
1.2736825569216292
1.2817496151291097
1.272326446878637
1.2613734993293324
1.257450240418589
1.2689216752179842
1.3027956629551594
1.2964039701214471
1.279159108211701
1.277363914962841
1.2687069918299516
1.3021250950418215
1.295904637843059
1.2939795678808432
1.3002039391298164
1.3083837019837141
1.3122914125389322
1.3084471981586516
1.3111468408505842
1.3105645886378312
1.3075476147926428
1.3013618181973687
1.3016681255825138
1.2992420545125405
1.2902388595056942
1.3020945918239246
1.300707036887051
1.3022225131611622
1.300671358619142
1.2925791402153808
1.3042653173022514
1.3049143728563812
1.3032089470856476
1.3024981086366805
1.2933095680014663
1.2895436068711648
1.3077226210811042
1.3079825642612022
1.3020626996173383
1.3024022295349411
1.2947532034157516
1.2888976933891807
1.3070772163157522
1.3047393409796815
1.298107625976257
1.2973474796870208
1.2951824060903707
1.2907837599460152
1.2878967990151775
1.2819694749889923
1.2821599213509436
1.2813666662020988
1.2639402217068458
1.25156603544761
1.2429384381556328
1.241402381472417
1.241402381472417
1.2370758212836341
1.2397255313502595
1.239813121854479
1.2353672310070143
1.2401763791759757
1.2382866280616138
1.2388165554992494
1.2652795619326749
1.2622352387482905
1.261551942160664
1.2537606908250738
1.2537816025058721
1.2534168475065883
1.2420860899869097
1.2237497310671202
1.2264146634009903
1.2264146634009903
1.2233023668735028
1.227245157670026
1.2269204771190054
1.223476666984707
1.249628456130556
1.2149910126208425
1.2158602081258614
1.2458810474591362
1.2419346576730526
1.2439117981532253
1.2484228948970784
1.2410038749432108
1.2359789417901543
1.2371531555455504
1.251736120927433
1.245688707060919
1.245688707060919
1.2421472849067319
1.244709913918424
1.2434934911828517
1.2486448702591142
1.264344728809079
1.2694251003874966
1.271470210309243
1.2665723606760775
1.2633255710862075
1.2672194084605468
1.2826773381310361
1.2783594872281847
1.2718008853378255
1.2725505041763099
1.265865260068418
1.2429694680564072
1.2430485561670097
1.2430485561670097
1.2458273692232507
1.2498201204364228
1.252503179797723
1.2565791578315662
1.2586148625843163
1.2600889403560394
1.26013487937625
1.26013487937625
1.2614451438749035
1.2374396526168832
1.2540168573965975
1.2538914737880964
1.2502975228953024
1.2502975228953024
1.2615131727748032
1.2616889113580312
1.264862164293479
1.256362917399505
1.2560385869173099
1.2518971204296283
1.2402670206074322
1.2462998139332644
1.2478604527742339
1.2475102978396666
1.2570021782379892
1.2297349264894697
1.2296858178469812
1.2260508137926467
1.2333329915279552
1.2330625894561498
1.210638052776388
1.2052117154874569
1.2159686470729745
1.2159686470729745
1.2464036316966647
1.2382361370854411
1.2316465429014625
1.2341283326803163
1.2317861109009756
1.237707273946726
1.2256760954673973
1.2296652511035435
1.2298216977179426
1.2423820472566363
1.244965710854442
1.2464940067077508
1.2479042301840813
1.2420075561233668
1.2420075561233668
1.2425679328007222
1.239366761315493
1.2559548020381
1.2650297875356906
1.2673246756427625
1.2688335060313247
1.2669275248164382
1.2669275248164382
1.268364817124046
1.2741209323542708
1.3080650523345683
1.3096956936148074
1.307694521058684
1.3171820757694865
1.3159852622521622
1.3163583787020605
1.3101029610290709
1.3101029610290709
1.310796781797173
1.3135998175462433
1.302185333919927
1.3005473533215959
1.3012044982385935
1.3108679051606722
1.3093364246348695
1.3256223691076219
1.3273847331795028
1.3269211047584692
1.3249496199439266
1.3279878395226419
1.327472064551166
1.3270962069075734
1.3223379450155939
1.324841814292864
1.329853111636555
1.3418845587079449
1.3402506784125925
1.335201966733817
1.3350027752476348
1.3350027752476348
1.335084883152026
1.3347965735575538
1.3350416511075933
1.3414310953812918
1.3280385492749822
1.3256010395071889
1.3256076887551016
1.3259837170478672
1.3183801667560024
1.3207624520415406
1.3239958557822822
1.3375829194431323
1.3379315382192036
1.3360353450834415
1.331091965383812
1.335376750352558
1.311836091417304
1.312310613359971
1.3145440774548367
1.315203275177501
1.3173373633322072
1.308579579874088
1.306023207559815
1.3054558397244402
1.3054558397244402
1.308871215918155
1.3022856229947017
1.3015140493215995
1.3015140493215995
1.301415664984163
1.3005794414138467
1.305275822557179
1.3156377801060082
1.3106741483101354
1.3069927953305416
1.3058163472867803
1.3065122873580828
1.298534810152867
1.3133027272774938
1.3149324613386297
1.323948554186485
1.3272902739527397
1.3291397906692615
1.3348837732996304
1.337340822603979
1.3391200123399967
1.3312062323782778
1.3312714984812708
1.331375864020808
1.3365343001843746
1.3394119718504833
1.3392173564098016
1.3368804581946543
1.3368804581946543
1.3368804581946543
1.330754026870034
1.3477970459947406
1.352416571393797
1.3482782596771992
1.3518024443286436
1.35015507695017
1.3451523957925473
1.3355093184829134
1.329768232243619
1.3318798767061846
1.3178020504071186
1.3137511201330165
1.3290678172361035
1.3244787983951172
1.3209372293625115
1.3246057083905758
1.3159601546320132
1.315152825029335
1.321047265736501
1.320913934783798
1.3239066731208886
1.3250049979065843
1.3250049979065843
1.3314084884123767
1.3312513141387554
1.3263065722377412
1.3429922225247184
1.3597303027620156
1.3732431516491816
1.369414807217979
1.3792064104886297
1.3792064104886297
1.3857194737008938
1.3850501697097117
1.3865469191118216
1.387740478371343
1.387446003328813
1.40743988316092
1.389328675788386
1.366302278595058
1.3547299485831799
1.3388465443298416
1.3424195484026433
1.3463009941539874
1.35238901922199
1.3449399126312414
1.3357930861918157
1.3386177423104526
1.3423436923503262
1.3353204136305115
1.3243716991127183
1.3186748420020538
1.3259109444425294
1.3200743694837767
1.31924502610304
1.3185630753639883
1.3169720744670508
1.3203030033348446
1.313021396349544
1.314172761166055
1.321358540122503
1.315469565052046
1.317107829772515
1.314262990176527
1.2982286382673114
1.3068553640520977
1.3068553640520977
1.3121018497972339
1.336265386722881
1.3257847080441818
1.3467744129707004
1.3282875926418323
1.317372452364569
1.3309140077929666
1.3292565650555532
1.3254402679139579
1.3305704698076628
1.3305704698076628
1.3150351447397297
1.2942007512071094
1.2917091892452177
1.2917091892452177
1.2868491907569752
1.2919831871203635
1.2864527733348807
1.2925798045649806
1.3032118016440553
1.2980225073363096
1.2968977745421821
1.3007537105182032
1.2995461000272295
1.2979442386521407
1.2999957381487817
1.2899120698800468
1.2891550399119638
1.2845637633349596
1.286394763585221
1.286394763585221
1.2908877372473018
1.2741469563302956
1.268211184326895
1.2871495537104949
1.2881932798068931
1.2771242361108843
1.27786751795932
1.289552194125091
1.2908823060421
1.301454571361184
1.3082098126859238
1.3082098126859238
1.3149529692230446
1.2974202173301432
1.291328089938148
1.290910156728687
1.2916602247280975
1.2885034880452717
1.2985126189766665
1.3002417919276097
1.307305588179581
1.3206911348345565
1.318257140593189
1.3157600845512332
1.327004626293569
1.3304637451303294
1.3171751660301514
1.3163061484730814
1.3163061484730814
1.3042025039374208
1.3035369988122616
1.3109897384855134
1.3123806988569304
1.3123806988569304
1.305087763675598
1.3132105210703855
1.3040598176087117
1.306689044569028
1.306689044569028
1.3081254235530486
1.307973513021492
1.3186929640960958
1.3313234859341745
1.3343171184568028
1.3510896058985988
1.3510713784669732
1.349466267410497
1.3497923536632057
1.3503468250354453
1.3490102540692783
1.3441726417793265
1.3456466502065696
1.347599422787159
1.3351082859328616
1.314918991382758
1.3129783800833486
1.3164442863608854
1.3128638526030234
1.3123023354769756
1.3100964545553424
1.3202357662584756
1.3187775699342317
1.3151435144702646
1.3133908649231871
1.3049525212843718
1.3038973511972056
1.31512502052719
1.307059904662453
1.3052757503245904
1.3055683391878805
1.307980113518771
1.306916015775601
1.3070642517171362
1.3085103384808647
1.313679826810987
1.3070364080225567
1.3013761350333835
1.306325109593717
1.320077363170385
1.3050675094517978
1.3053201771385787
1.2950647001529951
1.2932597231455865
1.29099906136884
1.3093065514485271
1.3133666778985902
1.3146289301111658
1.3148870408650548
1.3197694844912211
1.3313814543192142
1.3305486484839244
1.3275186970644077
1.318588332152592
1.318221999213446
1.336289731488611
1.337211597440155
1.3350553593712242
1.334789872447636
1.3401898801357446
1.3401898801357446
1.3503543631757875
1.3342848876714157
1.3386252123917377
1.3377754514521942
1.3367225999939014
1.3396312363933964
1.3487886785265537
1.3527236317894975
1.3524848706855597
1.3480922218674722
1.3480922218674722
1.3660797717180795
1.3623159641999205
1.3670212890919369
1.3681491926420521
1.3681491926420521
1.3580205096628932
1.3678418668423569
1.370076788469934
1.3664432915426998
1.3730993044205873
1.3840610732396188
1.3734894207341908
1.3692920531205128
1.36982984753507
1.366302881308038
1.3709873583760952
1.3614327596456044
1.3614327596456044
1.3614327596456044
1.3587930652398692
1.3630899260917861
1.366032451593003
1.3452183315789465
1.3434493456223762
1.3422596547740926
1.3456675083798684
1.3518516241153034
1.3618114775908954
1.364746306401113
1.3647404986303129
1.3648526597673054
1.3681713935109026
1.3636449940967623
1.36408443486808
1.3548782202118963
1.3702868052292048
1.359805227580089
1.3533139436883954
1.353991654092402
1.3559715699131243
1.3512202914370441
1.349915209201598
1.3633242860038168
1.363712881413196
1.3616029592352026
1.3439477522234429
1.3426954834110585
1.341115428176521
1.351634339816129
1.3472152503521722
1.351356205774232
1.351742466098819
1.3496218867396936
1.3506830978777327
1.3506830978777327
1.3503894976953785
1.338233809407042
1.338233809407042
1.3455968319866634
1.3452956142064973
1.3442378380405204
1.3384018060640372
1.3384018060640372
1.3364823583030394
1.3326875709144785
1.3388936067729051
1.3377774708594237
1.3391779864098317
1.3381638505648312
1.3381638505648312
1.3362218179935343
1.3366623317289161
1.3459700454089862
1.348594935939732
1.348594935939732
1.3457817731051538
1.3457817731051538
1.3236438211721409
1.3236438211721409
1.3236438211721409
1.3236438211721409
1.310234229557321
1.2983664622667141
1.2950723289798047
1.2950723289798047
1.2950723289798047
1.2947039534704388
1.2827558372247228
1.2829907231120532
1.293168942203894
1.2951728069190993
1.2901629496702998
1.2862043027318113
1.2890846441262986
1.2896145255272182
1.2739967630212388
1.2736879871247078
1.2573724612569188
1.2535465923165523
1.2508469623844634
1.2617259613696363
1.257455466599607
1.2559424863935762
1.2452908599038441
1.2452908599038441
1.2612853722165105
1.2674825125322475
1.2747069287135697
1.2705767567439588
1.2797761225793474
1.2846414412904743
1.2872375995629344
1.286873868653592
1.2896873534594608
1.286068982287651
1.2769215786406931
1.2840606596231254
1.2871612484218493
1.2799079037565617
1.281618681336334
1.2808342359569436
1.2648788910396287
1.262524025401489
1.2539070065579556
1.249005244954987
1.2394282354488322
1.2403853303089813
1.2447400153591681
1.2273027810697128
1.2273027810697128
1.230633704375584
1.2173553819946887
1.2135512350014745
1.1979038474913037
1.1985933213170172
1.1985933213170172
1.19848408718724
1.19848408718724
1.202260769728025
1.2023909636087156
1.2123548463960563
1.2123548463960563
1.2278278323261727
1.2278278323261727
1.2278278323261727
1.2301932968955267
1.2212422005743802
1.2199069516332102
1.2224526077695048
1.2210828457144838
1.2210594596858875
1.2092226625610647
1.2092226625610647
1.2101718364831293
1.2086078627853016
1.1908802666346594
1.1908802666346594
1.191693223456269
1.1904183248795988
1.189864648704521
1.1909233437091287
1.1888249603091854
1.195186655995755
1.1880139916697217
1.1798479869482739
1.1798479869482739
1.1858013806543009
1.189377813853044
1.189377813853044
1.189377813853044
1.2057043607115383
1.2110149109617014
1.204451006475546
1.2034630036100327
1.2065584647328484
1.2075997028527516
1.2058023537845908
1.2058023537845908
1.2058023537845908
1.1980160028925966
1.2074367682500813
1.2048536067512106
1.2046672072149995
1.204711375189903
1.218598608288701
1.215874361849221
1.2173918310297
1.2190667808126217
1.2194947798488356
1.2263237588087963
1.2292473300316822
1.1891372312510198
1.1910213362048725
1.2099647011471109
1.2094493650738563
1.2260740509304073
1.2200412268889473
1.2085004372486887
1.2014704501662785
1.1919505922866096
1.1924161014676213
1.1915185771571848
1.185747237803337
1.1892697498440568
1.1892697498440568
1.1895340008804196
1.1895340008804196
1.1895340008804196
1.1906359041187289
1.1950289197856112
1.1981907385982025
1.1950083422490152
1.1909869675651066
1.1895247438176373
1.1806408784856675
1.1856212812508768
1.1855901141411933
1.1855901141411933
1.1851225335149218
1.1854416621107065
1.1661431842973882
1.1661431842973882
1.1662981439226998
1.1664318793309876
1.168242704637517
1.169021011246819
1.169021011246819
1.1674847785142262
1.1714781822517613
1.1714781822517613
1.1693595288610565
1.167660624105603
1.1663854717171431
1.16518660514004
1.1670477528761587
1.1686052466606065
1.1677801609580778
1.1656886392601729
1.1649716350414356
1.1647466557024917
1.1498082306462036
1.1465898799487801
1.138521292613355
1.1384958382217103
1.1094931888906954
1.0801646847898019
1.0799634544452898
1.0799634544452898
1.086970861219188
1.0813689563664408
1.081836134566479
1.0836438086703941
1.0802782210560757
1.0678427879235257
1.064575146665568
1.0646259171034353
1.0775135978736696
1.0823209523224409
1.088853359289614
1.088853359289614
1.0738672410790269
1.0715540193261281
1.0715540193261281
1.0725807180674896
1.0725807180674896
1.071982020286892
1.065665141266555
1.0651145941570785
1.0651145941570785
1.0685773839876842
1.0675408341383845
1.0633531631504465
1.067589937843428
1.067589937843428
1.0741637677113502
1.0683185811000115
1.061369444480195
1.053672882202915
1.0457122163347992
1.0467950956533805
1.0553198570091304
1.0553198570091304
1.0532403096636322
1.0484552751505534
1.0481710338273795
1.0481710338273795
1.0403968372114833
1.0406294437967056
1.033036142527682
1.0336011719696307
1.0336011719696307
1.0336178956971553
1.0342080226041535
1.034948426604647
1.035424178082266
1.0376704447949885
1.0282644539506862
1.0249893165265602
1.0173240864924427
1.0156224908115004
1.0156224908115004
1.016206873551456
1.017836952623635
1.021014761752593
1.0152711665799956
1.0079261438823495
1.0081228293945979
1.00818846011503
1.0038239592710667
1.0051703461648727
0.9915858928164596
1.0067649017821736
1.0067649017821736
1.0054961601279195
1.0072085133525572
1.006181528574271
1.006342910137696
1.0094403609418778
1.001023497408687
0.9926016818746114
0.9955568200568422
0.9986832249207888
0.9999420285580454
1.0057166780667468
1.0038482388069343
1.0080062726256436
1.0040498830326554
1.0041634522943943
0.9852173898849413
0.9864104128803696
0.9848794456536994
0.9848794456536994
0.9778328080274472
0.9744907096344038
0.9826715668166685
0.9698182375749954
0.9698182375749954
0.9596012476344497
0.9598575167859101
0.9655595913907871
0.9502010755354676
0.9501203959246253
0.9351775211321851
0.9360928052935583
0.9360928052935583
0.9360928052935583
0.9369681169476947
0.9369681169476947
0.912067876078352
0.9056314916871294
0.9041648554448932
0.8909797676576137
0.8856226607702129
0.8868482785692657
0.8870380938360629
0.8870380938360629
0.8869951862748245
0.8869762001286152
0.8720720690244654
0.8720720690244654
0.8722430944993608
0.8777476261483496
0.8777476261483496
0.8759035143836842
0.8759035143836842
0.8759035209277345
0.8759035209277345
0.8754424296056651
0.8768122250991383
0.8763789472811281
0.8763789472811281
0.8706446144691923
0.8706446144691923
0.8735986988433593
0.8735986988433593
0.876132286361895
0.876575373012358
0.876575373012358
0.8710396316177179
0.8710396316177179
0.8706767585984153
0.856358113572989
0.8593818822472444
0.8546478498994416
0.8555902195054151
0.8516275330981543
0.8509317525420412
0.8469285240962798
0.8267900635031642
0.8231623963672432
0.8318804187465307
0.8306966689418966
0.8353230557401949
0.8237904497321473
0.8237904497321473
0.8158134539536245
0.835985153564037
0.8363912683265866
0.8360645107293082
0.8363332372170412
0.8347036258685713
0.828716341580925
0.828716341580925
0.8223265334905394
0.8066172997898237
0.8066659210915261
0.7940138677724589
0.7989755219337429
0.8007151734812596
0.7981150047730186
0.7973270919613444
0.8037279682444135
0.8015830616433497
0.803960895021102
0.8034522292673224
0.811823089245597
0.8125264632408686
0.810874266250049
0.8099943156718669
0.8107653144433887
0.8049039262312542
0.7994228471217749
0.7987396186472149
0.7971562787405705
0.79420382932512
0.7794282303452074
0.7945962388162585
0.7719478726913976
0.7552248777778022
0.7560033460585224
0.7535978438042343
0.7491209339632263
0.7585766868203664
0.7650313796944403
0.7650313796944403
0.7668245651299725
0.7676919388538637
0.7641630605968389
0.7635922417523915
0.7616595116339914
0.7616595116339914
0.7614972229332801
0.754582025329611
0.7516110616526819
0.7513081261652002
0.7513081261652002
0.7525101409770139
0.7531473803468398
0.7531473803468398
0.755913506678426
0.760789812853973
0.7588126406667631
0.755825586406076
0.7512229905166283
0.7497114515163652
0.7376700391452647
0.7376700391452647
0.7302863367112723
0.7302863367112723
0.7332148316521007
0.734990358800948
0.7255892309699965
0.7255892309699965
0.7072243876737353
0.7019451636852974
0.7021785226337173
0.699643989869751
0.7005245728679985
0.6974109418923317
0.6969925299045804
0.6936185792238178
0.6936185792238178
0.690914539902214
0.6899754562107857
0.6904292246758365
0.6867664846382008
0.6753243925800186
0.6790991612334598
0.6793721339190316
0.6854658031272548
0.6873770699668721
0.6765271685627591
0.6797531487115431
0.6844272527952092
0.6844272527952092
0.6922145260749981
0.6844974452321986
0.6854230591356123
0.6832378233481289
0.6832378233481289
0.6885295394169816
0.6812096805962565
0.682098473098358
0.6851708095089137
0.6676410530952678
0.6676410530952678
0.6795662667734428
0.6795662667734428
0.6770405257624041
0.6662637805415413
0.6619991115103314
0.6619991115103314
0.6601743521898458
0.6582860181242713
0.6602651839619582
0.6541838038012991
0.6541838038012991
0.6541838038012991
0.6511044790507521
0.6511044790507521
0.65069427382152
0.6628430353467935
0.6534511080474936
0.6537943774933039
0.6537943774933039
0.6591383115617204
0.6701997958600241
0.6703930147525746
0.6767578978041363
0.6767578978041363
0.6767578978041363
0.676689031841823
0.6782976427551543
0.6782976427551543
0.6792077999185049
0.6781868907253922
0.6781868907253922
0.676144475831486
0.654245863965718
0.654245863965718
0.654245863965718
0.6537549017819175
0.6388508695426943
0.6392333963121766
0.6417587994735855
0.641599042750593
0.6461713302962295
0.6456204751924914
0.6471109132855353
0.6458204767040018
0.6458204767040018
0.6555286402729537
0.658186049377546
0.658186049377546
0.658186049377546
0.6577097743165142
0.65566930788043
0.65566930788043
0.6615221667552922
0.6627108369354736
0.6620357031486436
0.6560228616588367
0.6544359564046442
0.6459369144916549
0.6459369144916549
0.6570005649954397
0.6531742735682999
0.6511889898203717
0.6511889898203717
0.6568604529366922
0.6649522300586991
0.6640214446240181
0.6632920342685446
0.6632920342685446
0.6698657707417577
0.6698657707417577
0.6653910876893556
0.6618977391987952
0.656137755040242
0.6556810265397167
0.6575234131048486
0.658454225928214
0.658454225928214
0.656785913671396
0.6685494572963288
0.6654093206639289
0.6654093206639289
0.6500400280440924
0.6630483014770244
0.6630483014770244
0.6766617828848579
0.6758272155501021
0.6699080415040966
0.6756850040482694
0.6754215656814779
0.6912499861868627
0.6912499861868627
0.6886884886326744
0.6886884886326744
0.6852443084634641
0.6848992696479015
0.6842524630707449
0.6827646834602872
0.6781465805407603
0.6810765661845638
0.675598080462272
0.6734967222820899
0.6716334920456619
0.6728535562881636
0.6668313992764338
0.6647193587681212
0.6632931212813701
0.6632931212813701
0.6771835353632197
0.686701617007525
0.686701617007525
0.6790569595817904
0.6781034975365574
0.6781034975365574
0.6781034975365574
0.6781034975365574
0.6781034975365574
0.6748864254421684
0.6748864254421684
0.6745673914868373
0.6753057442586924
0.6753057442586924
0.6742939732010476
0.6754886176745046
0.6786224952641096
0.6700103508611474
0.6545764391965877
0.654207888910491
0.654207888910491
0.6492339892514735
0.6492339892514735
0.6507573674337752
0.6516790120870478
0.6435716365729592
0.6428448807563598
0.6435245497862917
0.6423497073112049
0.6358521274139515
0.63655659414686
0.63655659414686
0.63655659414686
0.635495204041307
0.635495204041307
0.635495204041307
0.635495204041307
0.626691158386857
0.6263023525249355
0.63016069577183
0.6295936985626706
0.629585922613486
0.6309503901371005
0.6314221919542541
0.6262242476027966
0.6262242476027966
0.6262242476027966
0.630272370773035
0.630272370773035
0.6297301753868333
0.6297301753868333
0.6286373061857087
0.6145086084966047
0.6192965591273267
0.6151360817703988
0.6087166369026314
0.6065955793998489
0.6065917681417806
0.6065917681417806
0.6070693253431305
0.6070693253431305
0.604720490616198
0.6073400878560796
0.6045451167940386
0.5957610367535896
0.5953499078694003
0.5925192389834417
0.5921393418940936
0.589886034248007
0.5920805879007196
0.5888690606152848
0.5888690606152848
0.5882213922871141
0.5920771658259766
0.5869785948183907
0.5855690790355232
0.5859552594014386
0.5884592211321813
0.5884592211321813
0.5778297328564777
0.5802950462012874
0.5792277871252355
0.5784741717345098
0.5783977664581484
0.5801664790078135
0.5818965484022315
0.5817907943281748
0.5690748403544327
0.5682890399533328
0.5682890399533328
0.5746525628673714
0.5757637312993055
0.5861494668960229
0.5861494668960229
0.5854847587246066
0.5816590589502697
0.5713292960290852
0.5713292960290852
0.5713292960290852
0.5800716483202124
0.5800716483202124
0.5800716483202124
0.5796485320762107
0.5848637292659673
0.5730368930033902
0.5730368930033902
0.5736777792434024
0.5736777792434024
0.5758103407300224
0.5822845772069163
0.5802965625247892
0.5802990242486356
0.5786752416505312
0.5794136225332888
0.580364306473195
0.5824672393748154
0.5824672393748154
0.5831177888751086
0.5886421835810692
0.5919614570530483
0.5917183548334111
0.5917183548334111
0.5854536387799867
0.5831976569234572
0.5831976569234572
0.5831976569234572
0.5832424289591057
0.585196132774554
0.5752828757062323
0.5752342470479463
0.5752342470479463
0.5752342470479463
0.5752342470479463
0.5695098376114234
0.5695098376114234
0.5695098376114234
0.5592167471946325
0.5718548093586555
0.5718548093586555
0.5550182935736276
0.555837564615128
0.554174999855366
0.5539394942099474
0.5539394942099474
0.5539394942099474
0.5539394942099474
0.5533724758489091
0.5533724758489091
0.5555273669799298
0.5587165096339606
0.563087327466237
0.563087327466237
0.5626753997007303
0.5637677924085451
0.5627205088613377
0.5594978226403192
0.5599405005414195
0.5576872042439285
0.5616195247950284
0.5542880861301523
0.5556874020860536
0.5556874020860536
0.561065498648952
0.5638909363411345
0.5518572704139885
0.5508751737121849
0.5508751737121849
0.5508751737121849
0.5510534295226995
0.5516753471987552
0.5480741149558519
0.5480741149558519
0.5505272706638132
0.5540993127139429
0.5540993127139429
0.5540993127139429
0.5538230635086039
0.5538529764652742
0.5565586470742473
0.5565586470742473
0.5521561516129604
0.5511880223103993
0.5511880223103993
0.552154804496653
0.552154804496653
0.5382248038416184
0.5375702706232592
0.5383679715321781
0.5383679715321781
0.5383448901016972
0.5315028421328316
0.5315028421328316
0.5293328953790853
0.531481930153804
0.531481930153804
0.526696420432719
0.5283893709137456
0.5341760205562042
0.5341760205562042
0.5377678374034394
0.526696420432719
0.526696420432719
0.5242316822379471
0.5238920780258713
0.5238920780258713
0.5238920780258713
0.5135778117598798
0.5135778117598798
0.5118723003453576
0.5118723003453576
0.5118723003453576
0.5118723003453576
0.5098302206059518
0.5098302206059518
0.5098302206059518
0.4955617958859127
0.48825925591883734
0.463544571465798
0.45462028655740067
0.45462028655740067
0.44469820832912943
0.44469820832912943
0.4420252862910109
0.4420252862910109
0.4420252862910109
0.4420252862910109
0.4420252862910109
0.4420103139499007
0.4420103139499007
0.4420103139499007
0.44162569082592046
0.44162569082592046
0.44162569082592046
0.44162569082592046
0.44162569082592046
0.4398632121950443
0.44016863280720464
0.4410614556925928
0.4410614556925928
0.43947212400517816
0.43385483435923905
0.43385483435923905
0.43385483435923905
0.43385483435923905
0.43385483435923905
0.43385483435923905
0.43385483435923905
0.43385483435923905
0.42993599189710713
0.42993599189710713
0.42993599189710713
0.42993599189710713
0.42993599189710713
0.42993599189710713
0.42993599189710713
0.43014945569219465
0.43014945569219465
0.43014945569219465
0.43014945569219465
0.42434925672955176
0.42434925672955176
0.42434925672955176
0.42434925672955176
0.42434925672955176
0.42434925672955176
0.42434925672955176
0.42153711094678925
0.42141953889590505
0.42141953889590505
0.42141953889590505
0.4163958883024643
0.4163958883024643
0.4163958883024643
0.4163958883024643
0.4163958883024643
0.4163958883024643
0.4162247033229767
0.4162247033229767
0.4116655348245896
0.4116655348245896
0.4116655348245896
0.41105448560420405
0.41105448560420405
0.41105448560420405
0.41108340469651855
0.41108340469651855
0.41108340469651855
0.41108340469651855
0.41004923423031897
0.41004923423031897
0.41004923423031897
0.41004923423031897
0.3794929353483338
0.3794929353483338
0.3794929353483338
0.3794929353483338
0.3794929353483338
0.3794929353483338
0.36189808457676403
0.36189808457676403
0.36189808457676403
0.36189808457676403
0.3606910214968382
0.3606910214968382
0.3606910214968382
0.3606910214968382
0.3606910214968382
0.3606910214968382
0.3606910214968382
0.3606910214968382
0.3606910214968382
0.3606910214968382
0.3606910214968382
0.3606910214968382
0.3606910214968382
0.3590148443630187
0.3590148443630187
0.3590148443630187
0.3590148443630187
0.35895481345768393
0.35895481345768393
0.35918679410136456
0.35918679410136456
0.35918679410136456
0.35918679410136456
0.35918679410136456
0.35918679410136456
0.35918679410136456
0.35619044191032867
0.35619044191032867
0.35619044191032867
0.3527401551221715
0.3527401551221715
0.3527401551221715
0.3527401551221715
0.3527401551221715
0.3481564016686901
0.3481639114087857
0.3481639114087857
0.34470841812867786
0.34470841812867786
0.34470841812867786
0.34470841812867786
0.34470841812867786
0.34470841812867786
0.34470841812867786
0.34470841812867786
0.34470841812867786
0.34470841812867786
0.3446960542326563
0.3446960542326563
0.3446960542326563
0.34292833689377866
0.3423112778706877
0.3435117499840223
0.3435117499840223
0.3435117499840223
0.3435117499840223
0.3435117499840223
0.3435117499840223
