0.0466667 0.011148202729023393
-0.0866667 -0.045615364645722606
-0.3733333 -0.3499090307448792
-0.1533333 -0.19548848053497525
0.0366667 0.06756843421962228
0.0066667 0.002570328601123495
0.7633334 0.7421440715501016
0.61 0.15052426689806098
0.3833334 0.22255449404902977
-0.28 -0.35208663653581923
0.56 0.5988689839406489
0.1633333 0.2570036735599712
0.1266667 0.00864744263167011
-0.71 -0.761186531462528
0.9666667 0.9429413130027857
-0.86 -0.8419053717332077
-0.59 -0.5704320041117064
-0.2366667 -0.2906581703759232
-0.4033333 -0.29331352324184323
-0.7566667 -0.7221607318927492
0.7133334 0.3833789230099782
0.4233333 0.3840468362491339
-0.2933334 -0.2673963095045747
0.72 0.6785515845685302
-0.9666667 -0.8089061850468793
-0.9966667 -0.872491670208214
0.9833333 0.8826335279123969
-0.6666667 -0.6639350307835414
-0.17 -0.2155491076888698
0.9 0.9684329732037029
0.03 0.15523996223315453
0.27 0.253658886833601
