0.0466667 0.04066050557507095
-0.0866667 -0.10798082827362987
-0.3733333 -0.3808527698088042
-0.1533333 -0.1552628140287317
0.0366667 -0.008541834683055194
0.0066667 0.021309399379333238
0.7633334 0.7548027527592548
0.61 0.590859946068661
0.3833334 0.37222025194409286
-0.28 -0.30864236994151556
0.56 0.5557449146868032
0.1633333 0.15527810357745286
0.1266667 0.13464596619636937
-0.71 -0.7472649818819286
0.9666667 0.9747850183477689
-0.86 -0.8883281741806911
-0.59 -0.5826809956027887
-0.2366667 -0.28703359416582075
-0.4033333 -0.37870816777123056
-0.7566667 -0.7163126716716282
0.7133334 0.7192420412091189
0.4233333 0.44632981480802564
-0.2933334 -0.26091408563371193
0.72 0.6996428842297139
-0.9666667 -0.9355609820677017
-0.9966667 -0.9694049897831579
0.9833333 0.9999619928592016
-0.6666667 -0.6802084946692084
-0.17 -0.1703533739079886
0.9 0.9092779330103423
0.03 0.02905932966326069
0.27 0.26551514036957125
