0.0466667 0.08582436613066355
-0.0866667 -0.11292118748949143
-0.3733333 -0.4028170491813378
-0.1533333 -0.14879396791146532
0.0366667 -0.006065208028574187
0.0066667 0.0368489428334767
0.7633334 0.8145553341923926
0.61 0.5931143268153112
0.3833334 0.39915324268967345
-0.28 -0.21634326295248107
0.56 0.49236434461733625
0.1633333 0.1752891165117571
0.1266667 0.1200700107200934
-0.71 -0.7540063913665447
0.9666667 0.9445850051750819
-0.86 -0.8403858679649263
-0.59 -0.5393611583057301
-0.2366667 -0.2914338344510361
-0.4033333 -0.3383312090960507
-0.7566667 -0.699731011042609
0.7133334 0.6350114183463527
0.4233333 0.4752068209509219
-0.2933334 -0.28387440274211023
0.72 0.717708365616679
-0.9666667 -0.957138722466733
-0.9966667 -0.9186634637592442
0.9833333 0.9116467946392164
-0.6666667 -0.6976496979357905
-0.17 -0.16547988387463036
0.9 0.914392046283596
0.03 0.005724068595728604
0.27 0.25753304770288077
