0.0466667 0.042858863296035776
-0.0866667 -0.15615800472998803
-0.3733333 -0.3672375136229997
-0.1533333 -0.22903288216071013
0.0366667 0.019108970271513037
0.0066667 0.10872242354378059
0.7633334 0.8025016844330991
0.61 0.5782460733266717
0.3833334 0.3855550562265186
-0.28 -0.30148088795423333
0.56 0.6231121191033896
0.1633333 0.15588797981409272
0.1266667 0.07103527071282878
-0.71 -0.7010542714802186
0.9666667 0.9666914693294877
-0.86 -0.8097225387243387
-0.59 -0.5856677101485477
-0.2366667 -0.267922827366602
-0.4033333 -0.4118138855326457
-0.7566667 -0.7117668059795421
0.7133334 0.7276096835473801
0.4233333 0.392084194013067
-0.2933334 -0.2947231788048693
0.72 0.7206015856472059
-0.9666667 -0.9313341728745275
-0.9966667 -0.934222227093171
0.9833333 0.9791046420153819
-0.6666667 -0.7221304379452906
-0.17 -0.18435240380880855
0.9 0.9236406968946502
0.03 0.01814853932940358
0.27 0.3232457926532186
