0.0466667 0.043337674194389275
-0.0866667 -0.09825368757188702
-0.3733333 -0.36750060692239706
-0.1533333 -0.15046592898300815
0.0366667 0.012434760870810524
0.0066667 0.019363712737529182
0.7633334 0.7507301606478589
0.61 0.6084830776877661
0.3833334 0.35627144184966236
-0.28 -0.29459697319489236
0.56 0.543711634405863
0.1633333 0.14836756355324623
0.1266667 0.13169491623326784
-0.71 -0.7792597688807139
0.9666667 0.9797695889063778
-0.86 -0.8663350947940187
-0.59 -0.6032623873773895
-0.2366667 -0.26720961293020673
-0.4033333 -0.4288587607457411
-0.7566667 -0.7390583928725707
0.7133334 0.7337739258506398
0.4233333 0.45024345364550034
-0.2933334 -0.3035364473084489
0.72 0.7082427984415497
-0.9666667 -0.9185268843941228
-0.9966667 -0.985827673706808
0.9833333 0.9962007862542543
-0.6666667 -0.7007887361228949
-0.17 -0.19097104288742844
0.9 0.8767398898576718
0.03 -0.0013788251925391792
0.27 0.24924164445881647
