0.0466667 -0.009288363096363744
-0.0866667 -0.554295710889513
-0.3733333 -0.5252317290082241
-0.1533333 -0.15747271820083503
0.0366667 0.008369645971191442
0.0066667 0.01733202007747847
0.7633334 0.8980065949486851
0.61 0.5931578968998519
0.3833334 0.3235199806815542
-0.28 -0.26354304298406955
0.56 0.5812322052651819
0.1633333 0.1667295344451486
0.1266667 0.2480256907044736
-0.71 -0.7959272193282718
0.9666667 0.837577233431511
-0.86 -0.6810523770582833
-0.59 -0.5411881671902117
-0.2366667 -0.2190278360183382
-0.4033333 -0.35997621526727813
-0.7566667 -0.6999018048769616
0.7133334 0.6199344432816305
0.4233333 0.4433218104603058
-0.2933334 -0.3249963290962836
0.72 0.7103458717400206
-0.9666667 -0.7397023748163167
-0.9966667 -0.8162995845350175
0.9833333 0.9263472404948554
-0.6666667 -0.21712694530917592
-0.17 -0.20955114211623294
0.9 0.9448486678188182
0.03 -0.0315066031100546
0.27 0.0634908875303738
