0.0466667 0.04513336316764682
-0.0866667 -0.09315235110778947
-0.3733333 -0.3662643350548771
-0.1533333 -0.16810955379212533
0.0366667 0.017826054941077696
0.0066667 0.03363743766376387
0.7633334 0.7804772456460962
0.61 0.6032270664045292
0.3833334 0.399664194075352
-0.28 -0.3008116746188299
0.56 0.5798893962178286
0.1633333 0.16348360749796875
0.1266667 0.11147991263045681
-0.71 -0.7518754272403113
0.9666667 0.987229338204
-0.86 -0.8678456230669898
-0.59 -0.599512742218108
-0.2366667 -0.2325404900509293
-0.4033333 -0.3949669700056308
-0.7566667 -0.7283305622987474
0.7133334 0.7114942513550369
0.4233333 0.45186907803178517
-0.2933334 -0.3033476677275949
0.72 0.7215056355165332
-0.9666667 -0.9533383419300915
-0.9966667 -0.9980455757294351
0.9833333 0.9928943047030274
-0.6666667 -0.6878357673562039
-0.17 -0.17687353924365212
0.9 0.8876638159231134
0.03 0.01828853185740109
0.27 0.2827921059835328
