1.5207335103648747
1.431486473793526
1.414838729167646
1.4256766760483717
1.4271801028562972
1.433729737393443
1.433729737393443
1.4257640656047785
1.4126938714785209
1.4018064676964592
1.4034934625143651
1.3989180143034263
1.422286059467821
1.4207252922242637
1.417311422524676
1.4249395793903223
1.4458202241666933
1.4442837633108727
1.4487065991811883
1.4485220157230603
1.4455180685598028
1.4455180685598028
1.4485401826855324
1.4423086783234857
1.4475608579106545
1.449713088785445
1.4408187615018715
1.4452574304817034
1.442312803782515
1.4447020308552259
1.430901827192727
1.4333888140933577
1.4244458643436035
1.4241617385475687
1.4290034175714066
1.42186959603068
1.4301080544598108
1.4300135977671122
1.417355692001009
1.4169351641223837
1.4107996787079622
1.4107640248925795
1.410220555065422
1.4190141278036068
1.4151668948869478
1.4110734896889716
1.3931962538505018
1.3922757857080503
1.3924872526390508
1.395535211373197
1.401649430420939
1.3992204896439
1.4110031697651446
1.409631895496577
1.3984249093877996
1.3981450954887757
1.3983994265032842
1.402283908501319
1.4019668190917252
1.4017589766721545
1.3980783657173148
1.395177949912251
1.3952257989857622
1.3988537211706478
1.40069311703175
1.4030760894754482
1.4044131401480877
1.4155739027920755
1.4127086485944425
1.4228226900443863
1.4340781511903344
1.4310408140011275
1.4233824312963734
1.4012502126584263
1.4191613995027752
1.4211239364831507
1.416386811890319
1.4276155581480532
1.426837697493619
1.4082268077286484
1.404064206256381
1.4126792627653655
1.4101656095411128
1.4223425938417662
1.422277354543899
1.4087813774216902
1.395567463087682
1.381772874258541
1.37456205495465
1.3768694688225822
1.37950397894696
1.3701291506830147
1.382691934885584
1.380527961594049
1.3798207981374577
1.377220872124474
1.3590876256750075
1.3607625608492893
1.3582796532801076
1.336345740406731
1.3533040057497274
1.3567408275787562
1.3638758186974718
1.3641789884417581
1.3644692613156097
1.3522974797568634
1.3537407375570787
1.3517863050843903
1.3477897267454795
1.3346618646551112
1.3366639017723763
1.334383506730332
1.3420041470683923
1.3446880128339602
1.3439433036169384
1.3355953095297814
1.335271659623445
1.3402997290540986
1.334850537410145
1.345886244527541
1.3504651552614537
1.3515179492192204
1.3571815821760027
1.343107970275236
1.3471669222438485
1.347741777209065
1.3431437817613936
1.3285575270622874
1.3287313162187588
1.3341473114916627
1.3353557509426468
1.3353557509426468
1.3400488832215516
1.3135965786346115
1.31070125885236
1.3004624756544285
1.296923387321721
1.2962970767357493
1.276449036643984
1.2844090964389294
1.2832714371157257
1.2744789375091674
1.267675315610079
1.267704847246191
1.2949224597574487
1.2809904130474248
1.2805127388549034
1.2733626635770754
1.274273691605502
1.2857388986938152
1.2868696536369448
1.2788435993533662
1.2575951258928897
1.2559934321974184
1.2553694592151714
1.2542475721338107
1.2546188681654042
1.2863591287725993
1.2741266969086946
1.277516284936402
1.278464947421737
1.2802848647807594
1.2851543306963764
1.2846109300698927
1.2845957771298917
1.291647338525498
1.2985936708195445
1.2839352614054587
1.2832736965894884
1.2845667349301093
1.2776402480886893
1.2831193603056186
1.265635101937692
1.2677657795176622
1.2646391095076364
1.2658547750494809
1.2661869914903414
1.2725307723249157
1.2776703586291345
1.2775400000563726
1.2752595947575578
1.2816807782115052
1.277880703827832
1.2665663581434694
1.2613810634294373
1.2630446847364882
1.271182970888033
1.2704916683843301
1.2726274637805695
1.2698356982620356
1.2665798986018537
1.2653647234657517
1.2659277067755466
1.2708429506325452
1.2725334793883802
1.2897410095249446
1.279787912662256
1.2876661351758454
1.2835884002647324
1.2885760110059261
1.285950150588714
1.2849775636147207
1.2838388744827844
1.287846445940076
1.3030043181159472
1.3064865421079552
1.3097676878486844
1.3112471663925276
1.3091532649894928
1.317108949347082
1.3171911539919254
1.311600887962499
1.3020019438810735
1.3070841531612354
1.2929985112462812
1.2967511085379797
1.3001928323794993
1.3037675745848993
1.3056179252715756
1.3103088726526209
1.3027313209194218
1.31055591463565
1.3226025714458651
1.331267139773463
1.3009319140630429
1.3041477100673584
1.312754909323065
1.3035608482616303
1.314362124353001
1.3426821573760201
1.3407109463134543
1.3393844625734086
1.3393844625734086
1.3360863726823806
1.3515584996142216
1.3491070762459916
1.3527018406989522
1.3450509321490294
1.3552326807595965
1.3522333231074235
1.336853601307965
1.3341426261862488
1.3486388120747566
1.3561561082407134
1.3431175106682627
1.315493923971703
1.307193203073774
1.305110086749422
1.3067243553394017
1.3108324556416087
1.3258874971854437
1.320018537794166
1.3280014783601735
1.3392239913784036
1.3506287448086647
1.350669365299622
1.3504013226595477
1.3560863742500078
1.3651397316741767
1.3702628988384637
1.3627443717919292
1.3723063191004614
1.388265618787821
1.3888853625961994
1.3898748958917484
1.394736141021759
1.3861471451317897
1.3929101675220974
1.3984244299509474
1.3822068552579938
1.3965657148186499
1.4005163142376038
1.3924805436641141
1.3866180727860484
1.384788167449536
1.384788167449536
1.39337482361908
1.383206812390532
1.3823756975271007
1.3839813553908957
1.3865349715818018
1.393028221828517
1.4100925230938113
1.4112796892857438
1.409683782306268
1.4237760938271602
1.4233037587461732
1.4129570173518684
1.4137285877410564
1.4136294724684506
1.4047477626738543
1.402803227087934
1.4082835320357794
1.4056844437299343
1.404548324945041
1.4033718353808877
1.3936818940797993
1.3894992995655135
1.3882212674843453
1.3941487468628009
1.4164702111283187
1.4399970745187582
1.4459322296491728
1.4413153798679927
1.4423546968589906
1.4254734683955381
1.4241660432114653
1.443471622055682
1.4473650394524675
1.4467797336348638
1.443478404343477
1.4683357382799456
1.4723349634764717
1.4614685122712119
1.4614318559802175
1.4483976652746289
1.4548045980962068
1.4594461118727518
1.4607459589355736
1.4668143226360024
1.4715634119291463
1.469685793360631
1.472178817275591
1.4655064594592997
1.457923649539304
1.457500168644472
1.4496234007956186
1.4500690764871995
1.4496182377727713
1.4516375216652937
1.4391417742652346
1.4346536573520305
1.4342416419803414
1.4364126159662973
1.4261041873082243
1.4314926383520767
1.4309121730840333
1.4201407058167348
1.4231784428470482
1.4492331512022838
1.4438976814535147
1.4531590245181403
1.4546472878515406
1.454162451085807
1.4490388761024853
1.4517473029284285
1.4530217881249767
1.4513731936980583
1.4540170572200246
1.4319169963166336
1.4433735990233678
1.4435396655224126
1.4443311140836297
1.4451958784281316
1.4679743834182124
1.476658465535867
1.4694823626803253
1.4793313648427886
1.4785335141902833
1.4774730090657042
1.4697566964584277
1.4665613256513919
1.4645457795904475
1.465618010928161
1.4648591195207774
1.469650616267503
1.4687733537808094
1.4580137475603643
1.484357671748973
1.4708095474760672
1.466207866560376
1.4783701865079493
1.478696839288666
1.4801638721067025
1.4847326668137728
1.4815445165377454
1.4589153785985536
1.458852161445965
1.474649744629894
1.4620525188741396
1.4532958200808725
1.4532958200808725
1.4532958200808725
1.4764004614095037
1.473247786827521
1.4528807852206893
1.4598813731465725
1.469638896446491
1.4685768853306815
1.4689732434409064
1.4665459825120533
1.4658203425441982
1.466570354156029
1.4764559823038343
1.4693460914045928
1.4756878452987559
1.4724782382461161
1.4616293852736622
1.4658226521330995
1.4670590437262412
1.4627852319447412
1.4656755603177138
1.4617913064097225
1.4582664415402757
1.4557137792888089
1.459160923508664
1.45576942673443
1.459827511435837
1.46015356867531
1.4593750189082155
1.460239015075947
1.4547881550055801
1.4618836235332842
1.4618573555612169
1.4575787058628977
1.456674132310793
1.462863688236129
1.4617609566836476
1.4529689476757943
1.419587709296573
1.4213883882687892
1.415535231309581
1.4154545991564664
1.4132112596125752
1.394665417635779
1.394665417635779
1.4122581455914005
1.4117131902586202
1.4065714036767256
1.4074831338042568
1.3908120846843164
1.3963872982686596
1.3963872982686596
1.394898824817009
1.390173668344957
1.393159927210588
1.3906280132906985
1.3748151559167303
1.3813522912433989
1.3833205008510367
1.3621004369644503
1.3630650441597756
1.3613594073487356
1.3570764608986585
1.359415069306302
1.3620609838692046
1.362924861007223
1.3631092897598276
1.374541633179306
1.3824841953241225
1.3858758336405514
1.3895088305775434
1.3901475995233827
1.4060699413651305
1.4057590941740397
1.4198556273253549
1.4110402944022546
1.4106717747444282
1.4190587310659362
1.4150072611520865
1.4214493414687779
1.4115034336907482
1.403351116966217
1.406257135600453
1.4044836868826307
1.415875742038408
1.4276854917754611
1.417520950444881
1.4140934367617928
1.4140934367617928
1.428183490450605
1.4303677909056411
1.4321947640339243
1.4321947640339243
1.42258301010944
1.4325645185529583
1.428125239324542
1.4274014827231083
1.4270339824169629
1.4216573063593514
1.4215824240402553
1.4243280029578484
1.4211265452292718
1.4211265452292718
1.4300505341218719
1.4263618452656264
1.4252999713890846
1.4303515479888682
1.447466418659948
1.4307310600672754
1.4317478446087926
1.443077423549983
1.4524443698948104
1.4558522958485767
1.461351404975451
1.4469135822361014
1.4413760484628095
1.4411687083824847
1.4440590997448417
1.4279358464446876
1.4217143269476835
1.4215068062499825
1.4209108711000362
1.4215612071260444
1.399078533257224
1.409253931989694
1.421841063592163
1.4205354854146774
1.4205354854146774
1.422676376745136
1.4150130509976586
1.40759593456193
1.412080156244388
1.4077057882269697
1.399250789894046
1.396328717739553
1.399009900332045
1.3972251931977744
1.3976514500847323
1.4037435356185983
1.4026976449267423
1.4018902562908049
1.3991548054487506
1.377581607596778
1.3761515150915247
1.384931527746773
1.3948687210293294
1.3920899368580055
1.3901537954175325
1.397417851137143
1.3914853971232566
1.3812482838401727
1.3737810378084754
1.3804391413576094
1.3803321663623536
1.3774216689523073
1.3687207147811091
1.3573292599552238
1.3594708124673673
1.3594708124673673
1.3600150651627358
1.343780992390381
1.343780992390381
1.3437184393959378
1.3464271308132196
1.3300367674096034
1.3350804928168416
1.3406974082196512
1.3646237616178991
1.3567244848773408
1.3616948125954689
1.3691311463849865
1.3692887507258646
1.3766439216293358
1.384216939470623
1.38380787202642
1.395195397431216
1.3999822161785973
1.3915870222865416
1.3915870222865416
1.3911748119223761
1.3921741882068939
1.376004471807211
1.361770677151421
1.3689573025050392
1.3656096176040922
1.3660777471858105
1.3599618499036716
1.351064183954803
1.350928648957305
1.3511719562107671
1.3544285131162082
1.3566005553237666
1.3704781414425948
1.371038554603067
1.3694856923390464
1.365649207587878
1.362593143524331
1.361092639152409
1.3559710654290715
1.3494557758617753
1.3359814609479324
1.3482260750905593
1.3366961977673373
1.34143262662
1.328657834233682
1.3435912170141677
1.3268636727161753
1.326850223350023
1.3247612542668847
1.3238508919840366
1.324328353244299
1.324328353244299
1.322881220529573
1.3249094105714498
1.323915571373227
1.3253620532904706
1.317212271944905
1.3144181877404397
1.303697588833448
1.303388783966066
1.3051889049836702
1.3244289239933869
1.3209731211740545
1.3161633983609209
1.3161633983609209
1.3111874409295141
1.294772431326968
1.3109325072479556
1.3109325072479556
1.321990811456915
1.32536585633444
1.32031807882355
1.3357777275112082
1.3454058833110183
1.3449032811717103
1.3440939401941447
1.3344614862980912
1.3344614862980912
1.3280920329684072
1.3115053397567136
1.3098864922055031
1.3257890865435784
1.3207717526841332
1.317997124766116
1.3131239268886516
1.2996783162841405
1.2940786945158265
1.2848501997188744
1.2846107961788185
1.2958429141811099
1.2948752320158565
1.305158721073416
1.296484494439357
1.2966001836757992
1.2930810469435476
1.2935306392288046
1.301638995149654
1.3123412259452603
1.3302980216661449
1.327306069804809
1.3261952266972237
1.3187112069424805
1.3048139813639545
1.3048139813639545
1.3097154091715864
1.3089157858219331
1.3016517616175582
1.3016040828412474
1.295706191523686
1.2930875749952997
1.3010373736389464
1.3249293201054249
1.325698207828269
1.3334324823144406
1.3333041221489916
1.3325099067825323
1.3214004982727243
1.3226584801408392
1.3057715493434852
1.3051954398074819
1.302836682494465
1.3029446657353474
1.300988125548115
1.2878746917731618
1.2878746917731618
1.2878746917731618
1.291459292141187
1.295332648473561
1.3125047529291216
1.320543451997255
1.3204952878251006
1.3234913674649234
1.3264509948269616
1.3121196127498138
1.3138569421882114
1.3138376798252485
1.3149353374162052
1.317229987476354
1.3074304424217429
1.3074304424217429
1.3166548037529755
1.3166548037529755
1.3166548037529755
1.3166548037529755
1.3067128058520725
1.305253779495641
1.3055864890403905
1.2903033710460097
1.2751438230504275
1.279563927258124
1.2695134310227874
1.273317729450242
1.2726485047390543
1.2786479521326743
1.2877993655129476
1.287513592457803
1.2915908505873854
1.2980117038418522
1.306879147603511
1.306879147603511
1.3069004650698437
1.3105073367701239
1.3105073367701239
1.3105073367701239
1.3085205265789392
1.2957739973030653
1.2965133251072831
1.3006580003955335
1.3006580003955335
1.302742765689019
1.300299636478065
1.300751996044297
1.2949268667914096
1.2866294329591357
1.2835986023921673
1.2749330760678017
1.2749330760678017
1.2659071349081363
1.2659955870483857
1.2655474189488771
1.2827646647419435
1.2807393799093658
1.2857241131807542
1.2963108360793891
1.2998086450837847
1.3018451904285613
1.304583869526999
1.307846700380411
1.3091669379201776
1.3130997263766588
1.3144567284640654
1.3152486561627597
1.3141004937037135
1.3205764109193403
1.3148347385656671
1.31374367398555
1.31374367398555
1.3172097275390755
1.3132021389288762
1.313262244805825
1.3137357632048634
1.3124866287072197
1.315074804305731
1.3190806197144318
1.3198592521341503
1.320706640758483
1.3183835555832861
1.3298603571503853
1.3298907117650494
1.3288091794691217
1.3283451876240617
1.3283451876240617
1.3290550995568833
1.311813267387989
1.3136102754566168
1.305824140343329
1.3048568693069964
1.3009529858615037
1.2852372968434134
1.2852372968434134
1.2628630380696269
1.2622426514486575
1.2622426514486575
1.2585197625670244
1.2447091418593805
1.2432460745828136
1.24123613545263
1.2438821515349676
1.2572278354428401
1.2501568276510024
1.2668250654445596
1.2668250654445596
1.2552551698231227
1.2589825446365888
1.257467012444656
1.257467012444656
1.257467012444656
1.2592530719715067
1.258746281912581
1.246383080492821
1.2486884513952743
1.2505754559163769
1.2507907118515869
1.2507907118515869
1.250299564323697
1.2462126432349319
1.2462126432349319
1.2452609718555407
1.2331862128149242
1.202324404221163
1.1978547387675778
1.2097532688065298
1.2094206878560154
1.2134158456000008
1.1987764800873675
1.192420498979878
1.1929255236325984
1.1971724881720343
1.1971724881720343
1.1971344598603113
1.1987215832530307
1.1980952969542966
1.1980606748970855
1.201226387296255
1.1890803909745522
1.1890784864357102
1.1830185298439053
1.1961398847735587
1.1967256598219547
1.192820808573319
1.1890167532130107
1.1872156624372747
1.1902930660221493
1.1902930660221493
1.1991742845987223
1.1718286548709202
1.164783489242972
1.1271759015003242
1.117601753683891
1.1289195312939084
1.1304775405756204
1.1359387080105965
1.1360690169312437
1.1360690169312437
1.1360690169312437
1.1397895061977426
1.1397620255523588
1.1340185082500063
1.1366715862220722
1.1366715862220722
1.1398878893597526
1.1131075488759306
1.1130713561608376
1.1130713561608376
1.1109236342431374
1.1133379522027056
1.1133379522027056
1.1060621719124206
1.1043930414753742
1.105052233763945
1.095061365541996
1.0737969015945952
1.079423457152355
1.0879617811612088
1.0707554913573298
1.0674658718907526
1.0674301741809458
1.0674301741809458
1.0740358911107524
1.0631433542022273
1.064566630477844
1.0659139339275945
1.0704504029012945
1.0743248030686017
1.0790465131458016
1.0757357804499137
1.052969781378336
1.052969781378336
1.0452488266606934
1.0423559069638162
1.044225209523729
1.0400667045110927
1.0384606437514083
1.0365561363410556
1.03611072914032
1.0450836319073487
1.0402494845604362
1.0219580165685755
1.0226189481281902
1.0312580468115693
1.0312580468115693
1.0356905697382468
1.0363813242878974
1.041055700836162
1.0378929262780192
1.0262371146702216
1.0203614119568205
1.0353601288531091
1.0353601288531091
1.0353601288531091
1.0233959822437233
1.0294372481450393
1.0375350254842794
1.0497113294778257
1.044919680057226
1.044919680057226
1.044919680057226
1.043515078472455
1.0416808426961972
1.0417370330791176
1.0305364019005796
1.0305364019005796
1.0154876035258498
1.010313419665132
1.0018112602663685
0.9905549726476276
0.9905549726476276
0.9922020574534736
0.993268913601546
0.994240589743581
1.0049142453475544
0.9954369058579519
0.9865789886913401
0.9865789886913401
0.9919184136182535
0.9903672933311716
0.9903672933311716
0.9658740261609364
0.9629360826903118
0.9632831654466355
0.963949985899992
0.9632596977085424
0.9610694645928315
0.9630115752610516
0.9630115752610516
0.9625860405659241
0.9826233949682215
0.9673066636144857
0.9671548358596149
0.9680567472557081
0.9766975137913436
0.9779170840576573
0.9792517394537902
0.9787094778446269
0.9798863851871076
0.9798863851871076
0.9821898245680264
0.9775755983857156
0.9775755983857156
0.9748979375932996
0.9658459289914779
0.9614844733646405
0.9614844733646405
0.9525135682858151
0.9378832917238955
0.939107835393797
0.939107835393797
0.939107835393797
0.9256019033878169
0.9256019033878169
0.9242844651539164
0.927870317573443
0.927936150023039
0.9321393369765306
0.9233209826416052
0.9237137087955906
0.9281713458138142
0.9164483250969376
0.8952080263068918
0.8909272225858395
0.8942603475856786
0.892328451721262
0.8895793656479065
0.8884860497378
0.9095426921077936
0.9128583099117888
0.9126835537576445
0.9173906228815136
0.929267983845257
0.9147191124190023
0.9253455827916289
0.9308564469676214
0.9386313627782783
0.9407647863538284
0.9527905146962384
0.9389862662237781
0.9287809175978036
0.9220564567724412
0.9191105769761316
0.912149257701608
0.9074480627435407
0.9074480627435407
0.9054108377114574
0.9099100750463794
0.9083505793280531
0.905789154590556
0.9047924590853746
0.9088250639991424
0.9115272306846501
0.9112040968687369
0.9037921666201628
0.891467528956108
0.8795227043094866
0.8749384815135088
0.8808698804859467
0.8838637467161727
0.8844085149302151
0.8890382525512218
0.8809491151292671
0.891557530192938
0.891557530192938
0.8952211134644725
0.8905153111184292
0.8939331136327815
0.8948668836800932
0.9017131207531537
0.9050651504594475
0.9028321205639435
0.9028321205639435
0.9060660743899478
0.9043201397585546
0.8962679709780894
0.8984124573576362
0.9010766730354169
0.9010766730354169
0.8763033593490458
0.8763033593490458
0.8822246510804341
0.8593687886041946
0.8573565465648175
0.8573565465648175
0.8605945798958522
0.8608350802597541
0.8668273864166796
0.8627299899534595
0.8539432667730066
0.8522039816278912
0.8530685521902196
0.8612504055877829
0.8626540056113222
0.8577239134060045
0.8645690901563047
0.8617279406216386
0.8608978287348696
0.8608978287348696
0.8526427542404569
0.8526427542404569
0.8526427542404569
0.8619748691138149
0.8731623512893391
0.8717043957071184
0.8674292090164549
0.8610648631501997
0.8621800882700715
0.8621540517580548
0.8676568561897705
0.862203563656996
0.8478707752443763
0.8478707752443763
0.8478233596235821
0.8416295414573864
0.8430996937153638
0.8430996937153638
0.8430996937153638
0.8483803178832351
0.8483803178832351
0.8497966122791827
0.8372460072353465
0.8554814154416395
0.845814746176927
0.844419911251918
0.844419911251918
0.8266842089123932
0.836079544744745
0.8214220016902043
0.8204873380677072
0.8101819171639548
0.8216624360777398
0.8213202335152258
0.8317380240300521
0.8347482784206071
0.834841253059619
0.8368504409573818
0.8348492254899251
0.8348492254899251
0.8258543635343558
0.8316229127475765
0.8310676457254927
0.8310676457254927
0.8337573516834371
0.8337573516834371
0.841522573794817
0.841522573794817
0.8366397839399043
0.8366397839399043
0.844001730653959
0.8387100164426755
0.837381009748434
0.8201502068709481
0.8213802827362353
0.8078515317352158
0.8120193530286993
0.810903260764212
0.810903260764212
0.8104175364871726
0.8039056041996638
0.7995885734349114
0.7942109908870576
0.7941608303516599
0.791356997269439
0.7912700907531984
0.7910610292630142
0.8009095926152104
0.7884377728679783
0.7855835460192505
0.7833728612425838
0.7833728612425838
0.7810603249863526
0.7585702616446242
0.7583452110105902
0.7595187408867425
0.7601445747303981
0.7601445747303981
0.763541203292729
0.756006008388548
0.7474081490427542
0.7474081490427542
0.7474081490427542
0.7346553801399793
0.7267257303269364
0.7267257303269364
0.7247676645527196
0.723798547369304
0.7328411701326172
0.7323169781830795
0.7289043467518177
0.7322177588378598
0.7317020042516553
0.7293594983056927
0.7293594983056927
0.7305181629360368
0.7305181629360368
0.724838220946669
0.7239234588412817
0.7236741520148902
0.7236741520148902
0.7211547329557273
0.7176100192956091
0.7172799668602515
0.7172799668602515
0.7233147504300284
0.7371543581163368
0.7371543581163368
0.7411109830363333
0.7291554611563977
0.7300272240519207
0.7200411922855293
0.7201858924159615
0.727901916892466
0.7290641675281955
0.7290641675281955
0.7252672126140917
0.7271848194826873
0.7271848194826873
0.7231447666319906
0.7221854160730652
0.7220325426151608
0.7221659651987091
0.7248173276254155
0.7219208012296389
0.7375278766585359
0.7335567376838987
0.7397075593327006
0.7418610181446768
0.746020474910777
0.7430815869159179
0.7436085993008755
0.7335378918871036
0.7347797698337437
0.7283805422777355
0.7283716999814679
0.7111841818549473
0.7031120352976538
0.7036525799400589
0.7098153827925896
0.7302539711525886
0.7276861290871295
0.7186878798082247
0.7218428695671611
0.7313422251095296
0.731317036347259
0.7334808821741174
0.7337288455901458
0.7337288455901458
0.7326429558129889
0.7323347155616082
0.7407578769845031
0.7407578769845031
0.738543976891996
0.738543976891996
0.7397115624424025
0.7397115624424025
0.7397054935646148
0.7460276809293248
0.7488515320239706
0.7488515320239706
0.7442654291321757
0.740606834901231
0.740606834901231
0.7163891236095766
0.7227143152435339
0.7271328285701767
0.7298587435242616
0.7298587435242616
0.7298587435242616
0.7298760788737199
0.7313162756186267
0.7355887093976066
0.7305162508498272
0.7351762523714739
0.738148236734775
0.7391233009205899
0.7391233009205899
0.7263193088783515
0.7245799205362224
0.7209364054464464
0.7185591433998517
0.7195168839065237
0.7195168839065237
0.7109168239436107
0.7040153511621119
0.7070315252111449
0.7070315252111449
0.7055415489160011
0.6929192962160671
0.6904985140501066
0.6897021232545568
0.6895335496016692
0.6895335496016692
0.6895335496016692
0.6895335496016692
0.6895335496016692
0.6895335496016692
0.6849748894648827
0.6862128273742943
0.6954957981019758
0.6927072591212581
0.6923119119478576
0.6923119119478576
0.6917799980971672
0.7131418805410433
0.7132952650393901
0.7012905504957933
0.698644269585278
0.6942407320872694
0.6981561471793938
0.688045050990674
0.6842119577814334
0.6801452041052848
0.6707981926855437
0.6707981926855437
0.6455917266480166
0.646679972202458
0.6456811894796781
0.6320778429167988
0.633533426892139
0.633533426892139
0.633533426892139
0.6337778115036811
0.6365047931631725
0.615020457401659
0.6202217670028874
0.6156299875469003
0.6135589108791186
0.6135589108791186
0.6135589108791186
0.6133056349094732
0.6104984130901063
0.6101121755242818
0.6131015832181422
0.6224161501106755
0.6224161501106755
0.6186672073253148
0.618893024197568
0.6174169206418775
0.6146043995564346
0.5934185232237201
0.5934185232237201
0.6009662538727703
0.6013393339847188
0.599940293303935
0.6081579820741848
0.6175587215707529
0.6215011412152478
0.6215011412152478
0.6240533981907835
0.6240533981907835
0.6189286702787443
0.6189286702787443
0.6189286702787443
0.6189286702787443
0.6189286702787443
0.6189286702787443
0.6079688256491858
0.6079688256491858
0.6077168360859794
0.6017518866444441
0.6008517374407295
0.6021308454243584
0.60159821181353
0.60159821181353
0.6026529020365748
0.5989572347849579
0.5989572347849579
0.5807075399898486
0.5865662752930533
0.5873564636219273
0.5873564636219273
0.5866861378729408
0.5865447032456972
0.5868464866058287
0.5830317730443647
0.5830317730443647
0.5830317730443647
0.5815178327204941
0.5818398672228811
0.5818398672228811
0.5797657068002797
0.5760214302987376
0.5821565008594575
0.5821565008594575
0.5882823944718428
0.5885381904383616
0.5888791669337586
0.5823427123830951
0.5813254694507836
0.58329240357607
0.58329240357607
0.58329240357607
0.5825583246873017
0.5825583246873017
0.5831332355708275
0.5790311732582717
0.5718053350385827
0.5692930543577119
0.564674797026106
0.5646213609542888
0.5650943596739001
0.5650943596739001
0.5663190126673143
0.5659482005144231
0.5660039555613892
0.5665604740849731
0.5665604740849731
0.5665604740849731
0.5659455344055196
0.5659455344055196
0.5641110426855381
0.5626695871641912
0.5626695871641912
0.5635720480543861
0.5635720480543861
0.5628955245039774
0.5628955245039774
0.5628955245039774
0.5583452210431671
0.5586180137169771
0.5562039767171321
0.5562039767171321
0.5596480706831412
0.5688315147197859
0.5688315147197859
0.5650482424210458
0.56357257313341
0.5530261983975844
0.551055608613897
0.5503337496562093
0.5503595371043879
0.5503595371043879
0.5511980241936083
0.547128040270741
0.5469269381331288
0.5321681765824868
0.5346063257920136
0.5356646354640963
0.5356646354640963
0.5356646354640963
0.5357278511304144
0.535566215772703
0.5399417058813804
0.5403144502817516
0.5397477008897722
0.5397477008897722
0.5441585644336012
0.545263696625315
0.545263696625315
0.5381972866911664
0.5380605980187141
0.5387250307432849
0.5386135160760114
0.5496437661305215
0.5529498680627019
0.5535811557003595
0.5535643205638952
0.5536787650502524
0.5534449240848666
0.5534449240848666
0.5534449240848666
0.553882406943911
0.5255110064708169
0.5083743863878284
0.5160152706741296
0.5145169287584025
0.5153472097335678
0.5108749033355479
0.5099036293764099
0.5172336287112638
0.5172336287112638
0.5172336287112638
0.5277502067216359
0.5324440943403419
0.5324440943403419
0.5378424536860855
0.5378424536860855
0.5411371943038632
0.530530794419769
0.530530794419769
0.5159060309893956
0.5159060309893956
0.5070208624286313
0.5071003775094609
0.5071003775094609
0.5050428916848185
0.5050428916848185
0.5067484964497335
0.5067484964497335
0.5054430608042757
0.5083185701552219
0.5076701712130105
0.5100441322896551
0.5100441322896551
0.4981535470995149
0.5012147446353127
0.5016333366117413
0.5016333366117413
0.5015101856282509
0.5058279676625982
0.47691892673500447
0.47275744993770624
0.47275744993770624
0.47275744993770624
0.47014458672506887
0.46995114010322225
0.46276187551024844
0.46276187551024844
0.4609486973154765
0.44853177735027233
0.4488757179827823
0.44822088792938575
0.44822088792938575
0.44822088792938575
0.4475719753923842
0.4475719753923842
0.4475719753923842
0.4475719753923842
0.4439494968141229
0.4439494968141229
0.4439494968141229
0.4439494968141229
0.4414198587623768
0.4414198587623768
0.4414198587623768
0.4414198587623768
0.4414198587623768
0.4359022269269365
0.4365813470624726
0.4365813470624726
0.4365813470624726
0.4365813470624726
0.4365813470624726
0.43373476645569603
0.43373476645569603
0.436099506369605
0.4329660635659477
0.4329660635659477
0.4329660635659477
0.431561010176287
0.431561010176287
0.4297663423612746
0.4297663423612746
0.4297663423612746
0.4297663423612746
0.4297663423612746
0.4297663423612746
0.4297663423612746
0.42722817255098655
0.42722817255098655
0.42722817255098655
0.4102309599648169
0.4102309599648169
0.4102309599648169
0.4102309599648169
0.4102309599648169
0.4102309599648169
0.4102309599648169
0.40931758575727006
0.40931758575727006
0.40931758575727006
0.40931758575727006
0.40931758575727006
0.40931758575727006
0.40931758575727006
0.4011177327178328
0.3961845667105735
0.3961845667105735
0.3961845667105735
0.3768573616289444
0.37232139548335225
0.3713727697029774
0.3713727697029774
0.3712488886776699
0.3712488886776699
0.3712488886776699
0.3680439673340871
0.3680439673340871
0.3680439673340871
0.3680439673340871
0.3680439673340871
0.3680439673340871
0.3644574418889756
0.3644574418889756
0.3644574418889756
0.359271730132974
0.3571422408370746
0.3571422408370746
0.3571422408370746
0.34858062346363783
0.34837524716232254
0.34837524716232254
0.34837524716232254
0.34837524716232254
0.34837524716232254
0.34837524716232254
0.34803704308509964
0.34663475745658984
0.34663475745658984
0.34663475745658984
0.3460005375907722
0.345948460068968
0.345948460068968
0.34458909206156746
0.34458909206156746
0.34458909206156746
0.34458909206156746
0.34458909206156746
0.34458909206156746
0.34458909206156746
0.34419813883738565
0.34419813883738565
0.3308263479067779
0.3308263479067779
0.3308263479067779
0.3308263479067779
0.3308263479067779
0.3308263479067779
0.3308263479067779
0.3308263479067779
0.3308263479067779
0.3308263479067779
0.32562184762662755
0.32562184762662755
0.32562184762662755
0.32562184762662755
0.32562184762662755
0.32562184762662755
0.32562184762662755
0.3257339681966516
0.32467411114488204
0.32467411114488204
0.30668201502040277
0.30668201502040277
0.28996229683511127
0.28996229683511127
0.28996229683511127
0.28867336434861873
0.28800348029900164
0.28800348029900164
0.28800348029900164
0.28800348029900164
0.28800348029900164
0.28800348029900164
0.28800348029900164
0.2789105389096822
0.2789105389096822
0.2789105389096822
0.2789105389096822
0.2789105389096822
0.2780353095355967
0.2780353095355967
0.25738719270781146
0.25738719270781146
0.2537791479472675
0.2537791479472675
0.2537791479472675
0.2537791479472675
0.25302251076713395
0.2526354708342178
0.2526354708342178
0.2520275875784569
0.2520275875784569
0.2520275875784569
0.2520275875784569
0.2520275875784569
0.2520275875784569
0.2520275875784569
0.2520275875784569
0.2519134205252785
0.2519134205252785
0.2519134205252785
