0.0466667 0.003891362874117732
-0.0866667 -0.09991977115457995
-0.3733333 -0.38382500441545303
-0.1533333 -0.17129901933932057
0.0366667 0.019903258880107633
0.0066667 0.016502604216625305
0.7633334 0.7800359683406639
0.61 0.5897134102768649
0.3833334 0.4069441316685814
-0.28 -0.3044184592942831
0.56 0.556940755919697
0.1633333 0.16174832947699366
0.1266667 0.13371595490796462
-0.71 -0.7509109941189221
0.9666667 0.9825029257393674
-0.86 -0.8945717561048071
-0.59 -0.5729718092664189
-0.2366667 -0.26831560081950123
-0.4033333 -0.40081216159029537
-0.7566667 -0.7423715717554784
0.7133334 0.711293612303028
0.4233333 0.38443412108768243
-0.2933334 -0.2835672433520122
0.72 0.7377937823631671
-0.9666667 -0.9567837696580962
-0.9966667 -0.9738121153006774
0.9833333 0.9650175973876612
-0.6666667 -0.6896067705434062
-0.17 -0.1618634886045533
0.9 0.83353396359675
0.03 0.011083043707668494
0.27 0.23883624653718552
