0.0466667 -0.24491376166893963
-0.0866667 -0.18431178578918306
-0.3733333 -0.3089632556375058
-0.1533333 -0.1295257327953438
0.0366667 0.08374253245706281
0.0066667 0.024354820668377103
0.7633334 0.7903373823809441
0.61 0.6619764325394542
0.3833334 0.4162180404702936
-0.28 -0.3148414556289043
0.56 0.05862734145037163
0.1633333 0.1843075000276111
0.1266667 0.17004902404590283
-0.71 -0.6103698602714254
0.9666667 0.9479618811431585
-0.86 -0.7940751304315854
-0.59 -0.42162249337393315
-0.2366667 -0.23132580152369797
-0.4033333 -0.3946366620658123
-0.7566667 -0.7127346776061732
0.7133334 0.7433908540278775
0.4233333 0.34073672272034294
-0.2933334 -0.26293418355759407
0.72 0.6980690983422133
-0.9666667 -0.7603194154340066
-0.9966667 -0.8022171859637277
0.9833333 0.7931166746460203
-0.6666667 -0.6626456652641812
-0.17 -0.18208174933831045
0.9 0.8710806042365729
0.03 0.022921966470782984
0.27 0.2905401463654678
