1.6083753306705686
1.3674302353146097
1.3709863450836774
1.3701646839812869
1.3706867963650342
1.3692400245754899
1.37245199166229
1.3790686759844168
1.372629155096725
1.3714536765575336
1.3755552983947188
1.3760452014542148
1.385324092614608
1.398307314698654
1.3984431556205623
1.4212447347116803
1.4205630817572261
1.4232297902245838
1.4230487555719467
1.4399499703299499
1.4433881538563678
1.4361645402505723
1.4204216800313847
1.4152296254033154
1.4079536376156236
1.4007187885291772
1.4045762201071836
1.403315464061519
1.403569715119524
1.399790311185898
1.4015520409403408
1.4013282859335054
1.397640556208196
1.4008727297566033
1.39597665058464
1.399253773260679
1.3979931639814926
1.3965024709294618
1.3952699197278735
1.3934839395635132
1.4035939882114965
1.3873950909545056
1.3867417786429495
1.3852796462880475
1.3913738236427782
1.3672721528994505
1.3675278845589434
1.3659750995349351
1.3638179536743582
1.3693170520707405
1.3698669120438014
1.3698323765488531
1.3359654699474885
1.3358408139866964
1.335703108349187
1.3348106302319915
1.3119820877268547
1.3105646185349482
1.3075619696113738
1.301558915467574
1.2785873425703649
1.2808998124615951
1.286571482883329
1.2856541837574347
1.280341393854941
1.292182889834242
1.2797294125570584
1.2914799203467677
1.2919565789534737
1.2958612009881811
1.3051547014540616
1.3021291184094361
1.3097915736438184
1.3043090728076616
1.2881785868519577
1.2883171622280027
1.2884432465328932
1.2971632501663368
1.2927191999677206
1.3117117845482422
1.3139476020715746
1.3143353885409428
1.3215137543647828
1.3203564962739425
1.3181054952463045
1.3304336660987108
1.3311103577378405
1.329332405373916
1.334955889085973
1.3362525328348007
1.3568521170275785
1.3456139426941458
1.3354026171535753
1.3363107023768448
1.3406908749950672
1.3142571409522816
1.2909526614686198
1.2911421924910393
1.3128180318304024
1.3251316121643135
1.324358509596528
1.326115208945557
1.3370154717364133
1.3427791352368759
1.3447608217121585
1.3465863995660443
1.3509625608788598
1.337901910935447
1.3414142421679014
1.3389738445272938
1.337606977281019
1.3458306259200319
1.3461952884968353
1.3459876434220992
1.3475728615172988
1.3491044134601162
1.3333509520348852
1.3257279824543358
1.325211478461152
1.334002193325089
1.3451260460176233
1.309081110288032
1.3175177705975942
1.3133004334531089
1.309990734799682
1.309147173038758
1.3110754719122277
1.3217396846991027
1.3180571588474044
1.3188460187558897
1.3182753103655074
1.3206777115504185
1.3206919479253827
1.3104390341035197
1.3034947333864113
1.3032101305638224
1.299087891213356
1.3026967310110364
1.2731178244459642
1.2699890124597828
1.2725638418273622
1.2602047972476067
1.2642047000090146
1.2634314170129826
1.2620665698197078
1.25851730620652
1.2566789235577698
1.2649919112247745
1.2458348245893136
1.2407144442395963
1.2410945955211041
1.2390949066656998
1.2392828629693082
1.2528769960921746
1.2544640105200946
1.2602934251431268
1.2593815075320183
1.2492239377090422
1.2490295176777853
1.2498638532355157
1.24776897901285
1.2587687063861737
1.2581359831559495
1.257755160864675
1.27685021959088
1.2654007232318711
1.2646240427230655
1.2693001392840821
1.2693001392840821
1.2717703319928308
1.2726159918334365
1.2486965551624338
1.2490637616545486
1.2489282286957142
1.2519560975256656
1.2501362826832925
1.2421987361937312
1.248299573036422
1.260786122018524
1.2747256626250836
1.274811166028406
1.2792472460903181
1.3007477761054351
1.3040338583947322
1.3103390950558258
1.3062435374896384
1.301916201923987
1.3012103497762544
1.3007185893447646
1.3050343864228122
1.3076460262510465
1.3098385320145667
1.3152547240670356
1.3243033027084246
1.3229790598202724
1.3205206521302582
1.3128327867366898
1.3189354602397376
1.3094805809505106
1.305396883658049
1.3038815289502335
1.292350157755329
1.2923553848771472
1.301557554164034
1.2928139288920575
1.292861288339683
1.3004399912812694
1.301394052891292
1.3100319163322134
1.303661502713195
1.3040458779535173
1.3001783818763788
1.2917546745774309
1.2903220071268262
1.2960962330367687
1.3140190521888158
1.3207803131647007
1.325779250517657
1.3144007295141098
1.3156875589923587
1.3158521611409029
1.3174471141700475
1.317474763894653
1.3166545005171393
1.3181096637551137
1.3237836662632385
1.3304740654980285
1.31415654607795
1.3089633346604068
1.3053677050545982
1.3047403685115546
1.3047403685115546
1.3050778634465523
1.3047076370160025
1.3046257336064553
1.3006660727082058
1.3022816522191156
1.3007925444532067
1.3037763789881816
1.3013157277035303
1.279617195182421
1.273080057935338
1.2629687648978571
1.2611614549589987
1.2478480162572214
1.2532563208904968
1.28079675647052
1.2792396578195053
1.2778048515670941
1.2776104751779365
1.2977725174953139
1.27196152354522
1.2806123004604208
1.2663734277032603
1.2630006735951862
1.2391892194318022
1.2390983232506052
1.2362105303209685
1.2300842563346228
1.2534623297804959
1.2568813284893265
1.253169543540587
1.2384961985897838
1.2332714118548604
1.2238259046021105
1.213108686587018
1.2178004712116277
1.2139428815363995
1.219734083871225
1.2212893372362918
1.2298117525786982
1.2296203070759246
1.2274831688150898
1.2122331629848238
1.186683576128859
1.1689780920693629
1.1759866502793213
1.1751574361466939
1.1710014678200547
1.1711324425507579
1.1789269119964605
1.1797703007173523
1.1796846958275877
1.1828118173999813
1.1818378742995899
1.182197994612499
1.1899938745230647
1.1884906294925246
1.209433540003832
1.2156261778186475
1.2170777392646057
1.2094765816200022
1.2078112790775717
1.2087850379290115
1.2008847620990284
1.1913795291757303
1.191601968600743
1.191601968600743
1.1877690865613788
1.183442988468285
1.1820116852198415
1.183085550913231
1.182768217201893
1.1872197179587272
1.1824280029427308
1.187221294127962
1.1749419977147373
1.1749446005130044
1.183540025059752
1.1605162400094988
1.1728630556031039
1.1714451524318799
1.176160668465364
1.175073906286802
1.1666036353415405
1.1635910587686462
1.1653373568011327
1.1666497255791246
1.164159654522208
1.1700816662191427
1.1699951439718856
1.166572205237195
1.1681485784023036
1.166811642653953
1.1637933557696887
1.1585055761809229
1.1598837390632777
1.1613857264035174
1.176613479115625
1.1659322294834105
1.1706773321958601
1.1774420299472432
1.1774652025775871
1.1626884915703595
1.1612336361635023
1.1664710362476787
1.1667371571569316
1.1811410485407299
1.1809660051081368
1.1797725470301381
1.1797518814993861
1.1741855828803986
1.165126930434675
1.16782683801558
1.1684264700907356
1.166075334196701
1.1896306259903238
1.1915927476098076
1.1915927476098076
1.2050737984096527
1.203611379885254
1.2055366313365306
1.191799068391039
1.189866224762442
1.1890340408025972
1.1905363562500466
1.1699739150176387
1.1705033430809746
1.1699916955826173
1.1528452692212983
1.152290294287674
1.1558817675748037
1.1635144589139588
1.1676040418182143
1.166936088564238
1.159879292722235
1.1621799921308313
1.1716908975201974
1.1743496492686814
1.1837850857318464
1.1805974277201297
1.1706776302542998
1.1823658216604167
1.1820252954064858
1.1846018836334806
1.1960466303140258
1.188525224826443
1.1939969110010322
1.1969196052194466
1.1969196052194466
1.1979123333138675
1.197044308399908
1.198711491741397
1.1942812059105232
1.1812077322663637
1.172957602404298
1.1718277047761023
1.1686283689709434
1.1550848842527657
1.1539606848571535
1.1539606848571535
1.1564435310510162
1.1356979770059294
1.137114665921589
1.126884296349199
1.1298435100354038
1.146688714421481
1.1444319975495023
1.1444319975495023
1.1459646887126322
1.1494782804789787
1.147867516768797
1.1558551904676304
1.1589928047601146
1.138241951628423
1.1335243365446208
1.1404557502630883
1.1343511983412908
1.111366726455573
1.0963378813242513
1.1005950258472934
1.0932513874990009
1.098723780243925
1.0904720454926196
1.0798549248958365
1.0888394507978367
1.09746830664273
1.0961726895637913
1.1001291615631885
1.0934534223693377
1.1008105532020969
1.1008105532020969
1.0953821666730716
1.094101546572359
1.0897700524421707
1.0958038704952453
1.0945876463405195
1.0931034639362849
1.0946587565556756
1.0946587565556756
1.1005688441481394
1.1016353662766858
1.109319143483459
1.1156705372567426
1.1146445986722888
1.1138687361676487
1.1151455613408188
1.1112087353889288
1.1066472151887863
1.1061909252953916
1.0867390503611543
1.0673568780391185
1.0645104018497193
1.0626639186614208
1.071593125278619
1.0789763444367697
1.0848032829251744
1.0867724288602019
1.0749109570758903
1.0769725880065009
1.0654859599548123
1.060766268401541
1.0809704942909657
1.0799368677385075
1.0894499859294287
1.0904481277486386
1.090060033706098
1.0909330365522174
1.091356468143838
1.0975911821662658
1.099428799561432
1.0963803583969325
1.0995585197257387
1.1244572072409564
1.116222315662536
1.1121574081065309
1.108168217378894
1.1212050627404506
1.1129745327504708
1.1458117009805608
1.1411228623645406
1.14960769497114
1.1537179315239643
1.1600621674622058
1.1686830915957416
1.1814786549016896
1.2012614284114926
1.2062495508145814
1.2083738615923163
1.2095441799842361
1.2146134564490902
1.218359671610922
1.2290894493493745
1.227173922174994
1.2110881348552138
1.2243403878583834
1.222290019754448
1.2291447220531126
1.2258763804683357
1.225211990770328
1.2252175870547257
1.2254244261516474
1.223481874710798
1.2213143156864006
1.2267226957072639
1.229618137812877
1.2246418092340938
1.2407780059267637
1.243730059397552
1.243730059397552
1.237738509713474
1.237738509713474
1.242184939832926
1.2420598613159601
1.2389815766906542
1.2395590059875305
1.2253423341493213
1.2006828845692166
1.2024044817498492
1.1968365317662544
1.1967181563464437
1.1833630825372523
1.1837046221139238
1.1670144985827418
1.160947758366375
1.1534477581167035
1.1506876760321907
1.1479106678813356
1.1467833741065114
1.150300639923287
1.1516236752274038
1.1522543943507173
1.150969169849029
1.1510553607680813
1.1456270813303715
1.137161297949674
1.1336427407190293
1.1459961199645998
1.1367696596871628
1.1330459234867367
1.1259538387808044
1.121518987856796
1.1209892627013742
1.1180291141524463
1.116694178565164
1.1140928814502213
1.116201242925634
1.1194884068898638
1.1238587763692156
1.1123345801754114
1.1121950167406178
1.113070517263999
1.1171671530309384
1.1296602300566339
1.127909588450843
1.1227109291477426
1.1308761661610882
1.17188484980447
1.1490744732595164
1.1679519380012071
1.1661824853195224
1.1577453748378752
1.1557218388031476
1.1557648192850605
1.1561168904254662
1.1572552578089264
1.151841633652679
1.1475627399900363
1.143692358276887
1.1420714193406853
1.14565994552805
1.1497775465624027
1.1533518157728553
1.1544755600314058
1.155593696209214
1.1543090875187598
1.1538645876411262
1.1524164105422718
1.1443430829604557
1.1453820736037268
1.104167653122131
1.0766839570362978
1.0857046483856134
1.085669214492173
1.0765600980958672
1.0753518469346737
1.0741786137488614
1.0783970718243159
1.0783970718243159
1.0781642214505995
1.0904112342498713
1.088210966675231
1.066128912387648
1.049358020671755
1.0404460068031463
1.0423900098640526
1.0569173026478589
1.0559005884859907
1.0575901434396906
1.0710214726183505
1.0838259946035214
1.0854667015569723
1.0750982882166553
1.0748695973248998
1.077149567029379
1.0642460363188573
1.0619901439617396
1.0480444081414853
1.0505044804075816
1.07531508837453
1.043848786538686
1.0444521891931862
1.0416440006333376
1.0514018750173368
1.0514018750173368
1.047682470813308
1.037681917828171
1.035637737531078
1.0423349271267985
1.0449558296902577
1.045113592996529
1.0215161917992257
1.0274162361830181
1.0302615029146907
1.027822918605221
1.0264562306769989
1.0312838434565808
1.011324470369155
1.011400346814454
1.015606578117131
1.017624426003421
1.014368552010351
1.014869905357647
1.0087577633575087
1.0179562689465207
1.0189675449776652
1.018927530519327
1.0213063943894494
1.0195385189221982
1.0201619852364883
1.0200672171221052
1.0287078241962777
1.011571591267104
1.0115584698866564
1.0165987048365666
1.0163347821077575
1.0127959660773371
1.009971651872646
1.0106206105703708
1.0152926978523216
1.0153204592380713
1.0158973176649562
1.015860077206469
1.0201436431187871
1.0191114401215242
1.0198039141871653
1.0216231958280635
1.025447689670232
1.025447689670232
1.0213896202700705
1.0201784887828798
1.008852103674664
0.9947001035792343
0.9945722541406924
0.9930580969314813
0.9919444235463486
1.0020888813572566
1.0172664694036524
1.0165057658883132
1.0171495835527538
1.0153462930803423
1.0187865656383015
1.039811182091399
1.0475023501006309
1.0489892767517353
1.0465263092262669
1.052074768428218
1.0596710958981443
1.0600692053027223
1.0604600342639434
1.0609250470143332
1.060790507650164
1.070082734246272
1.0843532670393154
1.0848493345140482
1.0870410176264296
1.0872317680773402
1.1036498999262156
1.1114504838812425
1.110669840217268
1.1041429705345684
1.0950032437192465
1.0790163179463483
1.0708028804183651
1.0661189045814166
1.0738307655357084
1.0732892555026705
1.0747004132963207
1.0706312503885025
1.0706312503885025
1.0935773682651804
1.0996188663699502
1.100446243715478
1.09710338877475
1.1014050747945925
1.0997799634812027
1.1031758373661527
1.0966620045203999
1.0935583882616045
1.0871609883564153
1.093512558510248
1.0925124583681067
1.0940578556820664
1.0930692189461426
1.0870017341850322
1.0879917288343928
1.0721840428577694
1.0660220831209741
1.0649588623561128
1.0628652998041315
1.0592252070670916
1.0615495874793097
1.0631539563930994
1.058521251159773
1.0584413791825584
1.060120809926427
1.0599137327704802
1.060324003518674
1.0730190122731096
1.07465352298114
1.0763932701147392
1.0758837554308622
1.0698567713826137
1.0793014662728087
1.086025336098385
1.0734382479985505
1.0702760813873267
1.0679712034253697
1.0673756713924443
1.0660879111895218
1.067036967026695
1.0667313104684473
1.065609945336419
1.0667630283825693
1.0668435183110383
1.0625467312411756
1.0818317428600552
1.0841294193134146
1.0974531872112456
1.1021208537467158
1.1116266479285053
1.1042992670410443
1.1047891699516335
1.112892641992079
1.1122657876152362
1.1111680559935837
1.1112475878148613
1.1004544664927476
1.0948069718382154
1.0954966569609166
1.0876187163516609
1.0873720371339253
1.0922505458057592
1.0910163843010752
1.0911551698263906
1.0912284712113065
1.0859613172348581
1.0953021980372872
1.0999595392845927
1.1072616282498629
1.1025165361583775
1.107566501899907
1.1109629107193337
1.1099527398341158
1.1055093029795433
1.1052349365755874
1.1077467625415964
1.1068301127941074
1.111381072034676
1.107757082022288
1.1199484582652228
1.123821120439432
1.1235566577084128
1.1166764130372808
1.1277963045532167
1.1234702680583581
1.0899797392905877
1.0896593694881105
1.0896994994866145
1.0877091749475676
1.0968858636357082
1.0947465790575708
1.099997872396535
1.1005548204852382
1.101085560658271
1.1106534206509138
1.1120652234815858
1.099999941309912
1.1115355509003082
1.14414696371547
1.1395575582109116
1.1373169050273046
1.117897781002103
1.1220750704024056
1.1270478781748152
1.1208779636599249
1.1131393225135828
1.1179956395909831
1.105870179364373
1.1006806232256563
1.0907955168130716
1.0970102967613975
1.0982985401853989
1.0949057173836605
1.1058508629244441
1.108125137171677
1.1083790619736493
1.1086971259674943
1.111255183017565
1.1130571364666235
1.1064860326624992
1.1106617214719254
1.1156667608623028
1.1142668199214365
1.1173188665757716
1.1155985405000626
1.1111741753387805
1.116490238331388
1.111557637683577
1.106839870719121
1.106839870719121
1.1080723165036892
1.1100591544005134
1.108965233832878
1.1097838467883114
1.1080514170408235
1.1107552748538676
1.110798228588179
1.1113937917717491
1.1101830665186665
1.116206934883799
1.1116208213770113
1.1124658938114094
1.1101786777026728
1.1006523158075192
1.1028912859489957
1.1050508613710417
1.0992122004514495
1.1031687893558355
1.1052976165524655
1.1110894108601037
1.1025829919299586
1.1066369292914195
1.1050682533046385
1.1041664750413298
1.0995820880677052
1.0976028861843856
1.1037832943699197
1.1057865845650279
1.1029668302584572
1.1036882225915685
1.099472588651914
1.1084259601830986
1.1098126604343952
1.1159572998255372
1.1066565914150466
1.106112247763961
1.1179116410816177
1.1273200930624432
1.1266713726887618
1.1362794739768791
1.1481129021957586
1.1480567587893247
1.1527065247562815
1.1402409406419538
1.1314531785095268
1.1318085509876799
1.1352749304183634
1.1480409782954542
1.1391900084339615
1.139826365365754
1.1391277937328257
1.1351503126675746
1.1264384707903883
1.122216995654065
1.1237280873914948
1.1212315329899802
1.111657472908054
1.1114875343217667
1.124841470450888
1.1252950654062066
1.146823191090285
1.1460365347270887
1.1460365347270887
1.1344152569997035
1.1472954536835733
1.1234690186828853
1.1215817639328305
1.124349126098192
1.127502700461315
1.1186485767289995
1.1084161964419261
1.1080357394170381
1.104747418898962
1.1025291899928233
1.0994480768100368
1.1176326797730376
1.1240852817922333
1.117703317229577
1.1167085036541564
1.1167085036541564
1.1119614032043987
1.1133529547959538
1.1116702006653267
1.11333572811895
1.11333572811895
1.1090855557473458
1.0964515851076402
1.095092234555311
1.0838147497141104
1.0951092104368887
1.0831869244723895
1.0815745075395875
1.0912526441606754
1.0896725681170523
1.0911332090302108
1.096331633707203
1.0975595394422737
1.095163241952053
1.0931239978565395
1.097932314828135
1.0906821784024423
1.0930768241849877
1.1135908687703662
1.1274885191877988
1.109703815580177
1.109703815580177
1.1097004127008618
1.1224818839864845
1.122034381552845
1.122034381552845
1.1082142482702069
1.0799863304567847
1.0695194890179491
1.0587912820830128
1.0680042647222527
1.0690345511975896
1.0734683867296468
1.079550912645116
1.08331839750186
1.0823722332356052
1.0702351492444013
1.0667110132980397
1.0647427591536684
1.070258839955158
1.0810906015224155
1.080846128093137
1.0747290278171733
1.0930287563137622
1.0905290754282282
1.0951615921363471
1.0951617075281663
1.0935247596933237
1.0975441594078497
1.0871907430631118
1.0825924095197708
1.0729952428363922
1.0701396195329966
1.0723248042543903
1.0727190178192905
1.0716982579047962
1.0766329716479166
1.0854966512190152
1.0987564728377104
1.098827190748308
1.098827190748308
1.093544285622976
1.10287125458126
1.125067132907302
1.13307607320628
1.1273476072663469
1.14246194753835
1.1405267317529104
1.1399108027302098
1.1364551672590444
1.13003417820574
1.1300225048631487
1.1405772019163294
1.134641242172558
1.129026672002109
1.1307252818560731
1.1339868486911115
1.1296639317457247
1.129287648658348
1.145131302080268
1.1336500537156626
1.1367901595766243
1.1405227769274393
1.1298998028214104
1.1347382864215378
1.1218655719789643
1.115099162652396
1.1110609910494464
1.1112784129082371
1.1051457384080379
1.106227512286485
1.1079231506478728
1.1028619716618575
1.103649842803701
1.103649842803701
1.103615272368042
1.1087387469632493
1.1102026004675163
1.106513137044006
1.0989690367618483
1.1152597668250113
1.107345660173183
1.0920489262449993
1.0734153508987012
1.0795228096136398
1.0698735351981292
1.0831252245718945
1.1067478856518231
1.1059755610160351
1.099197413690488
1.1004961438056005
1.0941261325394855
1.0967815024613325
1.0987197827541093
1.1051859486975104
1.0894428730955703
1.1018315672203807
1.112124708503103
1.1123299940364488
1.1135643868104004
1.1089451867622535
1.1072445667603428
1.1075660651064774
1.0993562796095042
1.1002421724589178
1.1086174801070752
1.1139048537734142
1.1149607010146299
1.112313831181528
1.1189971608126594
1.119381922935465
1.1356810040623302
1.1232605107726472
1.133095019879133
1.127503936853488
1.120724518761011
1.1009054880701699
1.1026383894058291
1.0992840711869307
1.10562068247406
1.1108514172518633
1.1404195474847756
1.1349163164547733
1.1119507658815295
1.1099758736258993
1.1159348997475778
1.1188018573013303
1.1399215552403343
1.1382357733314838
1.1504620107803964
1.1524094224397596
1.151984392355839
1.133679794723469
1.1338849683198269
1.134056445918191
1.1296699694712473
1.157300940939665
1.169663237180547
1.1662600901389162
1.166112132188997
1.1662245805689195
1.1661749270172885
1.174130905700283
1.173481946399234
1.1762992186704881
1.1742572559730968
1.1780092998762688
1.177256774110241
1.1809907756915696
1.1832337662407946
1.181904955324729
1.1773312258085176
1.1773312258085176
1.1748086421984514
1.1428361633138922
1.1356550366346942
1.1328792269662034
1.1370057362983623
1.1378486378245964
1.1378486378245964
1.128438464086002
1.1283798430811443
1.1270971752691452
1.1207840109079712
1.1164236740398061
1.1128637251764328
1.1204428365250911
1.1297085476327622
1.1165781275165223
1.12690437950228
1.1256464594060256
1.1256464594060256
1.1279008586449364
1.1279008586449364
1.129808475404334
1.136646124287315
1.1339419733841862
1.1366935047549853
1.136282435288078
1.145200113335553
1.147844560497183
1.1441820209873976
1.1423125283182947
1.1423125283182947
1.147181037018933
1.1371405291969496
1.1493450799226113
1.1469308543072754
1.1500695539498316
1.146303651546138
1.1354408025003608
1.1354880918386643
1.134628219035107
1.132553314674281
1.1379491187614152
1.1326270735069806
1.1326270735069806
1.1458260676074052
1.148849639087332
1.148849639087332
1.1469817895790417
1.1623930903762396
1.1582131357320198
1.156948869984434
1.1579307971653892
1.1576237155391407
1.1625027105911316
1.1594581957468246
1.1606890076439231
1.168487064112706
1.170079782825846
1.174613724821372
1.174613724821372
1.15541794153938
1.1339331748961203
1.1285238775229687
1.1288104353726909
1.1302768396225862
1.131116881574683
1.1357351588782467
1.133274432574425
1.1383889239463092
1.137848125180029
1.1366103599442208
1.1436977407927036
1.1689694477160695
1.1889803012865923
1.1989207790329033
1.1989207790329033
1.2016757762564045
1.1959278229566834
1.207703903796562
1.2090634526415438
1.2122323186178656
1.2116163481065125
1.2118635944170155
1.2142177281779083
1.2193253699438635
1.2211589567952295
1.2211589567952295
1.2160734303164877
1.2247941140502345
1.2250743188943516
1.2247075851695057
1.2370905930001745
1.2399921610563716
1.2587621793739319
1.2665445398678419
1.258642688533707
1.282947211276927
1.2784776275097776
1.278400074085075
1.2955778033037855
1.2971072346489647
1.2967309289041467
1.296223920914403
1.2958435976152698
1.2960429953436197
1.2958455553868629
1.2958455553868629
1.2975316528188319
1.3133490863530277
1.3138252898408067
1.2971133259748457
1.2956984248933805
1.313802989714347
1.3120452281611434
1.3148666491694034
1.3052429749195547
1.3065437710297048
1.2968575421709991
1.297932149964494
1.3033339232772299
1.3059874553114803
1.315552661623504
1.3178125026808225
1.3166096943909031
1.3277109840631705
1.3287532262321229
1.3211368603062148
1.3250018281079887
1.3152538138148757
1.3160761952535551
1.3115118720237962
1.309560930144066
1.3081737326241967
1.309927172034495
1.3126311857921797
1.3076412495190317
1.3005435922876905
1.2986798437199947
1.2957862748227664
1.2874361275122423
1.2824646465850607
1.2824646465850607
1.2721029194018685
1.2719666449667482
1.2727795087574825
1.2713680211453893
1.2565416468567165
1.2359295465575175
1.2505852905594608
1.2569173779111715
1.2575002010459084
1.2359404142170856
1.2331272131582072
1.236275550740321
1.2319999858547357
1.232272779012852
1.2322421895717253
1.228687340597442
1.2300472152027444
1.217162256716772
1.2169833174901383
1.2172335558629774
1.2258532857971998
1.2288619179078617
1.2191110596397385
1.2192594675941557
1.2295154220371687
1.2238313332391773
1.2280972685049294
1.2248108096080716
1.2234456964593954
1.235669638502717
1.2396463138737022
1.2391307073595141
1.2389661559512246
1.2475071749496904
1.253497342382999
1.2490991322679683
1.2438603084868949
1.2620511098853342
1.2620511098853342
1.2653810533981222
1.2648992764076075
1.271956237802955
1.2716206703689827
1.2779555191177792
1.2772118846150717
1.2711334416741096
1.2548939731685824
1.2316989856337623
1.2320966648882168
1.2485770351182495
1.2485770351182495
1.2534976373135853
1.2720980314529764
1.2697426470699178
1.2613618365890633
1.2613618365890633
1.2566193287134326
1.2526687791357036
1.2523072736890053
1.2523142340387206
1.2507154762290407
1.2617239494387018
1.2868117694925507
1.2868053844361997
1.2878835158121031
1.2958634918648544
1.2917376035322263
1.29031011786301
1.3060696175181088
1.3058260343170751
1.3042345548289975
1.3039018599937584
1.3097556872612581
1.3144104404018213
1.3144104404018213
1.314833705298765
1.3128145655210626
1.3074341803267624
1.3060356779897233
1.3063552844921877
1.3057872270962436
1.3039673390881192
1.2978251140744521
1.285108519537367
1.2927704025271531
1.2927704025271531
1.3064674815115696
1.3065793145612457
1.3064464482176055
1.3047481697818994
1.3074309966154645
1.3150969840638125
1.3150969840638125
1.3145921956905757
1.3191151590042536
1.3191151590042536
1.309536310343182
1.3101308194289842
1.300709714377842
1.308600163118491
1.3093311737381692
1.3117355212795854
1.3145399633121746
1.3173384127895895
1.3238884652373082
1.3189709502767744
1.3226508417502292
1.3209614545629467
1.320699345430019
1.3245539091903804
1.3245539091903804
1.324570015750835
1.3285296171524101
1.3185762834887873
1.3185762834887873
1.3053803705569682
1.3054479953299647
1.3035270270731563
1.3069154042634081
1.3077994430521669
1.3061070959820404
1.2928122030525313
1.2927603832590635
1.2935324494283005
1.2813933535025956
1.2813933535025956
1.282255647482864
1.273188784159698
1.273188784159698
1.2778389032268493
1.2627867611470103
1.2593454899663903
1.2589278030740525
1.258924627094604
1.264618691743154
1.2801866007586673
1.2804296717791868
1.281696109978785
1.2782029734639178
1.2806314392365374
1.278476275618458
1.2677814636872595
1.2695679541108271
1.2605185488340673
1.2606076045729155
1.2540364318144233
1.2541991400973194
1.2466619336079778
1.2605769499484936
1.2605769499484936
1.2572475195729544
1.2458519468207292
1.244891840487367
1.244891840487367
1.244157827685108
1.2561723510915939
1.2648828358222926
1.2648828358222926
1.2529228275030877
1.2433363220479023
1.2433363220479023
1.242296072428502
1.2312745635871656
1.2123120788198793
1.2119250453827914
1.2051897180739577
1.2130241114373872
1.2136278414120267
1.2136278414120267
1.2134710883550441
1.213564362789706
1.1912706030346263
1.1887232060659445
1.1721838854021736
1.161996725034159
1.1940685464964766
1.1986907834742004
1.194189824570134
1.1855691714564573
1.1899851107749935
1.1935692351956635
1.193285973944094
1.1918389578323594
1.1716545024163443
1.172181224833955
1.1674825646611555
1.1848594181310792
1.1848594181310792
1.1848740200490826
1.185028272991812
1.1857068275930651
1.1876141060699297
1.1876141060699297
1.179500478244335
1.182121491545207
1.1825622834299327
1.178093034230564
1.1683677296269548
1.1700330006457
1.1579729530234186
1.1575840049273132
1.1618847925072335
1.1716124015889067
1.183500227995125
1.1817591546178186
1.1660401833159395
1.1715230187358652
1.174769446818181
1.1746852043657645
1.1756277344257675
1.1756277344257675
1.1782973631888216
1.1782973631888216
1.179321279030027
1.178843171971204
1.178843171971204
1.1781919726157704
1.1828579356777678
1.1949280491913263
1.1878299783976372
1.2039010490991697
1.2226021364493114
1.2210748123937674
1.203839478445162
1.1957353912953703
1.1978753303728331
1.1710728454341353
1.1710728454341353
1.1742226462226446
1.170142584814874
1.1542822993502195
1.1542822993502195
1.154607518507162
1.154607518507162
1.1524702619340637
1.1521634886884817
1.1411118761585488
1.1411118761585488
1.1338427216083147
1.1334487070150945
1.13550084614427
1.1454418054257705
1.1433276549122093
1.1427165010031297
1.1318919656992883
1.1494449063759034
1.149837007191412
1.1496393148954716
1.1459702983550222
1.1439259222716482
1.145917144159309
1.1461075136244008
1.142011589773927
1.1508744764605512
1.1364804557879256
1.1245784041236757
1.1115433793901521
1.11352415708898
1.1257738269146702
1.1238735000593167
1.0841963169819564
1.1028234012023328
1.0910530728547914
1.0966436025914479
1.098126219235694
1.092503002070604
1.086647837131949
1.0976511714633688
1.0954984556924985
1.0900326903908197
1.1049846699215384
1.0909107118708905
1.0778717650724017
1.0568779897076312
1.0680283648691917
1.0672626550777091
1.0718997180597105
1.0563546693876333
1.0551015595875044
1.054046761321688
1.0482468410843562
1.059374280989232
1.0465870070344159
1.0465870070344159
1.0248686287426942
1.0190719362989415
1.0197152494939883
1.0039730820305361
1.0109091459165473
1.0109091459165473
1.0103998598508668
1.0145544974151193
1.0159362501775853
1.0204943335991163
1.0204943335991163
1.0223319656699252
1.0223319656699252
1.0237612159996374
1.0222607227525964
1.0442218310200697
1.0441910399441052
1.0441910399441052
1.0441910399441052
1.0373782904310391
1.0199803514054988
1.0235758709404208
1.022053526659425
1.015349391795205
1.0019781275311161
0.9873045251381457
0.984026531089852
0.9808013158784945
0.9897064539415972
0.9952649353242694
0.9945280527759828
0.990485152476956
0.9859171915936057
0.9839131634009001
0.9752384014917961
0.9645000714410343
0.9693551515960249
0.9711523882368885
0.9827032937189123
0.9793569679184041
0.9890512876044784
0.9849440340443393
0.9930770392500112
0.9930770392500112
0.9993390398518706
0.9993962490373737
0.9993962490373737
0.9976577265530469
0.9990747263418633
0.9990747263418633
0.9990747263418633
0.9991571004394645
0.9898921818885572
0.9818511848757898
0.9757809227110192
0.9774894722178068
0.9823350630524
0.9855082346370225
0.9855082346370225
0.9859519216143467
0.9859529586279714
0.9814928162383929
0.963087035287722
0.9630146206439352
0.9665388981560473
0.9671530896713434
0.9776886700519825
0.9866396855398228
0.9863819437082821
0.9863819437082821
0.9880456791166824
0.9767460633648222
0.9751999215440155
0.9724594781362736
0.9705003320825119
0.970026799462801
0.9791607483375764
0.9792242992054928
0.9807754698435462
0.980287575956875
0.9794102703365645
0.9794102703365645
0.9688014181464673
0.9675626322735821
0.967619962962945
0.967619962962945
0.9330661770546886
0.9502537720964186
0.9502099823232475
0.9515024305957946
0.9488864000038627
0.960092859661417
0.9763451507912847
0.9772578318546664
0.9807316255635588
0.9698978594009099
0.9833380260755598
0.9682985208521395
0.9682985208521395
0.9538872134203803
0.9624404654755593
0.9624404654755593
0.9726613992533893
0.9883121357311181
0.9907055131667124
1.0110176401136335
1.0006635487905047
1.0006530480452576
1.0014473894228944
1.0014473894228944
0.9950319554186857
0.9922041302972882
0.9935972760819584
1.0011931278379673
1.0008749711391063
1.003126603832912
1.003129477432982
1.0003839370139829
0.9930312596135534
0.9946245328805806
0.9928621117155474
0.9747049322414908
0.9642933824929769
0.962276099896613
0.962276099896613
0.9619703679569392
0.9631552015394425
0.9646991070837362
0.9782373558270385
0.9760416968023342
0.9606834379415593
0.963350494755673
0.963350494755673
0.9660071047012746
0.9638038061693596
0.9702167011039541
0.9702167011039541
0.9702303151071037
0.979717764202527
0.9804101167897324
0.9778533849963434
1.0064295358142552
1.0127569386529989
1.0132655970627198
1.0122100612781029
1.0140111600533128
1.003455050833133
1.0167388871034435
1.0186770870714632
1.0186770870714632
1.0201035998174224
1.0220491792747035
1.0220491792747035
1.0208249604233142
1.0195262230349564
1.0195262230349564
1.0195262230349564
1.0097677169033175
0.9994596546695068
0.9796473794737083
0.9860815869987679
0.980350080071435
0.9828938120276985
0.9864369462569129
0.9938013677989002
0.9901833937716475
0.9884948431620784
1.0013945279699703
1.004097431027296
1.0077327698462009
1.0362462661438352
1.0385870552335248
1.0361368662231014
1.0367792292319284
1.0342480987619453
1.0372895782541294
1.0396385365422312
1.0477608074111517
1.0476071741736517
1.0477721729636877
1.057766552974013
1.0601535363557342
1.051538414516855
1.051538414516855
1.0516827685783459
1.0414093872557626
1.0532362122244634
1.0540620326358132
1.0560484162804522
1.0424650505683057
1.0509822299286042
1.0458834808510586
1.0400336748983605
1.0318131947327016
1.0303229663779696
1.0357081459769948
1.0357081459769948
1.0374162232312643
1.0382173633153233
1.0360892318395096
1.0360017507341412
1.0336103378602846
1.0273264052525237
1.030515608222111
1.034251303577899
1.0333615644081076
1.019063944534299
1.0279140704689103
1.036594246873761
1.0339144576048827
1.0339144576048827
1.0269150918553689
1.0188141076096826
1.01501286528134
1.0162244413952213
1.0166508869349231
1.0191124717820144
1.018326756220328
1.0179851272230365
1.0093669114208221
1.0076360497777792
1.0148692774384587
1.0148692774384587
1.0147748357666688
1.0050258330011776
1.0050258330011776
0.9967386225364595
1.0020665996568545
1.0022597350372557
1.0022597350372557
1.0003990891493453
0.9979357881751967
0.9973790202500395
0.9894673473786583
0.9894500236053242
0.9859523961951214
0.9859523961951214
0.9779293949237712
0.9825158491977236
0.9826822427584444
0.9869910640333075
0.9880209631267245
0.9924943369236126
0.9939620526054939
0.9960276557646395
1.003456628870031
1.0036111296565327
0.9998395081433878
0.9991715454124853
1.0092670968683322
1.008149334506381
1.0062276304097788
1.0135384478723894
1.018025666415342
1.018025666415342
1.0042210033999015
1.0074123829117172
1.000407947391818
0.9973350661768774
0.9932336884829008
0.9941390989817595
0.9941390989817595
0.9820536482395485
0.9715887703170784
0.9697155773826573
0.9709258528914136
0.9345238777628537
0.9345238777628537
0.9342047292999255
0.9509563374626728
0.9491342314990387
0.9436800965692049
0.9430357888549648
0.9430357888549648
0.937140756041048
0.9303901916764246
0.9290326372607859
0.9329034506744792
0.9625954410477184
0.9560737846555687
0.9561157186875614
0.9475661051745246
0.9504861907377887
0.9492023782328127
0.9463853570243169
0.9399752868110951
0.9662311093902293
0.9676943781001842
0.9676943781001842
0.9692819328668868
0.9614012425027324
0.966959232039487
0.9684648888833574
0.9684648888833574
0.9622715223734689
0.9601381940470651
0.9476371874800381
0.9470948310826088
0.9470948310826088
0.9723361018398177
0.973551905893156
0.9585745155105762
0.9533146213808859
0.9544543165556846
0.9573970193342607
0.9634651439350114
0.9633233708048633
0.9656931351314341
0.9535097357671601
0.9478961341699303
0.9478961341699303
0.9536609907455075
0.9536609907455075
0.9559905762252175
0.9555406787649806
0.9594469851273151
0.9533995522186451
0.9665059578302936
0.9687428693687903
0.9604588924178765
0.9601453563732724
0.9579190875624399
0.9645647318892658
0.9615892130314698
0.9615615906129831
0.9600937268414539
0.9286072335063987
0.9190162380514246
0.9196465349583546
0.908217082295981
0.8943354490422474
0.8949848337505708
0.8949848337505708
0.8873372832925941
0.886478953841348
0.8794083420589525
0.8801658596907452
0.8778639512020769
0.8765494964462017
0.876443334341748
0.8818121836943047
0.8818121836943047
0.8878437330059572
0.8953639164054744
0.8970557203722069
0.8975501671222322
0.8975501671222322
0.9038278276655304
0.9095695651334239
0.912563873263576
0.9114924516178072
0.9134353316418444
0.9090786686615104
0.9090786686615104
0.9016927476247788
0.8947385382485559
0.8961824499504425
0.8911658798044144
0.8842958004463276
0.8970988554553957
0.8963133118147995
0.8962532835357805
0.871563759452682
0.8729568759566118
0.8727195984448496
0.8726032511681444
0.8726032511681444
0.8702794883042554
0.8688029163665782
0.8682078007840605
0.8778387603416339
0.8791619557447637
0.8658732082938705
0.8636917956949683
0.8615193389468669
0.8601036598792385
0.8330978623327625
0.8373745468709428
0.8373982087931598
0.8405108406199582
0.8405108406199582
0.8392617628013992
0.8199414201806181
0.821918202219799
0.8166834458048898
0.812762605850521
0.793365319282371
0.7971166092296974
0.7992955876783437
0.80432048079849
0.8019521975870283
0.8023668828173918
0.8142470990228152
0.7989711291853522
0.7915105916925949
0.789090985464114
0.7973703577468345
0.7953808044859508
0.7965367175550044
0.7965367175550044
0.789791775816397
0.7836469908692444
0.7863931865503135
0.7827394983014041
0.7832974974560758
0.8127906771810152
0.809262192487519
0.8253443671945648
0.8218744413277708
0.8218744413277708
0.8218744413277708
0.8274643913089444
0.8342480222070602
0.8277660885558586
0.8088600369549426
0.8047423705336475
0.8047423705336475
0.8050312254872001
0.804551536327181
0.800267846857294
0.8145195327175423
0.8016900265154588
0.8019594563259347
0.8019869064957393
0.8051529811085871
0.8158745971692176
0.8165205400773854
0.8233066905515044
0.8237733285195307
0.8241520042685797
0.8397156988046959
0.8407007922857727
0.8373031427527398
0.842934466447396
0.8449058764660452
0.842249852488793
0.8403657530198555
0.8434533971822579
0.8407980633291343
0.844371325222323
0.846918949114047
0.8461735119094761
0.8563174792977033
0.8563174792977033
0.8572538329578455
0.8572538329578455
0.8471972670341963
0.8545550935354688
0.8474408889540849
0.8418493986770662
0.8417770010209855
0.839410797723028
0.8393307919905404
0.840295648712039
0.8402728592244918
0.8402728592244918
0.8432626281128343
0.8313039658623514
0.8307971868305108
0.8302020690217359
0.8375955073961964
0.8375955073961964
0.8418023812771883
0.8390456893036796
0.8390456893036796
0.8390456893036796
0.8382827746548412
0.8382827746548412
0.839053675831764
0.8420444447538089
0.8289026702054284
0.8289026702054284
0.8379766586604633
0.8379766586604633
0.8381341265431326
0.8387602182818988
0.8370678549680745
0.8312918276688006
0.8184405740038837
0.8184405740038837
0.8208601158181013
0.8284283750779455
0.8283743821600896
0.8284286119829918
0.8271459858748348
0.817351732548326
0.8189799837808108
0.8323302176974058
0.8281851582565303
0.8282266479401966
0.8278720750887409
0.8278720750887409
0.8289752751185189
0.8340008091356779
0.8357372797499447
0.8304461972300693
0.8287235585194258
0.8411592703286166
0.846753527930962
0.846753527930962
0.8369594741481019
0.8373425608167484
0.8144272911529774
0.8301382524974763
0.8340556622882246
0.8209965310681614
0.8084607121640187
0.8151611848187533
0.8061015942263283
0.8068034825743139
0.8070546548950479
0.8036947047524063
0.8092627616980261
0.8129727319447912
0.8111923398235574
0.8082234803996747
0.8144366451598344
0.8102473800089279
0.8132992118729675
0.8115676689364115
0.8055320032517204
0.8045901538463996
0.7971609368233179
0.8044841794844338
0.8044841794844338
0.8044841794844338
0.8132193564610758
0.8140184706321488
0.8162094740145198
0.8132371925574985
0.8132371925574985
0.8051818868463397
0.8188855349462457
0.8320997873692333
0.8350378262401439
0.8111716668176087
0.8115627124686814
0.8068569900830314
0.806815423941244
0.8078202665553686
0.8071640331372016
0.8068660872413332
0.7973132658483473
0.7981013070188585
0.7925056410490986
0.7812383408014779
0.787632687128991
0.787632687128991
0.788556263480942
0.79795651110203
0.79795651110203
0.79795651110203
0.7971210980632136
0.7845887431391886
0.7953737132748161
0.7907646168215665
0.7907646168215665
0.7889771300026636
0.7884935908209465
0.782073266402392
0.7798540784359452
0.773370402420854
0.774333076066793
0.7600420019534728
0.7607214482506038
0.7594603593225007
0.7498201548062136
0.7492178633954307
0.7493959710835635
0.7613030893782481
0.7629204366170339
0.7654266315259892
0.7645345645249799
0.7695926043963862
0.7705160910777513
0.7669805563640971
0.764312104293912
0.7639031429234316
0.761592516398245
0.761592516398245
0.7655185748153047
0.7636462454917502
0.7636462454917502
0.7636462454917502
0.7637831271519718
0.7635554566071096
0.7730667277194018
0.7722094007569533
0.7776474280918622
0.7776474280918622
0.766171710685104
0.76675973636556
0.7664255118939932
0.759415817127217
0.759415817127217
0.759415817127217
0.759415817127217
0.7567314730903636
0.756657004009368
0.7586066587420058
0.7586066587420058
0.754631217025458
0.7518615381148409
0.7524653564465432
0.7566470677854301
0.7566470677854301
0.7566470677854301
0.7745470219956231
0.7569699287371693
0.7509798548242264
0.7425166831406059
0.7425166831406059
0.7372477354721895
0.7372477354721895
0.7394374910291669
0.7394374910291669
0.7273968816446855
0.6890580555501263
0.6890580555501263
0.6890580555501263
0.686647620351646
0.6874196149887175
0.6831163889189067
0.6870663035136404
0.6871635479411816
0.6818748614052647
0.6818748614052647
0.6788520566802453
0.6732243797225154
0.6732243797225154
0.6789252807112118
0.6783957724346887
0.6726580158407052
0.6753016092081763
0.6843584542549789
0.686620454231651
0.6852635755743157
0.6889889453183552
0.6881516962293717
0.6892956577289461
0.6889751322364849
0.6889751322364849
0.6767055040416973
0.6761789220683837
0.6714784222692003
0.6725707749864094
0.6699195149802502
0.6798876751030404
0.6818189431493942
0.6818189431493942
0.679541322683049
0.679541322683049
0.679541322683049
0.6827269327972962
0.6844353989609376
0.6895769259402217
0.7105291915578391
0.7118051218733114
0.7118051218733114
0.7004815093298934
0.6986632215699552
0.7069432921861278
0.7073002474239747
0.7049934111391428
0.6969421761382453
0.6719420512996231
0.6719420512996231
0.671746956072025
0.671746956072025
0.6684783374307993
0.6876351306274657
0.6877032405696512
0.6877032405696512
0.6895362635999821
0.6859547070995949
0.6816023456401359
0.6711753741679813
0.670386762686725
0.670386762686725
0.670386762686725
0.670386762686725
0.6677449368342979
0.6677449368342979
0.6427174397797732
0.6402067872010948
0.6399195330289947
0.6399195330289947
0.6399195330289947
0.6318942916106908
0.633969697271738
0.6271403771686489
0.6253260310574008
0.6232965173627089
0.6232965173627089
0.6238495924170633
0.6254818591078143
0.6263610358277691
0.6271704248251433
0.6272218762447399
0.6272218762447399
0.6364091043075039
0.6383320948956388
0.6375240112360062
0.6560855423932304
0.6572915935519684
0.6611540216389881
0.6663681950872699
0.6663681950872699
0.6715437057102052
0.6755768743582368
0.6739693539259365
0.6743675529721571
0.6961895064499203
0.6989847779974607
0.6950969401688053
0.6938522248022331
0.6928051546266445
0.6970062869967844
0.6981335956100886
0.6917274952115072
0.6945220282281573
0.695462803910857
0.6956828927143314
0.6894647559812612
0.6894647559812612
0.7022663038690147
0.6984064797768944
0.6802354892206327
0.6802354892206327
0.6802354892206327
0.6802354892206327
0.6802354892206327
0.6784009782434904
0.6871256125937237
0.6905841833353265
0.6939809183625365
0.7049448905425072
0.7049448905425072
0.7239309525621102
0.7063786278474435
0.705703955529323
0.70050210203751
0.70050210203751
0.7004171087163323
0.7001596144426947
0.7001596144426947
0.7001596144426947
0.6955088588868584
0.7010817230101366
0.6889119548862224
0.6889119548862224
0.6746067213663722
0.6710672536906591
0.6714851822035742
0.6714754060286519
0.6770533674424699
0.6705777422675286
0.6663626402187315
0.6663626402187315
0.6663626402187315
0.6662918206730349
0.6666960461374241
0.6680342154539145
0.6724233962219754
0.673272277262926
0.673272277262926
0.6711406036487102
0.6891897206276669
0.7041863369001369
0.7041863369001369
0.7095251287197313
0.7121540158171551
0.7173719268048724
0.7054992178138536
0.6988255765911703
0.6794094795876164
0.6794094795876164
0.676855992587177
0.6686470471737822
0.6732532910469738
0.6736485263779152
0.6736485263779152
0.6808991204725022
0.6824749050253254
0.6824749050253254
0.7075997744418301
0.7075997744418301
0.7078626313096817
0.7063522230380886
0.7063522230380886
0.6987865134376203
0.6914318710183163
0.6914318710183163
0.6993051625497733
0.6902043288161248
0.6880676845754728
0.6880676845754728
0.6944571492345835
0.6931518479410506
0.6913609065415137
0.6913609065415137
0.6913609065415137
0.6893376253239561
0.6862174167794017
0.6852584332925408
0.6841226274098505
0.6853487727584214
0.6849423954544057
0.6883510063838126
0.6804177827014576
0.6804177827014576
0.6833422840004446
0.6901511253167085
0.689027632988851
0.6861549765284928
0.6807967944852068
0.6750110971157404
0.6732830267267361
0.6735448760581239
0.6735866545866915
0.6758557876073501
0.6758557876073501
0.6745637200461765
0.6709422040078964
0.6686913255496226
0.663669427909644
0.6628579969501623
0.6452482948843298
0.6515513235230187
0.632444314605282
0.632444314605282
0.632444314605282
0.6343102468014478
0.6332150870064466
0.6319664576284355
0.6307196144412043
0.6354213629759503
0.6280751288786669
0.6243421776770494
0.6252453926589535
0.6236170754881255
0.6236170754881255
0.6243974623919147
0.6277213298660466
0.6153091027772829
0.6153091027772829
0.6077365482250752
0.6077365482250752
0.6077253892433703
0.6098565671165895
0.6000299700715735
0.618512864263449
0.6235273765862548
0.6226534449433709
0.6244507949406607
0.6244507949406607
0.6196775659627844
0.6196775659627844
0.6510245810431218
0.6501263505783328
0.6501263505783328
0.6504103055544717
0.6504103055544717
0.645082364220062
0.6409437186280929
0.6379970400961945
0.6208800139299179
0.6208195363753184
0.6035007720920095
0.6121973593478711
0.6121973593478711
0.6103606545773841
0.6119504504566851
0.6130095992534333
0.611710993081096
0.6177351465322113
0.6177351465322113
0.6186602554704609
0.6258913332926324
0.6258913332926324
0.6245302462024166
0.6245302462024166
0.6185583319138996
0.620240329677179
0.6265258675061812
0.6265258675061812
0.6199473109569429
0.6238390527416936
0.6202834127436146
0.6202934180126158
0.616875243327442
0.6201304216291403
0.6192145162273546
0.622410218656937
0.6185132994157604
0.617685896815498
0.6108040694625726
0.6108040694625726
0.6121332923636726
0.6156793320831409
0.6156793320831409
0.6189470237677881
0.6224262175161225
0.6224262175161225
0.6224262175161225
0.6324743010418515
0.6301596705259851
0.6293821803426444
0.6314405720807517
0.6297415381463752
0.6286032441266546
0.6286032441266546
0.628871074005865
0.6338947084472872
0.6371120391148114
0.6371120391148114
0.6364011843332378
0.6348197640133029
0.631838257416866
0.6516388358834098
0.6539441990563544
0.6539441990563544
0.6549706392279209
0.6578586382740488
0.6584049739324611
0.6584049739324611
0.6535986476517529
0.6535986476517529
0.652842068102385
0.648989072271088
0.64114735480047
0.6356112028667509
0.6637345607682739
0.6710765904821672
0.673897574524402
0.673897574524402
0.673897574524402
0.6688542535980271
0.662905433832619
0.6644484213836871
0.6592909111912054
0.6511344733821219
0.6480469138393281
0.638772652995374
0.6393556707225339
0.6393556707225339
0.6409172554776686
0.6525886723599542
0.6525886723599542
0.6493955419194157
0.6448191212270354
0.6532150201506474
0.6606148733378832
0.662327186478716
0.660227481055037
0.6557127117271273
0.6566584463495468
0.6256015825734064
0.6255026068883724
0.6253274636217748
0.6277437245564519
0.62820949404071
0.6295727663920178
0.6284420056719624
0.6227596774420501
0.6307854598696052
0.6300183139178436
0.6278021063213288
0.6182742209677039
0.6037799824676028
0.5984807102516485
0.6029476569405193
0.6107866439034982
0.6013694128331956
0.6065156719250615
0.6057807417461799
0.6057807417461799
0.6057807417461799
0.6057807417461799
0.6057807417461799
0.6025785363717672
0.6010394920727467
0.6010394920727467
0.6053041279366402
0.6035128625308298
0.6018997613923949
0.6018997613923949
0.5946635864556197
0.5946635864556197
0.5874464621472276
0.5869985956152318
0.586991377233863
0.582437412067549
0.5847846298815658
0.59569833227755
0.6043886017716492
0.6124785655561964
0.611382247825528
0.6150630324411245
0.6150630324411245
0.6249747983652199
0.6279514621852745
0.6279514621852745
0.6307506146349082
0.6307506146349082
0.6307506146349082
0.6302277233665532
0.6247726553624633
0.6277035997052279
0.62694424706504
0.6335888091703892
0.6335888091703892
0.6335888091703892
0.6335026184214317
0.6310817452549023
0.6263776868297984
0.620803022109111
0.6185885718530777
0.6226256403931875
0.6208131287377263
0.621328112307948
0.6072430495560319
0.6073243393388967
0.6046088580732305
0.6184012819201324
0.6202399613710258
0.6202399613710258
0.6202399613710258
0.6202399613710258
0.6224148339160763
0.6226897099503906
0.6226897099503906
0.6226897099503906
0.6046855925916094
0.6054872113741081
0.5936479190120049
0.6033274263960053
0.6033274263960053
0.599341267241267
0.6017399135676696
0.6001639233642339
0.5980892901906825
0.6033830369754849
0.6200836059879659
0.6200836059879659
0.6235567286546972
0.6235061054520539
0.6305964321942285
0.6291404601135935
0.6291709464959839
0.6291709464959839
0.62388934470749
0.625351719756901
0.625351719756901
0.6255436723377286
0.6248415912224471
0.6466345989427983
0.6359095297642022
0.6283228021068036
0.6317515631448425
0.6126102607058522
0.6156017230221279
0.6192633452156776
0.6191655222804686
0.6234209327663742
0.6250526133169827
0.6247619420874231
0.6249672162495382
0.6222565387419228
0.6224856156119777
0.6224856156119777
0.6011089836755075
0.6011089836755075
0.6011089836755075
0.5739712408206287
0.5739712408206287
0.5697715621396046
0.5681919738794614
0.5681919738794614
0.5647035633674649
0.5752223305510856
0.5770718273910911
0.5794544382905991
0.5770688167133934
0.5770109575882856
0.5788923131817261
0.5794763782236985
0.5765340472031826
0.57601995039474
0.57601995039474
0.5768690121861553
0.5768690121861553
0.5768690121861553
0.5853711407983615
0.5880905819397337
0.5884168417268838
0.5880392463031389
0.5938253162042457
0.5789437318755492
0.5782750795176298
0.5776246441497231
0.5907961163538759
0.5869773349415747
0.5869773349415747
0.5869773349415747
0.587236624640061
0.587236624640061
0.577173844854328
0.5762679396265854
0.5762679396265854
0.5821753438203003
0.5821695106890179
0.5785710188078876
0.5785710188078876
0.5808616136196917
0.5808616136196917
0.5786623539307818
0.5786623539307818
0.5739438037276431
0.5731618988407251
0.5751376234329374
0.5661130904185636
0.5680133728459413
0.5680133728459413
0.5757104564064555
0.5734492162986596
0.5794314035794852
0.5770350836278357
0.5783119500109443
0.5692127030299163
0.5692127030299163
0.5706979413779475
0.5706979413779475
0.5705826793134788
0.5704228943192982
0.5654830918873301
0.5696640127672571
0.5696640127672571
0.5643759946293827
0.562154417736164
0.5618571257843187
0.5641060870165151
0.5629966194563005
0.5629966194563005
0.5629966194563005
0.5629966194563005
0.5639626097718995
0.5690181843220962
0.5734299581077197
0.5742089508999783
0.571848537677439
0.5717671101290317
0.5717671101290317
0.5718044415876175
0.5718044415876175
0.5817622752703507
0.5817622752703507
0.5836607274856852
0.5836607274856852
0.5838658875577811
0.5836096501606878
0.5838293073754006
0.5860473867331241
0.5921184146421843
0.5909246829116079
0.6020168791067777
0.5981479736577061
0.5998590554255793
0.6061526601920715
0.6053685620469401
0.6079631016536016
0.6079631016536016
0.6156257418879348
0.6156257418879348
0.6156257418879348
0.6161411241831575
0.6049469150814377
0.6107768411103165
0.618884501180253
0.6074810463955997
0.6073084210773946
0.6073084210773946
0.608986170870051
0.5987156501381943
0.5898371282494727
0.5933376253179188
0.5928512121322436
0.589757914765269
0.5837056403968977
0.5837056403968977
0.5837056403968977
0.5837056403968977
0.5832958347442555
0.5789128919574416
0.5771748791094464
0.57704969545099
0.5782215559753797
0.5774763300048132
0.5774763300048132
0.5761888102068022
0.5716974801904714
0.5713565062782646
0.5726503025245694
0.5731793287148211
0.5713916631051483
0.5811482914638597
0.5822664136902388
0.5823904165710859
0.5823904165710859
0.581049321843349
0.5725556262578261
0.5815866291856662
0.5775381320094835
0.5771870584868466
0.5617105222222908
0.5620768100379953
0.5620768100379953
0.5582511632900522
0.5534359402638827
0.5534010824497986
0.5537977708989323
0.5537977708989323
0.5574467244258394
0.5587604476207526
0.5587604476207526
0.5588161401915538
0.5588161401915538
0.5588161401915538
0.5576877497316404
0.5576877497316404
0.5580473747015616
0.5580748856921935
0.5580748856921935
0.5580748856921935
0.5562950484228162
0.5551264187338427
0.5667158009826441
0.5667158009826441
0.5668862034693449
0.5659197114117855
0.5659197114117855
0.5588460793058143
0.5580308939791545
0.5571694727575507
0.5571694727575507
0.5571694727575507
0.5405881446098585
0.5405881446098585
0.5405881446098585
0.5405881446098585
0.5405881446098585
0.5405881446098585
0.5390039464030122
0.5463809056762282
0.546261020745702
0.546261020745702
0.5386466766031206
0.5499669958358503
0.5558495936023004
0.5485109255005828
0.5473681676432613
0.5445426998515426
0.5452346980006052
0.5430790293435556
0.5435991693751433
0.5435991693751433
0.5439823134627465
0.5439823134627465
0.5448499913461725
0.5448499913461725
0.5505773734301235
0.5505773734301235
0.5542616676953588
0.5542616676953588
0.5565994980431194
0.5605181739287959
0.5603247343224877
0.5663787374963913
0.5665395900906104
0.5677092565410274
0.5665933450675686
0.5665933450675686
0.5610280683404109
0.5610420866188642
0.5594911871325338
0.5573462828274129
0.5572406490419409
0.5569680203091688
0.5636526270048824
0.5694862201193892
0.5682313191003883
0.5682313191003883
0.5708810561771462
0.5722159495937321
0.5727195208592877
0.5665938293779632
0.557732201799315
0.557732201799315
0.5418430253854896
0.5424281492384939
0.5424281492384939
0.5424281492384939
0.5479254272996772
0.5479254272996772
0.547830191718594
0.5415694403393674
0.5284775412759555
0.5318984369525411
0.5321852694638599
0.5321852694638599
0.5259166518664812
0.5201925117376988
0.517409307910195
0.517409307910195
0.517409307910195
0.519167587420215
0.5194168563475244
0.5228103217053609
0.5228103217053609
0.5182153200731998
0.5280688672546547
0.5267797077220415
0.528287968216854
0.528287968216854
0.5345635369142382
0.536828014459041
0.536828014459041
0.536828014459041
0.5349876336431493
0.5361413843788986
0.5361413843788986
0.5361413843788986
0.5357782106192014
0.5456776078275805
0.553507503919371
0.5532136656193966
0.5518725375734002
0.5452886855942108
0.5336570642212984
0.5342232982380302
0.5357740468483977
0.5357740468483977
0.5333219856882208
0.5323185730208868
0.5311862383738759
0.5307668308638613
0.5288593279360139
0.5427567693344932
0.5427567693344932
0.5488545642604581
0.5454946638725039
0.5191826221664269
0.5181543416968758
0.5192187395388129
0.5193647090365995
0.519424691016097
0.519424691016097
0.519424691016097
0.5282678921556884
0.5278930317703723
0.5329115005504995
0.5329115005504995
0.5319908984638512
0.5223233344140009
0.5223233344140009
0.514015326805988
0.5182121210698435
0.5182121210698435
0.5182121210698435
0.5196034487840475
0.5192054998365743
0.5192054998365743
0.5192054998365743
0.514828475561524
0.5145146467212485
0.5067968839390586
0.49969333905161784
0.49969333905161784
0.4955638358871178
0.4950776715369681
0.4950776715369681
0.49367553655169405
0.49269467638567593
0.4609936390221403
0.45639019830067584
0.4454710312569781
0.4454710312569781
0.4454710312569781
0.44016875765241953
0.44016875765241953
0.44016875765241953
0.44016875765241953
0.44016875765241953
0.4407644478369945
0.44059338742766185
0.44059338742766185
0.44059338742766185
0.44059338742766185
0.43962831774004774
0.43962831774004774
0.43962831774004774
0.43261432560472723
0.43261432560472723
0.43261432560472723
0.43261432560472723
0.4302624907997433
0.42854101976509185
0.42854101976509185
0.4253290284883393
0.4253290284883393
0.4253290284883393
0.4253290284883393
0.4253290284883393
0.4253290284883393
0.4253290284883393
0.40184295615998633
0.40184295615998633
0.40184295615998633
0.40184295615998633
0.40184295615998633
0.40184295615998633
0.40184295615998633
0.40184295615998633
0.40184295615998633
0.40275022271689165
0.40275022271689165
0.39012437453585314
0.39012437453585314
0.39012437453585314
0.39012437453585314
0.39012437453585314
0.3900795792290427
0.3900795792290427
0.3881198597748116
0.3699838912126747
0.36830441627177335
0.3658869927076419
0.3658869927076419
0.3658869927076419
0.3658869927076419
0.3658869927076419
0.36347277482243473
0.36140025970807305
0.36140025970807305
0.36140025970807305
0.359809947841794
0.359809947841794
0.359809947841794
0.359809947841794
0.35644835753675397
0.35644835753675397
0.35644835753675397
0.35644835753675397
0.35644835753675397
0.35528198543001965
0.34763520045611074
0.34763520045611074
0.34678110378161664
0.34678110378161664
0.34678110378161664
0.3366536324409035
0.3366536324409035
0.3366536324409035
0.3366536324409035
0.3366536324409035
0.3366536324409035
0.3366536324409035
0.3366536324409035
0.3366536324409035
0.3366536324409035
0.3366536324409035
0.3366536324409035
0.3366536324409035
0.33665127135325096
0.3366505113933431
0.3366505113933431
0.33520718283398676
0.328262877680913
0.328262877680913
0.3279053509827464
0.32510168244772103
0.3251426761262876
0.3251426761262876
0.3251426761262876
0.3251426761262876
0.30600666768631724
0.30600666768631724
0.30600666768631724
0.30600666768631724
0.30600666768631724
0.30600666768631724
0.2957647622156827
0.2957647622156827
0.2957647622156827
0.2957647622156827
0.2957647622156827
0.2951508130906776
0.2951508130906776
0.2951508130906776
0.2951508130906776
0.2951508130906776
0.2951508130906776
0.2951508130906776
0.2951508130906776
0.2951508130906776
0.2774560993342376
0.2774560993342376
0.2774560993342376
0.2774560993342376
0.2774560993342376
0.2774560993342376
0.2774560993342376
0.2774560993342376
0.25147783887662745
0.25147783887662745
0.25147783887662745
0.25147783887662745
0.25147783887662745
0.25147783887662745
0.24752431755936988
0.24752431755936988
0.24752431755936988
0.24752431755936988
0.23704309976960375
0.23704309976960375
0.23704309976960375
0.23704309976960375
0.23704309976960375
0.23704309976960375
0.23623841959437625
0.1949469268569968
0.1949469268569968
0.1949469268569968
0.1949469268569968
0.1949469268569968
0.1949469268569968
0.1949469268569968
0.1921990131076804
0.1921990131076804
0.1921990131076804
0.1921990131076804
0.1921990131076804
0.1921990131076804
0.1921990131076804
0.1921990131076804
0.1921990131076804
0.1921990131076804
0.1912256858802139
0.1912256858802139
0.1912256858802139
0.1912256858802139
0.1912256858802139
0.1912256858802139
0.18513672325899785
0.18513672325899785
0.18513672325899785
0.1613512382018894
0.1613512382018894
0.1613512382018894
0.1613512382018894
0.1613512382018894
0.1613512382018894
0.159941273091563
0.159941273091563
0.159941273091563
0.159941273091563
0.159941273091563
0.159941273091563
0.159941273091563
0.15898097484016688
0.15843823906100127
0.15843823906100127
0.15843823906100127
0.1583578250478643
0.1583578250478643
0.1583578250478643
0.1583578250478643
0.1583578250478643
0.1583578250478643
0.1583578250478643
0.1583578250478643
0.15729623262423104
0.15729623262423104
0.15729623262423104
0.15729623262423104
0.15729623262423104
0.15729623262423104
0.15729623262423104
0.15729623262423104
0.15729623262423104
0.15729623262423104
0.15729623262423104
0.15729623262423104
0.15729623262423104
0.15729623262423104
0.15729623262423104
0.15729623262423104
0.15729623262423104
0.15729623262423104
0.15663112099800408
0.15663112099800408
0.15663112099800408
0.15663112099800408
0.15663112099800408
0.15663112099800408
0.15663112099800408
0.15663112099800408
0.15663112099800408
0.13887779324995508
0.13887779324995508
0.13887779324995508
0.13887779324995508
0.13887779324995508
0.13887779324995508
0.13887779324995508
0.13813700701459866
0.13813700701459866
0.13813700701459866
0.13813700701459866
0.13809225770928804
0.13370098336240122
0.13370098336240122
0.13370098336240122
0.13370098336240122
0.13370098336240122
0.13370098336240122
0.13370098336240122
0.13370098336240122
0.13370098336240122
0.13370098336240122
0.13370098336240122
0.13370098336240122
0.12762298586628493
0.12762298586628493
0.12762298586628493
0.12762298586628493
0.12762298586628493
0.12762298586628493
0.12762298586628493
0.12762298586628493
0.12762298586628493
0.12762298586628493
0.12762298586628493
0.12762298586628493
0.12762298586628493
0.12762298586628493
0.12762298586628493
0.1264264784072167
0.1264264784072167
0.12629026411551986
0.12629026411551986
0.12617446069256408
0.12465825528568761
0.12465825528568761
0.12456215381997203
0.12477759932925944
0.12477759932925944
0.12477759932925944
0.12477759932925944
0.1245585579640486
0.1245585579640486
0.1245585579640486
0.1245585579640486
0.1245585579640486
0.12442947127886037
0.12442947127886037
0.12442947127886037
0.12443499671565737
0.12443499671565737
0.12443499671565737
0.12443499671565737
0.12443499671565737
0.12443499671565737
0.12443499671565737
0.12443499671565737
0.12443499671565737
0.12443499671565737
0.12443499671565737
0.12443499671565737
0.12274178431599343
0.12274178431599343
0.12274178431599343
0.12123579009546835
0.12123579009546835
0.12123579009546835
0.12123579009546835
0.12123579009546835
0.12123579009546835
0.12123579009546835
0.12123579009546835
0.12123579009546835
0.12123579009546835
0.12123579009546835
0.12123579009546835
0.12123579009546835
0.12123579009546835
