0.0466667 0.05422048280337527
-0.0866667 -0.07260700955559773
-0.3733333 -0.38524570588851675
-0.1533333 -0.14806904381306468
0.0366667 0.00651620597774738
0.0066667 0.03592548718491939
0.7633334 0.7794774120964297
0.61 0.5856467748210986
0.3833334 0.40262703681755446
-0.28 -0.2938846455567583
0.56 0.5690080894218447
0.1633333 0.18644113132618442
0.1266667 0.14659464611464332
-0.71 -0.7394794399079545
0.9666667 0.9847685629851448
-0.86 -0.8701141301600025
-0.59 -0.5402433883793263
-0.2366667 -0.25016665823389594
-0.4033333 -0.34770460179123164
-0.7566667 -0.7490606165210201
0.7133334 0.701253847022602
0.4233333 0.4224690467524339
-0.2933334 -0.2745299637888566
0.72 0.7099337264336036
-0.9666667 -0.9311379984710227
-0.9966667 -0.9661968088326676
0.9833333 0.961842523538698
-0.6666667 -0.7128221581845873
-0.17 -0.19856797454920605
0.9 0.889371392567599
0.03 0.03205974396069722
0.27 0.25597038844252645
