1.4574439634315368
1.2508569192076788
1.2605158728840438
1.2586452064579974
1.241260472429723
1.2538201386627652
1.260041770458192
1.2561618813692097
1.2594929680753872
1.2557402047372266
1.2535453728541253
1.2572777881328085
1.2632731448400392
1.2725520191957798
1.2554450044777823
1.2379684731122162
1.229768657491556
1.2286583323948626
1.225266495761743
1.2258202741145352
1.2003750762626377
1.2021052750735934
1.191859298597383
1.1751232571740138
1.1710875333940294
1.1759412251799197
1.1745603486731266
1.1797047255975228
1.1896861420976999
1.1852138494595783
1.1810252650031903
1.1810252650031903
1.1664154376694038
1.1664571831865849
1.1694081454900238
1.1894405794507574
1.1936447943522506
1.2003969222013926
1.1818885621683084
1.1788659837936528
1.1797036230577418
1.1810881092509007
1.1791860524498925
1.1871048279114924
1.1859939523382765
1.1829348628923786
1.1924233936972364
1.186804308425338
1.1818648543846697
1.1855542641383012
1.1820010856570085
1.1820261094642284
1.1929289122763953
1.1919760962136094
1.1866586873371372
1.1703077971435385
1.1546800666846062
1.1576473496497808
1.1546460077830996
1.157060555440789
1.1542545823937922
1.1493936309900281
1.1299831090694588
1.1196951029667983
1.115927558761249
1.1084910235379728
1.123741402086171
1.1290937635358331
1.1278319914460122
1.1440760649559063
1.1390891697925478
1.1399805258744784
1.140122880584997
1.1506990710314102
1.1649453166473922
1.1695545082328522
1.1722802323489068
1.1724186874529308
1.1920752529467054
1.1846515170128025
1.1852818348180851
1.181604171140563
1.1916922520977902
1.1883240298727002
1.1956675960118892
1.184706721532789
1.199283894876107
1.189335233912174
1.1896547117253178
1.1896547117253178
1.1884598031808178
1.1853123892376836
1.1852951247792398
1.187995722636356
1.1883498386979927
1.187274543059384
1.1752809332041223
1.1755264168742885
1.1784603134793958
1.175732203348423
1.176308208544064
1.1762300941399564
1.1663979211955233
1.1764197077336158
1.1633285893828738
1.1608119076962669
1.1671404073212814
1.1560438308201602
1.1452583270365326
1.1252354490140926
1.1262297868121962
1.132184722230417
1.1382132107336176
1.1482552527473238
1.1412061814587227
1.1388277148077621
1.134684646940902
1.121106331581307
1.1213062569567702
1.1117975654677767
1.1148048993832251
1.1170255924384338
1.127340603703678
1.118068051567388
1.1212560599264711
1.1165563399500331
1.1269748418588015
1.131399806002217
1.1292639841777095
1.120216067731577
1.1162816066007288
1.1266205140980803
1.1317769685104433
1.1207382165144362
1.1230039823730549
1.115665241714309
1.1135533126056107
1.1090611942216884
1.098946023062552
1.1088830933612306
1.1084204922880572
1.108649873322809
1.1121458040719043
1.111302649898673
1.1321502910858499
1.1576132140823863
1.1583427905383668
1.1630240044051074
1.1554384020666306
1.157731403177225
1.1591940586497453
1.1573679100385688
1.1573679100385688
1.1555030037396412
1.1267523876134933
1.1298751460833574
1.152935224574991
1.1548773539576769
1.1564775288243774
1.1511036217700674
1.1458242026663634
1.141134990357219
1.1319848311411502
1.1351834545073665
1.1351834545073665
1.1349680265800794
1.134732143649145
1.1285724286825907
1.1363404864834343
1.1074496233601425
1.1173070341914373
1.1087159306987404
1.114879378764062
1.126187399030049
1.1255730210662669
1.1314249156339946
1.133366128053474
1.121516174303148
1.121516174303148
1.107115874104091
1.099724041291315
1.0868258920795608
1.0871371190759576
1.0804436759305864
1.0878022279908381
1.0924476729044905
1.0965712930568723
1.0952971324754224
1.0989091314679884
1.0984948463934079
1.10541174306147
1.0934811347144195
1.0961776010965436
1.0937019833986452
1.0835933124299957
1.076435325995401
1.0681595831831825
1.0531332123414157
1.0420456995776206
1.0390106910959378
1.0391121096380325
1.0556997543597593
1.0324228917719147
1.0251880006622363
1.0224209762722185
1.0406967660191186
1.0419226504542527
1.0447745532091028
1.036655900966799
1.0366999264216232
1.0330940216319107
1.0327790278612299
1.0372198293438513
1.0278535575496854
1.0390862937402812
1.0410287315064972
1.0417486008707786
1.042617914512919
1.0370467203057736
1.0357858286763653
1.0426008224595518
1.036185465400697
1.0337243235951408
1.0329672975972135
1.0367267567135234
1.0362751537290082
1.024223059690318
1.0235969220416994
1.0243974780781433
1.0284407178155515
1.035978987678969
1.0343108341252025
1.0227349106593069
1.0228786743180471
1.0276514170177264
1.024003393820532
1.021961188374145
1.0213895595598115
0.9994371488223117
0.9995625150222182
1.0032065738410738
1.0011894763117075
1.0066886151821917
1.0149561290077989
1.0152640339203032
1.029286874584812
1.0310190643355845
1.0461782478946418
1.038409190125984
1.0397531508597289
1.0387887218470324
1.0553646213983123
1.062977467182799
1.0624864772698432
1.0661437205047755
1.0645532005001341
1.068013146983537
1.0683179442229838
1.0728956825770275
1.0754615268358063
1.0642138231457914
1.0591474884833514
1.0582543187536784
1.0477956358108278
1.0484740025277526
1.0484740025277526
1.046848857008088
1.0404756748377777
1.0771169400313743
1.0850859767465597
1.0780556771924061
1.0795739866038605
1.070719569372799
1.0709132401914174
1.06708639816929
1.068731230817486
1.0659761190692183
1.0692515660818795
1.0718306651191238
1.0609922251604573
1.066612270313379
1.0648481565386927
1.07344994968801
1.058620805591891
1.0546863287894057
1.0188141273903233
1.0119461518479522
1.0060096384853614
1.0198654920682644
1.0036743258553857
0.9857833383885671
0.9834430740420697
0.9774684043282941
0.9787764080008057
0.9790431140820424
0.972041208453037
0.9871158110474152
0.9757950263358008
0.9747809199597174
0.9729781082173032
0.9710868084986845
0.969421830423832
0.9695496396227128
0.971576986672485
0.9859965325644888
0.9911429783302447
0.9877603482616306
0.9971861911906259
1.0091651286432914
1.0102847423164236
1.001362933045005
0.9887292666832053
0.9853647277555215
0.9791218476779483
0.9850704479942176
0.9873353051906275
0.9865670972170774
0.9815635101856156
0.9733491581264326
0.9738847713624853
0.9729987635899886
0.9705471451478827
0.9419417961255517
0.9312955996366602
0.9419639295056383
0.9425552138552864
0.942751011520706
0.9517933466801107
0.9583732774948682
0.958326440771793
0.958326440771793
0.9557640702154891
0.9581165441483401
0.960655256137027
0.9658131027329072
0.9674123449845874
0.9584248655545685
0.9614727742802216
0.9537562700990341
0.9432085109736353
0.942956861903894
0.949234884206182
0.9593989575478138
0.961124523389818
0.9579154414633015
0.9668378487582344
0.9730501834481748
0.9766513173636538
0.987188876001841
0.998727718408774
0.9959092758837752
0.9947399642746799
0.9890418581192537
0.9882983088957412
0.9795098281204565
0.9739841759024298
0.9874713480186376
0.9847307028254628
0.9927494286774057
0.9905756980530542
0.9997224166310946
0.998946706389582
1.0078172429758516
1.0088386162191363
1.0075711477777045
1.0262232281334387
1.0290371163288743
1.0290371163288743
1.0290371163288743
1.0081338459090823
1.008381203006639
1.0085109819675808
1.0071578276865836
0.9971820029328842
0.99384370364374
0.9938460412890658
0.9956470474284618
0.9662971359513113
0.9750813314521886
0.9816871966938493
0.9924138813599479
0.9924521027189189
1.006370187122322
1.0325786548012308
1.0333796149061347
1.0237641806633808
1.0192061218101705
1.0173420380390155
1.0317959683271856
1.0295682017875027
1.0285805657281848
1.0294085139859688
1.0290628808570257
1.0286729302963864
1.0265960770928164
1.0299175132727478
1.0292793463337349
1.0438189284553256
1.0370764524806908
1.0328617616302729
1.0255069393481702
1.018146497918036
1.018146497918036
1.0361628989691676
1.020972488772628
1.020972488772628
1.0423387180629575
1.041701745193827
1.034706438312019
1.0611542912473928
1.0553095001646915
1.0499373600543118
1.0561343371270442
1.0581200662490926
1.067424848253221
1.0621873109385127
1.0622366842774285
1.0676412139820417
1.0719507950677079
1.078287682168715
1.0908936806119254
1.0917584901142987
1.0776136255290105
1.063582085012688
1.0721289507936955
1.0616630256001756
1.0627661015407528
1.0771748145249025
1.0855480962795752
1.0858461175911063
1.0858461175911063
1.0932769862852363
1.10473392155443
1.089190978753634
1.083647490198829
1.0875163389509561
1.0794255320855093
1.086135380669354
1.0811743958289253
1.0792142434003364
1.0779051274740912
1.0786868664581488
1.0919878650870156
1.0887384160014812
1.0898200337856423
1.083918957858055
1.0973427495862746
1.096697352037167
1.098391926712097
1.092307971067407
1.0995488671368763
1.109222562217431
1.1017517844672815
1.1040948298141477
1.1087719466721895
1.1179325801061664
1.113820815987078
1.1158159243629697
1.116569343050508
1.1125513137418621
1.107363673860537
1.1038631265419347
1.093498212762562
1.096328770248359
1.0964526060469597
1.0910409051559895
1.077086293922474
1.0833710126816989
1.0794056794762992
1.0775404618902769
1.0642936566954613
1.0587935530118049
1.0500153169692719
1.0426839741560556
1.0366126858653413
1.0340768607695883
1.0217221143531265
1.0060877871850247
1.020930550403479
1.01953029912739
1.0120391046650645
1.0143118373591984
1.0125746199145214
1.0158065869013764
1.0405149503651383
1.040640157012503
1.0337750332711437
1.0555991697708944
1.0371186592847024
1.022451828095366
1.0370509660519078
1.018714548392577
1.0292572662549495
1.0251532942773955
1.0140236037020076
1.0151166660456
1.0192295733742434
1.016091660946981
1.01286132935602
1.0127635904794619
1.0353746243783477
1.036857302117853
1.0369212349558719
1.038814016880816
1.0463859518995877
1.0437639875823699
1.0281117777224
1.028906746496822
1.027393899262012
1.0195226839835678
1.0437717237699984
1.0470141595750226
1.020186476523018
1.015074457798761
0.9966386341801831
0.9941395772848414
0.9918651112156515
0.9949676037075638
0.9894783561635087
0.9886620675821023
0.9877422594478699
0.9691997548320193
0.9677422842126147
0.972169050679748
0.975591821678098
0.978735610082399
0.9800386191419416
0.978842486553277
0.9750485897401067
0.9820601341344128
0.9786993500348039
0.9788295322764444
0.9751789822300678
0.9754916179646627
0.9711235947400503
0.9733236633844475
0.9749288198262833
0.9704341690014154
0.97032693176766
0.9680822507487269
0.9723654232406134
0.9643124620039104
0.9636318733199675
0.961601121683371
0.961601121683371
0.9616320702864873
0.9609819780637103
0.973264206951141
0.9779126861402297
0.9806177039045489
0.980054149745297
0.9962399374310341
0.9862155615273848
0.962621282458794
0.9663436206320164
0.9670358716349351
0.9672653926500048
0.9674670355540347
0.9720619788327569
0.9707063322088201
0.9830865133731522
0.978884654636196
0.9766589627815202
0.9808763791220011
0.9985053184151573
0.9967438753428215
1.0135879897793225
1.0183791297811162
1.0190568661082062
1.0190644654322303
1.0185323636076278
1.0195269380413594
1.0168539891065438
1.0085721217481998
1.0078468926288844
1.0110009575787677
1.0110009575787677
1.0210436668588652
1.0191890594634916
1.0301844224330607
1.0321049199541945
1.0320348889182882
1.0257030025454261
1.0257211719802517
1.047930331631926
1.0487291465141473
1.0548316673682607
1.0293772201256128
1.0275661937045664
1.0268603851534426
1.018013398788617
1.0059197636896764
1.007422208391949
0.9926354654825981
0.9928090584006503
1.0063098920889337
0.9992421565217008
1.0291024258375885
1.0489768007649034
1.0655728895066723
1.065690100247555
1.0632685809194384
1.0616883476261314
1.0608568157569958
1.067915194490898
1.061935961846338
1.057517754512118
1.0635069269472384
1.0545448105677944
1.055029638062156
1.0562937712573972
1.0574776470056433
1.0572713952341728
1.0456167586962888
1.0593966257154288
1.059609419915986
1.0629602812051344
1.0616974846944716
1.0607322566440138
1.0588569788785678
1.0650525114210274
1.0764849427807894
1.0781502303644015
1.0781502303644015
1.075858605719117
1.0767671880828802
1.0747529521501071
1.0863591645474402
1.0863131272384916
1.1164058873851415
1.1414632596372312
1.1318050072241783
1.1344895336168204
1.1344059309318724
1.1320757236201366
1.1357079804799048
1.1305034450156888
1.1332565687077876
1.132883974184291
1.1379288740163507
1.1380448838059027
1.1459778709250006
1.135621318436472
1.1566472942442523
1.1584635829846943
1.1580839822806295
1.1660111515114455
1.1651391866495195
1.1722509300640054
1.1833419718694151
1.157809249293501
1.15922941346943
1.1648087974969117
1.1685934062144139
1.1595869716004368
1.1600814528482035
1.1601182334870206
1.1695189703050992
1.1643433392737899
1.1635682774904705
1.163541673658995
1.1639977871232954
1.1564096196108258
1.1562538187531668
1.1443086638592772
1.1436821862215283
1.13573067415162
1.1259409031970877
1.1286734138384769
1.1619634572508275
1.1917504423009635
1.1906173593462928
1.1650903677736724
1.1727101235648274
1.1727101235648274
1.1755895927777815
1.1683599906231619
1.1684028416189527
1.16493235423282
1.1730646508213571
1.1759242065030908
1.1832916007961665
1.1854643477104498
1.1854643477104498
1.187262381630265
1.1772165481184391
1.1773490979958776
1.1766023109397061
1.178329460246348
1.179731204537805
1.1766244792110367
1.1598399483173376
1.1623168926601912
1.1735021845177753
1.166428007708946
1.161935056578461
1.1610541389078313
1.1598626486806742
1.1476564639653168
1.1476564639653168
1.1561165734508765
1.1596787243252356
1.1596787243252356
1.1640873535900302
1.163257758835548
1.1650851440503618
1.1599144447943865
1.1523277598654502
1.1523277598654502
1.160948344067168
1.1788535792787018
1.1779683517629196
1.1759651677984935
1.1898057707748038
1.1843537943496554
1.1902677754555118
1.1902677754555118
1.193677286176394
1.194676665994199
1.196410139833084
1.1908703244336267
1.19090065733545
1.19398374805681
1.2050022069194328
1.2044610739925201
1.1945690558082998
1.1945690558082998
1.1964846271115013
1.1940911809657608
1.1934317142410273
1.2048850869479995
1.208704752518104
1.2092562810568894
1.2092562810568894
1.2104701667050832
1.2045687287951046
1.1958109341294327
1.2005771162133767
1.2033200439757203
1.2021018273297854
1.2014929459900927
1.2046190589243928
1.2102322076902239
1.2158615985812546
1.209927451846722
1.2065612804812658
1.2015394836652662
1.2029809994164367
1.2029809994164367
1.1798079576491514
1.1748878615881864
1.1782340019046624
1.161925875361462
1.1526381741115013
1.1573100919454282
1.1568689241073884
1.1568689241073884
1.1403367227086012
1.1330159309618268
1.1330159309618268
1.1308678730293047
1.1119328016489214
1.1115751578798896
1.108600082937699
1.1117967025819757
1.099776399868748
1.0876148184056365
1.0859702121793555
1.0770651334336614
1.0861407472139728
1.0847869677976085
1.0882908305368124
1.0859320732242455
1.0867560903871454
1.0902175837064998
1.0858550595602054
1.0931515936169665
1.0933071458962489
1.1048001493674604
1.1085370476430032
1.1097072218402773
1.0999891958596117
1.1058389719441613
1.10122286603596
1.0997390727742908
1.1038066115122311
1.0751949999220602
1.0751949999220602
1.0751949999220602
1.0756144315351621
1.0697908946381944
1.0656114629347806
1.065755654146766
1.065755654146766
1.065755654146766
1.0647682159751308
1.0647682159751308
1.067769812757416
1.0760735241980055
1.0739056469919959
1.073836617318094
1.0742348154757226
1.0760641021606707
1.0751604659472924
1.0747823312275528
1.068686766704926
1.0718121607870423
1.0707357066646874
1.0482377184984641
1.038431769393249
1.0382069582649416
1.0325894349338782
1.035876518798587
1.0277527178496644
1.0429020273747338
1.0576115017319345
1.0544968664354823
1.0486474988564984
1.0568433832023667
1.0588060671156527
1.0588060671156527
1.0571005257876334
1.069145663216874
1.069724731401218
1.069724731401218
1.0636094933717495
1.0636369870763784
1.0620033041650965
1.0689085715028857
1.0609627968036368
1.0564007283858838
1.0649885258123877
1.0649885258123877
1.0623864869867774
1.0623864869867774
1.0784892226163987
1.075966819629842
1.0669295318820682
1.0665015865209544
1.0714356931266964
1.0724929621255974
1.0722646674725118
1.0774938002788397
1.0769060545330988
1.0727872142169084
1.0704334371294075
1.0578768928800273
1.064709916252762
1.0650550560765915
1.062242338960454
1.054148112403303
1.0541421115217557
1.058140386793564
1.0621580046675698
1.062613001886863
1.062613001886863
1.0709664592614612
1.0704761958564548
1.0735523184982356
1.0735523184982356
1.0755038904685807
1.0755038904685807
1.0749291112065764
1.0753243487706077
1.072860754639364
1.0693040051307061
1.065457336813565
1.0654035312713486
1.063217202120403
1.071948863628739
1.0704790988924238
1.0736757714702327
1.073742324100807
1.0661484466485411
1.0674068048223229
1.0607293014041397
1.066373717592813
1.066373717592813
1.0673752824872882
1.0671333549607294
1.0630151827098862
1.0505585335449177
1.0406700917115288
1.0289630614792227
1.0289630614792227
1.0289630614792227
1.0146699056431372
1.0146699056431372
1.0154895130535313
1.0143205068314403
1.0287918249384853
1.0311676434230759
1.030692163093037
1.0303377696452642
1.03356175987211
1.039874078653849
1.041364548386752
1.0411170358625443
1.0475305993557957
1.0531861546767167
1.0458892344238797
1.0458892344238797
1.049949208481607
1.039850280873646
1.0399278176787177
1.0461817683690515
1.0517130917502016
1.0429268598001686
1.0448643143020075
1.0448643143020075
1.03784993238393
1.033764797498884
1.047025632750889
1.0408185928582505
1.0434315071140363
1.0569768246592908
1.06224365308596
1.056157010561709
1.069768260906105
1.0677337907953575
1.052625695851339
1.052625695851339
1.0658373385954467
1.0705907958007146
1.0737525641272214
1.069501733744391
1.0669049134362425
1.0650563035601783
1.068147210677343
1.0718106576055992
1.0638388437379092
1.063657173782765
1.0692569252712387
1.065577008433474
1.0640973097817796
1.0640973097817796
1.0634354778701676
1.0634354778701676
1.0554007347446557
1.0574672227145463
1.0323979811996329
1.0260856831311376
1.028147558380757
1.028147558380757
1.0287595373306275
1.0308450742935074
1.0308450742935074
1.0245732037791229
1.02269997090564
1.0246070380192447
1.0246070380192447
1.0246070380192447
1.0278624887286272
1.0229110053037367
1.0229110053037367
1.0234662371322905
1.0241463758112495
1.0203418740324735
1.0290736851890157
1.0186820996081636
1.0280652186459285
1.013490549905072
1.00793292639273
1.0087097428252032
1.0070633029555418
1.0028221916667246
1.0018780577995698
1.0018780577995698
1.0018780577995698
0.9969852431429967
0.9886954911578015
0.988131464157208
0.9875935033402258
0.991116913465422
0.992339923636441
0.9834977058273284
0.9859063356888916
0.9862501913164625
0.9864355118686771
0.9634199154130835
0.9602986429062024
0.9580755355578726
0.9324414519949431
0.9264903309183378
0.912467848381357
0.9113102391096284
0.908455536544373
0.9093509475542285
0.895647235962729
0.8877744759092018
0.8895478762967288
0.8919910007154721
0.8798236869948167
0.8686348422811503
0.8853824943343405
0.8786635980041383
0.8775128431685367
0.8845168761522336
0.8741725208138683
0.8803542510890889
0.8855470027614236
0.885396259758309
0.8856070154189146
0.8958664062463828
0.8998107429742789
0.8998107429742789
0.9122479098305647
0.9183606692751333
0.9286441897990739
0.9343469176969881
0.9409240034365282
0.9409240034365282
0.9420118879438791
0.9186299196281383
0.9203803472107451
0.9209660387958302
0.9159402529619775
0.929563269468522
0.9221393773065888
0.9128316519955355
0.9125289449530566
0.9171729061359796
0.9246368526308517
0.9246368526308517
0.9197821880177
0.9197821880177
0.9197821880177
0.9127263092712099
0.9132100766909591
0.9045288104647952
0.9109148706544253
0.9109969805910121
0.9086761269624218
0.9016429221292024
0.9113229962341869
0.9082792825148065
0.9081128537792879
0.9016186782137976
0.8927277189053852
0.8774482453228811
0.8719737728276988
0.876170651434422
0.876170651434422
0.8753117878902088
0.861871564455428
0.8717902960437478
0.8718410183671162
0.8718410183671162
0.8737650462822699
0.8850775089004024
0.8911432388915292
0.8866510640174408
0.8866510640174408
0.8901792990724653
0.8796308278816919
0.8765152403820432
0.8765152403820432
0.8710096486859759
0.8671672070261552
0.8671672070261552
0.8656747380202107
0.8709279498812132
0.8694030298784405
0.8592301325584576
0.8648055161321042
0.8521457303111112
0.8510696499493279
0.8504791912862063
0.8563686485937986
0.8345612308532012
0.8424336064086855
0.8396429761675177
0.8372242183339353
0.8371025727112525
0.8318415554248225
0.8329701033917968
0.8377848164346356
0.8231612348289506
0.8265848350197077
0.8244405426737246
0.8268299189104013
0.8268299189104013
0.8182965354689229
0.8182965354689229
0.8168350187622244
0.8303218687288606
0.8253638708579699
0.8284434419957586
0.817291909978249
0.8297749797454887
0.8297749797454887
0.82947581714203
0.8215216273674447
0.8175974545394532
0.8175974545394532
0.8217043148656115
0.8243550510395743
0.8280144512337979
0.8280144512337979
0.8282677840192522
0.8301089312130782
0.8306322158316627
0.810929985404262
0.810929985404262
0.809738133375503
0.809738133375503
0.8115677185980341
0.8199887414429938
0.8177314733348753
0.8177314733348753
0.8166961012641375
0.8138613563604765
0.8138613563604765
0.8138613563604765
0.8138613563604765
0.8117177925350711
0.8156135586546263
0.8120189566458653
0.808503460987362
0.8094258330284926
0.8036576340438029
0.7981048621327075
0.7981048621327075
0.8082695189729926
0.81647020824282
0.81647020824282
0.8259326792380681
0.8259326792380681
0.8169511788173457
0.81709627392422
0.8116188220249572
0.8111224102434454
0.8106075247861665
0.8062217668241991
0.8052288581499397
0.7898753206631446
0.7786488232390204
0.778284138197242
0.7782585424757738
0.7806525918444462
0.7766166168594945
0.7766166168594945
0.7847509578189505
0.780109458465533
0.780109458465533
0.7774621251817834
0.7784702927103765
0.7784702927103765
0.7902259894486264
0.7856160282503148
0.7856160282503148
0.7878345095451056
0.7823839818022285
0.7823839818022285
0.7792804662452116
0.7676415838043921
0.770787325370797
0.7779028135346652
0.7771516720559488
0.7753281096649747
0.7774498462142391
0.7749311622053762
0.7787110289429306
0.7813445610229243
0.7803525803534
0.780426803728175
0.7764833157239879
0.7764833157239879
0.7802697464720093
0.7826899916660702
0.7792875984364872
0.7819307145418894
0.7957849017269243
0.7957849017269243
0.8053131949743586
0.8053131949743586
0.8155339674503506
0.8155339674503506
0.822068094915637
0.822068094915637
0.8220971712612215
0.8066734806986178
0.8049989855708725
0.8070735625387592
0.8128816149309008
0.8006973242277196
0.799104180006999
0.7976603069571544
0.7976603069571544
0.7976603069571544
0.7976603069571544
0.7983671527667204
0.7982752998071068
0.7906787514829093
0.7906787514829093
0.793611432899323
0.7970474074842793
0.7994119524530564
0.7889257861823169
0.7869206782475244
0.7888784946271943
0.7888784946271943
0.7888784946271943
0.7887261888746627
0.7839200705783942
0.7839200705783942
0.7814894845087179
0.7800085120229018
0.7847934362720795
0.7847934362720795
0.7812683673953228
0.7804579328236013
0.7788872927227908
0.7788872927227908
0.7873491160080287
0.7907314616278972
0.782309642991822
0.7793310394565159
0.7741722088439806
0.7710403515356887
0.7710771481084205
0.7710771481084205
0.7687540535916383
0.7687540535916383
0.7687540535916383
0.7687540535916383
0.7729089998618465
0.7673225505996292
0.7673225505996292
0.7673225505996292
0.7717159421458184
0.7502990129916399
0.7502990129916399
0.75029889051935
0.75029889051935
0.7411635834934188
0.7498693718709505
0.7500983675456666
0.7500983675456666
0.7500983675456666
0.7500983675456666
0.7245201962503819
0.7248063516552105
0.7147984265901919
0.7147984265901919
0.7163851438775883
0.7170706232230868
0.7170706232230868
0.7196772033518335
0.7196772033518335
0.7196772033518335
0.7253821371153064
0.7112473485056571
0.7089176055708559
0.7089176055708559
0.7008220170525223
0.7019840369832996
0.6817987819484835
0.6817987819484835
0.6817987819484835
0.6780108245509857
0.6780108245509857
0.6780108245509857
0.6733090579990552
0.6733090579990552
0.678630005978086
0.6900876579669675
0.6900876579669675
0.6900876579669675
0.7062455634745121
0.7062455634745121
0.7043889549632799
0.6975863061074151
0.6941259238442642
0.6936398228412173
0.6929251096696032
0.694831000842585
0.6970941017774351
0.6970941017774351
0.6970941017774351
0.678806097873055
0.674278686666174
0.6614370917228954
0.663302152900003
0.6636027264242459
0.6555167736907316
0.6556463829429359
0.6570950498021517
0.6636382576071581
0.6472652534954196
0.6436906621556224
0.6437425290266361
0.6437425290266361
0.6472324772644726
0.6450682521233149
0.6297770732935801
0.6342641464521758
0.6313992193503487
0.6347988342225002
0.6347988342225002
0.6347988342225002
0.637206529697485
0.637206529697485
0.6383644966441453
0.6393782904241628
0.6390854715712604
0.6390854715712604
0.6366236493587963
0.6366236493587963
0.6404534519509579
0.6510886552948918
0.6493602842907504
0.6455502245009963
0.6438708756101376
0.6440752448864744
0.6440752448864744
0.6440752448864744
0.6438069509380581
0.6544873319865854
0.6545062431902033
0.6528083233101695
0.6369890567191112
0.6369890567191112
0.6412840410610193
0.6412840410610193
0.6324517194313009
0.6322635985461739
0.6322635985461739
0.6274285486659209
0.6274285486659209
0.6268804527800659
0.6268804527800659
0.6221640296529738
0.6158487671075389
0.6287845314396715
0.6287845314396715
0.6296746405240393
0.6263297815861313
0.6275933314703861
0.620205432193271
0.6165642735624981
0.6126902815377461
0.6172362351954811
0.6172362351954811
0.6172362351954811
0.618065223144277
0.618065223144277
0.618065223144277
0.618065223144277
0.6053722163066104
0.6053305953078528
0.6053305953078528
0.6053305953078528
0.6078186076192318
0.6078186076192318
0.6078186076192318
0.6094105986038962
0.6070356050583497
0.6111001208142317
0.6115389971091959
0.6098385122369425
0.6145690182676925
0.6118471252481835
0.6140867803959119
0.6059003427729308
0.6007315723803702
0.5989193043844756
0.5946454601530811
0.5994573342499709
0.5995242449402578
0.5983592922313149
0.5935714588407821
0.5944074467758237
0.5898504429187206
0.5898504429187206
0.5875613469664729
0.5860648397915393
0.5860648397915393
0.5871816246592321
0.5871816246592321
0.5871816246592321
0.5887841803583235
0.5887841803583235
0.5920409151911138
0.5558475279297229
0.5458422226736938
0.5454521250998309
0.5453677699116283
0.5396391404501626
0.5366734007430719
0.5366734007430719
0.54063978138147
0.5325204395709444
0.5322029812901437
0.5320735246946933
0.5318514036169785
0.5305524106140597
0.5305727335463521
0.5305727335463521
0.5305727335463521
0.5288968356017993
0.5288968356017993
0.5288968356017993
0.5250517367797708
0.5273224655568018
0.5288189946182953
0.5288510875186423
0.5288726805658354
0.5288726805658354
0.5290958489149711
0.5290958489149711
0.5290958489149711
0.5301357208542121
0.5228748223063155
0.5231782142404717
0.5278760610992597
0.5277391224160987
0.5277277124649181
0.5277277124649181
0.5277277124649181
0.526462510225988
0.5262699019762083
0.5256181850873184
0.5256181850873184
0.5274777557022156
0.5283708314311757
0.5283068335686856
0.5291598935193442
0.5291598935193442
0.5309926465032228
0.5273157602851554
0.5327993385968053
0.5322298774371808
0.5291276533423379
0.5350636235412767
0.5342275144410583
0.5383340507836322
0.5383340507836322
0.5200401968414917
0.5200401968414917
0.5228748223063155
0.5228748223063155
0.5221761290932979
0.5221761290932979
0.5211243172575039
0.5196192439271299
0.5196192439271299
0.5196192439271299
0.5196192439271299
0.5196192439271299
0.5196192439271299
0.5196192439271299
0.5196192439271299
0.5196192439271299
0.5196192439271299
0.5196192439271299
0.5196192439271299
0.5196192439271299
0.5196192439271299
0.5196192439271299
0.5196192439271299
0.5196192439271299
0.5196192439271299
0.5196192439271299
0.5183284777867679
0.5183284777867679
0.5183284777867679
0.5183284777867679
0.5183284777867679
0.5183284777867679
0.5183284777867679
0.5183284777867679
0.5183284777867679
0.5183284777867679
0.5183284777867679
0.5183284777867679
0.5145828870896209
0.5145828870896209
0.5145828870896209
0.5145828870896209
0.5145828870896209
0.5145828870896209
0.5145828870896209
0.5015590708434237
0.5015590708434237
0.5015590708434237
0.5012724547387386
0.48529195058183017
0.48465315243016266
0.48465315243016266
0.48465315243016266
0.48418606828418603
0.48418606828418603
0.4813573307100914
0.4813573307100914
0.47724112396993945
0.47691144312272715
0.47691144312272715
0.4769490486750567
0.46994595629962777
0.46579033951169396
0.46579033951169396
0.46579033951169396
0.46432380042891575
0.46432380042891575
0.4577365661727936
0.4577365661727936
0.4577365661727936
0.4577365661727936
0.4577365661727936
0.4577365661727936
0.4577365661727936
0.4567036122476343
0.4567036122476343
0.4567036122476343
0.4567036122476343
0.45373832671591
0.45373832671591
0.45373832671591
0.45373832671591
0.45410274471234185
0.45410274471234185
0.45410274471234185
0.45410274471234185
0.44515892459430395
0.44515892459430395
0.44515892459430395
0.4358911770055727
0.43575461985536296
0.429364385269605
0.4251514402215126
0.42513563797660114
0.42223977962844794
0.42223977962844794
0.41660220490718086
0.41660220490718086
0.41660220490718086
0.41660220490718086
0.41660220490718086
0.41660220490718086
0.4183924126100242
0.41761420396248194
0.41761420396248194
0.41630141122829384
0.4139325517968925
0.4139325517968925
0.4139325517968925
0.4139325517968925
0.4139325517968925
0.4139325517968925
0.4139325517968925
0.4139325517968925
0.4139325517968925
0.4139325517968925
0.41266222910097666
0.41266222910097666
0.41266222910097666
0.41266222910097666
0.41266222910097666
0.41266222910097666
0.3626412904207684
0.3620962971189154
0.3620962971189154
0.3620962971189154
0.3620962971189154
0.3606515424647428
0.3606515424647428
0.3602678159327636
0.3602678159327636
0.3602678159327636
0.3602678159327636
0.3602678159327636
0.3602678159327636
0.3602678159327636
0.3602678159327636
0.3602678159327636
0.3602678159327636
0.3602678159327636
0.3602678159327636
0.3602678159327636
0.3602678159327636
0.3602678159327636
0.3602678159327636
0.2977387592672341
0.2977387592672341
0.2977387592672341
0.2977387592672341
0.2977387592672341
0.2977387592672341
0.26149656121176273
0.26149656121176273
0.25822189109712435
0.25822189109712435
0.25731404200407737
0.25731404200407737
0.25731404200407737
0.25731404200407737
0.25731404200407737
0.2579599526869056
0.2579599526869056
