0.0466667 0.07719071999651378
-0.0866667 -0.08951603056546999
-0.3733333 -0.38766749760540375
-0.1533333 -0.1709642052676561
0.0366667 0.007199551387064906
0.0066667 0.057129928920092665
0.7633334 0.7654721690896795
0.61 0.5889401500398512
0.3833334 0.3835749019273654
-0.28 -0.30957377366196115
0.56 0.5507749312196367
0.1633333 0.18450469709967773
0.1266667 0.09477214384193994
-0.71 -0.7673926202316066
0.9666667 0.9644244928548045
-0.86 -0.855965698253021
-0.59 -0.5964714761578813
-0.2366667 -0.2607249175356247
-0.4033333 -0.412558405192146
-0.7566667 -0.7272714959701085
0.7133334 0.7038838410439844
0.4233333 0.41415795645840237
-0.2933334 -0.25285899704505777
0.72 0.6893658861962443
-0.9666667 -0.9023424358457235
-0.9966667 -0.9792340812229544
0.9833333 0.984728701217757
-0.6666667 -0.6731176112201082
-0.17 -0.15356041750826782
0.9 0.9272560905577163
0.03 0.051272672853703294
0.27 0.27897960497675334
