1.6245719145310016
1.4284029716127344
1.4303466032889132
1.4312815473525422
1.4260886822695256
1.4270272151384082
1.4363931473069371
1.4363365058709692
1.4324620853045844
1.4155105383074447
1.404911563879907
1.3878181902259024
1.3864785921100675
1.389695902682907
1.3761182908421883
1.3824303914341252
1.3776952997137895
1.372687396220936
1.3743696765282603
1.3754419056719265
1.3824078307441396
1.3850609983938074
1.3723740710616197
1.3672093618861898
1.3537030852044951
1.3601049120074917
1.3668919718084216
1.3670126515754268
1.3659797770755167
1.3857695114236044
1.385169994606288
1.3827355665486074
1.3879346376350925
1.386221350638788
1.3828647479715357
1.383053675432258
1.3831084014445956
1.3852351298756742
1.382947748246044
1.3786970162068053
1.3769866013348027
1.3780411693365067
1.3716230952381403
1.3686434482865206
1.3634683135250267
1.3777053205000684
1.3588389679545747
1.359371326172139
1.3575519839163679
1.3573964913761323
1.3568570131273474
1.3704493514107565
1.374961044874301
1.376280834306767
1.3865351386495468
1.3839226539590146
1.3913205083396023
1.4118471898747644
1.4171754581011093
1.41721198549385
1.4159099719014492
1.4216948192871273
1.4188214639978922
1.3993863642184894
1.402724488964673
1.392554866216822
1.3844943813262591
1.383451680998092
1.3835471829267694
1.385711665799714
1.3888006418407532
1.3868826892578094
1.3914143281589355
1.3954559557877089
1.39304859799433
1.4148507530040912
1.4166525015343951
1.4150621679545299
1.4152556351546672
1.4195756331337515
1.41879150747808
1.4258368804348767
1.4221703745158965
1.410492731613186
1.4256915500095697
1.412745172612861
1.4161728351751584
1.4179750667971485
1.4011857510152859
1.4014807524329576
1.4164349614522376
1.422397692357203
1.4247605561677656
1.4358996125668713
1.429613483934351
1.4414409369892074
1.4361630217053456
1.4304324200373018
1.414791272172115
1.417954384793131
1.4392800507716128
1.4275418464752134
1.4398706204775162
1.4318886259455994
1.4154933041556146
1.4128474029040965
1.40956547940911
1.4083655272800502
1.4115000194037088
1.4226405459197697
1.4025775772226212
1.3880442577904084
1.3829062649854884
1.3763117611785387
1.3826574330501604
1.382512758180085
1.394432071569199
1.4045775698085883
1.3986957108612845
1.3964769435197766
1.3932339123627244
1.4048302775380466
1.4118745330951317
1.4120323236358816
1.4118643205148163
1.4225573866488221
1.4225589599339883
1.4233190321161164
1.4244179027284534
1.4349312250030928
1.4219117816671099
1.4047563639033116
1.3887496050279795
1.400067003258327
1.406361253090995
1.4214652951264442
1.4153246778038535
1.4151544061339179
1.4142361218961503
1.4091415341051168
1.4046614475865842
1.4076705457987215
1.4060531812419677
1.4022680995222536
1.3897681106084319
1.390140607447326
1.3867736311670174
1.383350065901642
1.398783326328525
1.3928505123391
1.393113381743668
1.3932333876046132
1.393189899928799
1.4125946194325056
1.4187675378412468
1.4270457359678126
1.4157832487697917
1.4118366435797944
1.4002896153810243
1.3963760593170484
1.3963760593170484
1.3946831369887622
1.4000076712908522
1.3952184807270331
1.390778389102027
1.3987645151586448
1.3984462330498895
1.3979109995882244
1.385271888601862
1.3895662517351146
1.380957616263825
1.388859682926016
1.3737168870939196
1.3717210446328647
1.3676211783158023
1.3561853234431827
1.34023702452245
1.3490714971900462
1.3522809910642029
1.3610069691095315
1.3300613471564011
1.3198219694516922
1.331084747311096
1.3252399843961677
1.329879026099861
1.342564795945393
1.3453373268238171
1.3477652365613817
1.3469202761249792
1.3447823878259482
1.3424135455280817
1.3393574324563369
1.3470783510890918
1.3501218947959015
1.3496369523756702
1.3497165312265653
1.3621142994129578
1.3825647731447008
1.3639118757676332
1.3734579280392727
1.3732496332851774
1.3689186117095749
1.3520685994625994
1.3652077479234879
1.3669988558394146
1.3665384317722495
1.3657591396716884
1.352556823927618
1.3525670639520417
1.3606642431534544
1.3594626786040527
1.3748544661271285
1.3608994221787656
1.3618950890773298
1.3624817842049386
1.3516496693252946
1.3570808993634889
1.3660409135800733
1.3727811075734153
1.375720251046687
1.3756859748083237
1.357777636059933
1.3625221136211754
1.3644688608312117
1.3631008509964975
1.3635751355423633
1.3562294450557744
1.359215040463037
1.366478293577945
1.3607777290019163
1.3552244272707836
1.3552244272707836
1.3338169985945936
1.3350656309439173
1.3389879467640537
1.3385717405327544
1.3419010180877364
1.3518393721010584
1.3462339036745814
1.347288919722228
1.3368622628781697
1.3582687782638083
1.3564971678434024
1.3419773028984534
1.333844196625285
1.3448232520582137
1.3382093457227497
1.3401332250078235
1.328079655693307
1.326088107580926
1.324498451395621
1.3188257289531582
1.3111918030354357
1.3138147802724895
1.3238331056947708
1.3084515266354797
1.3147981554600066
1.3089952731707204
1.3059056888802323
1.3056248085044746
1.3229342500446268
1.3408941054642645
1.3415562067376758
1.3445343503129195
1.3564943530558988
1.3598398280680941
1.3712316301133287
1.367814928750118
1.36686995874572
1.3653508177386295
1.3704115029995059
1.3762342165350756
1.3767016765582256
1.380359149561622
1.3814235894843376
1.3727449789090753
1.37260499997363
1.368705779625879
1.374427704800058
1.3633349213620911
1.371446177791497
1.371724141682223
1.3701846852504274
1.368726678863416
1.369759436796869
1.3746373405936418
1.3687765334240776
1.37779813066621
1.388259332038196
1.3923853662227197
1.3910336974497448
1.4053642953764889
1.4054915448536922
1.4064141704299888
1.4090608441340682
1.4090617917253543
1.4121118275560802
1.4147176854388919
1.4146248546970037
1.4277636128413207
1.4411989845561162
1.4405758364996537
1.4368232835300083
1.4368242434478617
1.4422587947299037
1.440315146236897
1.4490997605521616
1.4604072885406194
1.4422579717934196
1.4528660332955396
1.4618289680006622
1.4412461895306479
1.4533860314310463
1.4534009570866326
1.4558577500021455
1.4566651403361914
1.4746170894552602
1.4846174314773024
1.4859968437107705
1.4747700465300144
1.4694955440572999
1.4584102040404958
1.4591622659866734
1.464155788914555
1.4795108951185147
1.5030893264117466
1.5132870312891735
1.5139718719122701
1.5129625150500166
1.5164978133160791
1.5065891693324558
1.488339967900534
1.4871572383844152
1.484288381506369
1.494994808044381
1.494994808044381
1.5032699852420437
1.5027476913473863
1.502669256905859
1.5030516414931516
1.4985270312328312
1.49475644513301
1.5062274906048168
1.526334685087401
1.5292492533865047
1.5236647992151737
1.5184567963539979
1.515272620736302
1.5216546463624872
1.5273338054129149
1.5221189941928834
1.5317385749028636
1.5390798585370544
1.5390798585370544
1.537231605225613
1.5202599992703358
1.515503133662217
1.5120801054958637
1.5120801054958637
1.499543878694604
1.4980849280804869
1.4912329363133459
1.491280177377327
1.4817000800996998
1.4793281983334734
1.4792961462471923
1.4715601091914312
1.4705889773762255
1.4550542196701277
1.4570050240666648
1.447654318968494
1.4463109218993875
1.4540711143089127
1.4502814418695888
1.4500435111450714
1.4500435111450714
1.4587660831831655
1.4597787608475765
1.4497962217541545
1.4511018193721876
1.4529280584509394
1.4465390193058907
1.4329034192100274
1.4414459829739397
1.4444251643069317
1.436692149353676
1.424195844385641
1.4074270632183339
1.4074270632183339
1.4144221850481982
1.4366340644121098
1.4356113924646987
1.4256536991606228
1.4235794286459267
1.4252584617074981
1.418909699310908
1.41836803003356
1.4252193518563525
1.4180196642031824
1.419395107698129
1.4124472783534998
1.4006926863254425
1.400985362886359
1.3933025722494108
1.3986640050601569
1.4000585383514514
1.3934717691536485
1.3915669055048137
1.390261415330252
1.3891134129591165
1.3903424725480684
1.3946741984326816
1.3935034913398225
1.3924143195336747
1.3926564722914185
1.3955072911349375
1.381885080799318
1.3589366342766311
1.356473264768526
1.3564473113907987
1.3583169929331655
1.3583169929331655
1.3522208666210285
1.352539471949876
1.3596680443462146
1.3574210999285448
1.353553968813642
1.3596424628928623
1.362003715483112
1.3597489634113564
1.359709185968727
1.3663890331172845
1.3677629469367485
1.3797250730182942
1.3783860883832735
1.3722925214156143
1.372694590767134
1.372694590767134
1.384600002669566
1.3769331121078814
1.385055774732981
1.3778711385609927
1.3804105696555222
1.3768032078790047
1.3910425482993696
1.393454804052719
1.3675506291124753
1.380861154729703
1.4053576656213707
1.4005442942655488
1.3775020225742909
1.38843842090505
1.359967813824744
1.3638409639554239
1.3792498677289502
1.377424226260251
1.3786445247671313
1.3793470403303298
1.3784654472613884
1.387072202434732
1.375559435368129
1.3632225431374927
1.3679599308260206
1.3731779080770077
1.3522615690352542
1.3541830164357018
1.3820893269566281
1.3768121875729862
1.3819010361008475
1.3714505256856055
1.3717664902183895
1.3708553876131313
1.3661711058412385
1.3795291171261972
1.3791978572974857
1.3868726926997597
1.4025182706169805
1.4131867750148255
1.4392207212279537
1.4323282215255946
1.4323282215255946
1.4254180766847708
1.4275123146371531
1.421673822503711
1.4317730824720143
1.4398838892841097
1.433758904789706
1.4250902553301388
1.4173434281814552
1.4135682793117599
1.409456345494854
1.4243499227609366
1.4218025746728877
1.4416985257928567
1.4329384957227544
1.428565166250461
1.4250832531230722
1.4261998365183057
1.4086669211835745
1.3960612902615885
1.3956831804078211
1.3902165933556332
1.389819837557736
1.402281578730199
1.4060599643952163
1.407102270453795
1.406130605171078
1.4132695510795068
1.4078909650783986
1.4090229559953087
1.4044673488452486
1.4066459977217654
1.4125127738828709
1.4125127738828709
1.3905258915021383
1.3948403250832138
1.3784418098910713
1.3765305160640777
1.3677608305819313
1.3677608305819313
1.3688156370299194
1.3677999196607808
1.3716814723955955
1.3877757388747698
1.3862237566192968
1.3656013316337003
1.3636385362933885
1.3626426478388218
1.361684007359582
1.3581533336966987
1.342969659715375
1.335821447210698
1.335821447210698
1.3351954149261815
1.3381001982468241
1.31951567568079
1.3381859418523419
1.3363103853981122
1.335463305082233
1.3345697924693851
1.3610968234667766
1.3480657301510022
1.3469229765785091
1.347078539078156
1.3452687694244587
1.3412597024345096
1.3099252744837184
1.3183706840353169
1.3307203157754115
1.3315853185353064
1.3390474940673316
1.3397215160785818
1.3384287260874612
1.3399015128981797
1.3436389560332587
1.3434741999965156
1.3441685022199727
1.3440900639127704
1.342712312153553
1.3410505557074182
1.3473766879195264
1.3492714959204828
1.335430539223535
1.3356438187162174
1.3361737114196763
1.3350893390414986
1.3333600502141651
1.3252081366201838
1.3248865537842731
1.3293796993691638
1.3074936511443733
1.2942870531983408
1.2899234609462642
1.2888068898173342
1.2781540225449322
1.2771856764801264
1.277120201938846
1.270437567315713
1.2653588835188838
1.2655569401675817
1.2698562076368822
1.2689314495073074
1.2723598042370827
1.2690825060384947
1.2683129152388575
1.2695150720613932
1.2747231637881349
1.2852485908203413
1.2832052326680057
1.277509107007445
1.2763927372894828
1.279265686982861
1.2789234010727388
1.2793352948136294
1.2616749187461898
1.2505393078155485
1.2636615329201122
1.2413696973432549
1.2405926542740173
1.2412455269528724
1.2457795575969781
1.2453863932895333
1.2496117151662178
1.2476706442819805
1.2480819703251056
1.2418506247081231
1.2412226764669148
1.2414065723585852
1.2412100224771254
1.2383548310405386
1.237896434813043
1.2396439740156495
1.2496458858138304
1.2653128822167408
1.2654326468388062
1.2602576506174998
1.2548413317633567
1.2548412216128717
1.2672650747027954
1.2690193437887942
1.2576446800792633
1.2785244935608742
1.279421145208872
1.277140009268562
1.2645016987944957
1.2658744864974882
1.2745340246733354
1.2776462749341253
1.2784344475456477
1.2761973755546756
1.2758926861462656
1.2761708276614867
1.273833360139961
1.2694917776863313
1.267721074489456
1.270858419614844
1.2730687095692195
1.2701820381919595
1.277513229936385
1.2664810799236346
1.2672415194863198
1.2644114357747036
1.259605271524186
1.2550642915927879
1.2669506850563461
1.261422583771783
1.2611576391794537
1.2677120157164592
1.2721464816668173
1.2853378819699695
1.2958043375146069
1.2946658519097318
1.2941773357276107
1.2980757599691721
1.287943137648014
1.2824416307089033
1.2854666284034408
1.2918139987441541
1.3073075261664284
1.3078219838463057
1.2989244977556729
1.3137366723034065
1.311971476698575
1.323914118847011
1.3204456829640723
1.325129364983764
1.3396302073345436
1.334276705947103
1.3279863015410334
1.3209675384034942
1.3256036902414097
1.323625780613509
1.327682860074782
1.322634772964473
1.3205617495958522
1.318889301588556
1.3279547617594158
1.3279547617594158
1.3204819411997228
1.3208997018003688
1.324787428648515
1.329016441087776
1.316171951960087
1.3229929285695254
1.3231716553672623
1.3232643974735496
1.323998682115594
1.333193849394542
1.3232671108331817
1.2943682969963994
1.2674661975283172
1.2568196467772537
1.2573483455115952
1.2867189789987818
1.2947005073689617
1.2920936636154678
1.2915420453236892
1.2913220090941369
1.2725546445390823
1.2796082757155653
1.2806652884889227
1.2806652884889227
1.2726137062333074
1.2711264240507363
1.2572917245639799
1.2555701014423444
1.271889431567531
1.2853320872472382
1.2816999621582224
1.2791696037867835
1.2735753394830245
1.2727276558246357
1.2718951606387787
1.2711727829744308
1.2794179982516372
1.2817382471888945
1.2818080321434309
1.2774247099773701
1.2776740235572686
1.2777625855829209
1.2775576568267855
1.2813220486411119
1.2487616718678891
1.249028124324767
1.2519900103678063
1.2527474153196045
1.2732181794178226
1.2747981763288523
1.2823783945013465
1.3112775127848761
1.3070887931806652
1.3084076802513143
1.3128123960136662
1.3014738210066077
1.305134651482056
1.3139446242036703
1.3136641395121664
1.313650080883638
1.3020644026519004
1.3025010196180697
1.3033936127530696
1.3055688316685035
1.3020458521630784
1.2876703769483713
1.2877628712275944
1.285838664259494
1.2807516306994093
1.2765839441982156
1.2677139547861926
1.2608070057159524
1.2638424701569593
1.2729738277300515
1.2802903232166485
1.2815031893063151
1.283570255767654
1.2880580174390919
1.2901107899166349
1.2901107899166349
1.2896718635376432
1.2874350966114902
1.289065596666803
1.2956654660636704
1.2942186014214188
1.306187778584351
1.300273838756919
1.3132130059368239
1.3296420555313693
1.323752164467505
1.3141301731867367
1.3180257310208927
1.3168866052057437
1.3166275094520141
1.3149284530054421
1.3154281397589318
1.3158208401247224
1.2930528170351163
1.2930516158146363
1.2864289223255696
1.2867803521421755
1.2866462028125256
1.2914773262637156
1.2916013387755423
1.3039836492075545
1.2825277847982304
1.2638961584005746
1.2579934283035892
1.2591874612244354
1.2624437097038963
1.2572913841864282
1.255555315525399
1.2460065151696702
1.2386497957463756
1.23245930779
1.2324771083854216
1.2327938236373268
1.2347980214633376
1.2341322413522733
1.2316324047515155
1.2348429863185328
1.2051992725354534
1.2061642484326487
1.206898881300197
1.212825569029427
1.2079749188568694
1.2089043938847475
1.191896817931369
1.189700978620523
1.1910918688994936
1.1903881185077243
1.1908238826258128
1.191295939900944
1.1926258840437587
1.1931810135550354
1.1856908565897568
1.1855129850315331
1.195941868473911
1.203935103662552
1.1989795088211077
1.2030427717118497
1.2063259111640068
1.205967812302166
1.2172092528966398
1.2190983998113407
1.2190983998113407
1.2100360649250388
1.2100360649250388
1.1982081017802422
1.2022715444578103
1.2040062453498268
1.2040062453498268
1.2186512397045108
1.205042683839053
1.199416219136663
1.2006838462167084
1.1948595571682334
1.1988166222388832
1.191130512267819
1.1935924915271166
1.1934536628287813
1.208266838342144
1.208160543028217
1.194891735852774
1.194891735852774
1.2035676794203936
1.188807666390144
1.1851283276339928
1.176559589983336
1.176559589983336
1.1814388377124712
1.180675271008069
1.1848728053283617
1.1848728053283617
1.1878946504056052
1.1853081567952253
1.1851862542265532
1.1855457868349077
1.1855954108531592
1.1723853698775453
1.1672537967004615
1.1626857131707706
1.1634038811635086
1.1665986319732218
1.1583753665584762
1.1574358508931126
1.1613340287479554
1.1644256367058259
1.1853173997485102
1.184208153212783
1.1776376108975515
1.1817539996050601
1.1816480279127668
1.2046140796719602
1.1998880976632196
1.2064725826709275
1.2144461967746973
1.2013026916908558
1.2028471369861151
1.2042049410354096
1.213072080020204
1.2139658861880565
1.2276035296310783
1.2378276783801703
1.2378276783801703
1.2425327824778811
1.2487657864421158
1.2477079680895213
1.2415235437204721
1.2433989750751895
1.2557806914007483
1.2652654476201535
1.2634055224949332
1.23824885280793
1.2341686426658673
1.2256611703225804
1.230315863421615
1.230315863421615
1.2254310755945133
1.2254310755945133
1.2261692194142337
1.2324607554594975
1.2315350025467644
1.2059159066392249
1.1984653367525722
1.2127415801810015
1.2177073581552968
1.2202466933462848
1.2176778632767515
1.218100130805454
1.233204189540262
1.2285274892521263
1.2309553521762169
1.2218037849450012
1.2292813170746044
1.2323838648717982
1.24444661796599
1.2363872136758267
1.2384004868316136
1.2417683866013731
1.2435235487796856
1.2248395385203357
1.2305479270438717
1.2418025147354645
1.2423383433959574
1.2446426915446211
1.2483810474858577
1.2644322198737876
1.2571655167690081
1.2707327955931684
1.270750036916454
1.2792506582358294
1.2772304950488
1.2819060400275681
1.2752809425782514
1.2752809425782514
1.2493673501901228
1.2574123813112985
1.2563855625509661
1.2780952612234748
1.2732712741669052
1.2676164029729173
1.2870808500327577
1.2931812450864428
1.312517409964698
1.309341131449908
1.3236331233531407
1.3153791411442763
1.319030931363994
1.3240507627257596
1.3240507627257596
1.3344107023171878
1.329841939463971
1.317712599103442
1.2887636628332235
1.2887636628332235
1.291033803364352
1.2866834181090057
1.2981520135662077
1.299730743520092
1.2988552194354808
1.30457145848518
1.3106957841992248
1.3130935265047228
1.3134147520495905
1.3132376270232904
1.3072525578079477
1.3058800717507795
1.3020137675796934
1.3312443369363671
1.3204970403778988
1.3070865790666637
1.2858345049783857
1.2602022195513827
1.263223082774738
1.254878852241679
1.2525860352366436
1.2525860352366436
1.248089902808491
1.2476929169174766
1.2617189144538377
1.260700409465433
1.244332777061864
1.207671412688086
1.2097673019525665
1.2040070344056746
1.2046077466771923
1.201098509536471
1.200808167638832
1.2022634392893286
1.2002285747201762
1.1999621865384713
1.2132533624877717
1.2152205792203017
1.2174683842778555
1.22372470426897
1.2296096245706383
1.2265048331492103
1.2259311086611577
1.2259311086611577
1.2260425065801943
1.2240624259031179
1.2152272518374057
1.2152272518374057
1.2072869656392007
1.2051838811986832
1.2077264968728405
1.2043497156341654
1.1940147099238985
1.1871638596499927
1.1931918079479598
1.1860370827645934
1.1931942189915266
1.1904078891128813
1.1947182520682322
1.2037689129835283
1.1999657580194565
1.2034651749632437
1.202910951909119
1.1885334149074784
1.1885334149074784
1.1824501471670048
1.1999081153523696
1.2110785608117112
1.20808653267953
1.207733664908139
1.207733664908139
1.2082035260181498
1.2112923798340671
1.216771397682542
1.211537366459074
1.2095740955887178
1.2043785717792221
1.212849803815862
1.211223143846509
1.2117122522961612
1.1966400697377715
1.2129257840061263
1.2219520996140778
1.210712354825517
1.208652722488713
1.2075048670691224
1.2061174044050653
1.2193265856581892
1.2063922823939515
1.2079728734703796
1.2081381388673915
1.2151063334404972
1.2267403705408249
1.2103739376835512
1.216643972277455
1.21223023785895
1.204525374690168
1.2064920380486213
1.1966656177346218
1.1966656177346218
1.202441537187252
1.2004237148484285
1.2014381939830892
1.2033129680092096
1.1979219715874856
1.1970275486715751
1.191221073925092
1.1798417091297593
1.1633473680090614
1.1633155713658458
1.1633155713658458
1.1775888342228475
1.171590243391241
1.1494417100764251
1.1845144254423368
1.1968520861009002
1.1970323098198097
1.1919099338328403
1.2031337182849522
1.1974892840383375
1.182586721292339
1.1888584320527427
1.189210924453967
1.1924657368921137
1.1921076339721997
1.2039765672209113
1.2059489198276072
1.196986242255251
1.187064444430212
1.1873574740973376
1.190894697077186
1.1944656089130214
1.198331599916569
1.1994965469965675
1.2026680832320567
1.2068214632365164
1.2045803831183788
1.2048426198574136
1.2029924989850096
1.2150542643760356
1.2150542643760356
1.215568497595311
1.2168183153006982
1.1971065965117542
1.1879928194246945
1.1959526615307394
1.2106834860145894
1.2050162772187836
1.2044699951723346
1.2024947932057046
1.1921041326997361
1.1918335960309019
1.1994551512300808
1.1744612118481605
1.1750793278630818
1.1840369131616333
1.1840369131616333
1.1832915636364731
1.183270493196618
1.183270493196618
1.1738577577878002
1.1800705661180109
1.1789312651541113
1.1812477226182283
1.1812477226182283
1.1812477226182283
1.1809224597092403
1.1809224597092403
1.1813409565548405
1.1828678568651112
1.1811134627930342
1.192036911573999
1.1879115728032315
1.1978142307313608
1.1909861885910549
1.1914681482186433
1.1914681482186433
1.1741931974965916
1.1683325119816665
1.1683325119816665
1.1596979980952327
1.1834642940270372
1.1742355986532378
1.1714751823672127
1.1714751823672127
1.1628687772863702
1.157916640943208
1.1514264171021877
1.1518571079961504
1.1514546540721684
1.1505484428948651
1.158379362629799
1.1585442526151113
1.1568432425605761
1.1567529135401717
1.1517452669534798
1.151330210961753
1.1482420845973296
1.1572495218297614
1.1660201212609038
1.1616179739254884
1.1665817518568788
1.169584685389632
1.1568490287686597
1.1840610743926736
1.1814748525620515
1.1826071903566586
1.1924076397567158
1.1910945545505534
1.1821952102680864
1.1823224148943388
1.1789373356595372
1.1777904409594857
1.1776126510114597
1.1837614752961678
1.1795389687856466
1.1631804126949241
1.1718166904236909
1.1674637195501953
1.1677396914512672
1.1686171085599346
1.180239774949157
1.174614529525755
1.174614529525755
1.1753636690393203
1.1676082986045078
1.1677839548739317
1.1719310970180565
1.1693284142108018
1.16626755038624
1.1793027715325453
1.1790299470792596
1.1693576586153456
1.1685922617348585
1.167870447923732
1.169358591420249
1.170641905176546
1.1701107165015592
1.1701942333983253
1.1818851640243477
1.200226022433683
1.2014486722168272
1.232370264550657
1.232116546668293
1.2536606683697302
1.258192485547974
1.256415224495195
1.2549474240908054
1.2433533382060724
1.2428570159544534
1.2528667449251314
1.259768368834335
1.265711552855324
1.2630877819151596
1.2661274072729676
1.2504925535332432
1.2505390493100683
1.2527428495711748
1.2527415381442126
1.249811349150934
1.2521176570822476
1.253313137723378
1.252376432494718
1.2539681293058151
1.2547582209364654
1.2339058083778907
1.2325184250224515
1.2310072677659198
1.2389660112996264
1.2222769504824793
1.2309764981635087
1.243016427080709
1.2466306751889225
1.2466306751889225
1.2464600543181514
1.2541088548247328
1.2620516635060879
1.2666989500014236
1.2612609724218413
1.2586423556272874
1.2674858533287374
1.2509170869033948
1.2509170869033948
1.2248888430660996
1.220551168613794
1.2328584239551366
1.2328602454936202
1.2314518795520546
1.2063723843896583
1.2143645967421477
1.2450472361579643
1.2404520292563452
1.2404520292563452
1.2397879614371057
1.2389261317474667
1.2413485944196654
1.2400855194092153
1.239322512863788
1.2401191159150298
1.2470394004128453
1.2478330698345799
1.2490193712178383
1.2421441001133557
1.2421441001133557
1.2431756360562922
1.2431756360562922
1.2592589589774377
1.2623943010898235
1.2639637297384598
1.2600228673401617
1.2660859514289942
1.267843960024925
1.271675634488743
1.2796896731811083
1.2802314763539486
1.2734595970893106
1.2735703859711307
1.2639601987211113
1.2721405616891412
1.2438434716076585
1.2425005781806784
1.2372139145324978
1.2350979090122784
1.2379500287025547
1.2359586524670207
1.2389966378456967
1.2450143568761973
1.2382394687065514
1.2377440377475248
1.2424375173119417
1.2419435826488887
1.2426770850213822
1.2426770850213822
1.243353459662273
1.2456123903788425
1.2451883253893092
1.2461596787817357
1.2587841941474323
1.2643468147484938
1.270953763064007
1.2630173373034619
1.2578458497484761
1.2574063913210685
1.2561587559398173
1.2564589569830986
1.2544196902851261
1.2515234581120587
1.2508019469870828
1.2363516124455565
1.2367755899527746
1.2385470680474344
1.2384704276559382
1.2321130402800606
1.236685686440123
1.2333042899713547
1.2328069572816427
1.2307600297663288
1.2290291588849385
1.2290221870904088
1.2437909683489294
1.2440681968593996
1.2438333528157688
1.2547148448432761
1.2529810947748201
1.2536089833949053
1.2555164339120426
1.2558988833742528
1.2571768497666485
1.2560563811432697
1.2545560814595258
1.2543685044856392
1.2554354149019213
1.241809124109642
1.2246089585213842
1.2173166568194995
1.2209588226336987
1.2332509247955563
1.2332509247955563
1.2333936016717069
1.233190303939488
1.2334985297215295
1.2280557258562517
1.2290926169057828
1.2185284062343587
1.2183242055308259
1.2043984119583209
1.2186739632246044
1.2220468499875505
1.225788327531727
1.2302751132008816
1.2302751132008816
1.2308610465055514
1.2349475185500416
1.2238691270793471
1.2061280991659111
1.2045314891585266
1.1992004548206003
1.2015436076278199
1.2013096380458308
1.195294446737961
1.1973918763471016
1.1965244642114674
1.194183670899337
1.1958676832441735
1.19648585218336
1.1981482504368777
1.1962142658563992
1.1933841662533566
1.1978140055948248
1.1948086340181179
1.1931245181306829
1.1860104093527992
1.1865107703671118
1.1747638525291186
1.178327098030369
1.1787957360751564
1.179221384721259
1.1799687016916953
1.1755784807160397
1.1654081403674172
1.1655181523187375
1.1655181523187375
1.1593029645891153
1.1685718003550314
1.1807662518522568
1.184369105351057
1.1891570557211752
1.1909380896751447
1.1856806161685476
1.1851960463862816
1.1851960463862816
1.1803843617313776
1.1965843929656925
1.1987431925821592
1.198765421096422
1.1996630676401412
1.199559473687244
1.201000390077859
1.2062666254436016
1.201129247407821
1.2007914302560596
1.2105033513433197
1.212943423223943
1.2129576633675514
1.2102656077934464
1.1906500779831821
1.188397430194641
1.1814274350113187
1.177318038923505
1.1826567479721957
1.1727498548693198
1.192463165817604
1.194030591462818
1.194030591462818
1.2171092038684397
1.2226033539019043
1.223535129739813
1.2215062810876587
1.2219581834594246
1.225325201894939
1.2095732248603266
1.223428447647342
1.2233201576656612
1.2256145424762428
1.235991216462575
1.2407533642263728
1.2407533642263728
1.2415521944579362
1.2444986724110716
1.2444986724110716
1.237659294367159
1.244194490083386
1.2427895236942086
1.2456261705399365
1.2507356954356401
1.2696437672720184
1.2675065051824799
1.2666582503220445
1.262967742689669
1.2634373050997296
1.2596645823127388
1.2599973523066261
1.2501321409804196
1.2479304447944548
1.249681990438715
1.240332933593612
1.2343277039180045
1.226314791590066
1.2264182939234145
1.2370266912243126
1.232845374001388
1.2288315531817757
1.2265688601087255
1.2265688601087255
1.2270460177631979
1.2127905784237203
1.1982077011103227
1.198324556318921
1.2060726945690845
1.2060726945690845
1.1951658942496193
1.2074360167704394
1.2074360167704394
1.1967153074702215
1.2048446087483202
1.1885564650623897
1.1881986955467339
1.1986070930439066
1.1949691853781201
1.2034580502877543
1.1989608652126271
1.1989374576895495
1.199913420046736
1.2112959470286488
1.2108990105501645
1.2116604138935843
1.2098772023177888
1.2092165889921926
1.20235150831404
1.1937481458630301
1.190781551650153
1.1900739669036906
1.190087528283004
1.1824603967081977
1.1816907050165935
1.1816907050165935
1.1857421626199156
1.1868476860617874
1.1714942196041376
1.1715136423105637
1.1647650203719846
1.1636463718216752
1.1576435707732646
1.1646440353013225
1.1679649350997454
1.1675932474208022
1.1679097122676179
1.1701819825928172
1.170825188432918
1.169555150610229
1.169555150610229
1.183144286921424
1.1800008572658556
1.188343812618884
1.190518630815284
1.195041998492663
1.1879197828780268
1.1766884206783153
1.1766884206783153
1.1823496198598322
1.1860246513219392
1.1860246513219392
1.1871435172411533
1.187506809483361
1.1832004265256015
1.1813312597119208
1.1796121834047222
1.1821712497785843
1.1988234059521514
1.1988234059521514
1.2011183800312613
1.2062499642862525
1.2026333336415254
1.1890331350290575
1.185970354725368
1.1898593502971773
1.188247458335173
1.188247458335173
1.1775325705246027
1.1775325705246027
1.1639099269933544
1.1682070013922508
1.170557767007422
1.1667445940756747
1.1679965786067523
1.166986952239101
1.1665914937541835
1.163960679158799
1.1742578784619908
1.1750539907274662
1.1750539907274662
1.1716488965977918
1.1707808807847784
1.1683756396466942
1.1683756396466942
1.1684892055913576
1.171031431883914
1.167747124656434
1.165671524543205
1.1654146733606574
1.1770229749576615
1.178601817663512
1.1813740887335586
1.1782303306777564
1.1772718146659642
1.1794061503271345
1.179017702654035
1.1614058536607057
1.1608804354508684
1.1600599414878334
1.1411363520285187
1.1425172864852966
1.1419046182418517
1.1414832667591572
1.1416131771150635
1.1397035206740502
1.1420287311140835
1.1378129115788562
1.1320944603612721
1.1287626392445727
1.1290486629913412
1.1290486629913412
1.1081056292355873
1.093415304931723
1.0979602807708215
1.111383071995281
1.1082090015305581
1.1095342572939029
1.1086447716288654
1.1092097384866222
1.1164310941617719
1.1186189002232623
1.118414845172404
1.1195819538391614
1.118027208567638
1.1220883479552424
1.1220883479552424
1.1229385893303672
1.128996897835028
1.1245396378891361
1.1412547388757979
1.1286608332224193
1.1286608332224193
1.1129098627668486
1.1075740335861033
1.1101610270468156
1.1101041145297892
1.1101041145297892
1.0957272942832121
1.1035858649689854
1.1038177466337182
1.0847093133933268
1.094982732879227
1.0921365678854358
1.0640607061872207
1.0586751092767204
1.0782857043384435
1.0865841346838965
1.075305328438554
1.075305328438554
1.0745416630141598
1.062953185057011
1.063759230421565
1.063759230421565
1.063759230421565
1.0596843825741566
1.0596843825741566
1.065890482998046
1.066924781027504
1.066924781027504
1.053243561756117
1.0498524994937666
1.0438650250481583
1.0445321620701127
1.0394161612198596
1.042833080400128
1.042833080400128
1.0404072672237272
1.0401716890980237
1.0067128179153977
1.0031641760802092
1.0118940696983996
1.0199853730832966
1.0180800041697378
1.0139123328835384
1.0123217064403816
1.0166482936088124
1.023179593746032
1.0181427706570887
1.0279062225424211
1.0287815124131328
1.0351654187156552
1.012689925718884
0.999366964320917
1.013458401877247
1.013458401877247
1.0157962781139314
1.0271236230873695
1.0323777153794922
1.0270018620374106
1.0270018620374106
1.0270018620374106
1.0488369839644904
1.0377888781474742
1.037752061656836
1.0350373588362487
1.0416246907915057
1.03985974263351
1.0364265035542608
1.0288782860208936
1.0297055969026203
1.0424453237241362
1.0342863755478289
1.0344580871756892
1.0280562379264033
1.0288550608183606
1.0299297543836534
1.0332670903949301
1.0336187857578814
1.0280870883780424
1.0300485954600826
1.0328199257414727
1.0342070805832586
1.0342070805832586
1.050199455579201
1.0514458027964713
1.0475134428830426
1.0469144429651098
1.0399626426781303
1.0438785870796772
1.043656779908625
1.043656779908625
1.043656779908625
1.043656779908625
1.02172523681334
1.0258022663283861
1.0267155317717473
1.0294227020284035
1.0294227020284035
1.0294227020284035
1.0260669867245262
1.0282256073197014
1.0224594105208462
1.018684601813829
1.0226441272896276
1.0226441272896276
1.0189517602099412
1.0222153386911754
1.0257316772306777
1.0261966398673308
1.0387934889106631
1.0387934889106631
1.0372744362003525
1.0408434024937598
1.0244489047726446
1.0267061635791643
1.0051280378185943
0.9990159873999797
1.0098565386641276
1.0024246373353831
0.9954529343839298
0.9931356132196434
0.9799975611261721
0.9885513148927285
0.9874993484410332
0.980439090670958
0.9805608106017739
0.9795679905014338
0.9722479724711249
0.9770738641255937
0.9805457862166851
0.979575610864537
0.9580392112209212
0.9548191377327068
0.9548191377327068
0.9548191377327068
0.9473726386782995
0.9504439158392646
0.9518651335540752
0.9518651335540752
0.951772903565754
0.9482224880891222
0.9421017014615399
0.9421017014615399
0.9397253310277407
0.9458734290249786
0.9517538562193436
0.9545575066083396
0.9489397698104702
0.9492617417874999
0.9483943506498703
0.9417093404291893
0.9364561201724512
0.9350863479657893
0.9154925838436477
0.9154925838436477
0.91642104565142
0.907798179698654
0.9075101389623264
0.9095714778239351
0.9067322504844549
0.907348747539511
0.907348747539511
0.8985237321595418
0.8992240183539705
0.8967004218071323
0.897329995315398
0.8971870430935809
0.8971870430935809
0.8928959166238264
0.8933441234609704
0.8920375836852863
0.8879330347262959
0.8884232536057473
0.8876824944521033
0.8852960394041236
0.8707243527077685
0.8650613896810008
0.865186056624854
0.8622415518064566
0.883125049925265
0.8825781275727069
0.8825781275727069
0.8786501957970745
0.8804352647230052
0.8679893313148954
0.8717655935746227
0.8729747640622044
0.8629609286466271
0.863061074832537
0.8700285128745103
0.8695573935484748
0.8695573935484748
0.8684171531843098
0.8684171531843098
0.872391189180532
0.8488470810824648
0.8460804475811177
0.8613826197178337
0.868955583435136
0.8671429428049533
0.852859332893385
0.8618359834361289
0.862811561681268
0.860473079435778
0.8694144602217049
0.8705881680025266
0.8665645240284201
0.8669783410752566
0.8591199825353348
0.8620569488487735
0.8636900855027919
0.857733756564551
0.8555936950062472
0.8591414037470572
0.854943347872291
0.8582318033431201
0.8578884604059611
0.8412117678071195
0.8417645791215007
0.8417645791215007
0.8404265209289782
0.8135821361317629
0.8169316033023342
0.816856522401302
0.8169454415305887
0.8192946244290383
0.8425895495888114
0.8416727250495392
0.8454061297512142
0.8447613267600315
0.8431455222630819
0.8317208577417358
0.8286234004340078
0.8308978834595598
0.8310276534474327
0.8395958332089817
0.8412888816262687
0.8204398336175903
0.8224644474050002
0.8225537975444173
0.8384406007746433
0.8376840367330202
0.8400599212590562
0.8458627093334393
0.8474929182732217
0.8380719672778126
0.83912935616347
0.8363562158054488
0.8612111006980459
0.8566479735781142
0.8547645160747845
0.864467694832152
0.8682238267393035
0.868890974825683
0.868890974825683
0.8450670353351498
0.855353797810258
0.8563781057648199
0.8561757266200916
0.8532322204639908
0.8562784672555339
0.8562784672555339
0.8690823657338483
0.8690823657338483
0.8657241395798183
0.8657241395798183
0.8657241395798183
0.8704905503667458
0.8690367674359972
0.874255622094982
0.8730014400551179
0.8730014400551179
0.8443828396136119
0.8292774865124006
0.83184876433846
0.8319595639975131
0.8352693941512405
0.8352693941512405
0.8393252248592523
0.8476692289211135
0.8542982054534133
0.8485366921300538
0.8510585305737938
0.8517708753371172
0.8548393999564816
0.842423460262842
0.8207307413225141
0.8112805328200529
0.7908332263154246
0.7908332263154246
0.7908332263154246
0.7857190392558708
0.7855306113785907
0.7597856529764845
0.767779899916615
0.7661876623013175
0.7588180955964314
0.7689257935190824
0.7732418384887131
0.7714601061790951
0.7717323880589828
0.7622488933792371
0.7600162745189107
0.753204182205472
0.7792290978615721
0.7768649173378112
0.7768649173378112
0.7826603113031464
0.7931215713806247
0.7919794612001878
0.7922349095401989
0.7921968818785898
0.7921968818785898
0.7917831395987994
0.7942250842287811
0.7942715971397316
0.7851663511267911
0.7851089455071852
0.7867583190143382
0.7834758240142825
0.7938669098950293
0.79429570916272
0.7952242708783005
0.792357800189006
0.7967428855966596
0.796141653013689
0.7920129509134703
0.7730718241818436
0.7729151819728733
0.7745434186926899
0.7738721080924343
0.7786541510201133
0.7814515673113225
0.7814515673113225
0.7798876994229256
0.7677117124005494
0.7652543908596711
0.7699381988550118
0.7508818030786607
0.7506970395764405
0.7677130187975298
0.7682986404532354
0.7710398837133786
0.7710398837133786
0.7710398837133786
0.7520120678093365
0.7446123414282678
0.7629225440429308
0.7761037283480376
0.7878765607733698
0.7924744009871201
0.7998039821746794
0.7925500084958744
0.7875213121146057
0.7875213121146057
0.7843255377616685
0.7843255377616685
0.7827688686605532
0.7752759500387958
0.7752759500387958
0.7841916980665492
0.7827795641785974
0.7825187081254682
0.7822642072898648
0.7833380665847463
0.7833035344202588
0.7833035344202588
0.7860605345652911
0.7817006542264606
0.7872764826591867
0.7872764826591867
0.8072573112543701
0.8087404055968433
0.7927086211282408
0.7943191336562605
0.8057157175218436
0.8057157175218436
0.7827231498122335
0.7989099386964846
0.7989099386964846
0.8039573107727608
0.7975435920004497
0.799868576914273
0.7895609672860407
0.7895609672860407
0.7895609672860407
0.7906445562787977
0.7852866827771052
0.7852866827771052
0.7948659953927363
0.7948659953927363
0.7767903025210654
0.7818756769418138
0.781790039930233
0.781790039930233
0.7788215142070998
0.7779774404418279
0.7769082557295315
0.7633736973787888
0.7552352397756935
0.7529196483309032
0.754717940085241
0.754717940085241
0.7581849020563397
0.7581849020563397
0.7554607944592846
0.7554607944592846
0.7602623666034878
0.7609884985537846
0.768970191914465
0.7522120813334909
0.7522120813334909
0.750514171252298
0.7499876047872547
0.7596170894201332
0.7455145873771094
0.7359424429408858
0.7359424429408858
0.7321609585552494
0.731301863590788
0.731301863590788
0.7307120655885923
0.7440319388850591
0.7441605694021233
0.7461971347118271
0.7467954940128855
0.7594592841459812
0.759862321780822
0.7566697753360269
0.7564927230065162
0.7587578164314058
0.7583838594548177
0.7551093889257275
0.7551093889257275
0.7394944347431281
0.7185167455368292
0.7194090708189584
0.7194090708189584
0.7121356521023059
0.7068844057090483
0.699699461020803
0.6913469111682282
0.7044760398003244
0.7044760398003244
0.7008502079708379
0.6999021119576042
0.7118885433115679
0.7090694061170072
0.7030201170396797
0.7030201170396797
0.7030201170396797
0.7041704779579784
0.7041704779579784
0.7041704779579784
0.6907695516502423
0.6891997317827716
0.6787023210951145
0.6963439458183143
0.6957841769963757
0.6877814675292995
0.6722378223372633
0.6727781468275813
0.67132188077057
0.6734358353329153
0.6746219464984209
0.6694278216665313
0.6746501145812834
0.6737961259716022
0.6715382932133477
0.6786176259232295
0.6756143727063446
0.6728043081990609
0.6729134426405594
0.6722375645778719
0.6721125061700066
0.6719948951602693
0.6661134154007747
0.6630736239471979
0.6692619796185137
0.6692619796185137
0.6654780725059343
0.6423330519894613
0.6423330519894613
0.6426569014978625
0.6426146477368564
0.6394301910285607
0.6455769361173235
0.6469609362156931
0.6505462333523913
0.6434809752299435
0.6360866888489399
0.6358684919940979
0.6400629021110652
0.6417321431280175
0.6417321431280175
0.6394970248512248
0.6394970248512248
0.6603415576018277
0.6633802083264705
0.6633802083264705
0.6612810450386537
0.6490104108350093
0.6510458818182469
0.6560580419978246
0.6555442427434535
0.6554686187015154
0.6553086944299322
0.6444448459518423
0.6398221106578563
0.6398036974215261
0.6398036974215261
0.6428151296510025
0.6428151296510025
0.6450728173056632
0.6331659004837046
0.6331659004837046
0.6332167874148644
0.6332167874148644
0.6335882897446593
0.6325957605879666
0.6325971705985808
0.6325971705985808
0.6413657391083635
0.6442382620825343
0.6465529979902713
0.6474253996083468
0.647281713394579
0.6285793811002802
0.6290656548957447
0.6343821720763282
0.6343821720763282
0.63270197386411
0.6326443976055302
0.6326443976055302
0.6415943536476281
0.6390530638611679
0.6408659795469814
0.649125896298259
0.6423712711604841
0.6298546736147863
0.6279002013949185
0.6207849236216398
0.6210786556021868
0.622249976481658
0.628530753434592
0.628530753434592
0.6284978702820172
0.6284941251725145
0.6168758593499543
0.6168306608275347
0.6133388350397306
0.6167598120529387
0.623909281672268
0.6020011113192351
0.6076256033346127
0.6047858690388932
0.6051772165419521
0.6039419620186622
0.6039419620186622
0.6024609518730198
0.596811480859324
0.5951452963162807
0.5969325761917047
0.5952928802295022
0.5896952189132258
0.5649887181557172
0.5691056043603542
0.5691056043603542
0.5691056043603542
0.5652172359148329
0.565334647840961
0.565334647840961
0.5721863409212781
0.5738623232897543
0.5760881750826056
0.5730874900929848
0.5730874900929848
0.5838008772038565
0.5835102142946756
0.5835102142946756
0.5841460985795747
0.5841460985795747
0.5841460985795747
0.5909991131807226
0.5909991131807226
0.5961496771313004
0.6035680993612761
0.6080297552436192
0.5933293695740666
0.5979339050343595
0.5979339050343595
0.5979339050343595
0.5999966997229149
0.6049899785177578
0.6015322298699529
0.6017136233623324
0.6017136233623324
0.6017136233623324
0.6032653673833542
0.6022787947353615
0.6144080136632488
0.6186686428520457
0.6186686428520457
0.6069964189421599
0.60801088854504
0.620586403133206
0.6216219989826838
0.6298685329278182
0.6339436299154692
0.6339436299154692
0.6318318484049187
0.6203976706816636
0.624797033687058
0.6301566903434833
0.6346016779674819
0.6346067862033627
0.6346067862033627
0.6332342235516932
0.6260365307378104
0.6260365307378104
0.6308881752793041
0.6335444388784468
0.6335444388784468
0.6430099271747457
0.633563029045136
0.6379016674037078
0.6379016674037078
0.649222320803756
0.6407618646904213
0.6408296216670841
0.6401128795605742
0.6324617951168391
0.6312885788955004
0.6312885788955004
0.6178751243065908
0.6152492687081842
0.610949552929996
0.610949552929996
0.6037156728068573
0.6062014986144547
0.6035587865429611
0.5983782183387261
0.6059867343869316
0.6202231366759554
0.6189721439671827
0.618817043032149
0.608995686043151
0.5999415942108487
0.5899293014808037
0.5905728908421355
0.5604489290914538
0.5778573999136957
0.5882443778037248
0.5894481873636984
0.5891739568441083
0.583814457406878
0.5666599583523371
0.5666599583523371
0.5641855209013883
0.5655401899772298
0.565587396842107
0.5660861982640741
0.5471628702818035
0.5356432467879926
0.5387263101240432
0.5387263101240432
0.5387263101240432
0.5355308224637452
0.5380087456504037
0.5426597277324465
0.531962012894332
0.5357623954693111
0.5333126366317603
0.5366832200569878
0.5308852546386451
0.520755754812716
0.520755754812716
0.5203462564375291
0.5010015937670063
0.5095568528372868
0.4970591404548428
0.4972035830764506
0.4972035830764506
0.48787702377978875
0.48768486319387344
0.48155840022642665
0.4819789430334931
0.4819789430334931
0.4907475223337893
0.4821572283488876
0.4845854042587522
0.49050972237549545
0.49050972237549545
0.49105756309641807
0.4906339300481036
0.4910674957753163
0.4745720919492871
0.4600131329739385
0.4595920352726803
0.45775864342573414
0.45792119837314765
0.46077656743815193
0.471281869185929
0.4794991386304082
0.4765265604022819
0.4759778601808221
0.4861542635055234
0.49624069945590155
0.4991445329327894
0.49546501686336814
0.5053360036275801
0.503968757650297
0.5043698557997256
0.5043698557997256
0.526011234540578
0.5143948754677444
0.512001162574039
0.5128352755854587
0.5010268001099458
0.5010268001099458
0.5070555672190799
0.5070555672190799
0.508042362583497
0.5253040050322734
0.5237739934191799
0.5248231144345564
0.5246275858089673
0.5246275858089673
0.5225085110811748
0.5242211715565117
0.5323771521768805
0.5479123202182404
0.5460198522095667
0.5499968938475047
0.5528461249444172
0.5545004850380648
0.5344645966700249
0.535941986574132
0.5299851797824789
0.5191133951158737
0.5191133951158737
0.5199364294283407
0.5160695532052201
0.5197534772474064
0.5311723986813196
0.5205711177146375
0.5204250021178083
0.5208775791694994
0.5204891068437818
0.5200899667278779
0.5224399902765102
0.5229154599135165
0.5229105241133829
0.5251012972492026
0.5271507385392781
0.5286534372407017
0.5443825103980081
0.5440577312219405
0.5446779193997897
0.5435902259414014
0.5478946234970139
0.5489873661538449
0.5487726988293108
0.5487726988293108
0.549659070756066
0.5525729204625206
0.5581746111809464
0.5577545806471976
0.548637767161657
0.5416765432890852
0.5371530965721701
0.5325389651128822
0.5325389651128822
0.5325389651128822
0.5357398854055323
0.5200339576215052
0.5147731308411961
0.5157311823173848
0.5062879418370081
0.507391400019562
0.5009073721716488
0.513531325577781
0.5008187503128142
0.5026853971042424
0.4966503097090133
0.5053827735238966
0.5041691312620362
0.5064855616115213
0.5064855616115213
0.5064855616115213
0.513402529051892
0.5168310703608316
0.516467852705144
0.5321134912267045
0.5259235338093757
0.49870569002037674
0.49846567228084976
0.49772870842765776
0.5149769052864762
0.5149769052864762
0.5170488877992987
0.5239170115534756
0.5144294516770249
0.5144294516770249
0.5147858033410847
0.5066005389889339
0.5066005389889339
0.5120266223857264
0.5115703112830471
0.5176755894496564
0.5176755894496564
0.5217250885804472
0.5217250885804472
0.5188500100194801
0.5205747180918721
0.517818768328529
0.5214007343059316
0.5214007343059316
0.5214007343059316
0.5190878942336781
0.5189034521073144
0.5183239043495955
0.5182397765315206
0.5206475297204665
0.5052147995868662
0.4936178762956013
0.4936178762956013
0.49688043046391644
0.4979452764083022
0.49851245589689847
0.49794271031788395
0.503585486456439
0.508911054081442
0.508911054081442
0.5061346807756011
0.5061346807756011
0.5006440576791861
0.5013062937823358
0.5014291837267901
0.498420011513122
0.5113443650492423
0.5107926327440008
0.5116645114408915
0.5122590633623665
0.5104508496597973
0.5104730596961435
0.5054627436519291
0.5146917892457626
0.5120878043413715
0.5179781626362061
0.5173788464244143
0.5103115490239316
0.5151732426591252
0.5222143724134126
0.513173050338437
0.5138667108864079
0.50512276843529
0.4965776283635225
0.4965776283635225
0.49168848642114227
0.49931042147424226
0.49957399140100656
0.5045577322228205
0.5054001499868737
0.5053098717774155
0.5073983534839691
0.5087584995635757
0.5011433406372264
0.5052950195835963
0.508464905213416
0.5081950563200364
0.5152626540823452
0.5152286943674994
0.5152286943674994
0.5217056918533456
0.5267274822089992
0.520563560697526
0.5133170052874885
0.4983305040241242
0.4970350038434658
0.49988685863849613
0.4831129691780722
0.4831129691780722
0.4831129691780722
0.48528609663358657
0.48528609663358657
0.48528609663358657
0.47230899752907335
0.47225777062267343
0.4797595218803696
0.476043956402449
0.476043956402449
0.47480696121235016
0.474813877649433
0.47666255393427154
0.4742617344340746
0.506771442948959
0.506771442948959
0.4973374639757407
0.4973374639757407
0.5052595845725258
0.5052595845725258
0.4990087033215915
0.49981689104828514
0.4994994244019358
0.5165667536643751
0.5149728394541814
0.5112053144234564
0.5112053144234564
0.5112053144234564
0.5112053144234564
0.5087382672487611
0.5087382672487611
0.5081053668043232
0.5045220819662452
0.5019749666876966
0.5019749666876966
0.5022094737010336
0.5023060290239176
0.501672433667529
0.49558261240428253
0.49694787795721285
0.5027860640733063
0.5042848376563122
0.49220802173270545
0.4847118228789917
0.48392958093116145
0.4763915178068221
0.4742965078304495
0.4742413763223027
0.4793200741548291
0.48622557168296643
0.48953355026167167
0.47559714829140604
0.47559714829140604
0.4811331850262651
0.4830207046326689
0.4830207046326689
0.4830207046326689
0.4760978562474051
0.4705554320536394
0.4543190871056371
0.4543190871056371
0.4405524571559117
0.4405524571559117
0.4405524571559117
0.4404980232919571
0.4408172660757021
0.4622857424183237
0.44886762323393825
0.44886762323393825
0.4475544884047811
0.4475544884047811
0.4475544884047811
0.436565517531426
0.436588616355212
0.436588616355212
0.43825315895855366
0.43825315895855366
0.4386309571595135
0.4384139442586431
0.437235376247851
0.44052582688656994
0.44718331926322447
0.448912008994105
0.44892963438868766
0.44892963438868766
0.43917938378901694
0.44868546843840895
0.4699288410071793
0.45669114646740183
0.45687419088635234
0.47028277658040235
0.47034778547950856
0.47034778547950856
0.46925673219394637
0.45449066384426523
0.45606373711866216
0.4561597387591516
0.47314718577217135
0.48512782230288515
0.4842618242368128
0.4842618242368128
0.4842618242368128
0.4827292702030448
0.482959360831359
0.4828851904305033
0.47456883048178394
0.47507228647405214
0.46812422425597977
0.47232691634664103
0.47235904384406086
0.4790359324774044
0.4790359324774044
0.4790359324774044
0.48379535186725175
0.4890520916635458
0.4705372699782124
0.4717215208257514
0.46183909980268023
0.46183909980268023
0.47994014971280935
0.47323106969923356
0.47592375418304417
0.46566877577893473
0.46566877577893473
0.46566877577893473
0.4580476572083312
0.4711757727392141
0.4705961074087935
0.4602094001441933
0.4598364126614114
0.45999907769789117
0.4656038126195829
0.47153134024220367
0.49276740791397294
0.49276740791397294
0.495615438846702
0.4954705849319379
0.4954705849319379
0.4954705849319379
0.48982409716998615
0.48782020226548883
0.4940541502745493
0.4964556752826432
0.4933218034536559
0.4993327451501426
0.5079969168757106
0.5003805933273382
0.5003805933273382
0.499812294763904
0.47950621011833244
0.47360737117895924
0.47351201236452023
0.47543013644609516
0.4757827913419485
0.4757827913419485
0.47425597743553144
0.47425597743553144
0.4675755345795501
0.47601870904402216
0.47601870904402216
0.494599951695003
0.4977243824415383
0.4977243824415383
0.5043064318870125
0.5062467529209153
0.5045775620702736
0.5088768228121069
0.5089300635153553
0.5089300635153553
0.5089300635153553
0.5089300635153553
0.5133317800193015
0.5133317800193015
0.5133317800193015
0.5139069292587026
0.5139069292587026
0.5139069292587026
0.5130672193057534
0.5130672193057534
0.5270647508606583
0.5271241733912196
0.5262203132472821
0.5262203132472821
0.5262203132472821
0.5273824975015646
0.5274400229939163
0.5349070782525482
0.5364824786440447
0.5364824786440447
0.5367536553554998
0.5377739434118882
0.5377739434118882
0.5356226090472201
0.5333514667936659
0.5333514667936659
0.5333514667936659
0.5333514667936659
0.5333514667936659
0.5333514667936659
0.5333514667936659
0.5295526240645904
0.529352182218987
0.5281829752352446
0.5281829752352446
0.5300432269003992
0.5299045043799115
0.5241424063848485
0.5116574965931248
0.5099553549555111
0.5099553549555111
0.5099553549555111
0.5098153039498855
0.5101184208819559
0.5101184208819559
0.5132990349323747
0.5138336374203115
0.5166663735029402
0.5166663735029402
0.5167383641685918
0.5222985430024991
0.5175183512227545
0.5215022455602288
0.5152000918426909
0.5064889541622384
0.5064779111856421
0.5072871527524241
0.5072871527524241
0.5105405812928053
0.5093256740436313
0.5095865100871121
0.5107129219800641
0.5076668207537958
0.5076319444712357
0.5077120324109685
0.5093564487327259
0.5093564487327259
0.5095163909674812
0.5129586281324938
0.5131104962348311
0.49303640963466455
0.49303640963466455
0.49303640963466455
0.49303640963466455
0.49303640963466455
0.49106720995221476
0.49106720995221476
0.4893202714319361
0.48935507021369307
0.4596205464594649
0.46302956120926325
0.46645951285209825
0.47946970730658073
0.47657482006511553
0.47258996452586366
0.47283348593439073
0.47281570945915663
0.47281570945915663
0.4751335924426811
0.47197785279164456
0.46876811608338764
0.4696393462989251
0.4723059861747689
0.46751769288901646
0.46768422356289124
0.47934488490546917
0.48840170786927173
0.48784403795437337
0.4987813144737909
0.4987813144737909
0.4907299900627803
0.49638778464114136
0.5061525054340683
0.5061525054340683
0.4971659003028931
0.4985240056936196
0.4985240056936196
0.4985240056936196
0.5001374561391698
0.492805753347502
0.49283420888144586
0.49526078240738935
0.4927060408848807
0.4917263442779438
0.4917263442779438
0.4921097484474806
0.4921097484474806
0.49225705584966656
0.49047003287456103
0.49677784752872833
0.49941323374927465
0.49941323374927465
0.49941323374927465
0.49941323374927465
0.49540537770296617
0.4943205227922067
0.49316244352298144
0.4930858562191217
0.484574211282161
0.4776388193929027
0.4787675665822726
0.47904625311232163
0.47904625311232163
0.4790503478295397
0.4778730475234809
0.4778730475234809
0.4751189158151905
0.4814554685372559
0.48127543862892747
0.48421960209471004
0.4827765420152161
0.4861512997085904
0.4872468847125498
0.4873504247556295
0.48760616600078904
0.49946956065128345
0.4964188421751299
0.4964331606237576
0.5030954881584233
0.5030954881584233
0.4927700915355772
0.4863249202339544
0.4841788657307257
0.4838027889883664
0.4838027889883664
0.4838027889883664
0.49426482677966976
0.49408905621912175
0.4939317182788609
0.4951656046301111
0.4951656046301111
0.4950326726494409
0.489331606732909
0.489331606732909
0.4887892527727076
0.4889887438808449
0.49447671359088025
0.5044266196711539
0.5001518691873614
0.496049427749154
0.4811835538368347
0.4850726182051698
0.4849397163281505
0.48991338206057977
0.48991338206057977
0.48487473097858624
0.4815261479257794
0.4803380768025387
0.4806362204691622
0.4806362204691622
0.4740966472167828
0.4740966472167828
0.4739799249612462
0.4739799249612462
0.4744087100245744
0.4682088621230843
0.4756572129050446
0.4626988498163505
0.4626988498163505
0.46234083558456285
0.46226396419400706
0.46462993977416966
0.46462993977416966
0.4645528435762225
0.46800723083209284
0.4707620302002022
0.4730377204219648
0.4470559168386147
0.4470559168386147
0.4506760410142178
0.4506760410142178
0.456836892502894
0.4521335280672023
0.43214368290099997
0.4311353119525293
0.4240364915287234
0.4149044190332308
0.4154002658285582
0.4154002658285582
0.41066505412253795
0.41066505412253795
0.39773798923841086
0.39176515959090735
0.39176515959090735
0.3954135292592491
0.38287157226959184
0.3868566912510987
0.39209329970297424
0.38850469828741274
0.3857247842713663
0.4114625030130131
0.4087957798393272
0.4087957798393272
0.40901328985386154
0.40901328985386154
0.40440173173468025
0.39792249665534324
0.39792249665534324
0.3922102662917889
0.39246834837608685
0.3797053270398344
0.3797053270398344
0.3831122974639311
0.374048943192139
0.374048943192139
0.38181141896555115
0.38166425480842275
0.38166425480842275
0.38166425480842275
0.38166425480842275
0.3817967694717979
0.3817967694717979
0.3809436437343687
0.3750964126649148
0.374048943192139
0.3728174167560552
0.3728174167560552
0.3728174167560552
0.36360201770010203
0.36360201770010203
0.36360201770010203
0.3599927593119101
0.3599927593119101
0.35921582943364366
0.35921582943364366
0.35921582943364366
0.3560489294050582
0.3557396679875286
0.3557396679875286
0.3498304540528877
0.3498304540528877
0.3498304540528877
0.3498304540528877
0.3498304540528877
0.3498304540528877
0.3498304540528877
0.3473675351024642
0.33572859250848014
0.33572859250848014
0.33572859250848014
0.33572859250848014
0.33572859250848014
0.33572859250848014
0.33572859250848014
0.3254337828295958
0.3254337828295958
0.32351437059640153
0.32351437059640153
0.32351437059640153
0.32351437059640153
0.32351437059640153
0.32351437059640153
0.32351437059640153
0.29363434089945173
0.2916849807283466
0.2916849807283466
0.2916849807283466
0.29118289820438015
0.29118289820438015
0.28878772685197396
0.28878772685197396
0.2853636931063728
0.2853636931063728
0.2845504126803348
0.2845504126803348
0.2845504126803348
0.2845504126803348
0.2845504126803348
0.2845504126803348
0.2845504126803348
0.2845504126803348
0.2845504126803348
0.2767853370843863
0.2763775747472606
0.2763775747472606
0.2763775747472606
0.27094691270970034
0.2686224861590932
0.2686224861590932
0.2686224861590932
0.2686224861590932
0.2686224861590932
0.2686224861590932
0.2686224861590932
0.2686224861590932
0.2686727191214972
0.2716649738378651
0.2716649738378651
0.27130151524949264
0.27130151524949264
0.27130151524949264
0.27130151524949264
0.27130151524949264
0.27130151524949264
0.27130151524949264
0.27130151524949264
0.27130151524949264
0.27130151524949264
0.27130151524949264
0.27130151524949264
0.27130151524949264
0.27130151524949264
0.27130151524949264
0.27130151524949264
0.27130151524949264
0.27130151524949264
0.27126748225576447
0.27126748225576447
0.27126748225576447
0.27126748225576447
0.2691226116608671
0.2691226116608671
0.2653222228301785
0.2653222228301785
0.2653222228301785
0.2653222228301785
0.2653222228301785
0.2653222228301785
0.2653222228301785
0.2653222228301785
0.2653222228301785
0.2653222228301785
0.25792870989326433
0.25792870989326433
0.25792870989326433
0.25792870989326433
0.25792870989326433
0.25792870989326433
0.25792870989326433
0.25792870989326433
0.25792870989326433
0.25792870989326433
0.25792870989326433
0.25792870989326433
0.25792870989326433
0.25792870989326433
0.25792870989326433
0.25792870989326433
0.25792870989326433
0.25792870989326433
0.25792870989326433
0.25792870989326433
0.25792870989326433
0.25792870989326433
0.25792870989326433
0.25792870989326433
0.25792870989326433
0.2532983102637695
0.2532983102637695
0.2532983102637695
0.2532983102637695
0.2532983102637695
0.24874543131659232
0.24874543131659232
0.24874543131659232
0.24874543131659232
0.24874543131659232
0.24874543131659232
0.24874543131659232
0.24874543131659232
0.24874543131659232
0.24874543131659232
0.24874543131659232
0.2435920990186109
0.2435920990186109
0.2435920990186109
0.2435920990186109
0.2435920990186109
0.2435920990186109
0.2435920990186109
0.2435920990186109
0.2435920990186109
0.2435920990186109
0.2435920990186109
0.2435920990186109
0.2435920990186109
0.2435920990186109
0.24031691615027165
0.24031691615027165
0.24031691615027165
0.23796132854485785
0.23796132854485785
0.23796132854485785
0.23796132854485785
0.23796132854485785
0.23796132854485785
0.23796132854485785
0.23796132854485785
0.23796132854485785
0.23796132854485785
0.2384541199126896
0.2384541199126896
0.2384541199126896
0.2384541199126896
0.2384541199126896
0.2384541199126896
0.2384541199126896
0.23759228321857598
0.23759228321857598
0.23759228321857598
0.23759228321857598
0.23759228321857598
0.23759228321857598
0.23759228321857598
0.23759228321857598
0.23759228321857598
0.23759228321857598
0.23759228321857598
0.23759228321857598
0.23559214490661687
0.23559214490661687
0.23559214490661687
0.23559214490661687
0.23559214490661687
0.23559214490661687
0.23506869045913112
0.23286039637322775
0.2134859432402171
0.2134859432402171
0.2134859432402171
0.21125825654940883
0.21125825654940883
0.20985353106827961
0.20985353106827961
0.20985353106827961
0.20985353106827961
0.20985353106827961
0.20985353106827961
0.20985353106827961
0.20985353106827961
0.20985353106827961
0.20985353106827961
0.20985353106827961
0.20985353106827961
0.20985353106827961
0.20985353106827961
0.20985353106827961
0.20985353106827961
0.20985353106827961
0.20904579625043085
0.20485399627703255
0.20485399627703255
0.2036405863684746
0.2036405863684746
0.2036405863684746
0.2036405863684746
0.2036405863684746
0.2029727980389211
0.2029727980389211
0.2029727980389211
0.2029727980389211
0.2029727980389211
0.2029727980389211
0.2028373697257901
0.2028373697257901
0.2028373697257901
0.2028373697257901
0.2028373697257901
0.20302346391120454
0.20222371909222273
0.20222371909222273
0.20222371909222273
0.20222371909222273
0.20222371909222273
0.20222371909222273
0.20222371909222273
0.20222371909222273
0.20222371909222273
0.2027400612985501
0.20285530690054793
0.20285530690054793
0.20275721997187207
0.20090655719900488
0.20090655719900488
0.20090655719900488
0.20090655719900488
0.20090655719900488
0.20090655719900488
0.20090655719900488
0.20090655719900488
0.20090655719900488
0.20090655719900488
0.20090655719900488
0.20090655719900488
0.20090655719900488
0.20090655719900488
0.20090655719900488
0.20090655719900488
0.20090655719900488
0.19085050532949938
0.19085050532949938
0.19085050532949938
0.1907943681803116
0.15970883449711326
0.15970883449711326
0.15970883449711326
0.1183102240531812
0.1183102240531812
0.1183102240531812
0.1183102240531812
0.1183102240531812
0.1183102240531812
0.1183102240531812
0.1183102240531812
0.1183102240531812
0.1183102240531812
0.1183102240531812
0.11464786688839614
0.11464786688839614
0.11464786688839614
0.11464786688839614
0.11464786688839614
0.11464786688839614
0.11464786688839614
0.11464786688839614
0.11464786688839614
0.11464786688839614
0.11464786688839614
0.11464786688839614
0.11464786688839614
0.11464786688839614
0.11464786688839614
0.11357545935166798
0.11357545935166798
0.11357545935166798
0.11357545935166798
0.11344982651645204
0.11344982651645204
0.11344982651645204
0.11344982651645204
0.11344982651645204
0.11344982651645204
0.11345056643182079
0.1143883324610436
