1.4965538431275127
1.3080733262973945
1.2984525724301514
1.29747550251153
1.294468749760626
1.3088086974390154
1.3049222812367585
1.310085524114476
1.3229873657638902
1.32256746035149
1.3190736136142824
1.328792350031765
1.3167241355045722
1.3318073773266241
1.3229628568373417
1.3248252889120016
1.3277940783550464
1.3268510285354491
1.330845272948486
1.3402715593925838
1.3377765210617407
1.3304765754231684
1.334427362404608
1.342406989729853
1.3434230145761699
1.3556108708171275
1.3498031636395993
1.3473188484499306
1.3468712470241602
1.3271416774751585
1.3296810339792386
1.335162365566645
1.328637491346292
1.3294456036201592
1.3347005795508198
1.3358376684368236
1.3362057179358575
1.3329204957611513
1.338989865205888
1.339582053153935
1.342994685836794
1.3413802028994974
1.3314658401598989
1.3326945872647988
1.3536026534474677
1.357179271843475
1.3505529756570194
1.336722087427279
1.3358470203995556
1.35006476904539
1.3516194983809922
1.3612960066058442
1.3719762969860096
1.3717820003873955
1.3783282197171982
1.3702522428705335
1.3645386246691806
1.3604222621864934
1.3499990571894558
1.3430972977923563
1.3435466557035802
1.3441880503157406
1.3529365206791348
1.3573029313228604
1.3559255202349771
1.3599770339057111
1.3464539933109263
1.3390874780618338
1.3494007251370663
1.3591617587235756
1.348415666184805
1.348643075221741
1.3670484008660475
1.3656890020878882
1.3754067646865
1.37842538924902
1.3792608766734602
1.3983143682444232
1.3972572832582386
1.4169949130390207
1.4184844477571303
1.4444230935725344
1.457383993696083
1.4578884237792367
1.454111263579895
1.4542372776609163
1.452807440171494
1.4491361223168524
1.4511635451415212
1.4417155471603122
1.4461644792403257
1.4452462222282365
1.4464491419562973
1.4454472733568995
1.4458847585826136
1.4489051314932055
1.4521387485353916
1.4539910186608462
1.4557261828607444
1.4422081842608498
1.4445484139389486
1.4461977830731778
1.4481200330665447
1.4432092117920343
1.4413608824517978
1.4474676189222746
1.4452625300260333
1.4487105849763071
1.4471862430530489
1.4566053246268271
1.4575176347150702
1.4547843898180606
1.4499754986824591
1.4605759069196578
1.4605851746097933
1.4708407360145341
1.4726694025052929
1.4714247954993003
1.4650267341084324
1.4634091787192967
1.454329037636089
1.452617564093975
1.4466822649211508
1.4391445660821138
1.4344475174193752
1.4358778805748078
1.4352762476559
1.4092397326233552
1.3973886998443226
1.3904433590301637
1.394130624448247
1.3825086253975825
1.3707779982996018
1.3693411708531216
1.3483257314162356
1.3796157445840844
1.3802856496893974
1.3749635049078464
1.3784089245124722
1.3784318189117737
1.3746785995220572
1.3752415867448717
1.3854030063843974
1.3838892212066953
1.3877139257036857
1.3936936994089983
1.3935702156726217
1.386234206451868
1.3756760075107426
1.3787660797889467
1.3484689212744918
1.3443128551339179
1.3385620882613418
1.340747968080751
1.339891055036644
1.3317553793289243
1.3317553793289243
1.339406143909149
1.3397661181450107
1.3401183399022767
1.3329917211118956
1.3327548696212836
1.333345270383905
1.331384323652985
1.349283133226356
1.347334665878862
1.3517471201101274
1.358643204765225
1.355131368237246
1.3546473453915706
1.354263042627314
1.3545211048909966
1.3603680728243015
1.3600473457624287
1.3623475605746906
1.3619854969628986
1.360513114822005
1.3685015621017187
1.3602633941410824
1.3727916957977526
1.374347356029588
1.3801252108052235
1.378370201007718
1.378292468465166
1.3757277009120494
1.381463085014043
1.4073605123202046
1.3873113706011546
1.3873113706011546
1.3891890491033705
1.3919443035715646
1.397444124660429
1.3895760065096137
1.385350887946494
1.3858286612736463
1.397263096635392
1.402081651476019
1.4247717770259507
1.4026440580709796
1.4056771902142602
1.41663627731757
1.4166587623824827
1.4124658299843087
1.4102558847928117
1.402128661481144
1.400588233805488
1.412724811288176
1.4128090127040107
1.4093365188041211
1.4144235866730221
1.4188959764873084
1.4282835692488647
1.433992657711037
1.430176586275389
1.4295126272493748
1.4311884016177927
1.4522787088915052
1.4503457618991455
1.447511514915849
1.4528632068871357
1.4593436433081641
1.4616138640107512
1.4697374856063732
1.45501369833579
1.4540990961343847
1.4464172376860729
1.4444627479840848
1.4404816716765063
1.4370378369290981
1.4359698199622313
1.4365651289508192
1.445724674059315
1.4455495811936778
1.4429834966368966
1.4429916565246275
1.460970195370922
1.4611649382803578
1.461322412911722
1.4609814937356689
1.453919556078481
1.451293631690691
1.450518176953192
1.4527479815389868
1.4504430362620024
1.453628887080689
1.4244116955254966
1.402340695105962
1.4021901868666375
1.4061373348783812
1.398678299819201
1.420498029857569
1.4022198496619869
1.4023182118849549
1.4020296714911995
1.4018491112049019
1.4059182320223274
1.3832710568227113
1.3859180947994458
1.382524292378269
1.3789618904251804
1.3794817802995616
1.3596260300043526
1.3587789978962554
1.3623273187338132
1.3683539041867787
1.3531929978987445
1.3529163527292263
1.357737936871557
1.3498496976470307
1.3507509030725113
1.3492384099049464
1.3687008838281292
1.3682907554488557
1.3619276079354332
1.3572536519440963
1.3571665791080485
1.34085546609836
1.3409213776797237
1.3391753138143594
1.342110614663571
1.3404196728349296
1.343713093727302
1.3441031640058068
1.3484376877638553
1.3503276846268182
1.3616539127220588
1.3634470533765184
1.3565881964583923
1.3560010468227008
1.3619031526065863
1.3604849482888972
1.3645548896694775
1.3686632006976236
1.3578948841469265
1.3570464709897452
1.3644892429720077
1.3307113487609215
1.3216946211337879
1.3196863103680831
1.2958499425677963
1.2939519824814139
1.2961793998898532
1.2961793998898532
1.295473893109769
1.2995940930876761
1.299586539978659
1.299080256846953
1.3019110541438557
1.2999742202126778
1.3129480449140951
1.2966418728555138
1.2923682192010724
1.2793751322010858
1.2795808368405992
1.270298667225197
1.2764677490848177
1.293892720217333
1.2970008548182734
1.2991996067733544
1.3054802348857215
1.3280085035283085
1.3277371429288594
1.325725970661247
1.3266212892111453
1.3290372445218281
1.3339324190877302
1.3542030498924111
1.3428279370346996
1.3416891927230814
1.3418119733089997
1.3393680424325511
1.3438082241500404
1.3454412893679384
1.3454412893679384
1.3451039752293898
1.3335615942375278
1.331612587931226
1.3515856887380935
1.3347844836358962
1.3387478260723995
1.3387842286742864
1.3256470458284642
1.325335163011402
1.3197422312647005
1.316951437017885
1.3161509128968207
1.3151058494458716
1.3176098954129385
1.3174118421808065
1.337713942427004
1.3275990666591848
1.3264648773135645
1.3247749304356524
1.3047280027370975
1.3117303615102411
1.3078087697227767
1.3109186445841186
1.3158445475363238
1.3106227257425052
1.2971554605030433
1.296848906077297
1.2915174360424209
1.3070962286543244
1.3057602511556932
1.3092895773603566
1.3088536470288008
1.3087621098547475
1.301472000840007
1.3052968725572722
1.3041553444295186
1.3005680148454135
1.2957278543744175
1.2936656175899004
1.3079610397649324
1.3023854059309632
1.3026862871465918
1.2889747542618124
1.2891071666162772
1.2894695357197046
1.2968988211264971
1.3055927021993927
1.305627372399575
1.3046819310906024
1.2879875386290833
1.2930608786322426
1.2934919015832724
1.2939457541305377
1.3038379019038766
1.3052264952282138
1.3037111329055722
1.3138631335037738
1.313721984548946
1.3165922572511628
1.3026063507874517
1.2942352948433096
1.291914805261574
1.286777642136806
1.2945801315748364
1.3092234474383815
1.3122143202699503
1.3126771319658683
1.3122028820621459
1.3099802448410383
1.313659018132096
1.3139094107747185
1.3190126583601989
1.3187490243836113
1.3228775283942
1.3145908643214426
1.310883531322416
1.3111953238867988
1.2957027736263198
1.3004710586421933
1.3050023892962879
1.3047532787192706
1.290825830402211
1.291508647632765
1.2851077444968433
1.2798244879763545
1.2833848545498598
1.2864203389637894
1.2980481032957243
1.3055242107064415
1.3068832719868417
1.3156345138838157
1.3116659417850416
1.3097489186100066
1.3076006425315043
1.3080532404955796
1.308027593077881
1.3147426035298297
1.3143468786065218
1.3292224740894947
1.3304567659738293
1.3290585790654503
1.331656105831922
1.3344871628969628
1.3291744256487412
1.3318438725133175
1.3319763416487698
1.3384688934829512
1.3433528401297714
1.3335236050670523
1.3335236050670523
1.329431010992848
1.3145380450655795
1.3109315273276467
1.3078076507548169
1.3030355535747298
1.2966541949856618
1.2912229857266853
1.2797303919462015
1.2797303919462015
1.2817514885098598
1.2810612491595148
1.2827931681421725
1.2874156517504896
1.2892903394611446
1.2888016958372261
1.2982910564584127
1.2980856228461788
1.2901927929732553
1.2901412710830498
1.2895918885132636
1.2895918885132636
1.2880465959048404
1.2803331403326574
1.284515148506733
1.2885086467580056
1.2630949536258582
1.2639083927812742
1.2616360757028442
1.2770419760815308
1.277427355010505
1.3072152709649116
1.3028266108657378
1.3028266108657378
1.3018900590773956
1.301113864670161
1.3090253873331261
1.3136620939326862
1.3402591487697597
1.3382683122155896
1.3448519293971521
1.3249642005973634
1.3249979921884047
1.331667093290602
1.3326303294559523
1.3303773615890166
1.3371269210917227
1.327611309883845
1.327611309883845
1.3422389859131125
1.338079171212513
1.3384352360575151
1.3300935823518325
1.333484881957486
1.3331110650442735
1.3402049376798748
1.3474972326441872
1.3427547330641496
1.3420805137300964
1.3405245536164794
1.3420079323795835
1.3481562570495176
1.3514563631487913
1.365672291450675
1.3544360217199827
1.3461166942976617
1.337521663504856
1.3335224495356628
1.3346837954271231
1.3312299910223748
1.3289987440039248
1.3307759348727282
1.3313516035328234
1.2960402668781696
1.295518861479088
1.2998225965044978
1.2946217731379983
1.3016293765960345
1.307875232852639
1.3088198313515151
1.30408609872724
1.298006542273102
1.297280568707311
1.2970042884409014
1.2898571035475381
1.2867384238227093
1.2890389714564046
1.2791463467787154
1.2805478727629824
1.2746674513606264
1.2451854952448016
1.2642769644478973
1.2674468053799988
1.2877282175373512
1.301002457886657
1.3137241585176926
1.3162519095930372
1.3184624532239082
1.3244411845906598
1.3129927082756272
1.3155279171015137
1.3241793273257814
1.330264881044521
1.3234049584303855
1.322323078346165
1.322225411524572
1.3218915691714825
1.3251653446567415
1.3394283922646488
1.3270949674162666
1.3039807967093917
1.3039807967093917
1.312414821516214
1.3088493158928531
1.3135166611981046
1.3135166611981046
1.3130166159282568
1.3226618885986106
1.3171274185354405
1.3307195796354085
1.3511995256569058
1.3458948251856258
1.323820868083096
1.3165477378847392
1.3016614443179797
1.2914931932185636
1.3084009075491785
1.3002547049673168
1.3065927458680908
1.3062028801886842
1.305858549700545
1.3063923691982446
1.30745626558735
1.30745626558735
1.3142818046612148
1.3234344507744777
1.3245289505588524
1.3189770471208275
1.3125271767519795
1.3169851046692815
1.3259941341415762
1.3260090420811725
1.3254598682122107
1.333849828234011
1.351917189272212
1.3509960513311836
1.3513114184514425
1.3530035351065153
1.352900765924908
1.3543106600566988
1.3621784932110785
1.3621544258278007
1.3629389548575388
1.3564712594225783
1.3873655297189098
1.3801606411482583
1.3707958588958409
1.3731149109366438
1.3708912300553728
1.3521481055086688
1.3545637532966934
1.3565698540531017
1.3564059117860683
1.3526008448538802
1.3416008119562073
1.3609317232850793
1.3669750852922755
1.371539279541824
1.371539279541824
1.3687789927441063
1.3650179220660363
1.3713558476769292
1.3594631169799445
1.3589416588851824
1.3579521524581404
1.351625497370612
1.351680103015851
1.3607582133421798
1.373976375032572
1.3548368651056777
1.3752629558148985
1.3674794709736358
1.356201379178267
1.3524260098224674
1.349833636012967
1.354445815748532
1.352582443860914
1.3512097258187228
1.370668912450372
1.3693337237536225
1.3797421902184956
1.3673162411455875
1.3378004033874382
1.3379764346436567
1.3369919273710735
1.3561618764950625
1.3602945653258054
1.3667182461815244
1.3667182461815244
1.3588924426544005
1.3578946602422661
1.3469928306290173
1.347193475781739
1.3492858784820698
1.348792686364482
1.3522077802967425
1.3467711960113908
1.3446727628491495
1.3380400674148183
1.3394206916264788
1.3351439840342472
1.3319210475266279
1.3293540835711646
1.3235110634067222
1.3167248981506592
1.300865386497223
1.301000032158935
1.2944171089965
1.2998183433576016
1.2983602431589996
1.3044714111268287
1.3082139352216247
1.3086225601459578
1.3086225601459578
1.304254661973214
1.304254661973214
1.3059766748140529
1.3043075634274215
1.3032419731836875
1.3375144873498142
1.3396358869096423
1.3308850368449119
1.3305730244991045
1.322669121076856
1.3432327377098634
1.3492613415159576
1.352369870819345
1.3670283174049809
1.3516203144011834
1.3627987307835268
1.3669237388437088
1.3741277267894896
1.3720327420275538
1.3684358884503232
1.3573909671652524
1.3801042300301505
1.3809454918773154
1.3770334963614863
1.3774390768998919
1.3774390768998919
1.3678370588134992
1.3703937479638637
1.3677903480090772
1.3677750493514214
1.3675850031652994
1.3675850031652994
1.3688926572642883
1.3993541232229576
1.3891410125838215
1.3920730593598687
1.3877813989516503
1.3900263689837815
1.390867914761236
1.3901442096290462
1.3814903611808211
1.3908539001300981
1.3963635929522409
1.3853682791305646
1.383352044867691
1.3862832915807257
1.39249485775729
1.4062306271368645
1.392571903009898
1.3968919406876572
1.3965478412966081
1.4063598133890567
1.4153915861338717
1.4152247669560025
1.4144080011630433
1.4147521275185444
1.410037616586764
1.4115240920971623
1.4024243117950588
1.400192412940589
1.4005822366063323
1.4093147080322268
1.412786540293019
1.4152133844273522
1.410212927560705
1.4047991124940846
1.425589300771893
1.4172238228362597
1.4276264010474446
1.4327634078945355
1.426006124872822
1.4196008119995573
1.4185917289870484
1.408517745538411
1.4116239190330206
1.3904875360827258
1.4236903924159479
1.422553921193452
1.4281173592672027
1.4294203387593645
1.427502000514842
1.4216023386074303
1.4113998168606685
1.4113998168606685
1.4116033823169876
1.4116033823169876
1.4171012067416608
1.426373768271408
1.4129506802442724
1.4040540158166854
1.4104179816388893
1.4110734741018385
1.4115797007831459
1.4172535181243338
1.4252244257430502
1.417848130987124
1.421183954482578
1.421183954482578
1.4242102507718877
1.4214011036446401
1.4252617096684435
1.4283886391983198
1.4271959806751848
1.4417762629789241
1.4515973673763727
1.452395797121865
1.4527174988885825
1.4524594711573657
1.4462850235024693
1.4427710090720696
1.4373250281321386
1.4345974009782707
1.4499181673587522
1.447022635364261
1.428377295218153
1.438040786299209
1.4403859369595273
1.438242445123841
1.424532744325458
1.4204449271901005
1.4345510642590538
1.4403070095797454
1.4118507373939742
1.4135532523441394
1.4088767177470298
1.4075952237663152
1.4074313894609172
1.4309784909062588
1.4101091393499559
1.408669524408941
1.4131256901134226
1.4223106705987916
1.413798457361903
1.413798457361903
1.414641733230464
1.433992054467474
1.447138005314581
1.442715286134968
1.4442474457149506
1.4366205004800954
1.4301028049760742
1.4230897165333818
1.42183557233363
1.40512634233748
1.4191216480040656
1.4241754802934703
1.4326786284935542
1.41788098805751
1.4163882666688457
1.4067138808304662
1.4072847879849535
1.4036585228422662
1.4046577620133571
1.4004095505859995
1.397313855372662
1.398471724643803
1.3893731267919072
1.3887535463658527
1.3896655989501647
1.3896655989501647
1.394043870680325
1.403762598326497
1.4066916015369668
1.4124609909273362
1.4161066148362214
1.4159579413845418
1.4142154414131687
1.4132424812822049
1.404096189085496
1.406955526287469
1.4002792681810134
1.402568937035576
1.3842027116084012
1.387748592324126
1.3796342614765509
1.3932778422471774
1.415728214904363
1.41217386585244
1.410082229635526
1.4095644703219428
1.4284229638788732
1.4263439922521428
1.4241778946147168
1.4100246885845973
1.4118472871770462
1.4211022546888745
1.437495117602631
1.4209590543859576
1.4241414965352404
1.4420160063558063
1.4407932008402444
1.4410724536529602
1.4408389796098142
1.4295019691937478
1.4295019691937478
1.4459230502351774
1.4538780635311166
1.4328358876458356
1.4383631595023882
1.4413904359566179
1.4351800138113284
1.4416973077235857
1.4287814407243389
1.4304599463119887
1.424982313184319
1.4274439274009354
1.4264020899333174
1.4316477960751317
1.425724110406798
1.4263374014799248
1.422519768368768
1.4232334296165892
1.4257437308833283
1.4233961221936577
1.4253840585774304
1.4294626559053276
1.428499408650331
1.4172466587577777
1.4147887661945429
1.4338201143872824
1.4400702357863435
1.4346545133577127
1.4213114167188656
1.4148076164972474
1.4146261137385792
1.4167263766504128
1.4153152392097412
1.4110253785586433
1.4134347944174694
1.4032588829801582
1.3783683056336191
1.3852705246073442
1.3987764128749067
1.3758603662664235
1.3794794001127464
1.3664332355489528
1.3667997480350778
1.366162197499776
1.3660670896265652
1.3629349734267286
1.3773624084056875
1.3885052181320563
1.3947533373583536
1.388389938945546
1.3953477576910447
1.3954502552919796
1.4003150530723132
1.416408427219001
1.416408427219001
1.4040660883779714
1.4077856756235672
1.4077856756235672
1.408515137093367
1.398017860311386
1.3992077164122965
1.3992077164122965
1.4007541133883354
1.3947697070598533
1.4055131927746303
1.3838435496248613
1.3821711534753534
1.3911967762220614
1.4020807662488646
1.4007368064967518
1.4011731136423102
1.4008417837636673
1.4074710581195353
1.4074710581195353
1.3931899764051294
1.385086403851805
1.3757124639405076
1.3750549145278608
1.372053004208814
1.3749304449607216
1.3735090882370136
1.36957412504274
1.36957412504274
1.3661369425291803
1.3738310143065007
1.3688931881455377
1.3731197805458226
1.381501403199893
1.3749443238835621
1.3672266289746593
1.3601322796942519
1.353206652500541
1.3392575720627435
1.3347926792419345
1.3349281488361808
1.336936416704547
1.3386974632582103
1.3577969472297113
1.3578229391692522
1.3609125775556883
1.360532158394258
1.3699739865957767
1.3754222527084363
1.3754222527084363
1.3629979838498922
1.364462060546011
1.3644332468130045
1.3625906586678822
1.3607438709185122
1.3647819655454867
1.3631339718398832
1.3613223721537402
1.3609814644316054
1.36116464503914
1.3600196507112827
1.3854124056051345
1.4032604921577303
1.4072071624226237
1.3954245426895127
1.4005664527378292
1.400268939547281
1.391490143983225
1.3903813823287268
1.4117671174266537
1.4172810060399266
1.440104108558052
1.4359048952108842
1.4405984620852446
1.4472253508486295
1.4374101116040034
1.4374101116040034
1.4351451705418068
1.4388939424619953
1.4370404396841496
1.4373475476198523
1.4383916960893723
1.4355546671877488
1.4394618350419228
1.4323879532303063
1.423738600701333
1.422481031001457
1.4291517948722525
1.432991280652825
1.435794280436769
1.4350827657116558
1.4287531980826556
1.4221039704095524
1.419124029636477
1.4194398275355138
1.420684670650205
1.4220173758251617
1.4218964573837507
1.4225525063662336
1.4084245863400058
1.4109632739539957
1.415645606571999
1.4392674736136544
1.4405272332237387
1.4376157619507999
1.4311758787480513
1.4175307479892452
1.429262350534146
1.4234142356800352
1.4279587186031923
1.4486071307076793
1.4485629547434695
1.451151921298661
1.450915566290702
1.4515115419292999
1.440996214700453
1.438231940191422
1.436747481427542
1.435228079967167
1.4271135075756236
1.4282393585971118
1.404743085755441
1.4033493975684985
1.4037568279972255
1.404436419228711
1.3978296466103404
1.4025361681873345
1.4107924040646747
1.4146956043397179
1.3984414864926418
1.3973215922908575
1.3987593149125739
1.4005657659556545
1.3967363461699593
1.3939117761776023
1.3946026547343213
1.3900012424619428
1.3879561557984725
1.37884932204972
1.3804484652290638
1.378032203310389
1.3745845712583933
1.3897476981846115
1.4001819990704774
1.4025048748855145
1.4008580698304425
1.4016597309690204
1.4043382463611689
1.4000000917690596
1.3733103559222457
1.3739853724451097
1.373640634543015
1.372841560338212
1.3712269680174147
1.3712269680174147
1.3712269680174147
1.3749625853990364
1.3775605699999576
1.3807639635828226
1.380046745801687
1.3893151498584275
1.393182614735389
1.4024603807412355
1.4005330979044683
1.3992522232863
1.4001874064448707
1.3989323853435083
1.3989323853435083
1.3989323853435083
1.4109425200869996
1.4125997867333429
1.407328637087906
1.4060692579100444
1.4107839905919126
1.4076652071766498
1.4232621694748486
1.4235283648341173
1.4227309124452892
1.4232080984171
1.419152753435718
1.4132209570721932
1.4166588721139466
1.4226946667164992
1.421475054148195
1.4244295117741863
1.4105496908160182
1.4146523400956057
1.4149364560505686
1.4132592026602095
1.4098904700762964
1.4034480382852412
1.391068064284846
1.3747735078426424
1.3742780810758188
1.3769710361484764
1.3897580094360813
1.415867901798769
1.4280766897744117
1.422015089837349
1.4219093453668825
1.4172663082666455
1.4145925850393395
1.4386791749236272
1.4394652167406954
1.426972991772432
1.4134719753301983
1.413719011573456
1.4095431726949812
1.4097547013307563
1.419136009880912
1.4233161512831658
1.41727768853425
1.422036624326838
1.431556077397967
1.4276667684980333
1.4205956197690335
1.419397257230889
1.423923320032095
1.4304956004391285
1.4286656199682126
1.4307167417913114
1.4328195349972568
1.4235547318635466
1.4296575809438723
1.4253192220863002
1.4241334664917336
1.4243169109424707
1.4160878479669887
1.4160878479669887
1.4349740662292485
1.418650404529365
1.4226362009802338
1.419528942724341
1.419528942724341
1.4271675253294336
1.4272827029537327
1.42290810914881
1.4191904015618542
1.4193137138622514
1.402095125628348
1.4007644839784184
1.4004542856048954
1.4184151639985625
1.4088987947934561
1.4078614492243327
1.4046943466751396
1.3765609878550693
1.3765609878550693
1.3772065704621481
1.3768900165987683
1.3810196189610746
1.372710970760324
1.372710970760324
1.358791133757205
1.3648668686811642
1.3648668686811642
1.365396514835984
1.360687998403107
1.3530784882318603
1.3778800949415442
1.3952610521465456
1.3655175788982525
1.3562238386001642
1.3523077133966475
1.3523077133966475
1.3384707728217276
1.3405053297208844
1.3395681218195226
1.341601548199636
1.3375472953275513
1.3370606254009587
1.3379781522623937
1.3373573605838245
1.3254546927917146
1.306999958850252
1.306999958850252
1.2934409369312128
1.2908766808948624
1.289992938738707
1.289992938738707
1.281427894486289
1.2772214298725038
1.2695171216342802
1.2695171216342802
1.2699705266963421
1.2577917989930092
1.2594597716817848
1.2607560127825106
1.2607560127825106
1.2477504922500868
1.2354600321015516
1.2339342863177147
1.207577018287256
1.2032302824254395
1.2024080534474348
1.1828714374805638
1.1838370779583476
1.1752651845904785
1.1751609671360619
1.1805384324407773
1.1792359666305507
1.1820969235088925
1.190843957687218
1.2018344341136622
1.2012845815974664
1.2012845815974664
1.204215360271328
1.2018840141066391
1.219480927162255
1.231671694567869
1.2349010453556983
1.2342005252214472
1.245197079666943
1.240843302635217
1.2386860119516823
1.2386860119516823
1.2578224540389757
1.2700045421249295
1.270564560212559
1.270564560212559
1.2701889848860062
1.272567302261691
1.2656484901057548
1.2660939140731042
1.2695772246895909
1.26951051034847
1.2688717833305752
1.2752907951382777
1.2766673072036847
1.2766673072036847
1.281215933326434
1.2762742257785065
1.290128515774891
1.2904750650707804
1.2891548689406447
1.2914268821819737
1.3017297585314014
1.3031662848534533
1.3258492058402782
1.3258492058402782
1.3241481279547282
1.3254415402864104
1.317433688271634
1.3132761622676463
1.315592355348384
1.327501416624711
1.3269668475649736
1.3221192146341116
1.3214028088632521
1.3101277361960206
1.3160418706551027
1.317048712038536
1.314788831723957
1.3054422615564365
1.2947024041345396
1.2947024041345396
1.30023310606599
1.3052581433725732
1.3173847632815752
1.3119949580979557
1.3119949580979557
1.3092169904411373
1.3092169904411373
1.3139230243624584
1.3051919536060013
1.296764319772991
1.2981189996465567
1.3016127123003762
1.3054831275480825
1.306341020317633
1.3260070350750257
1.3283780678445023
1.3283780678445023
1.3298224906711462
1.3304996846616535
1.327407685894216
1.3397861033525817
1.336532224991071
1.32850588056955
1.3313396153330732
1.3203856903369815
1.3219314297385854
1.3145069690691362
1.3081631583996984
1.3132802881426235
1.313511808364537
1.3143925243784549
1.3093045675511432
1.3117048223738415
1.2942275527567448
1.2904768420332644
1.2904768420332644
1.2904768420332644
1.2926079850107324
1.2930686805601017
1.2921967358069537
1.2931561378443772
1.2852772902342677
1.2810061403722928
1.2940395075020357
1.3033614556720092
1.3027091041451688
1.3036403894886472
1.3037669785192283
1.296284917636093
1.292082385084876
1.2925543467764218
1.2901864745375413
1.2842615241119277
1.3141093926208747
1.311651884344602
1.2888051678915537
1.2876406296173633
1.2749339110947933
1.274458199759582
1.2738581358527186
1.2749829677877578
1.2787660717272606
1.2701480631791504
1.2696678366757874
1.275249177288017
1.2641705846449574
1.2689452388788731
1.2770651290532773
1.277335082204789
1.2834514482255814
1.281560060111542
1.2848424264653608
1.2815290949831695
1.2815290949831695
1.2852037090625916
1.283852479965285
1.283852479965285
1.285332439678849
1.2902142282166642
1.2990551173328255
1.300943964044249
1.3007416309376785
1.267297177983442
1.2564553382922805
1.263252379733743
1.2693635710945368
1.253180439989064
1.2537460986642484
1.2537460986642484
1.2503775613857402
1.251975267446808
1.2458401208486778
1.2590823915723182
1.26167913670044
1.2598273272614722
1.2670005484759124
1.2842744173850686
1.2831953244579937
1.2820223508372073
1.270811287546471
1.2700913649498327
1.260004286769872
1.2621001553330573
1.265083669010362
1.265083669010362
1.265083669010362
1.2645028218200351
1.270576179256552
1.2702103532475355
1.2634985219167802
1.251286790557985
1.251286790557985
1.24548922471887
1.2238509081161488
1.2233508292320578
1.2249719078278583
1.2242584893573227
1.2242584893573227
1.2278198011430401
1.229744868901019
1.2208227926545243
1.229313408340054
1.2328823123605908
1.205735562103833
1.2028702429076001
1.2016560834355203
1.2064749785954159
1.2029320450646839
1.2029320450646839
1.202784389498316
1.202137525471415
1.2040635888371871
1.2045896437830286
1.2102951318651765
1.208929934691601
1.2120557030822536
1.2098258690414003
1.2095619877190498
1.2092499393766762
1.197241702777491
1.20128539611298
1.2020276315559772
1.2056490611342023
1.2019770558568303
1.2037780804042664
1.2124900775820278
1.2061961003687465
1.2026154832147264
1.2026154832147264
1.204687712356712
1.1874836728216283
1.1880325386666937
1.1878365872296508
1.1869778957864268
1.1896974187318408
1.1966363032941312
1.2046935759358064
1.2005707390267542
1.1975094551587988
1.1944534227526398
1.1762774891339847
1.1796216229067016
1.1778358951135233
1.1884353050045013
1.167166339111195
1.168261257149161
1.1690239965976874
1.1704576997542937
1.1913923007434348
1.2047017106314688
1.2011414565058918
1.2004192888115195
1.2096524861373277
1.19993540609262
1.2245248480569353
1.2226144895471471
1.2226144895471471
1.2227534995291562
1.2253636531475682
1.2253636531475682
1.2153190505648925
1.2187247145828222
1.214818992934285
1.2209407294674208
1.2170854302668224
1.210515774532818
1.209966722537041
1.2099647002879461
1.213187370992509
1.2199998929155944
1.2313247391439608
1.2313247391439608
1.228770158913514
1.2218481104378514
1.205954102018623
1.197726402087559
1.1903673011766622
1.1984375529452311
1.1908200888179392
1.1952277520069503
1.1944024360146548
1.1708618004254259
1.1497372707192979
1.1528988912334293
1.1561845136557658
1.162626921208118
1.167205073716978
1.1665040275032674
1.1664001340995953
1.1623591309035113
1.162031629783849
1.1628448278923547
1.1473271179152968
1.1122389649554234
1.1116195970469118
1.0911912986760732
1.0896293830259347
1.0990273205842351
1.1012333348249026
1.1101586800934895
1.0992851401936166
1.086743873930945
1.0876036396145576
1.0758462397771238
1.0803423886108185
1.0817631842483293
1.090748145438784
1.090748145438784
1.1078939445038531
1.1102540091424808
1.088714405286204
1.0762516287488155
1.0617920495552131
1.0822844230090458
1.0955152530907373
1.0955152530907373
1.092747249722853
1.0947808878036334
1.0907863445903896
1.0883497105446176
1.0859302683035277
1.077412267250379
1.077412267250379
1.0777461779208946
1.0773018048333012
1.0785959391882256
1.0781186951671278
1.0781154010721161
1.0816519846127373
1.0869678509345335
1.0866125499458328
1.088345132030312
1.088345132030312
1.0763389557014442
1.0900097827539827
1.09122883429516
1.0914247549332552
1.0865770585921437
1.0848703348219657
1.085031038185808
1.0856377289223247
1.0856377289223247
1.0856848725013757
1.0894065885699609
1.0800517123103193
1.0847874072634522
1.0848438629624855
1.0890879436178829
1.0969742178410347
1.0959035499420449
1.0995121702940076
1.0937951833513548
1.088117137619825
1.0839017103931405
1.0837729312983817
1.0899181040924597
1.089942719517343
1.0918007080078083
1.0920525054847876
1.095842539043053
1.084498897170218
1.0809420935542353
1.0816616442610454
1.087698368092054
1.0901248144075069
1.099408148214473
1.1053416917209962
1.1057111540383096
1.1148842458569965
1.0946804324996569
1.097840186053574
1.0968035492034973
1.0941784393286045
1.0969889328733164
1.0979393008466958
1.1065523530938783
1.1203289847212765
1.1203289847212765
1.1181923927625324
1.1204477878118262
1.1143557213615995
1.1143778753047329
1.1147303771175712
1.1209389238536887
1.0992110238915376
1.087418778573045
1.088253308100482
1.088253308100482
1.097186721571805
1.096429612167444
1.1226442666097474
1.110414396443152
1.1179959143868594
1.1113888243645675
1.110903533566913
1.1012807468834813
1.1010585011098633
1.0932149165561167
1.0890728742122326
1.0908481211819978
1.0794331650904767
1.0794331650904767
1.0875047877638717
1.0870093647269998
1.0647908297887683
1.0594754618641626
1.0692397702579626
1.0631979630712973
1.0598870339417634
1.0532978374239204
1.0532978374239204
1.0708350422223494
1.0708350422223494
1.0641312310211077
1.0692636809878775
1.0766124713284546
1.074674864175329
1.0876604836667336
1.084187216813209
1.0847552078138385
1.094298038005877
1.0895645097949833
1.082242335125128
1.0801550391397858
1.0754497789014745
1.0748901806699929
1.08234230795119
1.0898977839300372
1.0760503418685776
1.0728086779785218
1.0739565934310533
1.0793897102803143
1.077941257079479
1.0738583557893229
1.0592313428861864
1.0592313428861864
1.059863718313844
1.0675447954794897
1.0650915783294657
1.0579769641526113
1.0567609176806525
1.0515572821265196
1.0465193557540895
1.0517627912314538
1.0489504985514626
1.0627820378272528
1.0627820378272528
1.0452180917830203
1.0560173709402936
1.0560173709402936
1.0668368001535742
1.0679477764953944
1.0681283145356955
1.0707927962020622
1.0629170175070919
1.0276787186264842
1.0293208136062724
1.0335320918334139
1.0335320918334139
1.0337158123444987
1.03416514546766
1.0177851060921783
1.018808872486722
1.0196675705512617
1.0202423867689283
1.0218484645511434
1.0218484645511434
1.009245466476578
1.028704992768162
1.0214227222692633
1.022049685273288
1.0261724506664407
1.0175619709460935
1.0162095249759
1.0174612678827326
1.0213792777206452
1.009449933119628
1.0126219367309977
1.0126219367309977
1.0074686264622832
1.0074686264622832
1.0072050979297167
1.0066830317445927
1.023911060847634
1.023911060847634
1.023911060847634
1.023911060847634
1.0047627525145457
1.0047627525145457
1.0087599120258282
1.0072423441818883
1.010670512525307
1.010653463641635
1.0111590039716387
1.0111590039716387
1.0071268238172018
1.0144829250371534
1.0176793046830577
1.012325489907863
1.0093244745752967
1.0134546399786764
0.989693284441945
1.0027707644532415
1.0027707644532415
1.0082459754636792
1.011792656087834
1.0248047036873238
1.0258992782623135
1.0247565483338832
1.0247565483338832
1.0267267470313168
1.0265166172009463
1.0233913288583458
1.0346454540404275
1.0346454540404275
1.0346454540404275
1.0466329993028736
1.047390436149759
1.047516907256723
1.0431022937960255
1.041663970775388
1.0398282527274143
1.0479235072465192
1.0421826134082803
1.0442485993897435
1.0442485993897435
1.0385518529463413
1.038593133658094
1.038366761484342
1.0351206726866358
1.0306675098069282
1.0302029549165417
1.0306123924044923
1.036591306645627
1.0382072243114395
1.029519711858416
1.025489396121518
1.0255711313410723
1.0157789968101394
1.0123464470422734
1.0131434436220352
1.0153373609575236
1.0174395525116722
1.021293242070996
1.0118176709021591
1.004485188849986
1.004485188849986
1.0058653413439915
1.0025795908898247
1.0015458759274627
1.00094418335877
1.0161003360478182
1.0147436084344306
1.0186172489010714
1.0304624092519803
1.0304706697248385
1.027878045067482
1.0327599608326705
1.040183145525805
1.05070520855002
1.0502782460974063
1.0416538785108855
1.0423079999951574
1.036841512836771
1.041574110017588
1.03647360022413
1.03842570068378
1.0346676628685054
1.0286664514850963
1.0411587887433977
1.025607912288815
1.0235703385188897
1.0140848327096825
1.0161825931624677
1.0107426328094886
1.0108009517629808
1.0110190037764046
0.9891888458742731
0.9891888458742731
1.0072564221884646
1.0023548480983628
1.0030356297865815
0.9987509544243472
0.9987509544243472
0.9980314725417118
0.9986829223455432
1.004573536284367
1.0038148107654643
1.003988411081769
1.0323584694174945
1.032104006191003
1.032104006191003
1.0209904168753892
1.0157466505569053
1.0119698239583366
0.9827795433150472
0.9847791548844747
0.9895381153641021
0.9761589149690029
0.9761589149690029
0.9754993118706285
0.9778431732618793
0.972835106452341
0.9747394343066219
0.9754643918243662
0.9727495778764086
0.9884855370321066
0.9871793487466202
0.9842665968365188
0.9842665968365188
0.9842665968365188
0.983144379139853
0.9781754268093447
0.982058936047895
0.9823846072505392
0.9853105327806208
0.981859739668044
0.9843175384997447
0.9703079760235602
0.9917532965757392
0.9841437069330355
0.9814437892954905
0.9814437892954905
0.9769567696263871
0.9841380589014502
0.9841380589014502
0.9829155231711432
0.9829155231711432
0.9829155231711432
0.9790801519946424
0.9861214806535444
0.9897728356539981
0.9996028058133907
0.9876839149959455
0.9869728395920286
0.9869420265358794
0.987476554278282
0.9941695016955571
0.9941892019017432
0.9897472644989909
0.9865369576211175
0.9865369576211175
0.9848373110634152
0.9894565521441119
0.9836884512245505
0.9917173811368436
0.9776469171454301
0.975021310122683
0.975021310122683
0.9762238580635605
0.9778433496851079
0.9785455112512542
0.9829374822424832
0.9823941494331455
0.9778072880687171
0.9779216617406669
0.9779216617406669
0.978120544064185
0.9889153233764565
0.969626789699419
0.969626789699419
0.982381676982094
0.9810805297611171
0.9594870168715138
0.9775005556030677
0.9775005556030677
0.9666511633628859
0.9666516785257944
0.9650764620512767
0.968703057884912
0.9828740642684076
0.9731717785823213
0.9775263574442261
0.9775263574442261
0.9775263574442261
0.9775263574442261
0.9779473548665555
0.9658664244711941
0.9739668548148084
0.9857454190153061
0.9766666366739876
0.9766666366739876
0.9765674771082314
0.9720118698209727
0.9720118698209727
0.97307049021635
0.97307049021635
0.9700934207862904
0.9780671505128725
0.9792554679856831
0.9694468586634787
0.9768426227180961
0.9547421651481628
0.9607283476606846
0.9597808397658696
0.9580536542597645
0.9519635265693934
0.9511335603993593
0.9511335603993593
0.9513549996856904
0.9463295765956709
0.9391299342245726
0.9381346176698299
0.9380793191532816
0.9380793191532816
0.9380793191532816
0.9380793191532816
0.9505973602833625
0.964957000881747
0.9713334729904706
0.963718635238182
0.9473919592240756
0.9491877807824683
0.9449560489893454
0.9425381713638985
0.9441188547549028
0.9454465129670444
0.9504648785468447
0.9503912372283234
0.9502579765185483
0.9498054559319579
0.9480778057921578
0.948246035598758
0.954752346692648
0.9512752759967711
0.9433910445722956
0.9420792159722134
0.9385530161376286
0.9396958565802359
0.9365596055528559
0.9377369195548788
0.9257841385809503
0.9301655158908336
0.9301655158908336
0.930139785275075
0.9299192969457823
0.9434237692082222
0.9552641588484594
0.9563703814387905
0.9624834102710011
0.9624834102710011
0.9624546553843452
0.961221808178418
0.9641552496813058
0.966861137738425
0.9737005700429021
0.9736176087547704
0.9736176087547704
0.9718735550082063
0.9431186095036497
0.9431186095036497
0.9350566025628689
0.9350566025628689
0.9350566025628689
0.9350566025628689
0.9499663818589356
0.9290024922789296
0.922864637240041
0.922864637240041
0.9147173879880001
0.8989504240242654
0.8992240252459338
0.8992443109340473
0.8989624784598694
0.8878298094719583
0.8878298094719583
0.8767346867929123
0.8755591840425175
0.8735316596437146
0.8468939771561662
0.8326626187500368
0.8343700371044112
0.8345958411298311
0.8376925739779505
0.8578200681576813
0.8443228416500602
0.8606687677569081
0.8578502645379393
0.8578545996180001
0.8578545996180001
0.8493075560387426
0.8404900087665643
0.8399464298671285
0.8554322197340926
0.8513615790092829
0.8478428102811096
0.8555394249628335
0.8560365836038641
0.8560365836038641
0.8541670562956731
0.8580285069858049
0.8580298624426187
0.8580298624426187
0.8578466777948747
0.8566905510523081
0.868573438054912
0.8747314857217999
0.8797750497982086
0.8943983475706966
0.8928603930309759
0.8953487424787916
0.8871030585820646
0.8873064734836446
0.8903472140101686
0.8938725228432656
0.8908971275357993
0.8880276918286553
0.8880276918286553
0.8880276918286553
0.8892163604598039
0.8833886992407938
0.8859779352649337
0.8859779352649337
0.8858487883008744
0.8858487883008744
0.8858487883008744
0.8854812601948
0.8820316524521777
0.8855739217484702
0.8865697464871086
0.8636378963134205
0.8640851611832668
0.8643227237305624
0.8643227237305624
0.8642104926683357
0.8671412056124689
0.8671412056124689
0.8683859468320381
0.8476005465854421
0.8482627736818068
0.8482627736818068
0.8482627736818068
0.8489696940356802
0.8512552985727272
0.8512552985727272
0.8536888183580467
0.8689715330592562
0.8638863145287834
0.8641469550017846
0.8744207937987207
0.8855438338075824
0.8832300354940844
0.8832524499500597
0.8824301582825079
0.8729724767813971
0.8630980353670503
0.8630980353670503
0.8603456690160873
0.864181864483571
0.8660934096155467
0.867051749921028
0.8684538074533522
0.8671493049200243
0.8671493049200243
0.8671493049200243
0.8613980215903375
0.8676017947961456
0.8676017947961456
0.8543102537455273
0.8478029203342737
0.8509720526758783
0.8487042717327861
0.8359703886958169
0.8359703886958169
0.817042287303752
0.822833206846296
0.8089891913073817
0.8068973217405013
0.8005835196049017
0.8005835196049017
0.7955161085231169
0.7952116948108731
0.7913812299147994
0.7859671864189282
0.7858196188876205
0.77299311588137
0.7764297821115957
0.7683144176716363
0.7544706295230303
0.7662323746331452
0.7480169767327095
0.736033202560788
0.736033202560788
0.7361240153235663
0.7387101030284641
0.7390089635783321
0.7387252018262414
0.7387252018262414
0.7382217627818696
0.7365264511309345
0.7376202268800961
0.7364506227023458
0.7339023867703185
0.72988451686613
0.7370469014546374
0.7368015422436386
0.7317402360863213
0.7208959918680373
0.7243322219282636
0.7283117657498482
0.7354305725232005
0.7354305725232005
0.7354305725232005
0.73316007455673
0.7310370919207113
0.7311180632956951
0.7310269405136735
0.7235139497031263
0.7235139497031263
0.7391136147160418
0.7388791636929766
0.7388791636929766
0.7295970808467719
0.7246077537686056
0.7184617179499213
0.7243916117302384
0.7242210609609419
0.7321889690883193
0.7461634945563294
0.7461634945563294
0.7461634945563294
0.7263994434577574
0.7263994434577574
0.7263994434577574
0.7225257216585863
0.7257499624229262
0.7313245297552998
0.7324734660353988
0.7241273837608315
0.7241273837608315
0.7172660781771676
0.7163571771095409
0.7163571771095409
0.7187499158041575
0.7043762326285405
0.7043762326285405
0.7043762326285405
0.7043762326285405
0.7055291414838549
0.7055291414838549
0.7116711258073309
0.7183557091498325
0.7183557091498325
0.7143656182554187
0.7150628899261217
0.7150628899261217
0.7124291203078852
0.7101116920972942
0.714712457392046
0.7151373252321606
0.7199482502283838
0.7137946642303815
0.7086246810142978
0.7118304671759821
0.6981103077534168
0.6969145199644025
0.6969145199644025
0.694280768585141
0.6840203705394267
0.6838929001104116
0.6838929001104116
0.6838929001104116
0.6841604238262783
0.6856577722316217
0.7009432364568277
0.6872133725110118
0.6872133725110118
0.6882729386937942
0.6818336849112367
0.6656591632313192
0.6689053808124927
0.6689935723524817
0.6689935723524817
0.668770945001101
0.668770945001101
0.668770945001101
0.662464868005873
0.6596968162018064
0.6847015719925568
0.6811583179502142
0.681632418342695
0.681957679817648
0.6819023891699623
0.6829907893547261
0.6829907893547261
0.6875979631246296
0.6875979631246296
0.6904883171875743
0.6860967351179753
0.6991689092034745
0.6948134047227303
0.69199568263782
0.69199568263782
0.6920036536251506
0.6881742687579256
0.6879359465212084
0.6885099271701783
0.6950377419434413
0.6987250122140861
0.6963253496062964
0.7016178222010534
0.6964986638310697
0.6964986638310697
0.6970649620299202
0.6965128207248344
0.6909419789003228
0.6978182168369539
0.6978182168369539
0.6978182168369539
0.6977702701246921
0.6977702701246921
0.6948000144173849
0.6813097665889084
0.6833304866012393
0.6837372184260007
0.6830295101919226
0.6876956066331673
0.6939264769863253
0.6939264769863253
0.6939264769863253
0.6894226983400572
0.6910691464362807
0.6879503022292844
0.7075394646838157
0.7075394646838157
0.7075351781556166
0.7099634937263455
0.7261475718811835
0.726897040582597
0.726897040582597
0.729832820153354
0.7379416383138828
0.7387604944587769
0.7383587092054257
0.7383281513481081
0.7447295972052335
0.7521510222450576
0.752099936182771
0.7333550355125916
0.7333550355125916
0.7208579654809113
0.7208579654809113
0.7257341471904845
0.7378460390210305
0.7378460390210305
0.7416385639958732
0.7356111018983359
0.7435610394054651
0.7431719646883302
0.7431719646883302
0.7335899403178767
0.7196982496412654
0.7196982496412654
0.7195832047273089
0.7202407626082025
0.7183038217556281
0.7079348358362944
0.7031516053916648
0.7038943341731551
0.7038943341731551
0.6830788340197027
0.6797000152996984
0.675259237022867
0.675259237022867
0.675259237022867
0.6704317813292668
0.6704317813292668
0.6788664935067285
0.6788090970138643
0.6826802290084574
0.6795798173879519
0.6795610638082509
0.6805620751393238
0.6561371584098842
0.6612667133858361
0.6555677936422909
0.6441593877489525
0.6484517684706526
0.6502005909987365
0.6475870587050937
0.6480457103193403
0.6472318153362437
0.6472318153362437
0.6472318153362437
0.6468129286590153
0.6425916329656575
0.6429605714909071
0.6429605714909071
0.646316458905906
0.653585671264095
0.6537098478994222
0.6589579426323415
0.6597820556486443
0.6589220720117097
0.6634255825630198
0.6634255825630198
0.6634255825630198
0.6550043302375169
0.6550964793797869
0.6558483062444986
0.6580867022770752
0.6586791339231285
0.6609041738411027
0.6609041738411027
0.6578962246975263
0.6477449387397501
0.6512157666268374
0.6512157666268374
0.6512157666268374
0.6518971326696901
0.6506325647890931
0.6510540247896817
0.6553992108301664
0.6553715201297943
0.6509715833414396
0.6569254129904131
0.6577816068936144
0.6623795232638012
0.6619878888008289
0.6640380233885034
0.6652456796379552
0.6767287611570609
0.6757655562710692
0.675321893767757
0.6874009703935988
0.6874009703935988
0.6874009703935988
0.6825682182881064
0.6819644754975474
0.6798103402819415
0.6797352196790304
0.7008542310858087
0.6878936499344572
0.6875417123408742
0.6960701312202491
0.6944166599986329
0.7013457485026785
0.6882248615813373
0.7003090437592477
0.718190184971545
0.718190184971545
0.723541611107031
0.7077047809890975
0.7082122202555348
0.7190130781104981
0.7201297653880832
0.7093409923930575
0.7128959554558223
0.7216926114985971
0.7216926114985971
0.7152782616980802
0.713784466851608
0.7186348688911817
0.7186348688911817
0.7151507318463157
0.7381190199694941
0.7381190199694941
0.7381190199694941
0.7224899560855462
0.7173474629778586
0.7162173709670063
0.7156744281695749
0.7132645492960448
0.7012796197108382
0.7029727557347147
0.7029727557347147
0.7025746580299767
0.6946469317281926
0.6946469317281926
0.6969618984752691
0.6969618984752691
0.6923386572022762
0.681595643688155
0.6830416194433511
0.6843853516427102
0.6850276752881722
0.6623540648681823
0.6623540648681823
0.6579294810653795
0.6550917080708846
0.6587352845222156
0.6626593601542411
0.6616578076204302
0.6670408278620794
0.6670408278620794
0.6670408278620794
0.6536881873730442
0.6486653809833646
0.6508467378681017
0.6541762095578629
0.6536509196837096
0.66969008080492
0.66969008080492
0.66969008080492
0.6617118716339205
0.6617118716339205
0.6617118716339205
0.6627450179090433
0.6403093635102435
0.6408145908121667
0.6370911346217536
0.6357022423752039
0.6357022423752039
0.635097185914867
0.6345712362271393
0.6384919592460095
0.6386889840120975
0.6386889840120975
0.6366654224008792
0.6236100216049432
0.6236100216049432
0.6276057201972701
0.6351550746512566
0.6277378373732415
0.6347064325264338
0.6305836562374404
0.6246052231111816
0.6246052231111816
0.6236022879114037
0.6232645204993625
0.6008314297707352
0.5989251061939176
0.6023736271515472
0.5984671746338489
0.5979495777709551
0.597823684020639
0.597823684020639
0.5969392886715345
0.6055805034213004
0.6171642586073146
0.610558890110646
0.610558890110646
0.6040120905239154
0.6050125855573406
0.6048216727381103
0.5944989803463872
0.5807029324725538
0.5858622410316213
0.5788496839409082
0.5788496839409082
0.5788496839409082
0.5581551491675991
0.5581551491675991
0.5581551491675991
0.5581551491675991
0.5603072409608847
0.5603072409608847
0.5702132234343066
0.5578509135843767
0.5578509135843767
0.5562716862955105
0.5554968537606206
0.5571308213237961
0.5595087175446681
0.5595087175446681
0.5555719014768851
0.5555719014768851
0.5528311432417455
0.5423854763478277
0.5442858001839008
0.5347221429661712
0.5351392321775474
0.5331357090695833
0.532524966980588
0.528005889875396
0.5274351325194198
0.5264569464260318
0.5276247598907204
0.5276247598907204
0.5286053429638969
0.5178356615666031
0.5203205021976351
0.5167705393715356
0.5169324601769515
0.5122358481153517
0.5104876704298239
0.5023848578195748
0.5206929566573886
0.5213881250906511
0.5209601776137125
0.513057245510361
0.5132280631097731
0.513415918986009
0.513415918986009
0.5111447074728523
0.5111447074728523
0.5116179651132351
0.5116179651132351
0.5070008652643668
0.5070008652643668
0.5150626022343371
0.5148400090064273
0.5148400090064273
0.5195807405659105
0.5192418783994419
0.5193999302052811
0.5191368027728926
0.5372621417982092
0.5385636627821558
0.5279361728475676
0.5350390973964512
0.534952629489902
0.5342412956813688
0.5290568042766899
0.5290568042766899
0.5342436145783148
0.5314881193323879
0.5207758352859021
0.5292237353857061
0.5368081135393944
0.5376410866898543
0.5299074735598303
0.5292146578283533
0.5257173172784281
0.5257173172784281
0.5223035424746839
0.5293650007194022
0.5251395907069215
0.5210254998788015
0.5241653660930431
0.5241653660930431
0.5241653660930431
0.5212929303326379
0.5216206933646187
0.5156404305876331
0.5137361302419649
0.5137361302419649
0.5102713014601016
0.5102713014601016
0.510519375138867
0.510519375138867
0.5105337139311807
0.5174861812800068
0.5178924460285772
0.5176804132240735
0.517561586392389
0.516169223514923
0.5185346020429503
0.5185346020429503
0.507938043296994
0.5030216163485215
0.5033473066031536
0.5009828591121784
0.5009828591121784
0.4832069734400014
0.4838632739183566
0.4776672331839956
0.47459429415594545
0.47427607380350895
0.48442395371066793
0.4839847923557478
0.4839847923557478
0.48400237346004654
0.48400237346004654
0.48400237346004654
0.482059409762124
0.4881146826169616
0.48080304556600983
0.4802040033073838
0.49029639385959545
0.4818525171224737
0.4807763078653772
0.4755433232889086
0.4737548452510086
0.4731514293079805
0.4666314215209135
0.4575008752372754
0.4575008752372754
0.4594331683893321
0.466404394459578
0.46135230095822044
0.46292940205016836
0.46292940205016836
0.4573172688755596
0.4595229868057598
0.4595229868057598
0.4568721512056957
0.4568721512056957
0.45976737594416234
0.4588433354158851
0.4447717906199607
0.4447717906199607
0.46182492517455115
0.45354062497036773
0.45354062497036773
0.4533754898919386
0.4479827676040585
0.4545313111645268
0.4545313111645268
0.4568338820466902
0.44840583281636
0.4488327952375862
0.44261377280743114
0.44261377280743114
0.44261377280743114
0.44644787281064285
0.44644787281064285
0.44644787281064285
0.44581985649103206
0.44581774391413
0.4495273244210605
0.4589184953242831
0.4608261311785092
0.4608261311785092
0.4601970009739035
0.4614509200277619
0.4616369587559574
0.4616369587559574
0.45909522564133415
0.45962712209058004
0.4634768182048172
0.4634768182048172
0.4634768182048172
0.4630591370520432
0.4629147637771691
0.4516165726174663
0.4581676341635989
0.45484121486537415
0.45487998478638225
0.4551755241456436
0.4551755241456436
0.4559233973710164
0.4427101657891846
0.4385748872642409
0.43944035342635857
0.43023449517844947
0.43023449517844947
0.43675280104236064
0.43675280104236064
0.44042707269009385
0.441352665759948
0.441352665759948
0.4367177520304712
0.43825682120453385
0.426393004781157
0.41873291942143925
0.42540309175596436
0.42576780034817746
0.42027372318173783
0.4206202832575129
0.4206202832575129
0.37823673649894857
0.39494803467010176
0.3997949865614138
0.40072895164126515
0.4131523480430347
0.4131523480430347
0.4131523480430347
0.4131523480430347
0.4092853325473095
0.4092853325473095
0.40068659347471564
0.39860029512633016
0.39637156123257655
0.39637156123257655
0.3866212534070896
0.38573380137317786
0.38120952139071657
0.38214312187411636
0.3777806420868546
0.37092785712169274
0.3692972464679646
0.3692972464679646
0.3686989189713212
0.36037594365121284
0.36037594365121284
0.36037594365121284
0.36037594365121284
0.3617990226132642
0.3681160504457129
0.36903837150851554
0.37013996835015994
0.3753061718389302
0.36405957973649417
0.36405957973649417
0.35854676520808526
0.3630524680730088
0.35535551861093395
0.372765523250048
0.38016709221916917
0.38016709221916917
0.40090919089081894
0.39779436892147263
0.39779436892147263
0.4036714923975699
0.40271023969818603
0.40264765471218444
0.401171878783303
0.40281292105701766
0.40281292105701766
0.4037732044094469
0.40264920429285683
0.4133188353476854
0.4187185596045834
0.41927088236323734
0.4280902097019703
0.43132968158634233
0.43506275209883283
0.4412617638326853
0.44110717933104154
0.44327769780793935
0.433022898608473
0.4280268797221997
0.4370779724126155
0.43733918893773027
0.43733918893773027
0.44406909102967496
0.44547134114353426
0.4551215501504951
0.4551215501504951
0.44922752776487396
0.4420786187686066
0.4420786187686066
0.4420786187686066
0.4295438096346099
0.42738450968770453
0.4270900932441528
0.4270900932441528
0.4270900932441528
0.42628335458621586
0.42628335458621586
0.4358486746715671
0.4328771321558693
0.4323725477840464
0.41456696236532026
0.40106705408589444
0.3923419343512265
0.391936832371359
0.38834317878702934
0.38873031196125285
0.388426146760029
0.388426146760029
0.3870266959533902
0.38696374624902774
0.38696374624902774
0.38696374624902774
0.3889601723275477
0.3889601723275477
0.38987562215790134
0.39177433161155256
0.3939674688090749
0.3939674688090749
0.3887431600538622
0.3857351643956251
0.3857351643956251
0.3829506478392133
0.38380673975503155
0.38380673975503155
0.39318662596850895
0.39162112106606883
0.39162112106606883
0.40287593472522937
0.40853018153213333
0.40853018153213333
0.40548825107931774
0.4054802785599007
0.40542453102481596
0.39872231192819707
0.3988837123300665
0.39742769133982114
0.39742769133982114
0.39742769133982114
0.39742769133982114
0.3818045085782023
0.3818045085782023
0.3818045085782023
0.3818045085782023
0.3757568066646837
0.3753960459911391
0.3753960459911391
0.3752160378824393
0.3752160378824393
0.36783949144209765
0.36783949144209765
0.36783949144209765
0.3531841351207522
0.3531841351207522
0.3531841351207522
0.35353186635371964
0.35353186635371964
0.35121915500453627
0.3496004812388459
0.34536546336380824
0.3463021606641748
0.34410452471598396
0.3471982464443891
0.3553598782642721
0.36476480426978225
0.3686240214789992
0.3686240214789992
0.3704484523981065
0.3704484523981065
0.36843163110428523
0.3716555074119484
0.3716555074119484
0.37250135944614954
0.37250135944614954
0.37250135944614954
0.37235766594782066
0.3670507555924466
0.365208084650927
0.36668980830232667
0.3680023277506917
0.35876469864005134
0.3609431802852112
0.36706209947123014
0.36706209947123014
0.36932240534826977
0.3854198331110605
0.3781331140283097
0.3895850765476987
0.3926702804510719
0.39141896417783906
0.39141896417783906
0.4108649021220298
0.4108649021220298
0.4108649021220298
0.43017094327744376
0.4291985895460422
0.42903220362216504
0.4282279586770438
0.4341866499614842
0.4341866499614842
0.4341866499614842
0.4300793077812657
0.42653850083301126
0.4334804154806786
0.4334804154806786
0.4334804154806786
0.4287207271759174
0.43010320669866964
0.39726794296863965
0.38646318385011297
0.38536553157488024
0.39179315836581624
0.39179315836581624
0.39188567838828775
0.38449230813884555
0.406018239728304
0.3984816693496156
0.3984816693496156
0.39956281923080683
0.3982914763179469
0.3964560480102644
0.39691086825627303
0.3991254928174452
0.3978527454503538
0.3987116143059744
0.39966488116529747
0.38493372129164977
0.3744960592359182
0.3744960592359182
0.3744960592359182
0.3744960592359182
0.38611359860886296
0.3787637938133707
0.37835812835562277
0.37835812835562277
0.37833409232325294
0.3854624620786817
0.3844845895227414
0.3844845895227414
0.38731376322487215
0.38770110237602656
0.3692577616593625
0.3669808386541319
0.367563326547899
0.3623878382609017
0.36773373616668376
0.36773373616668376
0.36828228685325753
0.3573321735965082
0.3550177812660943
0.3550177812660943
0.3550177812660943
0.3550177812660943
0.3550177812660943
0.35671182831278164
0.3433687220580435
0.3433457408424056
0.3433457408424056
0.3470087864945073
0.3470087864945073
0.3470087864945073
0.37270475565803174
0.37270475565803174
0.3727602210192387
0.3727602210192387
0.3648234172141105
0.3433457408424056
0.31766068039938944
0.31766068039938944
0.31766068039938944
0.3152311729134514
0.3152311729134514
0.3152311729134514
0.3152311729134514
0.3152311729134514
0.3164164460866499
0.3164164460866499
0.3164164460866499
0.31611417518623347
0.3138673899841577
0.3138673899841577
0.31396055464021183
0.3147665785067068
0.31356615517214736
0.30932722182875744
0.30932722182875744
0.30671036734829893
0.30671036734829893
0.30671036734829893
0.30671036734829893
0.30671036734829893
0.30671036734829893
0.3083571245042487
0.3083571245042487
0.3083571245042487
0.3083571245042487
0.3083571245042487
0.3059813551860771
0.3059813551860771
0.3059813551860771
0.3059813551860771
0.3059813551860771
0.3059813551860771
0.3059813551860771
0.3059813551860771
0.3059813551860771
0.3059813551860771
0.29622473114252773
0.29622473114252773
0.29622473114252773
0.29622473114252773
0.2959883345234663
0.2865461236388832
0.2833949364329107
0.2833949364329107
0.2833949364329107
0.2808295579229492
0.2808295579229492
0.2792350751727212
0.2792350751727212
0.2786408960858619
0.2786408960858619
0.2786408960858619
0.2786408960858619
0.2786408960858619
0.2774177381983077
0.2774177381983077
0.2774177381983077
0.2774177381983077
0.2754556957791444
0.2754556957791444
0.2754556957791444
0.2754556957791444
0.27087542654462715
0.2707076928104052
0.2707076928104052
0.2707076928104052
0.2707076928104052
0.2707076928104052
0.2665104777363848
0.2665104777363848
0.2665104777363848
0.2665104777363848
0.2665104777363848
0.2649409479819331
0.2649409479819331
0.2649409479819331
0.2646920867062329
0.2646920867062329
0.2646920867062329
0.2646920867062329
0.26409763059145025
0.26409763059145025
0.26409763059145025
0.2622540487956913
0.26172717004293794
0.26172717004293794
0.26172717004293794
0.26172717004293794
0.2612434293279488
0.2612434293279488
0.2612434293279488
0.2612434293279488
0.2612434293279488
0.2612434293279488
0.2612434293279488
0.2612434293279488
0.2612434293279488
0.2351462829528937
0.2351462829528937
0.2351462829528937
0.2349941755737834
0.2349941755737834
0.2349941755737834
0.23312353646973524
0.23312353646973524
0.23312353646973524
0.23312353646973524
0.23312353646973524
0.23312353646973524
0.23312353646973524
0.23312353646973524
0.23312353646973524
0.23312353646973524
0.23312353646973524
0.23158116068907467
0.23158116068907467
0.23158116068907467
0.23158116068907467
0.23158116068907467
0.23158116068907467
0.23158116068907467
0.23104403812185234
0.23104403812185234
0.23104403812185234
0.23104403812185234
0.23104403812185234
0.23104403812185234
0.23104403812185234
0.23104403812185234
0.23104403812185234
0.23104403812185234
0.23104403812185234
0.23104403812185234
0.23006262725688137
0.23006262725688137
0.23006262725688137
0.23006262725688137
0.23006262725688137
0.23006262725688137
0.23006262725688137
0.23006262725688137
0.23006262725688137
0.22990751709345109
0.22990751709345109
0.2297371292337447
0.2297371292337447
0.2297371292337447
0.2297371292337447
0.2297371292337447
0.2297371292337447
0.2297371292337447
0.2297371292337447
0.2297371292337447
0.2297371292337447
0.22982705670350456
0.22982705670350456
0.22982705670350456
0.22982705670350456
0.2274961514367244
0.2205597572735984
0.22041124130281348
0.22041124130281348
0.22041124130281348
0.22041124130281348
0.22041124130281348
0.22041124130281348
0.20570736412107232
0.20570736412107232
0.20570736412107232
0.20570736412107232
0.20381004104360875
0.2025088061182518
0.2025088061182518
0.20007512823972712
0.20007512823972712
0.20007512823972712
0.20007512823972712
0.20007512823972712
0.20007512823972712
0.20007512823972712
0.20007512823972712
0.19986081993464275
0.19986081993464275
0.19986081993464275
0.19986081993464275
0.19986081993464275
0.19986081993464275
0.19980674210698932
0.19951728945533428
0.19951728945533428
0.19951728945533428
0.19951728945533428
0.19951728945533428
0.19951728945533428
0.19951728945533428
0.19951728945533428
0.19951728945533428
0.19940969785178683
0.19940969785178683
0.19940969785178683
0.19910008861239992
0.1989907896053818
0.19738444911895214
0.19738444911895214
0.19598234810885679
0.19598234810885679
0.19598234810885679
0.19598234810885679
0.19598234810885679
0.19598234810885679
0.1959531992968778
0.1959531992968778
0.1959531992968778
0.1959531992968778
0.1959531992968778
0.1959531992968778
0.19666988734994423
0.19666988734994423
0.19666988734994423
0.19666988734994423
0.19666988734994423
0.16933106865271197
0.16984500427083435
0.16984500427083435
0.16984500427083435
0.16984500427083435
0.16984500427083435
0.16761821593581727
0.16761821593581727
0.16761821593581727
0.16342548181631894
0.16342548181631894
0.16342548181631894
0.16195980349961342
0.16195980349961342
0.16195980349961342
0.16195980349961342
0.16195980349961342
0.16195980349961342
0.16195980349961342
0.16195980349961342
0.16195980349961342
0.16195980349961342
0.16195980349961342
0.16195980349961342
0.16195980349961342
0.16186509926532747
0.16186509926532747
0.16186509926532747
0.1613168815605965
0.1613168815605965
0.1613168815605965
0.1613168815605965
0.1613168815605965
0.1613168815605965
0.1613168815605965
0.1613168815605965
0.1613168815605965
0.1613168815605965
0.1613168815605965
0.1613168815605965
0.1598728457591138
0.1598728457591138
0.1598728457591138
0.1598728457591138
0.1598728457591138
0.1598728457591138
0.1598728457591138
0.1598728457591138
0.1598728457591138
0.15995675237156318
0.15995675237156318
0.15718235655507848
0.15718235655507848
0.15718235655507848
0.15718235655507848
0.15718235655507848
0.15718235655507848
0.15718235655507848
0.15718235655507848
0.15718235655507848
0.15718235655507848
0.15718235655507848
0.15718235655507848
0.15718235655507848
0.15718235655507848
0.15701027084586971
0.15701027084586971
0.15701027084586971
0.15701027084586971
0.15454806045272862
0.15454806045272862
0.15454806045272862
0.15454806045272862
0.15596461192207225
0.15587265003848141
0.15587265003848141
0.1549134962359253
0.1549134962359253
0.1549134962359253
0.1549134962359253
0.1549134962359253
0.1549134962359253
0.1549134962359253
0.1549134962359253
0.1549134962359253
0.1549134962359253
0.1549134962359253
0.1549134962359253
0.1549134962359253
0.1303388992555262
0.1303388992555262
0.1289604364790164
0.12884570125960496
0.12866720454727681
