0.0466667 0.052914915268785
-0.0866667 -0.10152639668133134
-0.3733333 -0.3657434999058807
-0.1533333 -0.13390963987687704
0.0366667 0.032400421773697674
0.0066667 0.01692787346833191
0.7633334 0.7742498247386499
0.61 0.6324436642910711
0.3833334 0.3958276991125633
-0.28 -0.27270432874188427
0.56 0.5639603014949084
0.1633333 0.13753353427823647
0.1266667 0.09051677184560308
-0.71 -0.7486232257623424
0.9666667 0.9812152743252964
-0.86 -0.8868069931027421
-0.59 -0.5573279926386432
-0.2366667 -0.28712767125787436
-0.4033333 -0.3944003592863118
-0.7566667 -0.7283424327774841
0.7133334 0.7177454443416134
0.4233333 0.41526985299173874
-0.2933334 -0.29419439902748873
0.72 0.7295051381598713
-0.9666667 -0.9251549958675238
-0.9966667 -0.988813820354598
0.9833333 0.9897045203045588
-0.6666667 -0.6856261456328516
-0.17 -0.16614468596461837
0.9 0.886597392193994
0.03 0.06769725665715337
0.27 0.26314374584175787
