1.3319236883618377
1.190586243485296
1.193355204428797
1.195970914385628
1.1875931734649783
1.1948907406228764
1.1972577154270385
1.190306058201052
1.1931382884449189
1.2051151398600435
1.2032096364572005
1.198614059542166
1.2054238678235256
1.2068609394369136
1.2077816930951835
1.2043835028459289
1.2172166280570043
1.2239386259019203
1.225078049202134
1.2250241855239623
1.2297875177594133
1.2293826366877119
1.2295065142170734
1.2307519193256418
1.2380032954620197
1.2094384719030637
1.1997769136240657
1.1985415947728861
1.1943184143386525
1.2036500505131695
1.207074242273343
1.1967682431133104
1.20095584430648
1.2002384397013064
1.2068159213149081
1.2462664264297287
1.2581833949769106
1.2546620393917107
1.2443305123372632
1.2466020282459798
1.2498376670182005
1.2424158564831427
1.22877001252007
1.2450866582494047
1.2693108482973676
1.28929880527677
1.2923196991961412
1.2926553523081004
1.2893344978917904
1.2868996606957872
1.2855284934743676
1.2854075617836962
1.2778769594998336
1.2798736022330208
1.2709850238547793
1.2795725074962718
1.2807906796019808
1.2603538968134949
1.2631370178185033
1.2594036124628707
1.2637189072088073
1.2643778659001177
1.2485681875811623
1.2483728400421572
1.2491544452570549
1.2493791593390513
1.253931027112652
1.2557180124717164
1.2679631123114357
1.279273403922323
1.2813844525121205
1.2729722055949495
1.2742510460682537
1.2697627174854689
1.2739651106762555
1.2716875504833947
1.2691441104203596
1.261883715048258
1.2461984807755444
1.2443200275313933
1.2420336642583008
1.2486317788545054
1.2469727569678146
1.2452186095047886
1.2317104884477073
1.2318880821823674
1.237478099573081
1.2390391895390866
1.246314595006774
1.2409032342478665
1.24223044706803
1.2427976542920427
1.2463359486991177
1.2431760430275876
1.2441335665046023
1.245845764546803
1.2437472929955296
1.2495121140217869
1.2573888612130175
1.266661743788617
1.2613036413254486
1.2554928371796574
1.2529391488583206
1.2495449876418943
1.2626077871772987
1.2676537762000941
1.2895017907127586
1.2783032810285477
1.265020678780314
1.2739240841723962
1.283040589103072
1.2807831334501039
1.2793245201248895
1.2781198214230753
1.288638873997665
1.291711206078976
1.291711206078976
1.294555955771955
1.3109452684976255
1.3042847243535813
1.3121752206404707
1.3124604458192952
1.3062358509902343
1.3059207569214204
1.3057283520706455
1.3057411001177404
1.2920459789772616
1.2934414949848587
1.2895518306621647
1.2930664124843305
1.2921483385938393
1.2835593507675942
1.2836278087311654
1.2896479877405493
1.2982447170520028
1.2988890291271886
1.292456824636142
1.2971307224640298
1.2938652080916915
1.2934435148910608
1.2915292366497437
1.2916125058982273
1.2800093660220828
1.2768759471302267
1.2895304194402373
1.298245273170135
1.3202732122125116
1.3317065449063867
1.3335744540990295
1.345857975950115
1.3467344640104326
1.3472062617301062
1.3428138221122663
1.337630457987662
1.3376232098413847
1.33895991600309
1.3427585714429349
1.3248735761498223
1.324754266879603
1.325411753170489
1.3251890655894571
1.3257810281729259
1.3283135064089044
1.3547983324351915
1.3541203969250752
1.3464592088078953
1.3435333083387977
1.3421039213896822
1.3422942440082597
1.346931642311752
1.3497337445981998
1.3502588020129238
1.3475337750369447
1.343192853723644
1.3402460630896782
1.3409178913512525
1.3321243984072655
1.333070383074404
1.328847234098672
1.3351865185339542
1.3238278670075123
1.3038521219550958
1.29765409278661
1.2975697351566267
1.3027106983702958
1.299463701374881
1.29716009820437
1.2944180261680078
1.2956882591350638
1.2944822261804554
1.301692946583772
1.2922386527512348
1.2929632094801768
1.3019175827826839
1.2803591816055202
1.2876754926693907
1.2944040074949115
1.2932725024228011
1.2943056008442753
1.285790694185839
1.2871417544902584
1.3029014117633522
1.30921043992838
1.3099593733412755
1.3176297720572314
1.3079057809564947
1.3064714271651854
1.301185504271241
1.2903349600000724
1.3038454838349265
1.3073316632095044
1.299415474170428
1.2999925485026345
1.2903836015092056
1.2895882193918446
1.2929721782047632
1.2917016705834667
1.3028151708639535
1.313060009150113
1.295940151952665
1.3038487055405035
1.3028133350364852
1.3029734619472149
1.2975768829948133
1.2967972706024988
1.2975921210147756
1.302518159696737
1.293866324121538
1.3132800434484417
1.3092008890744273
1.3089067399075383
1.3152529714532826
1.3176069960496686
1.3169549210500215
1.3088838033415378
1.3077409376469655
1.3051104173251773
1.3186289314922663
1.3219549939771358
1.3314493195082984
1.340146147994355
1.3479684615452447
1.3672225376395988
1.3665671376365514
1.3660276585636038
1.3672170488583153
1.3671885863552289
1.3657833773593935
1.3656026022059162
1.364389772664063
1.36563585768676
1.3731306050653913
1.3731306050653913
1.3696550756577104
1.3693059147358988
1.3423861675448387
1.33596673448917
1.3394933197371357
1.3118415422508243
1.318325535476252
1.3225808117299291
1.3248799070055424
1.3197829778468457
1.3179832824833584
1.327191393324196
1.3312812971445882
1.3306211330948614
1.3300813469378572
1.323619633505077
1.325866895837872
1.3238619973880306
1.3210371533021055
1.3096314330032806
1.298038964186507
1.3040712268321464
1.3098238400352515
1.3105254660872425
1.300238486584238
1.2814875681593798
1.2814749711341054
1.2822642276047382
1.2845132249569415
1.288622906191638
1.2740918762701214
1.286143100311042
1.2870916266769583
1.275432732470632
1.2750406603446265
1.284215557138466
1.2861303723315847
1.281487957126019
1.2815876873715066
1.285527775911156
1.2803038561461353
1.2839797847546592
1.2839797847546592
1.281760278241857
1.3019934374219369
1.3250062851091922
1.3250101729743422
1.3153087326658648
1.3079795982140408
1.297624232267556
1.2977795105888297
1.300249120151975
1.2951012424966908
1.2790445073327423
1.2795165415983998
1.2788217986517652
1.272370894686825
1.2737235289505202
1.2773044030659648
1.2919591660949024
1.297678594899776
1.290132071137784
1.2747691307527147
1.270454432897057
1.2508118724748833
1.2502186487976232
1.2475548290580545
1.2436656919128726
1.259772768386044
1.2647052901174218
1.2604261226328222
1.2595538702538371
1.2599546959537995
1.2637869276253144
1.2596052208854818
1.2717010837240839
1.2773145393353476
1.2872666117720681
1.2872891680954628
1.3102755378744224
1.3071086461012125
1.3093101817075306
1.3052431435294678
1.29323136505422
1.2959259979976674
1.2809983678441494
1.265653159502793
1.2612956646164033
1.2568808108569118
1.2510450927557926
1.2539638710133252
1.2491144150721072
1.2574797720191446
1.2746046275047282
1.2786000178861414
1.2790596119456406
1.2749398983031515
1.2909720441744277
1.2992807880779258
1.2983244065254067
1.3140561703717044
1.3105234734627194
1.3132772519814822
1.3012533460595541
1.3019464229186795
1.3009914672443619
1.3049940435426537
1.3035129142505186
1.303136546396213
1.3030477557804585
1.313315551489546
1.3203980568856641
1.315695107528911
1.3120270966150094
1.320323454754649
1.319722458709296
1.3150285958131773
1.3153873808543708
1.3186454184293204
1.3023504507607018
1.2987151301070303
1.2986234354103734
1.3132546499610989
1.314073198825742
1.3009378888741256
1.3014045478873015
1.3020053024491482
1.2973921631983334
1.2973921631983334
1.2970051931168145
1.2940927415188248
1.293800433682606
1.3156172248741755
1.3130986389887398
1.3130986389887398
1.3149923388416642
1.3156436581301318
1.3220993916345918
1.3058378066155722
1.3248005989878975
1.323812622141615
1.3230894889833884
1.3256195050550148
1.3294869280219892
1.3270867562932933
1.3270867562932933
1.3271356171137496
1.324211180780778
1.3319458639060369
1.335037393308977
1.3356604642149932
1.3413945890461565
1.345461393778524
1.3460157914824697
1.3331731292777307
1.3194135312030613
1.3194965209557992
1.3107537304683392
1.3102280731651608
1.310424789753005
1.3108643030919853
1.3175672604761683
1.3175766016398027
1.3056734564050567
1.3100347942264812
1.302953930857885
1.318996122115967
1.3195398407456658
1.3298660750207967
1.3298660750207967
1.3058145478591987
1.297474901269373
1.30788046005818
1.3070919601886613
1.3069663439467505
1.3175029712629909
1.3220245684737648
1.318982585373393
1.3206916617071738
1.3185654420393236
1.3169146296994518
1.329760031462569
1.3300105894440637
1.3129177830339258
1.3076983460260148
1.308681322170968
1.3146418507874025
1.2982277601162928
1.2945010531227714
1.2828466647859798
1.2684160934131579
1.2704741475412076
1.2888168786142582
1.2850637219987444
1.270165964647803
1.2739349336217254
1.2793689950315248
1.2816026917283256
1.2885805462699784
1.2956015735848296
1.2954099838793849
1.274545279298878
1.2631140733489685
1.2648049248808646
1.2641654595413656
1.2658959194746715
1.265787168222391
1.2661742836255114
1.2697441126222437
1.2685654514363494
1.2749899313260151
1.273688122071975
1.2738217742923508
1.2724507454466565
1.2697988552354056
1.2693889143203643
1.2780118446797453
1.2743327029412779
1.2743327029412779
1.2785103582767776
1.290511742486506
1.2956663451341872
1.2956663451341872
1.3028680655268194
1.3004013224482804
1.3003216686890666
1.3011640514734424
1.298081013212015
1.3309518193461922
1.3325018327005067
1.3354403509648145
1.3367818481980256
1.326352671148511
1.3325600498072458
1.3321636246262003
1.3130228795771874
1.3211105020338891
1.3102355991914156
1.3218391938981557
1.3321860207040948
1.3209889421007186
1.3248825999756548
1.3226597093002952
1.3216881788953643
1.3196341845596324
1.3240166739812969
1.3345110290162971
1.3321721506100308
1.3321721506100308
1.327422631648345
1.3266003927495884
1.3237952845395315
1.325247611737835
1.3293633727085696
1.3288113195171949
1.3147360221430204
1.31426104426206
1.3134339608394925
1.3143749123276218
1.3131409211240166
1.3119743609595325
1.301720034993043
1.3141939147631843
1.3083388449670748
1.3001442114166184
1.2929926212307834
1.2863078375774173
1.2860599286963441
1.281816594189153
1.2667820075811256
1.2856221820226423
1.2843891190332635
1.2938217102009675
1.3032289337765892
1.2809488331332344
1.2859782038520713
1.2879366811121291
1.282412654939769
1.2800034427599045
1.2876773030496804
1.2852138440205498
1.273992894635039
1.278438387216471
1.2613441307874595
1.2679612815423202
1.2777905366400508
1.2769383757072081
1.2637624298260073
1.2877253357481642
1.2934007776768506
1.2934007776768506
1.2911975157384683
1.289594038826107
1.292920186305751
1.2892470583325293
1.289423264926029
1.2865715237548903
1.2959354458057992
1.2937308267659875
1.2939049769354556
1.2902196203415492
1.291602094426911
1.286660383389114
1.2896475119521291
1.2996163323415202
1.3078194561938006
1.297636835415575
1.289652889209829
1.2951621469499874
1.2939563880763274
1.3115815766606378
1.3038200830401505
1.307016756848912
1.293119277110979
1.2632899621848401
1.2501972233124932
1.249737912003815
1.2388979383631111
1.239189196746689
1.2275403558021822
1.2282945564040082
1.218898745229396
1.211418690820869
1.2124466195375974
1.2238477953669011
1.2237888722044565
1.2226772735957725
1.2234688535740703
1.2210925386061446
1.2210916221370263
1.215776804886319
1.223123553583617
1.231840003134982
1.2439015682418533
1.235350314030559
1.2524829659109713
1.2673742416919067
1.2651326014519007
1.2670069574111518
1.2603304005657947
1.254699330681483
1.2492001533302406
1.24945067033774
1.2486217514729938
1.2494154244942905
1.2503134133306486
1.2656226348422264
1.272592249449668
1.2814927269347118
1.2955811288388077
1.3014327190577675
1.3031567113301834
1.3238546578793806
1.327040307538099
1.320404559635297
1.320087875268561
1.3209416162048773
1.3271848044334276
1.3200528108734064
1.3236241930450807
1.3156314777777804
1.3147487455267406
1.3191400343786346
1.3191034025190829
1.3039704911320982
1.3239940350171182
1.3244481164158757
1.3229684873005694
1.3102508340077685
1.312748726825823
1.323222221991767
1.325656571864678
1.3172772124346526
1.331497019365827
1.3533260567887722
1.3689930794392844
1.3778977075515564
1.3753966112053428
1.36637939714322
1.3702219807532399
1.3631821032375633
1.3667831247099709
1.356931538053321
1.3567943718405664
1.3666600157304665
1.365573120329823
1.369176500835453
1.369144081948207
1.3710370490936756
1.3821291970472094
1.3807214675984574
1.388667764204253
1.3976974905297035
1.3998657387198397
1.4101661476612966
1.4201935254064317
1.4103674659485255
1.4082434126977643
1.3859780247259963
1.3851720242304228
1.3749291053100534
1.382522229219917
1.3776486568955106
1.3841228813810118
1.3923524073891138
1.4059514007406915
1.4019581922508406
1.3829725673690763
1.3896746030551859
1.3892817161482816
1.3714592859177213
1.3830337433906956
1.3823972581740278
1.3711931254625487
1.366194471861139
1.3669308098668296
1.3692901769240733
1.3786176879178336
1.3760624395698617
1.3691864921226606
1.376319207696992
1.3707145075443936
1.3630687252661897
1.3680799567932869
1.3772737286287606
1.375333675894456
1.3630066747134806
1.3653983365750841
1.3657168982608219
1.3595673841542253
1.358103059254969
1.3591233962769336
1.3609559639955497
1.3611470446218927
1.3728674924215698
1.3745654603662238
1.3648618545956601
1.3566046194343098
1.363815501165068
1.3644331464800628
1.3681528186325154
1.3710215732743527
1.3579709772641313
1.358202887508964
1.3576564052973432
1.3568667747942178
1.3516263163714726
1.35679507159832
1.3520285707758581
1.3433160092512635
1.3433160092512635
1.3423087864672296
1.338456534022021
1.3328203561773615
1.337160237945454
1.337160237945454
1.3487982930396671
1.3530179242363765
1.3455323346348664
1.340140310144054
1.3303367170417613
1.3411022140753277
1.3324087119756547
1.3399646671888157
1.3298430721994186
1.3336309857782533
1.3252874457223902
1.3217899945503429
1.3193955118573584
1.3351754005077408
1.3291849977338328
1.3197602667800028
1.3286747154012961
1.326015604642163
1.3268721712470002
1.322177898679528
1.3189983265444891
1.317742623250282
1.3258554745657205
1.3203020316831346
1.3369021907913197
1.3442092789149886
1.3576639238998354
1.3540938733084509
1.3547255469449972
1.356759649547212
1.3604358153544935
1.3624369836028192
1.3543953802602018
1.356884249927795
1.3714130334521695
1.3747915811264575
1.3687496032251114
1.3820678705205465
1.388871593754576
1.388871593754576
1.3855011482371649
1.3814132665853902
1.3744640478361665
1.3818521159832804
1.3929853941316979
1.3993761605534594
1.3993761605534594
1.3872073528905096
1.393178944542891
1.393657942143619
1.3877758192269731
1.3890374750385341
1.3860013933097606
1.3820620628055107
1.3820620628055107
1.3754602674860972
1.3510611019678176
1.3375853437798761
1.3349006784039321
1.3349006784039321
1.3373659454541122
1.334603881540337
1.332760051677564
1.330469120442101
1.3535274041243897
1.3554813821715912
1.356229294392886
1.3486539849246681
1.3486539849246681
1.33634183027191
1.3135274203294136
1.302471427982552
1.3235241487925153
1.3190071093223765
1.3255544002011985
1.3442348037829832
1.3442303294493332
1.34754556235389
1.3388614800955987
1.3350889172397693
1.3214619647815824
1.3254052164388055
1.3268115158759821
1.32504847695294
1.3065599978263467
1.3134377433035418
1.3040752072023283
1.3134595237731481
1.31413734762337
1.3087682165997445
1.323498206262898
1.3257055367964365
1.3218070347543602
1.3266894305195074
1.3241288832676332
1.3213917765283614
1.34375584936059
1.3539481568488874
1.3686352516968636
1.3652281849425327
1.369220968560401
1.3668636652987214
1.366782667891269
1.3602486029746945
1.3618136361132134
1.3548660416423295
1.3690310900530884
1.3587132402533093
1.359202965182096
1.3573815181426987
1.3575964734628359
1.355160651494933
1.3560970775798902
1.3569599750875554
1.3694440713783513
1.374850673454644
1.3819449889323272
1.3814125761757083
1.3731316730668859
1.3600352281822594
1.3656211479292686
1.3469857903151923
1.3616490934424486
1.3583354560182923
1.346792363524359
1.3417085200942584
1.3355455515231673
1.349319499566585
1.3367779531188406
1.3323729210825621
1.3313651610748345
1.3234792052649038
1.327883161742099
1.304121984149309
1.307418312491974
1.3108803411965773
1.3121826683236422
1.3121220196860113
1.3160114480300056
1.3159263438438833
1.3225657070227315
1.3214404148952232
1.3214487100931773
1.3089762663848206
1.3316602357061311
1.3384443898490028
1.3358751118397485
1.334052880171024
1.3622819793312477
1.3622819793312477
1.3587884744079712
1.3588398177749215
1.3577822617255613
1.3666637076774315
1.3666637076774315
1.3638051777326963
1.3652477990471052
1.3756601686469734
1.3707443036381641
1.3689314104534402
1.3897420685150088
1.394450047829954
1.394450047829954
1.3897483214631923
1.3872293521424721
1.3820006650450485
1.3820006650450485
1.38306081536468
1.3833056727833966
1.3771944571419998
1.3768860459166987
1.3774300072773937
1.3820085111714364
1.3845960720493997
1.384668312547223
1.389605717450798
1.3867441050042357
1.3813052672728263
1.3933579507697156
1.3755787965616053
1.3866884012203415
1.3970013374337094
1.393954576816122
1.3811542695374077
1.3793806802720145
1.3781776289429495
1.3781776289429495
1.3799728613941609
1.3800993596196718
1.3777732673284997
1.3571038328726281
1.3505311263849935
1.352164900449314
1.3616187218304092
1.3572147679591533
1.3535157209446604
1.3570192916527084
1.3565088661887077
1.3274689667005675
1.3369942049922954
1.3424203326674056
1.3415896866986077
1.3437492397969761
1.3556141841702658
1.3521555885051488
1.3614897619573711
1.3646581506733948
1.3508631354567189
1.3517970065608764
1.3375335149666225
1.3462286470984548
1.3453582780330204
1.3319514761472169
1.322509297172014
1.326597518338504
1.3305290230777191
1.3293809405753994
1.3270768779446425
1.3336333324684368
1.32107945733679
1.3191496663157085
1.3131426467447689
1.2991660756119596
1.3033348890687981
1.313689771525491
1.314399770070652
1.3137537254886607
1.312420749216206
1.3176222063744978
1.3176222063744978
1.3167047520091564
1.3175289374527066
1.3062519394524439
1.3068395299119424
1.3005991413065452
1.3039457100125724
1.303614516678738
1.2960991346113038
1.295827158976122
1.3006853740821809
1.2856832738204627
1.2881188584930239
1.2814250252060972
1.2917173571725007
1.293826433619784
1.3049246129783636
1.3096037750039409
1.3016335569255384
1.3082882016452277
1.3008121604922773
1.3118766181696841
1.3298269943880072
1.3261050300397343
1.3348860242032197
1.3450371881805396
1.3500458499801995
1.351593633456346
1.3487571013281734
1.3371412701167653
1.3490534626205903
1.3465372952346648
1.3441650094124147
1.3343062487918218
1.3311351796152382
1.3383462278228613
1.3313536875563783
1.3313536875563783
1.3482211069562084
1.3545369176530961
1.3484361724757754
1.3474306224494366
1.32682277325406
1.3299947697550925
1.331340305644132
1.3225133236200357
1.3225133236200357
1.3274691381028176
1.3234392223266753
1.3205229435724293
1.3188009290015879
1.3287278891547323
1.356778737024086
1.3567883939047858
1.3595467687945726
1.359808346873737
1.3578706678000785
1.374069433248548
1.3635484625684233
1.3581589009720247
1.3558607795122108
1.3743082688391448
1.379025233607484
1.3829238196589968
1.381621980847642
1.3818569549637367
1.3818569549637367
1.3823008244122645
1.3941028845070673
1.3930925192283947
1.378522583202339
1.375814815781303
1.3694715544276101
1.3555573035118516
1.3476732695158304
1.3563495716623226
1.3637270161044734
1.3585065099826594
1.3587646059924294
1.3586254914197045
1.366697856656966
1.366697856656966
1.3747840871068755
1.3748363066530453
1.374918771897521
1.381808548913621
1.382810029786888
1.3875712360080623
1.392518133154013
1.3868305482253451
1.3928590220498542
1.4001873279611308
1.3934246115438917
1.3946061435083201
1.3946061435083201
1.3903845168311189
1.3880644300684009
1.3858329838708023
1.386131598245641
1.379952273007089
1.3751417192381972
1.366879293396675
1.3628454893384239
1.3590813764212957
1.3606713051989245
1.3576115060228486
1.343170704914396
1.347902928210393
1.3499577919818437
1.3481736302067213
1.3391537210733162
1.3555289617584807
1.3562524574091264
1.3444908959638435
1.351533357226875
1.3635114990644133
1.3588889687963428
1.3668250694678687
1.3680692851589433
1.3771368373942092
1.3772346950715357
1.373316496496679
1.352376410793866
1.34979183243904
1.3586769196142316
1.356804659347464
1.351350467065339
1.3495963584862083
1.3489011495043577
1.3370192212153884
1.339866977646872
1.339883429374613
1.3370902430112293
1.3473089139370782
1.347047700828631
1.3477025106218998
1.338643599315925
1.3391297216149471
1.3426215089654512
1.3398001861488436
1.3541270788001794
1.3503117464406762
1.3433548671543345
1.327943723620237
1.3264324307417876
1.325843363442969
1.319375322245737
1.319375322245737
1.319375322245737
1.3201910562906631
1.319046817516827
1.3117874365009108
1.3117874365009108
1.312776946702978
1.322726779761054
1.3287746796235984
1.3291475860293327
1.3299740193637772
1.3191867668346222
1.3309606375778131
1.3294635382520377
1.346130906306496
1.3434782096717484
1.3383304657763493
1.338410434911035
1.3398254771321032
1.3395129438753879
1.3403102467056367
1.3175508430141691
1.321121438483804
1.3153568072322417
1.315734902259223
1.3051325164352676
1.3021584244794209
1.309913015560917
1.3132729264727576
1.3118563995315795
1.3151325325022674
1.3160690826389478
1.3166528552207393
1.3128157120471773
1.3213211133544762
1.3252429249446795
1.3081952373417982
1.2997830615981851
1.2989706949560587
1.2961314331343672
1.294883472580492
1.2896721072615693
1.2862721225285094
1.28360275639548
1.28360275639548
1.288782853595969
1.2893849424432162
1.2844247830584428
1.2836421293803177
1.2945826249177286
1.2991161057650618
1.270275328675763
1.2710076090700537
1.2669545486921914
1.2670609030482611
1.2645205601668086
1.26745166505334
1.2609509655697058
1.2642839551596392
1.268101127806522
1.268101127806522
1.268101127806522
1.261397697680324
1.2612524661212292
1.2585778615532728
1.2435197210259565
1.2454760941506544
1.2519943691448845
1.230558781561807
1.2322617683194235
1.238385700492405
1.2133578498880324
1.2087340047016837
1.2095213639657765
1.2098602116123012
1.2082993737169825
1.2089220018932558
1.210165204479786
1.215538931238466
1.215538931238466
1.2094988243182139
1.2094988243182139
1.208603516242961
1.2068911597602254
1.188934043687654
1.1876169956894747
1.187427305467002
1.1926602529831907
1.199548138942846
1.199482565474924
1.2211555810974133
1.2094271502306404
1.208590436626312
1.2089701601678384
1.2103629118470194
1.194761506358051
1.2020772549664864
1.1997924544266367
1.1967312383375728
1.1911608489700267
1.204544817725762
1.2068316151481444
1.2214485429412179
1.2214417595339584
1.2193503471549336
1.2196485224684916
1.2053612332051804
1.2048103553552987
1.2149670737860179
1.2319545431648689
1.2314525440400692
1.2177326060589504
1.2188844729402262
1.2100370452385536
1.1979921340967372
1.205367484922997
1.2043349138203892
1.2109340622828497
1.2005300676441004
1.1986367153034243
1.1965469694230002
1.1913914834081945
1.1916105199011264
1.1918745937853599
1.2095096569441994
1.2273191179928788
1.2394622459989764
1.241585553004629
1.2357637240500319
1.2406048373114622
1.244814528860221
1.2464781742010451
1.2566536096862984
1.237884677844796
1.2354431818065992
1.2298728225986204
1.2298728225986204
1.2339772019351445
1.2339772019351445
1.2358847352697298
1.2340866047830799
1.2271748871145622
1.2231832956636606
1.2352674119795035
1.233679990307498
1.233679990307498
1.224165505984751
1.230822222630746
1.2323748705830644
1.2323748705830644
1.2323748705830644
1.210987631042648
1.210987631042648
1.2102343615039104
1.2188740472585025
1.2110299073233088
1.2148180803051294
1.2151909214489323
1.2147157767478605
1.2171125277384798
1.2174881456162747
1.2237697549853372
1.2221507020328584
1.2126653883540899
1.239554516788761
1.239756100018881
1.2628636686062351
1.2678988360446009
1.2426880639863331
1.2436742612571
1.2470010505176072
1.2449992483408339
1.2621521676317282
1.266239068380768
1.242736002807684
1.2489061288392687
1.2491545719792032
1.2508718962627259
1.246893159121269
1.2368806498971137
1.2396917357262762
1.2416098736807415
1.230576603184872
1.2243363500789064
1.2290045598277592
1.2265836189443002
1.2285782425294323
1.2242656363876436
1.2347599608604296
1.234901876515873
1.2286343733547171
1.2320859364150003
1.2320859364150003
1.229919802860953
1.2371923072866213
1.2376257145895408
1.2237151177694385
1.2241216308041678
1.2245327375320114
1.215081937444787
1.2101771981865854
1.2022580007476313
1.2018782323343524
1.213799864113458
1.215499070057155
1.2082493869700848
1.2202906058245446
1.2193575334744327
1.2180099282490555
1.219875339059313
1.2348286576941891
1.2435185372026103
1.2634150894383007
1.2601591210159067
1.2599702233907062
1.2313248908767522
1.2308043296900142
1.2333073828198595
1.2347908714470965
1.2328820432740801
1.2310598295997164
1.2325161374288094
1.2369602828411361
1.2283332412420915
1.2231499772810501
1.222249193222594
1.2357453915595178
1.2426130559178492
1.2349456205198317
1.2298488646438381
1.2293038444572384
1.2276633259895229
1.2152893574923898
1.2159006332056577
1.2180752558466346
1.1972383628847358
1.1927103060732613
1.1820294648546994
1.1922145569748401
1.1917625805956482
1.1979128270441164
1.1981844136599853
1.1971201188929106
1.1996321485808357
1.2092407409580592
1.2067089141874412
1.1884530562385027
1.1993543023461057
1.1959991269811372
1.184405472283128
1.1771507630943885
1.1664398582936755
1.1579903209024311
1.1478023388161938
1.146960436644637
1.14748975046778
1.1499559106308848
1.1494895150526914
1.1467442105156878
1.1467442105156878
1.1460703637763414
1.1530622245252076
1.1614130713996573
1.147330684407024
1.1473170322990969
1.1472506047874853
1.1449280342597714
1.1551286393133102
1.1353652024837897
1.1353652024837897
1.1404399982295625
1.1404399982295625
1.1420991277815455
1.143108826806662
1.144190247917158
1.1445928837720063
1.1443598286907315
1.1586071967267662
1.17798276849372
1.1654974757729883
1.1654974757729883
1.1738941359307238
1.1738941359307238
1.1759937342259381
1.171114117650153
1.167641243510417
1.16585979908085
1.1647714396741913
1.180873772346949
1.1654983862961084
1.16851642338035
1.1667325277393474
1.175085686648021
1.1734208290245391
1.1639147784966775
1.165706608368166
1.1495884277440502
1.1499214048773614
1.1493911748556749
1.1509909839950616
1.168366246990736
1.161442583795696
1.1537317999130081
1.1537317999130081
1.1702383048955802
1.1710987873131375
1.1552691773477328
1.1529017668641492
1.152920639692194
1.1528570409302035
1.14924232732719
1.1492089885567276
1.1594911942250725
1.1626505202415887
1.1626505202415887
1.1702133657656095
1.160607293729104
1.1609048996388611
1.161108397399643
1.164619060373708
1.1907915506805824
1.1908674873044616
1.1908674873044616
1.189162652565142
1.20133998396722
1.16732090669973
1.1782967221873115
1.1785498193964856
1.1765635392498066
1.1853771910092898
1.1807769993772106
1.1836710880070556
1.1826106907624705
1.1695762259408977
1.1685415896354845
1.1684180890260474
1.1710661272226994
1.1764867900102518
1.1786756131890508
1.1764892721915214
1.1807056477463058
1.170350282083341
1.170350282083341
1.1747110446627576
1.1800333992543095
1.1851669183778561
1.1851669183778561
1.1851669183778561
1.1851299441201901
1.1881824527115328
1.1884890639270749
1.186978187905732
1.1831335449324283
1.1831335449324283
1.165726995874381
1.1619979586830982
1.1679082719090816
1.1677621778408187
1.1450162653328395
1.1450162653328395
1.1465262200015183
1.1465262200015183
1.1589502633209376
1.1553366293710845
1.1506687866352239
1.145178969004104
1.1474562436758626
1.1476170009797828
1.1317886557738253
1.1493345439811218
1.152005624295373
1.1520354267811073
1.1547103530121614
1.1539228448530598
1.1531869309195402
1.1553530681882889
1.153277289541719
1.1533006987536818
1.1503783185498657
1.1502541472810612
1.1410978610114875
1.1402383248240826
1.1403987562420725
1.1405777781882693
1.146852940233354
1.1519051846599948
1.148907725179816
1.1495275875517381
1.1493710824349472
1.1490432277703817
1.16007212433762
1.1596393988524536
1.1595789688266822
1.1588667338159295
1.146409003643326
1.1416005848966395
1.1271823377285317
1.1358954683745732
1.1358478847260525
1.1305814334337747
1.1217789383418364
1.1156221391347814
1.1137461891662155
1.1119718520700306
1.1116600438507207
1.1116600438507207
1.1274533827515845
1.128622195621018
1.1273815061062047
1.1232436356756732
1.1436687134376449
1.1436687134376449
1.163823627196245
1.1573998248051767
1.1599358156557276
1.1578040598463124
1.1576045917385598
1.1550772063974335
1.1573737901680727
1.1470306709495999
1.1512030384465035
1.1531321428802
1.1575907256914046
1.1575949008476374
1.1578177236523448
1.1578177236523448
1.1486455726617788
1.157634248078805
1.157754548117646
1.1575238324109078
1.1533044474611698
1.1542243693107737
1.155683272294885
1.156135092532453
1.153808213977827
1.1536099806594762
1.1536099806594762
1.1314305533430098
1.1169368726120787
1.116733414229031
1.1193050795321489
1.1212225921715888
1.1065851396556505
1.0925929975548687
1.0959738641587158
1.091135751637587
1.0965598979186755
1.0987318192117697
1.0974362530910613
1.1259236102202075
1.1453094499534704
1.1426936876554195
1.1440052864215364
1.142756553817417
1.1374766121559907
1.1374766121559907
1.1372991251141495
1.1291156494666728
1.1208936137303056
1.1208936137303056
1.117258958475771
1.1182825735300252
1.1174575524657995
1.1014804160768008
1.1015971194846834
1.0959584133365763
1.096084527691483
1.0971458144967647
1.095481854804425
1.0970984879027879
1.095414021409062
1.095414021409062
1.0941863435759922
1.0941863435759922
1.1000507105370283
1.1011533893779781
1.101526551636888
1.1003831502206547
1.0988975706466597
1.0736837855733807
1.0808504012374869
1.0803919347644677
1.081733227501407
1.072495526303909
1.0736714310104383
1.0721197266910154
1.071733400954237
1.071733400954237
1.0707685519431422
1.0720342291192955
1.0691559324913193
1.08418444122412
1.08418444122412
1.0901913661394507
1.0835153615257311
1.0848054014753414
1.10924158021924
1.1098387479009955
1.1098387479009955
1.1098387479009955
1.105314941780177
1.1073996624898477
1.110142306781419
1.1117768840872866
1.102692299208352
1.0975047393353927
1.0975047393353927
1.0974576606315707
1.1001218701116542
1.1008419985527444
1.1110926069847484
1.0840929716701644
1.0756863361923168
1.0756863361923168
1.06941034077233
1.0682872713152076
1.0741445471295459
1.0765730610544937
1.0559169488998998
1.0575730843622213
1.0679333002405873
1.0657286138354352
1.0669714720819818
1.0699806012967794
1.0738309614844839
1.0821866115373753
1.0851754156199385
1.0800612348812437
1.0757705862570113
1.0805018685197545
1.0852221262779624
1.0852221262779624
1.0775383767832918
1.0775750720569914
1.0733245589889484
1.0939034509435361
1.0969346530464485
1.0972455567915342
1.0972455567915342
1.1003352752246838
1.0688655925391737
1.07738776716082
1.0751012111412837
1.0751012111412837
1.073036164753481
1.073036164753481
1.076025815200585
1.083899186243163
1.1039101959021678
1.1132386249747883
1.11356357698354
1.1007367689232384
1.1094837577756642
1.0949599153454292
1.1039705111212121
1.1078549678703344
1.1068851405959599
1.1078099210311554
1.1117999646854868
1.1129746644636482
1.114950636635325
1.104835783106475
1.109339857384222
1.1155562561851677
1.1160152402743377
1.1141031894878037
1.1126813235616868
1.106300946633746
1.0919437153841691
1.0915246578439746
1.0781375219787206
1.0761834800358674
1.069941366547788
1.0687211045760376
1.074183068636285
1.074183068636285
1.071685532399872
1.0856026444042848
1.0834832399799335
1.0861209438796762
1.0881244915742807
1.091382129602221
1.0950339906522786
1.1043021906596528
1.1043021906596528
1.1043021906596528
1.1037111538169848
1.0921413827711026
1.0940035431060806
1.0931843225883815
1.0926060393884585
1.0932523039301925
1.0915263126658925
1.088438444486675
1.088438444486675
1.094024739712161
1.0980046350080803
1.0988273656089682
1.1032274135199067
1.1059448246230748
1.1037991277889088
1.1142594206710155
1.1026108266754844
1.103183242659361
1.097823969390982
1.0869305445338293
1.0847280160387676
1.0989357193719547
1.0942921367188065
1.0958981971425792
1.0958923212178004
1.0996469084701432
1.099646188713425
1.0972263019173631
1.100212375346429
1.093158633262385
1.0901558962928295
1.0837855186847882
1.0839257546140353
1.0784646067466208
1.0785623972438134
1.0748732618566403
1.076594208817329
1.0717292531330287
1.0709390592861376
1.0734966283474245
1.0701193711649921
1.0718161399651116
1.0432379185381524
1.0439687923275647
1.0463813939066628
1.046288060062795
1.044451128881383
1.044451128881383
1.0215153888779087
1.0212428908069475
1.0160764090319858
1.016394128934072
1.0163134765782174
1.0148792463043625
1.0208493928597933
1.0217586664471239
1.0217586664471239
1.0314042707357989
1.0322472466214818
1.0415865672198636
1.0415865672198636
1.0375469903796575
1.0458775061337986
1.0374613444078822
1.0346710355249866
1.0346325941527053
1.033976677489954
1.0334694573455043
1.0334694573455043
1.0161298358614403
1.021704847704147
1.0236575809134931
1.0315681564450603
1.0301022413130407
1.0289297194784957
1.0295503394729508
1.0298816954821939
1.0221867927090762
1.0187364110621762
1.0171013994178615
1.0121727227398667
1.0121727227398667
1.0065095509458533
0.9933683222768706
0.9924609373838053
0.9831748769800019
0.9804014803857252
0.969627611440936
0.9675712415404469
0.9663526688250045
0.9659709378753015
0.9392961370199262
0.9411721693732478
0.9373007140467187
0.926764222088716
0.9283972439703478
0.9342845606992423
0.9342845606992423
0.9381684626099169
0.9450752221527362
0.927262664158698
0.9240231509941259
0.9251199402264709
0.9220847117663602
0.9241481906170125
0.9241481906170125
0.9203085000913178
0.9079108096877789
0.9065860075794281
0.9137509318605919
0.9128330210221534
0.9166061048912346
0.9165196212951524
0.9165196212951524
0.9165190338314596
0.9167068409155801
0.9163549984804168
0.9122415429741167
0.9112496118020352
0.9094047707176661
0.9058178367706987
0.9069923906940001
0.8874205440706215
0.8935404271394051
0.8927281467540413
0.8927281467540413
0.891537207285021
0.891537207285021
0.8726190965655046
0.8798471581628656
0.8818002804719999
0.8899989871185171
0.8899989871185171
0.8911428451103107
0.8911428451103107
0.8965638470526758
0.8856224396070466
0.8851154804955903
0.8921322941864874
0.8900998574175619
0.890928134663743
0.885767880761097
0.8878037849232981
0.8969614771241893
0.8883182933722098
0.8883160010051323
0.8939494861410758
0.8966446194469652
0.895968971464805
0.8900369960835126
0.8900369960835126
0.8881558061149871
0.8901712454593756
0.8917365221917692
0.8914182525383079
0.8913738945557352
0.8913738945557352
0.8819193603473084
0.8880873470437449
0.8963274761259927
0.90625028605867
0.900168730650888
0.8873292544397609
0.8994277498937483
0.8994277498937483
0.8978390418209712
0.8969979193555081
0.8943008396106017
0.8989445530716089
0.9002891373028605
0.9054126106180701
0.9094226222995919
0.9126882483604707
0.9119289156329368
0.9119289156329368
0.9068807440788543
0.8944909172302004
0.8913433225476941
0.8905125875182591
0.8905125875182591
0.8914672641019141
0.8912365275300066
0.8931309907083778
0.891177706777423
0.8897035317180717
0.882701292783171
0.8638306685880609
0.8638306685880609
0.8638306685880609
0.867671443590466
0.8635879653743923
0.8522865649212857
0.8447880825149994
0.8430087653892823
0.8457747303965827
0.8379862565671509
0.8395821127915839
0.8373275791378543
0.8379191018641253
0.8411866264074135
0.8486700883907858
0.8563080986705915
0.8371833988283947
0.8403424935939064
0.8403424935939064
0.8440958076560278
0.8440958076560278
0.8448094203281284
0.8373954336281949
0.841351959799974
0.8338220408627118
0.8389092778175988
0.8331427049664062
0.8413524407350402
0.8405643483757673
0.836147653133818
0.8302896656572298
0.8264394739719849
0.8244552177948469
0.8244647944982051
0.8158326560730339
0.815426585028401
0.8157761977716688
0.8273051943046066
0.8273754116892399
0.8267187046151694
0.8191076482982441
0.8141122315397097
0.817745858266814
0.8186739968407891
0.8192462828478729
0.8153979317643072
0.8072512534087324
0.7943585297012985
0.7862768476236119
0.7821526303895022
0.7690046866838998
0.7648701961280988
0.75968738019546
0.7626849385364688
0.760644021932206
0.7507582885771119
0.751287136307009
0.751287136307009
0.751287136307009
0.7440475863363868
0.7307113926230696
0.7267994315112477
0.7269430727846236
0.7269430727846236
0.7269430727846236
0.72705347547733
0.7225002067537157
0.7319111195131522
0.7363062854168968
0.7363062854168968
0.7320222217002416
0.7360986382857472
0.7328294587289337
0.7304677640563779
0.7328154603269982
0.7304014216677782
0.7351989728969394
0.7353485059726289
0.7323614721251531
0.7267682467833916
0.7176347679552315
0.7161694220008399
0.7123445315542366
0.6870963613445747
0.6848895402949884
0.6861440383166623
0.689017984069206
0.6870023937598151
0.6867119009789943
0.6902962511260486
0.6580268436005162
0.6516990853079309
0.6341833261497509
0.6383491910192932
0.6384542516765865
0.6328101768701727
0.6215135302500535
0.6213339442114961
0.6177201094783408
0.6226489657317333
0.6178701271275844
0.6176062146633984
0.6290660448443747
0.6374202376310129
0.6374202376310129
0.6372948010500241
0.633818700177699
0.6362112117973636
0.6332632547608504
0.6405146296469783
0.6405298880785592
0.645983775971364
0.6428034348885763
0.6407967368787072
0.6462289440007326
0.6462289440007326
0.6473389588922743
0.662994880025401
0.6638720825349248
0.6724097394218153
0.6721470601283163
0.6717142957167477
0.6717193203880888
0.6511668812745842
0.6511668812745842
0.6511668812745842
0.6431319148991211
0.6453648974042089
0.6459956511804861
0.6459956511804861
0.6359626641375414
0.6359626641375414
0.6359626641375414
0.6423624265505412
0.642890751276848
0.642890751276848
0.6312706106387378
0.633546696098343
0.633546696098343
0.6335733773925306
0.6182479610903128
0.619630109364975
0.6205725473975559
0.6205725473975559
0.6205725473975559
0.6249105858413229
0.6163469838258485
0.6114590490138577
0.6110727648788179
0.6121859273423136
0.6150784333143886
0.6156714364092168
0.6147787816413254
0.6158269671999684
0.6102610773599395
0.6081225537010156
0.6081225537010156
0.6092948395215959
0.609739807288039
0.6157014871317685
0.6157014871317685
0.6157014871317685
0.6157014871317685
0.6157014871317685
0.6179066055311098
0.6161583245153918
0.6109630552770288
0.6109630552770288
0.6212670955038735
0.6181145421753809
0.6198300717207403
0.6200802749665465
0.6200802749665465
0.6281268851727325
0.6283377965841923
0.6283863133816104
0.6324148701642455
0.6303128223447089
0.630033957584673
0.6223016651070502
0.616640194482822
0.615671878400172
0.6201738664173819
0.618979703690745
0.6197263465998948
0.6347909654260167
0.6483707127192272
0.6483707127192272
0.6597184553823622
0.6596979729296436
0.6596979729296436
0.6596979729296436
0.6609472063753324
0.6609472063753324
0.6614688673778497
0.6576229004671378
0.6553073399159718
0.6512929219320001
0.6482492658626893
0.6542473669477025
0.6541684207172314
0.6586337590703135
0.6526851961952514
0.6621442220877547
0.6610680882911582
0.6775935136648229
0.6843809217638533
0.6894255118600019
0.7058236971246055
0.6963450737302054
0.6960096236036494
0.696063247859336
0.696063247859336
0.7194607952020744
0.7171975553090032
0.7160235615819366
0.7171434155852702
0.7171434155852702
0.7209606560160416
0.7207600376755647
0.7201830930954127
0.7226273729273245
0.7219522053723982
0.7197706650694538
0.7197706650694538
0.7197706650694538
0.7136649794954245
0.714803903855363
0.7175492530170926
0.7176858051160165
0.7177246871412224
0.7165426636960656
0.7184431228712055
0.7135676924330416
0.7192874698456622
0.7181257872167665
0.7194329484572074
0.726926625068429
0.7270794691045673
0.7270794691045673
0.7304901324548811
0.7275147231165346
0.729513250726138
0.7294007653675125
0.7313626936912435
0.7336452436419074
0.7318162585069578
0.7313394125989721
0.7254419249459805
0.7276934704688451
0.7312796642884757
0.7326457474705474
0.7297062071367099
0.7159593831429039
0.7147450888595183
0.7147450888595183
0.7036056011772165
0.7036056011772165
0.7039604430893701
0.6998509954572348
0.6830557471758901
0.6846708825264938
0.6867016233796648
0.6816541364918542
0.680024464960456
0.6785120631128505
0.6785120631128505
0.6785120631128505
0.6815001984466453
0.6815001984466453
0.6813985685104571
0.6708119538382815
0.6710607062597433
0.6622341916080678
0.6608291604978993
0.6636728911655708
0.6590617820108639
0.6598212662637835
0.6627764660613483
0.657760709635598
0.6580970206823479
0.6617691243485367
0.6629980345345242
0.6500554159139607
0.6500554159139607
0.6484100908212647
0.6525240323055959
0.6562847609513374
0.6636556302660633
0.6636556302660633
0.6636556302660633
0.6697972803367007
0.6660713239293984
0.6620739212038358
0.6588551519900806
0.6578896665400021
0.6591511106027815
0.6570810241902987
0.6589583937609081
0.6589583937609081
0.659934390351726
0.659934390351726
0.6603058701230262
0.6603058701230262
0.6717787642141755
0.6717787642141755
0.6654300561449328
0.6656714868051472
0.666187036414836
0.6574410530804852
0.6557976402546796
0.6547406926625827
0.6574372082759753
0.6588774969605292
0.6579397622724837
0.6566962374802602
0.6566962374802602
0.656097780424833
0.656097780424833
0.6561224313152809
0.6547558499613365
0.6520636861302831
0.6639329572276296
0.6560601486125692
0.655872217640044
0.6554127528354037
0.6546277691595603
0.6546019629919544
0.6618529845108728
0.6586784581732854
0.6580601762412259
0.6579256544044425
0.6585356561052085
0.6604913887747654
0.6220550330133869
0.6238649974580122
0.6211165417864356
0.6244847529570619
0.6244847529570619
0.6222885162631451
0.624092821519623
0.6241482365060743
0.62446561032732
0.62446561032732
0.62446561032732
0.6260010411554536
0.6276037683727463
0.6257631923276227
0.6268371098578294
0.6270836514559653
0.6270836514559653
0.6235302075058667
0.614915929357209
0.5989104166997588
0.5981107481399345
0.5957829021873222
0.5966864342396602
0.5973927941632123
0.5982156314155419
0.5668652783629613
0.5659951568382152
0.5659970001893123
0.5708993844816772
0.5696891152758247
0.5687466923901948
0.5677999205496677
0.5634034860274632
0.5529331449100293
0.5529517734123564
0.5503392889687772
0.5608980583203662
0.5614271360482191
0.567206808395916
0.567206808395916
0.567206808395916
0.559968854972073
0.5633070270983288
0.5652627088459677
0.5704756573714842
0.5701005028149349
0.5712018275715415
0.5712018275715415
0.5755809602530815
0.5720611907039009
0.574916021589986
0.5715760526717893
0.5715760526717893
0.5716138328837367
0.5723094956059995
0.5769268149699428
0.5809669339947933
0.5809669339947933
0.5786671445116026
0.5931991668724556
0.5925946424476504
0.6024760521387478
0.6024760521387478
0.6151237344644236
0.611762745023894
0.6077548778483202
0.6032891306386035
0.5991815814262875
0.6045812791921811
0.6010791948977318
0.6006442632698716
0.6005090332268342
0.6059974324824955
0.6059974324824955
0.5948614638554438
0.5835407604807086
0.5735077274041016
0.5775503684951421
0.578920395967393
0.5790042762673735
0.5836494168202079
0.5845257841221505
0.5674528706601567
0.5676555935545731
0.5670050271916796
0.5725764718582625
0.5871224740153478
0.6033057965247602
0.6033057965247602
0.6031038575371234
0.6205631367096488
0.6196528802671578
0.6366304983557262
0.6356429298139903
0.6337234128874502
0.6147073751004936
0.6148437835966781
0.6148437835966781
0.6124481003375505
0.6050838387434918
0.6050838387434918
0.6050838387434918
0.6068530268963521
0.6068530268963521
0.6060461456613205
0.6060461456613205
0.6060461456613205
0.6056333586339905
0.5956066551788263
0.5940576037617302
0.602731366980155
0.6048130472327173
0.6080168111513965
0.5760692354098815
0.5760265509757854
0.580129510404983
0.5795347003737457
0.5851983755512645
0.5868591899277175
0.5820929240719365
0.5888947627204453
0.5888947627204453
0.5710113754765889
0.5710896159989816
0.5679760614580665
0.5769322738261226
0.5781163734545727
0.5783716986812728
0.5697321747943457
0.5898125477925381
0.5911389125278584
0.5885591899362782
0.5878523818294455
0.5901218666592418
0.5901218666592418
0.5901218666592418
0.5780758848882057
0.5776706074644458
0.5813885444942697
0.5817164551198654
0.5849261510018906
0.585166006470305
0.5774093170676042
0.5743525637454294
0.5736805609596899
0.5736805609596899
0.5754116559253218
0.5780246774726874
0.5780246774726874
0.578659091809479
0.5818956109170141
0.5818956109170141
0.5801135852028405
0.5811572666628915
0.5833681558344979
0.5858739132655801
0.5863145077774152
0.5836978874225413
0.5836978874225413
0.5791998498478768
0.5787583688280239
0.5804537348661877
0.5962129248950532
0.592609755841037
0.5836478243906899
0.5836478243906899
0.5910530696406237
0.5891404299497284
0.5887955893842421
0.5887955893842421
0.6029743985858315
0.5926648788355998
0.5926648788355998
0.590180293857451
0.590180293857451
0.590180293857451
0.5894873087341711
0.5742033274050073
0.5961027632038984
0.5954865500189991
0.593572876539702
0.5905688683182642
0.5948563809747156
0.5931500775596774
0.5931500775596774
0.5931500775596774
0.5910568461541323
0.5910568461541323
0.5911027563695135
0.5911027563695135
0.5911027563695135
0.5892748129385885
0.5916378762238185
0.5920649147956897
0.5913833745131836
0.5913833745131836
0.5913833745131836
0.5913833745131836
0.5923737601299507
0.5923737601299507
0.5936213213656648
0.5936213213656648
0.6002199776476267
0.6017422133368313
0.6164446153826043
0.6170176602501366
0.6197190646787748
0.6170406106589743
0.611583041654354
0.6117222171271472
0.6125911790625178
0.5997001225141044
0.6057294034913927
0.6076653444693302
0.6069260269311058
0.6153048138922674
0.6165692065104182
0.6165692065104182
0.614677504377817
0.614677504377817
0.5985397238496483
0.5985397238496483
0.6135998229046395
0.6209527498256009
0.6261135774736524
0.6221486228761772
0.6221486228761772
0.6221486228761772
0.6221486228761772
0.6080349516276384
0.5979231653445307
0.5978120096717507
0.5910603534480863
0.591405151309053
0.594832627603064
0.5938036834496414
0.5938036834496414
0.5879847550988005
0.5879847550988005
0.5872867237847668
0.5877325186487111
0.5881004746195219
0.5843887459306056
0.5936981992364738
0.6003174782908501
0.589472275420743
0.5971389779972653
0.587130109625543
0.5885196312043905
0.5851075524513824
0.5880250223525002
0.5874904809255843
0.5852425967908981
0.5880776585731757
0.5880776585731757
0.5825246357603159
0.577862428307976
0.5781190438853058
0.5781190438853058
0.5732017565027043
0.5732017565027043
0.5690893555405695
0.5678790876125753
0.5678790876125753
0.5688980460163425
0.5702067647336262
0.570856030571308
0.5774381267596806
0.5774381267596806
0.5770705353966026
0.5668111567760845
0.5668111567760845
0.5668111567760845
0.5655965899734113
0.5826529502423928
0.5820455930522973
0.6047577949907874
0.6047577949907874
0.6092600707626187
0.6092600707626187
0.6073399270990424
0.6073399270990424
0.6090480238991193
0.6082171878430626
0.6082171878430626
0.6081506947271006
0.6088752271277347
0.6088752271277347
0.5886769812845124
0.5878896807412338
0.5801476453838279
0.5801476453838279
0.5874379990670582
0.5928404464880705
0.5928404464880705
0.5928404464880705
0.5928404464880705
0.5952636690310457
0.5945432125310698
0.5952432581591773
0.6028520415049934
0.5961874360850902
0.5967781682432776
0.5967781682432776
0.6004844256892273
0.5999060970863117
0.6040854430975863
0.6040854430975863
0.605691887923011
0.6089249581170397
0.6107901856060748
0.6107901856060748
0.6107901856060748
0.6127228958915709
0.610436524882508
0.6107307613351614
0.6107307613351614
0.6114731356500703
0.6107120689566771
0.6086669908693872
0.6118942573748366
0.608440702723878
0.6012742693058503
0.6012742693058503
0.5839009794551334
0.5839009794551334
0.5766720679495914
0.579650748496504
0.579650748496504
0.5774023810792432
0.5774023810792432
0.577083927959775
0.577083927959775
0.5747798383493209
0.5802108094436728
0.5828883540825329
0.584750203334454
0.5815338979178172
0.5818810822680277
0.579119471932733
0.5788963422213199
0.5788963422213199
0.5851343062523521
0.5812637798362389
0.5812637798362389
0.5909815326308794
0.5795498981855868
0.5811866536849162
0.5726243714227327
0.5726243714227327
0.5726243714227327
0.5667310986214313
0.5667310986214313
0.5667310986214313
0.5523469672069399
0.5559856052770661
0.5559856052770661
0.5560564329610282
0.5437303727026309
0.5455630112055364
0.5455630112055364
0.5700058628253531
0.5570420021340513
0.5570420021340513
0.5480904900409403
0.5480904900409403
0.5455340778874399
0.5441345747288745
0.5579837259229986
0.5579837259229986
0.5579837259229986
0.5548402786405239
0.557109397602597
0.5551967883957676
0.5549935945624169
0.5549935945624169
0.5622030472811955
0.5716267807412118
0.5561597854604148
0.5445567749954631
0.5463382590843907
0.546773047886895
0.5456769427120598
0.5387468553046267
0.5350492420646382
0.5285588153904025
0.5291873508976267
0.5302026186193808
0.5404665280769796
0.539916511280422
0.530412671133222
0.5389150440353926
0.5196417050717627
0.5196417050717627
0.5166505039279137
0.5166505039279137
0.5169489224055865
0.5165010999636207
0.5255275255992521
0.5134342407029823
0.5134342407029823
0.5134342407029823
0.5134342407029823
0.514280440472492
0.514280440472492
0.5178995695655662
0.5178995695655662
0.5178995695655662
0.5176996412048229
0.5182897200298203
0.5182897200298203
0.5182259677722147
0.5211375973110868
0.5211744114180273
0.5211744114180273
0.5022482342300306
0.4981929578847407
0.49074136259763923
0.4859248572885418
0.4859248572885418
0.4842714975583047
0.48516352150441777
0.4894997721417334
0.4894997721417334
0.4894997721417334
0.5000152156047871
0.49027340241252443
0.49027340241252443
0.48481413686483515
0.48481413686483515
0.48481413686483515
0.48481413686483515
0.4854014833744563
0.4854014833744563
0.48857909029971214
0.48857909029971214
0.4822571659772488
0.48545818665789453
0.4851669567270723
0.4851669567270723
0.4821410238355277
0.4898118700177957
0.4760830236453311
0.48293344009644223
0.48293344009644223
0.46161986182850395
0.4618476089148095
0.4618476089148095
0.4618476089148095
0.46277692203814275
0.46277692203814275
0.46256760736871205
0.46401278278089747
0.4600554421441211
0.4679712857789857
0.4679712857789857
0.47406940617826915
0.47406940617826915
0.47406940617826915
0.4748734662367256
0.4659733812226667
0.46552118786372576
0.46552118786372576
0.46552118786372576
0.4668396322802805
0.47156754163167625
0.4703972912493191
0.4703972912493191
0.4681502869132442
0.45267856503530485
0.4537181618852219
0.4540082591410788
0.44281142871209783
0.441526104498476
0.441526104498476
0.45146883784476255
0.43150369016093115
0.42912574038352586
0.43519101872633703
0.4346863756903382
0.4346863756903382
0.4367332596537429
0.43683282811001795
0.43683282811001795
0.44520531608725533
0.44520531608725533
0.4539771084727244
0.4529635315009122
0.43787173874175683
0.43787173874175683
0.43787173874175683
0.43787173874175683
0.43787173874175683
0.4379013365672177
0.4379013365672177
0.4379013365672177
0.44018520985526916
0.43884585218922034
0.43884585218922034
0.43821529729547176
0.43670634501267924
0.43670634501267924
0.4365222386232879
0.4365222386232879
0.4365222386232879
0.4481287281638269
0.44727737378282345
0.44757892471690847
0.44757892471690847
0.4490115432760246
0.44944276813935075
0.44944276813935075
0.44944276813935075
0.4531811567039147
0.45461346831281446
0.4448396581337094
0.4448396581337094
0.4448396581337094
0.4487888702430074
0.4487888702430074
0.44855445599957
0.44468323507195084
0.43753406713320275
0.4253053397335346
0.4264308135135023
0.42109966409413646
0.39333864819225706
0.39333864819225706
0.39333864819225706
0.3926469510102619
0.3926469510102619
0.3926469510102619
0.3926469510102619
0.3909776948983053
0.3850826215464355
0.38803278108387107
0.38823273559037963
0.38744382239908226
0.39048447977653117
0.39048447977653117
0.39048447977653117
0.3888705101898806
0.3923570945482029
0.38884068510899017
0.38884068510899017
0.38642397501560627
0.37768063042265576
0.3742597710452574
0.37256424998434123
0.3731622724136538
0.37172934728752205
0.37196652239936845
0.37146067617406303
0.37146067617406303
0.378593392630228
0.3799156752884607
0.3791431784921468
0.37865437548848324
0.37865437548848324
0.3990088678465766
0.40359683372843
0.40653325120389217
0.38890024354197134
0.36822440046083454
0.36822440046083454
0.36822440046083454
0.3703166412103273
0.3683184493906126
0.3683340196787241
0.3665226421359599
0.36770586936005834
0.3728175883519378
0.3802510030375282
0.3802510030375282
0.4015893508587272
0.4015893508587272
0.38592068312227973
0.37937006842210963
0.36761845419357975
0.3679382232918054
0.38067467678011774
0.38312551588834093
0.3815248012123621
0.37896524990012503
0.3600609898698915
0.3600609898698915
0.36149574123050165
0.36149574123050165
0.3643851349434371
0.3611493796913984
0.3611493796913984
0.36414431325009905
0.36414431325009905
0.36282282344580713
0.36282282344580713
0.3612032158647961
0.36895742137903126
0.35129843085109635
0.3452939239751992
0.3453487331623995
0.32521421559046415
0.32521421559046415
0.32521421559046415
0.3175442167276456
0.31725542187527345
0.31725542187527345
0.31725445763416743
0.31725445763416743
0.31725445763416743
0.3182589068674744
0.32277405414440236
0.31664856674280606
0.317778698921374
0.317778698921374
0.317778698921374
0.3563729710401346
0.3563729710401346
0.36985850980031537
0.3692152560855043
0.3692152560855043
0.3692152560855043
0.3583976440097621
0.3671438554059299
0.3691087300542601
0.36616004882038644
0.3781207794997243
0.3890642287079105
0.3890642287079105
0.39478665688391273
0.39276440690245695
0.39273758156369454
0.39273758156369454
0.3909932126738444
0.39262275782899914
0.3973906061774312
0.40370619716112727
0.40568798079836504
0.40423151601179225
0.40423151601179225
0.40423151601179225
0.40423151601179225
0.40423151601179225
0.40334873722426884
0.40317751441862487
0.39856704142415983
0.39856704142415983
0.3985062199781092
0.39246115974010376
0.3893396508923267
0.3922052110262712
0.39420745298404797
0.39590911657132394
0.38069858558591346
0.38069858558591346
0.38069858558591346
0.38069858558591346
0.38069858558591346
0.3746387375948511
0.37962082727012775
0.37962082727012775
0.37958870650976706
0.38230720262690077
0.3870451130769622
0.3870451130769622
0.38712197053149133
0.38503306340470433
0.38503306340470433
0.39202572060005314
0.39222529231913855
0.397365600411553
0.3867192689918166
0.3869818135040563
0.38128580769892234
0.38125520604497987
0.38125520604497987
0.3808944177821715
0.3737898048468499
0.37870420182687103
0.3761846468672419
0.3761846468672419
0.37742282961149354
0.38159170271635334
0.3376008818113677
0.35948684832715616
0.35948684832715616
0.35948684832715616
0.36365940122469803
0.37446179558882814
0.3733189965768012
0.31725542187527345
0.311925276909823
0.311925276909823
0.3069183588521207
0.3069183588521207
0.3069183588521207
0.3069183588521207
0.3062930194722009
0.3062930194722009
0.3062930194722009
0.3062930194722009
0.3062930194722009
0.3062930194722009
0.2758432002776719
0.2758432002776719
0.2689944532819536
0.2689944532819536
0.2689944532819536
0.2689944532819536
0.2689944532819536
0.26599600336159007
0.26265595984005424
0.26265595984005424
0.26198269425437226
0.2615159104544473
0.2615159104544473
0.2615159104544473
0.2615159104544473
0.25854563826804255
0.25854563826804255
0.25854563826804255
0.25854563826804255
0.25854563826804255
0.25854563826804255
0.25865559558784285
0.2519683939006906
0.2519683939006906
0.2519683939006906
0.2519683939006906
0.2519683939006906
0.2519683939006906
0.24843611251327397
0.23267904404720868
0.23267904404720868
0.23267904404720868
0.23267904404720868
0.23267904404720868
0.23267904404720868
0.23267904404720868
0.2304872355638477
0.2304872355638477
0.2304872355638477
0.2304872355638477
0.23037244078055585
0.23037244078055585
0.2270182220358318
0.2270182220358318
0.2270182220358318
0.2270182220358318
0.2269727113143664
0.20663902693848357
0.20663902693848357
0.20663902693848357
0.20064617183189823
0.20064617183189823
0.18758397348554692
0.18758397348554692
0.18758397348554692
0.18758397348554692
0.18758397348554692
0.18758397348554692
0.18758397348554692
0.18758397348554692
0.18758397348554692
0.18758397348554692
0.18758397348554692
0.18758397348554692
0.18758397348554692
0.18758397348554692
0.18758397348554692
0.17552357139595867
0.16844140859166126
0.16844140859166126
0.16844140859166126
0.16844140859166126
0.16844140859166126
0.16844140859166126
0.16844140859166126
0.16844140859166126
0.16844140859166126
0.16844140859166126
0.16844140859166126
0.16842957093920313
0.16842957093920313
0.16842957093920313
0.16842957093920313
0.16925764905031043
0.16752518661332705
0.16752518661332705
0.16752518661332705
0.16752518661332705
0.16752518661332705
0.16752518661332705
0.16752518661332705
0.16752518661332705
0.16752518661332705
0.16752518661332705
0.16752518661332705
0.16752518661332705
0.16752518661332705
0.13478393100937872
0.13478393100937872
0.13478393100937872
0.13478393100937872
0.13478393100937872
0.13478393100937872
0.13478393100937872
0.13478393100937872
0.13478393100937872
0.13387875860106033
0.13387875860106033
0.13387875860106033
0.13387875860106033
0.13189087508275724
0.13189087508275724
0.13189087508275724
0.13189087508275724
0.12993464911216906
0.12993464911216906
0.12993464911216906
0.12993464911216906
0.13065214852819787
0.13065214852819787
0.13065214852819787
0.13065214852819787
0.13065214852819787
0.13065214852819787
0.13065214852819787
0.13065214852819787
0.13065214852819787
0.13065214852819787
0.13065214852819787
0.13065214852819787
0.13065214852819787
0.13064720774204566
0.13064720774204566
0.13034518298114223
0.13034518298114223
0.13034518298114223
0.13034518298114223
0.13034518298114223
0.13034518298114223
0.12990113025629857
0.12727548637883335
0.12727548637883335
0.12727548637883335
0.12727548637883335
0.12727548637883335
0.12727548637883335
0.12727548637883335
0.12727548637883335
0.12727548637883335
0.12727548637883335
0.12727548637883335
0.12727548637883335
0.12727548637883335
0.12727548637883335
0.12727548637883335
0.12727548637883335
0.12727548637883335
0.12727548637883335
0.12707773627777746
0.12707773627777746
0.12707773627777746
0.12707773627777746
0.12707773627777746
0.12707773627777746
0.12707773627777746
0.12707773627777746
0.12707773627777746
0.12707773627777746
0.11855118122015805
0.11855118122015805
0.11202919571389137
0.11202919571389137
0.11202919571389137
0.11202919571389137
0.11202919571389137
0.10281676964278402
0.10281676964278402
0.10281676964278402
0.10281676964278402
0.10281676964278402
0.10281676964278402
0.10199476675931204
0.10199476675931204
0.10199476675931204
0.10203601224094755
0.10203601224094755
0.10203601224094755
0.10203601224094755
0.10203601224094755
0.10203601224094755
0.10203601224094755
0.10203601224094755
0.10163846804289506
0.10163846804289506
0.10163846804289506
0.10163846804289506
0.10163846804289506
0.10163846804289506
0.10163846804289506
0.10163846804289506
0.10163846804289506
0.10163846804289506
0.10163846804289506
0.10163846804289506
0.10163846804289506
0.10163846804289506
0.08341073342431919
0.08341073342431919
0.08341073342431919
0.08341073342431919
0.08341073342431919
0.08337818822557466
0.08337818822557466
0.08337818822557466
0.08337818822557466
0.08337818822557466
0.07988418119998758
0.07988418119998758
0.07988418119998758
0.07988418119998758
0.07890534765290214
0.07890534765290214
0.07890534765290214
0.07890534765290214
0.07890534765290214
0.07890534765290214
0.07890534765290214
0.07971882598200898
0.07971882598200898
0.07971882598200898
0.07971882598200898
0.07971882598200898
0.07971882598200898
0.07971882598200898
0.07971882598200898
0.07971882598200898
0.07971882598200898
0.07971882598200898
0.07971882598200898
0.07971882598200898
0.07868165147709454
0.07836620329046745
0.07836620329046745
0.07836620329046745
0.07836620329046745
0.07836620329046745
0.07836620329046745
0.07746507556994839
0.07746507556994839
0.07746507556994839
0.07746507556994839
0.07746507556994839
0.07746507556994839
0.07746507556994839
0.07746507556994839
0.07746507556994839
0.07746507556994839
0.07746507556994839
0.07746507556994839
0.07746507556994839
0.07746507556994839
0.07746507556994839
0.07746507556994839
0.07746507556994839
0.07746507556994839
0.07746507556994839
0.07746507556994839
0.07746507556994839
0.07737043613081915
0.07737043613081915
0.07737043613081915
0.07737043613081915
0.07737043613081915
0.07737043613081915
0.07737043613081915
0.07737043613081915
0.07737043613081915
0.07737043613081915
0.07737043613081915
0.07737043613081915
0.07737043613081915
0.07737043613081915
0.07737043613081915
0.07737043613081915
0.07562239124214895
0.07562239124214895
0.07562239124214895
0.07562239124214895
0.07562239124214895
0.07562239124214895
0.07562239124214895
0.07562239124214895
0.07562239124214895
0.07562239124214895
0.07562239124214895
0.07562239124214895
0.07562239124214895
0.07562239124214895
0.07293296888423233
0.07293296888423233
0.07293296888423233
0.07293296888423233
0.07293296888423233
0.07293296888423233
0.07266764413889837
0.07266764413889837
0.07266764413889837
