0.0466667 0.0837644182727263
-0.0866667 -0.07683932254571735
-0.3733333 -0.38316760559339413
-0.1533333 -0.1777804584607173
0.0366667 0.0066135041761447855
0.0066667 0.0013537971697607232
0.7633334 0.7730756544809811
0.61 0.603755898576418
0.3833334 0.3486330061092023
-0.28 -0.27012853972216905
0.56 0.5792686146111858
0.1633333 0.15390540577808398
0.1266667 0.13971865802316433
-0.71 -0.7443482314036652
0.9666667 0.9724542774136853
-0.86 -0.8743289867838362
-0.59 -0.6017116427418445
-0.2366667 -0.2679873859105677
-0.4033333 -0.4001069694527891
-0.7566667 -0.82020170938111
0.7133334 0.7026913485618517
0.4233333 0.40110333566071377
-0.2933334 -0.22021085963900439
0.72 0.7005922886636269
-0.9666667 -0.9264535656323164
-0.9966667 -0.9858026725388632
0.9833333 0.9974344016675215
-0.6666667 -0.7014122485770928
-0.17 -0.13947694070918465
0.9 0.8756453456961117
0.03 0.07166148537638717
0.27 0.27857351118736434
