0.0466667 0.05478556811577673
-0.0866667 -0.08944620497151351
-0.3733333 -0.3532120799209923
-0.1533333 -0.14094549193934885
0.0366667 0.006396628078306099
0.0066667 0.013204363632299765
0.7633334 0.7496538548056382
0.61 0.6062541756997046
0.3833334 0.36459834346255765
-0.28 -0.27522038717416203
0.56 0.5841490134788626
0.1633333 0.17403794078627843
0.1266667 0.12704213626427038
-0.71 -0.7485574175716101
0.9666667 0.972151379333134
-0.86 -0.8764793474717127
-0.59 -0.5970876478144354
-0.2366667 -0.2767687559822199
-0.4033333 -0.41747012991463156
-0.7566667 -0.7399733242872913
0.7133334 0.6996508083782416
0.4233333 0.44058336630226785
-0.2933334 -0.3029770817582389
0.72 0.7036946795446163
-0.9666667 -0.9284072365489335
-0.9966667 -0.9992718408561112
0.9833333 0.9966655053137419
-0.6666667 -0.6881762931666633
-0.17 -0.1674868928941911
0.9 0.9075416842985268
0.03 0.020793757068386487
0.27 0.2637542608009126
