0.0466667 0.05583559131128407
-0.0866667 -0.12817665813839152
-0.3733333 -0.39935653795056714
-0.1533333 -0.17818517379098803
0.0366667 0.013169032688575999
0.0066667 0.025064859854905364
0.7633334 0.7613116076730135
0.61 0.5798271616170056
0.3833334 0.37494541200867515
-0.28 -0.2602038942859106
0.56 0.5479460801887952
0.1633333 0.16268320546815307
0.1266667 0.13044855526965088
-0.71 -0.7338005490288236
0.9666667 0.9814863158361751
-0.86 -0.8579756807859845
-0.59 -0.5713024346007403
-0.2366667 -0.26207843094432887
-0.4033333 -0.40421841115392915
-0.7566667 -0.7450287653137981
0.7133334 0.7948316484358215
0.4233333 0.4426579034964514
-0.2933334 -0.2943033639562115
0.72 0.7099185537896402
-0.9666667 -0.9296966699362994
-0.9966667 -0.9975474980221443
0.9833333 0.9752944367580718
-0.6666667 -0.6911116663320542
-0.17 -0.19934395435009106
0.9 0.899778100204518
0.03 0.0023032356489956496
0.27 0.2782874469799802
