1.5471958209067371
1.4230897963015654
1.4156673691625383
1.4120068073279872
1.4294082790298366
1.4238774743798797
1.4359184029747454
1.436991480942798
1.429029319654079
1.428667448711231
1.4268008568516017
1.4348889313724993
1.4274841591394212
1.4236685561801565
1.4248587852494903
1.4240262097335357
1.4335740080174593
1.4321927416833538
1.4288054030159967
1.4343078992076186
1.4359166707000488
1.4389351280039155
1.4427210687306922
1.4427210687306922
1.4427210687306922
1.4533578013180148
1.454750395573012
1.4543275168238825
1.4602064496494678
1.4575657831166478
1.457811658094931
1.447725415940197
1.4490124797706314
1.4229125072258624
1.419846555566172
1.4192117541064904
1.418420601809159
1.414235220403323
1.408990377518744
1.4228516396840964
1.4276800511808825
1.4350627706329744
1.4246829642298633
1.439607399733076
1.4290117492725976
1.4289600815825787
1.428827035640508
1.4198898091387993
1.4256613124352513
1.4478108098967848
1.4448887353927256
1.4530238739024353
1.4592737391145836
1.4591624349071879
1.4783922439734172
1.482674427856593
1.4753535121816785
1.4585464221583286
1.4584637623318406
1.4527947421491991
1.4417061144774097
1.449433627125576
1.4581374597733792
1.4516234436300404
1.4519349271941198
1.4426501911208816
1.4410565469544496
1.4272577273637106
1.4366418193763557
1.4188963856524335
1.425918052385384
1.4189385097356215
1.401711928218485
1.401633069875993
1.4029268607416965
1.4004573169968975
1.400386984417099
1.4089720478234207
1.396815772672523
1.3893575296037108
1.3889037431433076
1.3948782100585069
1.4037162106854417
1.411053516366232
1.4116020055193268
1.3935585198462075
1.397071446100995
1.3960416576094932
1.3770441657165793
1.3806747891537852
1.3650180221566597
1.3698207249136412
1.3788613634258768
1.373705684809604
1.3795030521937321
1.3797767940355097
1.3843252379311226
1.3836927328023565
1.3833547296337816
1.3913907277671613
1.4084631274748907
1.4023007770419613
1.397904738299438
1.3997117777753558
1.404957883882672
1.403068627125142
1.4052888452687644
1.3983378083315954
1.3967280835311373
1.3961435171713263
1.392802450143548
1.393505982144294
1.3929508778294237
1.400361002867213
1.4185032117707235
1.4307932069646203
1.431347436336025
1.4346981950158384
1.426995180459947
1.4262269040425768
1.4320094882897823
1.4297358023564282
1.4392431434638548
1.4345801870213633
1.4358287475659333
1.4384164159861503
1.4442409472258677
1.4244533641747936
1.4250880015287757
1.4372288748930002
1.438356648214768
1.4317208027215151
1.4400380408953064
1.431900216978308
1.4289563114027763
1.4118765256955943
1.3898685467005265
1.4020809775980478
1.4023669990183572
1.4200501078399197
1.4132665461021425
1.416858065306374
1.4164897910054268
1.4062068367260716
1.4188521584463867
1.417234943893207
1.4155522947160792
1.4165747727470923
1.4136015366017491
1.4136015366017491
1.4125617973954963
1.4125629171702838
1.4232259307635606
1.4065804289900297
1.4048696817387634
1.3942702711922852
1.3910764518019016
1.3943190415283235
1.3865807714495466
1.3967291287704038
1.3866431481219912
1.3776231716057652
1.3702028153700057
1.373542031859396
1.3818921412181635
1.3939460197298534
1.3952419828293035
1.3926681801823158
1.3929889078676407
1.400353273278486
1.412309772902585
1.4038888984917692
1.3957808776159957
1.3875455465171074
1.3787506494379678
1.3643583851327958
1.3715220892299518
1.3674368488136002
1.3624518207258545
1.376680319472788
1.3750794880050836
1.376912789189645
1.384551071000552
1.386582549738483
1.3887763054885367
1.3937025671353926
1.3903942351079244
1.4074751768800788
1.410635912754249
1.407073051999746
1.4022785553834929
1.3858600098010938
1.3846622083563958
1.3855051336829867
1.3909440782690659
1.387761499958135
1.388167113429847
1.3873259182847162
1.3880185132073266
1.3881565592333498
1.3912241753812302
1.3912241753812302
1.3818997774454083
1.389050407436006
1.3849683973796465
1.3924831927436432
1.3926689371958991
1.395281984015262
1.3947526387769833
1.3919177136937222
1.3872579486995138
1.3834343389861667
1.3775338254007843
1.3782186782544064
1.3742472506455934
1.3740340428803424
1.384157188763654
1.3765181928811785
1.3729310026734525
1.3756543721106815
1.3751329379268484
1.366655592862193
1.3599384698163908
1.3594929286759088
1.3596583509832092
1.3591524329919127
1.361492012093881
1.3595980384837096
1.3591697888670835
1.3727315060432435
1.3735683368832747
1.3715450163302267
1.3803593397614624
1.3851274714730524
1.38775003678677
1.39026348334596
1.403674614183528
1.39968937912173
1.4086604432800023
1.4193435907821637
1.419360284286216
1.4171481641149848
1.4297741738945549
1.4390998949220326
1.4390998949220326
1.4335048143295954
1.4335876007701565
1.4483720677387075
1.4487692953169928
1.4390871492670152
1.4390871492670152
1.4303094860162486
1.4387643463064368
1.4374986264258556
1.447353191309778
1.4755449384438284
1.4756939832966933
1.49865065983062
1.4969188453368267
1.4970098536910534
1.4972459827632731
1.49272748692039
1.4911240941852888
1.4911240941852888
1.5006007184684078
1.5028805363169362
1.4853505720406779
1.4829512327736132
1.4909047879819664
1.4766362698381468
1.4782697508905032
1.4699171156337365
1.4584505466485276
1.4673995582675106
1.4558966669841857
1.4515737896500884
1.4626848311645662
1.4584224301723634
1.454355703212821
1.4551953299248552
1.454541356237705
1.455763967784439
1.4569433299581835
1.4587389778127393
1.4599592011759892
1.4547401276446918
1.4477692023751683
1.440806879299192
1.4470592795526507
1.4711185240820082
1.4775573925197922
1.5014795557213911
1.501781035060716
1.5115115343560412
1.5119772454068978
1.505975140850604
1.5021785282915165
1.4959660579520575
1.5015151552024166
1.5091218489004905
1.5083103314033905
1.5099021988861072
1.5133837678270636
1.5101961523761511
1.5082444746817063
1.4972471527270885
1.4985733541992667
1.5020326053453787
1.5004929908409932
1.5049533376255917
1.499987617178167
1.497697800880104
1.5053697787315197
1.4928360338242515
1.474434524989641
1.4736277852468715
1.4799867492496717
1.4881042252422907
1.4902398914599564
1.492015565503465
1.48737139504921
1.4780948892554733
1.4777831100919807
1.4711206767740481
1.4692409500717107
1.4695849737699611
1.4700896085224007
1.473470512821663
1.4782104653436476
1.4630286958446257
1.4613915470691639
1.4718146577384115
1.475893175228406
1.4759928661198973
1.4757284365374652
1.4775776078001701
1.4866705746006383
1.4845550822725708
1.4856636029064652
1.4585572262775746
1.4534843273850018
1.433963501934213
1.4355249947246305
1.4279478226775302
1.4002184111715625
1.4027360819990125
1.396287339938236
1.3972993857168996
1.4135246100328547
1.4133351410210766
1.4072594491091135
1.4218252464965224
1.4041452370847165
1.4052972202572824
1.4049850864287234
1.4065189702911745
1.3940489330238792
1.3791726202241466
1.376001876264078
1.3755217638188448
1.3836366368156463
1.405753025393357
1.4193671801049057
1.4220297432572218
1.4171872991887766
1.4265596643075222
1.4312160528496387
1.4260656939915037
1.4267476550168974
1.4404527450534528
1.4450593652610135
1.4319056998089283
1.4326178929732873
1.429459626545079
1.42739703111076
1.4143036369209272
1.4131988911117175
1.411201296642932
1.4278198568507392
1.429679466427145
1.4290913909585345
1.4050614690732666
1.3945159137784393
1.399800218499348
1.3999973072790213
1.4006775738092623
1.4018372595110722
1.4018372595110722
1.409720846169234
1.4135687116866544
1.4129197545783294
1.410472028679001
1.417150562053489
1.420235245661488
1.422534715908187
1.4171825850116893
1.4171825850116893
1.417876569327467
1.410876099489345
1.4051413355212428
1.4071981129682325
1.4015990896307953
1.3982133298758397
1.3974443237138767
1.3832259689713615
1.38367242015515
1.390482717631095
1.392164313879233
1.3865751429884334
1.3758044128837756
1.3683958293857725
1.3689758046574765
1.3700171861167307
1.3703285072444336
1.3697738662352763
1.3693983654870339
1.367935561418599
1.367935561418599
1.364174547214439
1.358619242076134
1.356404158205118
1.3429950339332317
1.335845749594936
1.3140914065125662
1.323547585110438
1.3236883721746866
1.317756911136788
1.3024546431038806
1.3297998784364131
1.3370200176573241
1.3370200176573241
1.3380064317783233
1.3399283895288803
1.3399283895288803
1.3377012944076687
1.3394684520762867
1.3433678993502174
1.3532723766106567
1.3536330095713363
1.3550449998642387
1.3624021856147646
1.3668100552604985
1.3786995568411327
1.3890621492446114
1.3874366588005422
1.3867937945518836
1.3779947719966446
1.3845620133327148
1.3845620133327148
1.3838267337797796
1.384990526066183
1.383314659428102
1.3600312700467998
1.3600312700467998
1.35945610412227
1.3598542205766313
1.363643624630685
1.360995795226423
1.3835012777375448
1.3816043995738365
1.3798629924387404
1.3793286271677097
1.359444331191671
1.357664592939672
1.3606816945882407
1.3603985960890088
1.3603985960890088
1.3698003507447611
1.3621501501916968
1.3654598213785465
1.3450831088258053
1.3477486260680982
1.346904985041219
1.334126909053833
1.3188567049704178
1.3268468688762474
1.3221029663665582
1.2994794354998151
1.2889706279912705
1.2833480468678644
1.298268005646542
1.3010662093201515
1.2993054789923029
1.3167326634349341
1.3109393646452108
1.312342188444832
1.312342188444832
1.3229486374521922
1.3234469637045774
1.322936334860852
1.320582655671662
1.3179372746579123
1.3148603310667628
1.3114624339844425
1.307518633523991
1.3124336640399878
1.319542686514992
1.3249524497162521
1.3461582427901864
1.3461582427901864
1.3361629072960803
1.3352989254882583
1.3352989254882583
1.3368021712259202
1.3368021712259202
1.3511633286714824
1.3511633286714824
1.3494626550195734
1.34649213737746
1.354488117821074
1.3548536477435043
1.3584732100395822
1.368302561368004
1.361170882019999
1.3736112426611178
1.3776813516470203
1.3644765297670984
1.3671760020616266
1.3582738420406362
1.3559051933178594
1.3373858156412133
1.3411250582490726
1.3661426512278574
1.367595610228784
1.3731505999618223
1.3790705357349355
1.3884293885068557
1.3917872500916455
1.3814874293672905
1.3825607886873517
1.3803372837417962
1.3915235521906186
1.3925639986616154
1.4097616522455905
1.4078553610938098
1.4017910080772724
1.4020084460030777
1.3927330691423148
1.3904542069553971
1.3982578667601377
1.4079933855460647
1.4114912865969063
1.4084462655224608
1.4085710545090697
1.3945843985526767
1.3945843985526767
1.4068165908448746
1.4094171936170843
1.4100265388464026
1.4072864967166652
1.38389270126488
1.3815602308646833
1.3548601945739298
1.3452243609575365
1.3379938319937268
1.3378778331483736
1.3280836594270944
1.3280836594270944
1.3274785534912632
1.3280897458036773
1.3558891224772471
1.3599327834067272
1.3599327834067272
1.3599327834067272
1.3679316079597545
1.37076185799808
1.3662288759418826
1.3579586935726575
1.3404624001309684
1.3419814299244082
1.3594776301445766
1.3415704915232964
1.334955085456739
1.3331593622758
1.3315209462521747
1.3071186926499712
1.308645806105418
1.3050668960022576
1.2905458161065169
1.2894150466828163
1.2813504660295232
1.2775802459877788
1.2879091544333263
1.2834457571830193
1.277907043797885
1.2783945211383023
1.2813465815307175
1.282285108331975
1.3003367262696
1.3012660749826053
1.3139474970224636
1.3120685815132627
1.3076785244745193
1.309903126790779
1.3070178913176256
1.3070178913176256
1.3073404995701727
1.3093088901965981
1.3111399801247903
1.3111399801247903
1.3246251608405704
1.3261367675852869
1.3195775899953086
1.3110370966891638
1.3085819227781004
1.3076472026557973
1.2878433152748765
1.283073704659277
1.2827781360161985
1.2913611418145257
1.2889194938856017
1.2956031770758119
1.293885650503486
1.2940408110345147
1.2940408110345147
1.2936167191317345
1.2973589781784556
1.3082191900558384
1.3153586240114674
1.3019342347178873
1.2883209797591915
1.2923577859437632
1.2821828072859247
1.2787432997059833
1.279407014824529
1.292515498152118
1.2852661293970753
1.28872028516321
1.2894634776870904
1.2853606353150615
1.2856688482181828
1.2874322290617166
1.290977770268836
1.2908333239134706
1.2824548716819526
1.277251083362551
1.2882726427804316
1.2836386268402569
1.2836386268402569
1.2833773402120545
1.2962863250894352
1.2962863250894352
1.2904241889688155
1.2904241889688155
1.2976388897526783
1.2976388897526783
1.28637624272869
1.2863276538388726
1.2763853360485802
1.2657302908491455
1.264633635053955
1.2694418292114082
1.272809296293269
1.2648743440925652
1.256453462646584
1.254478749324169
1.25516906085944
1.255245315866332
1.2485861735673085
1.2499894495292556
1.2623932539290934
1.258058126637555
1.258058126637555
1.2639941889468334
1.2386679508394178
1.2339983424588892
1.2488056722147416
1.2488034473436114
1.2382188986728582
1.221788727053114
1.212025412325941
1.206005370554728
1.2054704963776035
1.2042766438420853
1.2075989183939575
1.2089369610907668
1.2098209706595775
1.217025098737957
1.2147232654340374
1.2100127360776443
1.21733532676553
1.2283509625305542
1.2244629771907813
1.2133806098090607
1.2133806098090607
1.2107252105194752
1.2122209269182325
1.212182924737762
1.2108109638086524
1.2091214282494074
1.2002528000267594
1.2001300370644203
1.2022709366867381
1.2028322141118448
1.2121010616901389
1.2151001702274484
1.2173990387532945
1.198444381264576
1.1985190543421265
1.1936229291047862
1.1937393851378806
1.198618225282078
1.199715857243321
1.194621609799366
1.194871904949826
1.194871904949826
1.2065174353245893
1.192442173847133
1.1902580150863507
1.1700745089658109
1.1680218955840356
1.1755344831215258
1.176509019410032
1.1626419421906606
1.148280051459542
1.17304149787254
1.1747481326266722
1.1746708118951126
1.1746708118951126
1.1774055255853242
1.1775620374319546
1.1793674640621952
1.1793674640621952
1.1794448341887067
1.1780763765542452
1.186953286472294
1.186256713821612
1.1923755560656593
1.1934657223505114
1.185817748340861
1.1793587063894053
1.1728190527759514
1.1776005074854308
1.1645113813835528
1.1546630664724253
1.1568745305386487
1.1621802983231484
1.1594261349251251
1.1560329869667982
1.1546359162322688
1.1517140149683105
1.1494416941683974
1.1391424682445683
1.157343200666944
1.1776559532922533
1.1776559532922533
1.176602053408642
1.1599577701781916
1.1597988020107008
1.1492878015379697
1.1483711476828047
1.144581813864045
1.1616668282742821
1.1627921344447094
1.161362657462023
1.1638382735265353
1.1675073664088385
1.1710919442049095
1.1778842017551687
1.1795876266083423
1.1752120193241273
1.1762860837039617
1.1757981790164556
1.1762188078533309
1.1723977696112182
1.165408355884572
1.1667160933540106
1.1636333008130857
1.1582926814778147
1.158903038030335
1.1586065756274293
1.1475245979516235
1.1490040992239334
1.1428319308050332
1.149868325902213
1.146599027066971
1.1453779284702024
1.1365616043969384
1.140140192193821
1.1525015337932338
1.1485142770027965
1.1309519369292471
1.1489516764049983
1.1312878582152437
1.123795512275442
1.1166450662349496
1.121303062164193
1.1207260932689478
1.0918132873494433
1.092188063382774
1.0883668152141004
1.0802984708056895
1.0802984708056895
1.0871367457794932
1.0794174903364533
1.07993036691953
1.0784980309938406
1.0667194210514777
1.067716488121836
1.0671558444239941
1.0681150140753362
1.0682914670203925
1.0712590190817433
1.0712590190817433
1.0634103505129706
1.0517147999500513
1.051714116115919
1.051714116115919
1.0459055474658598
1.045905973828307
1.0424874888785516
1.0548642200571925
1.0591429126472791
1.0604052903551677
1.0688862419717493
1.0734180833098956
1.048094569221201
1.0493061179261371
1.0493419222601075
1.0493419222601075
1.051035445605251
1.0437411027455334
1.0305066535224285
1.0305066535224285
1.0253829484201333
1.021989333446843
1.021989333446843
1.0261393683424116
1.0252093101233895
1.0335041302197157
1.0320538257184293
1.0240972935840982
1.0193764758559118
1.0260944419716005
1.0218017988639163
1.006629940654925
1.0053527698604452
1.0017479899988693
1.000913715394238
1.0014390515559353
1.0046258300500828
1.018616401903519
1.018098535852391
1.0235310001863251
1.0231623273057964
1.022714275516144
1.0170690252686572
1.0174911138792953
1.0164453498360273
1.0175633790816263
1.003363382047232
0.9931996511791351
0.9942043628401802
0.9939330957184123
0.9822118763320271
0.9913398927667796
0.9886493051914089
0.9886104072625425
0.9885431578387538
0.9626435486491673
0.9626435486491673
0.9585943239961924
0.9733315510974816
0.97588412563627
0.9755625939153758
0.9761137014153061
0.973345654242056
0.973345654242056
0.9792317402625202
0.9735102529114099
0.9811782041674145
0.9811782041674145
0.97518169112319
0.975327607187003
0.9814476819798332
0.955833352524884
0.9531388616524171
0.9541408754637497
0.9337100382926229
0.9337628394617303
0.9243125859791718
0.9243125859791718
0.9196523159492801
0.9222558955519459
0.9228706007301242
0.9271461347596376
0.9263106591709803
0.9202772104931143
0.9202772104931143
0.9199850852382095
0.9209864597513966
0.9246363726597675
0.9139250153117341
0.9059884927502011
0.908872876305379
0.9016277899578694
0.9028766475872573
0.9043860280776648
0.9110515604268711
0.9125874878008978
0.9147612005990291
0.9114634969671788
0.9211516666214851
0.9184290198403017
0.9138803946209669
0.9104540030835925
0.9068759648950688
0.9068320019064893
0.9147571446208788
0.9147571446208788
0.9219535379326547
0.9226343264351811
0.9213505450643659
0.9250933704515474
0.9284791187509952
0.9289811180539373
0.9282666873521844
0.9272781041989505
0.9056966507549811
0.9012132841825067
0.9038481863457748
0.9038481863457748
0.9110785343038212
0.9091288266469978
0.9082229799943455
0.90360017079257
0.9065796040966303
0.9072160446920833
0.909330597179213
0.9174553350556363
0.9113404476879772
0.9054377808891734
0.8990116984884083
0.8952670561858548
0.8952670561858548
0.8943982226650136
0.8954248091905898
0.8954248091905898
0.8935142331694441
0.8925866600476662
0.9116910816399597
0.9115713622059052
0.9164192539215342
0.9033527875300129
0.9033527875300129
0.9031925151259325
0.9078161755591516
0.9096678800506484
0.9137549687003304
0.9128343133691317
0.9090131062571237
0.9058660090142889
0.9044897128153989
0.9087839299240364
0.9159875429468094
0.9159240841517864
0.9153957584806515
0.9157875072228605
0.9049842711654733
0.9167069975413843
0.9187664352184272
0.9172616863985098
0.9210786905796212
0.922370907229419
0.9293972615238129
0.9371163319383974
0.9371163319383974
0.9353252490687478
0.941914002135921
0.946203737207285
0.9459744046999822
0.949430157798009
0.949430157798009
0.9470252888276334
0.9465869071955619
0.9328893443850292
0.9327094665983102
0.9324711546871594
0.9321582094020796
0.938717446768969
0.942917172127831
0.9444413295446595
0.9501751920770525
0.9423335188535873
0.9407221446781275
0.9389299755335613
0.9442604751869459
0.945819667194434
0.9455692791412242
0.9410859026620482
0.9410859026620482
0.9407711071439187
0.9482644284339294
0.9482644284339294
0.9654454637421771
0.9732574104495294
0.9823888347138865
0.9925830470560616
0.9783210440138548
0.9803241585411114
0.9772473193453765
0.9771240763249216
0.9760134184639254
0.9760134184639254
0.9810679171294509
0.9573663092971999
0.9595831003338957
0.9647614206945341
0.9767254439525206
0.9823467767029522
0.9878061780066965
0.9794626526715501
0.9747059891305072
0.9728340817612056
0.9728340817612056
0.9728340817612056
0.9714425434082873
0.9706299494762514
0.9706299494762514
0.9506877889589845
0.9506877889589845
0.9548080005629314
0.9550949664929022
0.9550949664929022
0.9556268454270006
0.9567643815475269
0.9563948168880562
0.9483836732395624
0.9229709953882768
0.9208011490800755
0.904125649233925
0.8963472427541627
0.8974151930514171
0.8974151930514171
0.9039790733837305
0.9123086592128363
0.9123355601128907
0.9156989737639556
0.9282623677016496
0.9337628840590037
0.9311976561120335
0.9301507542719593
0.919194612816794
0.919194612816794
0.9263291122619955
0.9293864287799725
0.9334154076087093
0.938427821404259
0.9386141365373197
0.941196603373209
0.94248951992597
0.9432154259821851
0.9442988589827046
0.9359605334520387
0.9359605334520387
0.9266477692209003
0.9258848328147993
0.9341403157495873
0.9352273605315184
0.9352273605315184
0.9352273605315184
0.9352273605315184
0.9254412355914363
0.9424469597890325
0.9393128221989336
0.9458402447225108
0.9497141346114444
0.9497141346114444
0.952721237696156
0.9473410222206923
0.9473410222206923
0.9473410222206923
0.9586522836837007
0.9572238556594355
0.9562405565252835
0.9546639269966525
0.9592773731004621
0.9607203854779982
0.9573356533778177
0.9573356533778177
0.9570284225151164
0.9480074141506234
0.9480074141506234
0.94581459594302
0.94581459594302
0.9438551739624685
0.9438551739624685
0.9387355355969422
0.9335236845548268
0.930752057177689
0.9316644092064588
0.9316644092064588
0.9301741635992294
0.9299891958480146
0.9247161019123554
0.9277470938568011
0.9277470938568011
0.9271432190072932
0.9241593214603335
0.9111508097378563
0.9111508097378563
0.9111508097378563
0.9080482331801357
0.9082828941825288
0.9082828941825288
0.9053625977008045
0.9055618291543189
0.9055618291543189
0.9069891906701201
0.8969065079417717
0.8949528599154561
0.897217640754975
0.899478521157399
0.9068601399457761
0.9078246404759223
0.9068372340844626
0.9127481826878918
0.9110528198971667
0.9115859603155313
0.9100424849801847
0.9032808798963672
0.9051450681818304
0.9074974016842696
0.9089911350793041
0.9231066638884595
0.9231066638884595
0.9078010044089295
0.9026622798452366
0.9060585746014719
0.9135109430384348
0.9152771118035657
0.9152771118035657
0.917883326334124
0.917883326334124
0.917939945697773
0.9179885038268022
0.9183725083311316
0.9208281523879833
0.9202419458739556
0.9201199388800694
0.9183554384863825
0.9153069863869401
0.8996776889471869
0.8996345854220186
0.8992590362812594
0.8992699625550102
0.8893168176788477
0.8893168176788477
0.8893168176788477
0.8861114151601457
0.8925816442418012
0.8925816442418012
0.8932524479429935
0.8933287042145528
0.877586667466182
0.8794028336239899
0.8777918172003355
0.8800268162149112
0.8765662070241416
0.8764245022549154
0.8764245022549154
0.8787826566396535
0.8758802818883081
0.8797731634361458
0.8804802713790537
0.8770064613150726
0.889563951301931
0.8886074530752767
0.8871301601055204
0.8871142858180905
0.887732816124929
0.8801657061369268
0.8809824047298415
0.8809824047298415
0.8858900280108422
0.885432447322144
0.8937821472441388
0.8937821472441388
0.8885812093071188
0.8884871127066046
0.8842072908008672
0.8842072908008672
0.8796953418523439
0.8797849849414618
0.8794755047275442
0.8854947057707149
0.8858996820837991
0.8881136240565888
0.8846051686049292
0.8819930931446601
0.8793310154476783
0.8654132837071762
0.8654132837071762
0.8722638848007395
0.8728908880968285
0.8721733719652693
0.8721733719652693
0.8548729642513209
0.8556352047815471
0.8556352047815471
0.8508996084668322
0.8564048783117407
0.8564048783117407
0.8490446027383749
0.8637217759029108
0.8485495767779532
0.8485750814032463
0.8519019442814465
0.8516406907852647
0.8516406907852647
0.8623813427572995
0.872954259944732
0.8715045026553274
0.8708657345113104
0.8625108825904886
0.8625108825904886
0.8581914080732711
0.8497512169661734
0.8367464960887798
0.8307097163445427
0.8307738866307249
0.8307738866307249
0.8307738866307249
0.8220290719655956
0.8246823923762513
0.8246823923762513
0.8280699648232847
0.820845536300049
0.8202932532573521
0.8165024440301719
0.8165024440301719
0.8145144990484828
0.8107145866188444
0.8035442008230199
0.808058695079225
0.8110562230121351
0.8025774194914291
0.8025774194914291
0.794131156750365
0.7866591829540759
0.7893644331208848
0.7893644331208848
0.787659736401736
0.787659736401736
0.7896394241003766
0.7886571892741144
0.7855599162856912
0.7855599162856912
0.7844881902882134
0.773451106547942
0.7730952163179491
0.7577584101159976
0.7528814733293249
0.7531655155931526
0.7534678647445118
0.7376051782743384
0.7376051782743384
0.7376051782743384
0.7376051782743384
0.7376051782743384
0.7376051782743384
0.7392617232194986
0.7358261145126035
0.7357626272802178
0.7333607814198388
0.7317840436743562
0.7317840436743562
0.7317840436743562
0.7317840436743562
0.730679445414929
0.7107754665600611
0.7170532586140654
0.7220626109814687
0.7220626109814687
0.7226473023487022
0.7226473023487022
0.7183612694485155
0.7144364192912133
0.7144364192912133
0.7144364192912133
0.70913737166489
0.7128810052336335
0.7128810052336335
0.7080637556519518
0.7080637556519518
0.7162798962108388
0.7162798962108388
0.7162798962108388
0.7146904762197449
0.7146904762197449
0.7146904762197449
0.7146904762197449
0.7086046273928571
0.7086046273928571
0.7086046273928571
0.7088608615475838
0.7086070269026767
0.7086070269026767
0.7114590888921011
0.7113109931046149
0.713343809517861
0.7132990320014871
0.7135122636212878
0.7175973549910794
0.7079793682076316
0.7109845907671379
0.7133094036630165
0.7127251843503214
0.7136131559018343
0.7136131559018343
0.7136131559018343
0.7136131559018343
0.7136000695817736
0.7136000695817736
0.7040938878498031
0.6785246424523419
0.6749665548332437
0.6749665548332437
0.6749665548332437
0.6762918303067836
0.6762918303067836
0.6587383805703361
0.6585718990576687
0.6528367920092845
0.6528887188062658
0.6528887188062658
0.6540911060787198
0.6528936078896999
0.6555575683129063
0.6543663822676566
0.6543663822676566
0.6540792300152783
0.6542166398890938
0.6547655098266751
0.6595801797678176
0.6450657506863784
0.6341659135133985
0.6341155928562036
0.6139223570729677
0.6157643489309539
0.615756152038799
0.6142015440617437
0.6153192549389671
0.6150054272295044
0.6127137887428982
0.6160072678629519
0.6017141216353311
0.6017141216353311
0.6017141216353311
0.6017141216353311
0.6005046942184858
0.6005046942184858
0.6043255369545388
0.5980662907720697
0.5980662907720697
0.5888980627276302
0.5863606167270877
0.5863606167270877
0.5833594978387076
0.5851817364149123
0.5851817364149123
0.5861571608083594
0.5892824041630206
0.5916112011315279
0.5932712430200303
0.5896567689736305
0.5896567689736305
0.5860281393775104
0.5690265543912494
0.5673715546185422
0.5619319270262891
0.5562565755629039
0.5596539566406338
0.5595462869299693
0.5595420398208804
0.5586344539591859
0.5586344539591859
0.560016067315451
0.5304342319493851
0.5304342319493851
0.5369135646868705
0.5340829500720989
0.5340829500720989
0.5340829500720989
0.5340829500720989
0.5321031238085466
0.5340772680421007
0.532696587287082
0.5366343966432523
0.535783798500884
0.535783798500884
0.5313964436757715
0.5286210209650003
0.5285891368415634
0.5285891368415634
0.5285891368415634
0.5285891368415634
0.5302550025524175
0.5302550025524175
0.5293980563040421
0.5441817097085727
0.5130633265578927
0.5130633265578927
0.5130633265578927
0.5130633265578927
0.5140499054984894
0.5140499054984894
0.5134499850500045
0.531415172615044
0.5350066691982975
0.5308319480293554
0.5308319480293554
0.5308319480293554
0.5284533968424262
0.5284533968424262
0.5284533968424262
0.5284533968424262
0.5271596659523469
0.5364820018080393
0.5359556300438786
0.5379078732960514
0.5379078732960514
0.5381019489695149
0.5448782244795156
0.54803213697906
0.5469184610947314
0.5469184610947314
0.5532897639329676
0.5532897639329676
0.5404384712967849
0.5404384712967849
0.5404384712967849
0.546249681370286
0.5458237358809614
0.5458237358809614
0.5384283437723794
0.5285196584938404
0.5285196584938404
0.532014983399266
0.5379273136941926
0.5130633265578927
0.5101111658029392
0.5101111658029392
0.5095429554115748
0.5084132129953669
0.5026283136312034
0.5026283136312034
0.4884739857989896
0.4884739857989896
0.4881087904947942
0.4824079365945663
0.4824079365945663
0.4720822353830356
0.4720822353830356
0.47383214683661434
0.47383214683661434
0.4725573512216753
0.4725573512216753
0.4708937194730475
0.4657465683102038
0.4657465683102038
0.4657465683102038
0.4657465683102038
0.4657465683102038
0.4657465683102038
0.4603788669417356
0.4603788669417356
0.46029746307671005
0.46029746307671005
0.46029746307671005
0.46029746307671005
0.4483418593902158
0.4483418593902158
0.4483418593902158
0.4483418593902158
0.4483418593902158
0.4483418593902158
0.4483418593902158
0.4475277047666443
0.4463106924808609
0.4463106924808609
0.4463106924808609
0.4463106924808609
0.4463106924808609
0.4463106924808609
0.44494084861200994
0.4452092377305072
0.4452092377305072
0.4452092377305072
0.4452092377305072
0.44450924058196356
0.44450924058196356
0.44450924058196356
0.44450924058196356
0.44450924058196356
0.44450924058196356
0.44450924058196356
0.44450924058196356
0.44450924058196356
0.44450924058196356
0.44450924058196356
0.44450924058196356
0.4322505425387574
0.4322505425387574
0.4322505425387574
0.42848442220063243
0.42848442220063243
0.42848442220063243
0.42848442220063243
0.42349592162186644
0.42341301193685255
0.41710678886583
0.41710678886583
0.41710678886583
0.41710678886583
0.403943879422338
0.403943879422338
0.403943879422338
0.403943879422338
0.403943879422338
0.403943879422338
0.403943879422338
0.39863975090310144
0.39711885289344667
0.39711885289344667
0.39711885289344667
0.39711885289344667
0.39711885289344667
0.39711885289344667
0.39725149677180566
0.39735564779782007
0.39735564779782007
0.39735564779782007
0.39735564779782007
0.39735564779782007
0.39735564779782007
0.39735564779782007
0.3959716580004015
0.389147494400112
0.38487847237834344
0.38487847237834344
0.38487847237834344
0.3848904802725036
0.3848904802725036
0.3848904802725036
0.3848904802725036
0.3848904802725036
0.3848904802725036
0.38352584982111315
0.38352584982111315
0.38352584982111315
0.38352584982111315
0.38352584982111315
0.3406000967718531
0.3406000967718531
0.3385991682530721
0.3385991682530721
0.3385991682530721
0.3385991682530721
0.3385991682530721
0.33593387139698483
0.33593387139698483
0.33593387139698483
0.33593387139698483
0.3357493181705863
0.3267223505329562
0.3267223505329562
0.3267223505329562
0.3213041165514699
0.3189217420746955
0.3189217420746955
0.3189217420746955
0.3186013663404582
0.3186013663404582
0.3186013663404582
0.3186013663404582
0.3186013663404582
0.3186013663404582
0.317211200750153
0.317211200750153
0.3178497859843005
0.3178497859843005
0.3178497859843005
0.3178497859843005
0.3178497859843005
0.3178497859843005
0.3178497859843005
0.3178497859843005
0.3178497859843005
0.3178497859843005
0.3167501785977307
0.3167501785977307
0.3167501785977307
0.30860784118005813
0.30860784118005813
0.30860784118005813
0.30721034352934135
0.30721034352934135
0.30721034352934135
0.30721034352934135
