0.0466667 0.025275869540822782
-0.0866667 -0.11020108054500727
-0.3733333 -0.3106243078114295
-0.1533333 -0.18744829128895651
0.0366667 -0.04532086034246241
0.0066667 0.09934659197301915
0.7633334 0.7811734525873123
0.61 0.6149308214658091
0.3833334 0.41879653854934995
-0.28 -0.31370249904369013
0.56 0.566677875809207
0.1633333 0.24701550919485013
0.1266667 0.1484725881762598
-0.71 -0.7374597100161477
0.9666667 0.9813633186984445
-0.86 -0.8328087280245202
-0.59 -0.549481435097277
-0.2366667 -0.009784835308437767
-0.4033333 -0.39800382693720227
-0.7566667 -0.7193330899900054
0.7133334 0.7251671287900315
0.4233333 0.4920375018252249
-0.2933334 -0.3188403651300688
0.72 0.7395739682392524
-0.9666667 -0.9449979291721843
-0.9966667 -0.9998319829055535
0.9833333 0.9528831975309022
-0.6666667 -0.7615305919717068
-0.17 -0.23478892359950163
0.9 0.8399047262729495
0.03 0.028478548720938496
0.27 0.2626017740384009
