1.5099547438438312
1.3151793064076323
1.3034377759021274
1.2942113960259205
1.2957934908188826
1.2860183554388083
1.2876796526545506
1.2877176722484238
1.2896194864574162
1.2960344691851655
1.3043113516461957
1.2896386414526069
1.2992878231446545
1.3003830739540845
1.2935814175373042
1.299797260837952
1.2939498005106194
1.2930367635783735
1.297696239245734
1.2967882741741572
1.2996826438956852
1.3089958315621162
1.3120055923583063
1.321720816754315
1.3250940324046607
1.3247762020426639
1.3359149159925956
1.334390576498712
1.3415653867409991
1.3380943557729614
1.337416940183455
1.3559359298449465
1.359696606251627
1.3634659775216968
1.3825693633169451
1.4055244422624105
1.3979626188042464
1.394943423203129
1.4153812048688972
1.4153812048688972
1.4180398479182745
1.4301650831730361
1.4377299986376157
1.4404934760785435
1.4366367828939037
1.4211662229511153
1.421322563975582
1.420557287148851
1.4388736724969846
1.4370539312133686
1.4376794587656065
1.4304538336908383
1.4291921341342138
1.4149011408152388
1.4173856748547051
1.4144008309137235
1.4299003201217837
1.4338469278877977
1.442429540154048
1.4392382794167802
1.4302032753891345
1.4338849533939768
1.4400030978329321
1.438052512821916
1.4374151503723096
1.4623644598677308
1.4591617303750954
1.4582971036959131
1.4477712237350797
1.454272072699053
1.4542535079861851
1.457062675885696
1.444556298826549
1.4297102519860072
1.4324941382773695
1.433957479162791
1.4370191065776645
1.4295011340124955
1.424544208502256
1.4299731624321947
1.4235610330715578
1.433855853764569
1.427200982997314
1.4243696605934992
1.4385955106750106
1.4397775813695406
1.4444206125497576
1.4507355919740414
1.4621625686999487
1.448291598968458
1.4457201614634794
1.4390020546049456
1.4601585202048348
1.4697984119052492
1.4606993300779427
1.4756911375558117
1.4682033775477719
1.4699172001682723
1.4714500148101968
1.4763149782537182
1.476174831075761
1.4758424409478847
1.4769741652704775
1.4758712007198143
1.4629760557466778
1.462331855313155
1.4630944126338863
1.465415262568282
1.4705419467101628
1.4779929658569728
1.4797845878810574
1.4687333403923208
1.4673353499831934
1.4670918361067156
1.4706591329234604
1.464407544004473
1.4592945424820747
1.4416659304089683
1.4319555173737777
1.4328092203501885
1.4328092203501885
1.432069923188027
1.4210983608166277
1.4254199210261491
1.41819261482533
1.4123974493943268
1.4164377954107008
1.4345339780364894
1.4410166649945637
1.4397424840053017
1.436224983208322
1.4132862939131372
1.4198418558035732
1.4197793549280135
1.4283227981776028
1.4283035121476373
1.427214123608428
1.4214844236898074
1.4247337372072602
1.432273788583813
1.4395418436164162
1.4388821352141454
1.4409324111142725
1.4647640797700412
1.4715350147173536
1.4729890897567495
1.4682143055874692
1.4646945104116313
1.4660921758631584
1.4787659471065282
1.469678331121339
1.4832900090564378
1.484968641521412
1.4758473517333266
1.4757959743664455
1.4757959743664455
1.4819668812760314
1.476565612858001
1.4692745987004694
1.465349683750146
1.472605833313313
1.4696803648989243
1.4647610537311724
1.4555910133082621
1.4506632680441638
1.4602388456558733
1.4873815717739107
1.4892675450680248
1.4866482560116638
1.4787808946279373
1.4804988034916213
1.4499807817150254
1.4250512729274067
1.424612615736151
1.4294566016845611
1.4307472130281922
1.4497021277164672
1.4433652967854085
1.4347401078690818
1.438003270772123
1.434805477340884
1.4385737529911937
1.4374734759282448
1.4412206358836515
1.439980704092063
1.437726814730022
1.4354557112211899
1.4224528655440811
1.4190896959458674
1.4092404672497152
1.4047409754559368
1.413170599189718
1.428304098871412
1.4196089850603266
1.416985903620792
1.4148152444241637
1.426653396116267
1.4118455499577116
1.4155810248983292
1.4169705614178747
1.4158915346282865
1.4154148870698915
1.4279456465438167
1.4258032452477614
1.426786157470771
1.427517071327835
1.4204679402088622
1.3921469012844436
1.3930528152438728
1.3912060010713156
1.3883381354636182
1.379720982148928
1.3835237075040374
1.3801169185686424
1.3680546964613591
1.3628113824602002
1.3634826876028987
1.3592445255173615
1.3649178434670686
1.3416678055210285
1.3446464682072992
1.3442613177670093
1.3477804886220428
1.34749879025036
1.334606914460577
1.3336718380986943
1.318836270422492
1.3036746741643184
1.3006221793307957
1.3052386473179185
1.3112129347808539
1.30565703360608
1.3107788461095051
1.3194245235056277
1.3095396425401997
1.3096990266419173
1.3097710664494102
1.309866061385922
1.314444073319382
1.3137493202627544
1.3107174666235144
1.3117402460883847
1.3065044490792923
1.3312924151582892
1.333414712059932
1.3338681515803563
1.33284703968352
1.3396481634168316
1.341136253256326
1.3332404987580402
1.3331844452748531
1.3354594508908817
1.327639428163724
1.3434892966747318
1.3519224278779074
1.34802969959413
1.3509520006907731
1.3505203806154658
1.3459320829127461
1.3453250362838411
1.3433807547622165
1.3470873968966148
1.3781994351840259
1.375239459242892
1.3783241174752472
1.3783002177776664
1.3783663173687268
1.3746009550198015
1.3727844389235624
1.372400216209704
1.3490678958626343
1.3393532750256811
1.3314240899312741
1.3247151192566897
1.325912355385297
1.3269972912709558
1.3208908739856726
1.3160285613739562
1.320428605517453
1.3291191087678342
1.3243448053980296
1.3247933414556814
1.3224346563714686
1.3157315958805755
1.285665974718615
1.2893196573394272
1.2799216442451646
1.2796657537812204
1.2817059292598607
1.2760163261879536
1.2759754042273088
1.272688615097532
1.2756640957246075
1.2760344158597785
1.284108731487066
1.2653729560972562
1.2734437659943176
1.2791358231944174
1.27324068954958
1.2704945741034126
1.2687374000124774
1.2668759045860614
1.2722131368816625
1.2766432861360808
1.2755384984067424
1.2846973175531389
1.2950930596441097
1.2910195948213288
1.2917675993035727
1.2940211752053596
1.3182256452259555
1.3147958617887807
1.3169655819971366
1.2958249880966097
1.293514327029168
1.2757348076256578
1.2881962558709006
1.2874582391633196
1.2795055989701696
1.2976206984247527
1.316681265105951
1.3180629244116482
1.3108371972314252
1.319135947735068
1.316232041574537
1.3188951692972066
1.3190111408884413
1.3190111408884413
1.319916069376748
1.3089235037181601
1.3410336834074807
1.341343362132677
1.3134657643983907
1.3108115379847347
1.3112776343132249
1.3155592506576343
1.3022289629101749
1.3007796686341755
1.2981939169324606
1.2953361608961769
1.297859395817771
1.2990090105727123
1.2960493818271819
1.3020651647190484
1.30056103211474
1.303781909264138
1.288071588778166
1.292453586118323
1.2929902157082924
1.2957260078827013
1.3079072915679868
1.3160509811946812
1.306356314487539
1.3076134351941577
1.3008521332875156
1.3149909989813058
1.3261952057488828
1.3260717916118927
1.335436577529314
1.329295782790634
1.333536332542329
1.33955918643056
1.337421952337241
1.3210591507060951
1.3320169110504416
1.3300282546137951
1.3347837671131306
1.3347625059057302
1.3331765455218005
1.3333725806577588
1.3229812128736267
1.3373297553058998
1.3357345963037566
1.3437365530082848
1.3278638202720958
1.3204311188852187
1.315510581394185
1.298246926208805
1.290721728657326
1.2896407708053876
1.2881439553686709
1.301476000795277
1.3068755465729442
1.330219769341137
1.333414615239188
1.3328584967904442
1.3226074380440327
1.3220271418781167
1.3222308163978018
1.3264221853821452
1.3177437885717014
1.3194567464778046
1.295676103481261
1.3114680746211373
1.312373194836186
1.3128447067739353
1.3123767623230265
1.3096297328917237
1.3091456058230302
1.3082867038465154
1.3122572036691271
1.3128750258893822
1.316326151176269
1.316326151176269
1.3274928296344728
1.3254798345757157
1.3215867926811744
1.3192403663088335
1.319089399703933
1.3171011173340268
1.308212698447279
1.3122558012847998
1.3220733644682585
1.315810074450859
1.3220988574777126
1.319751121765418
1.318296069877431
1.3207065997775693
1.322430957944386
1.3216131929277357
1.3215603452680906
1.3213884604953612
1.3220073062051
1.329159588916741
1.330119568313171
1.3398169586477957
1.328555842758325
1.3226639774460458
1.3204657436909435
1.3196482244760468
1.3149900377534094
1.3170562569959519
1.325712569374117
1.324421974496143
1.329327076525253
1.3276490217090615
1.3344230657818883
1.3384165530024574
1.3388647553463213
1.3262316564309249
1.3255793399450326
1.3194593429733295
1.3109207810343355
1.3123947601384256
1.3104165849660019
1.30128581746914
1.3176917546190232
1.3172570550886002
1.2930424927979476
1.2942982948974058
1.2956969082587204
1.2942018028643323
1.2994374693987139
1.320064002752325
1.3185273783558604
1.302379470353897
1.3025385275948436
1.309394632401908
1.3154765619998159
1.3204975883358032
1.3240974923449802
1.3231697941184235
1.3001128064658012
1.3014566112048014
1.3059947758344648
1.3050489020424074
1.3096051140953493
1.3162512288526453
1.3199826574848263
1.3423498753950092
1.3423498753950092
1.3440710322292464
1.3491616313566002
1.3446161929650002
1.3420992880599676
1.3420992880599676
1.3489928276723473
1.3496635589747832
1.3493510550802155
1.3480027075741807
1.3498653496833388
1.347292803139909
1.350268371584799
1.3477452894789672
1.3473770139418066
1.3461704186710455
1.3426137472319146
1.3367355530975071
1.341159269457873
1.353489332958248
1.3537421964623921
1.3553857528128646
1.3541128179415676
1.3541190538795986
1.3566296013927868
1.357713165267162
1.3486577076179973
1.336257999114831
1.3351067417585873
1.3321003553522173
1.3316124639376747
1.3316604565705163
1.3316604565705163
1.3300988929312325
1.3361608739256936
1.3281691542053686
1.314417279120471
1.2855733928388133
1.2907529687236425
1.2875832993644023
1.2896779171680575
1.2995451354157013
1.2966665235509984
1.2902949210856678
1.2891428370299587
1.2889351357675012
1.2889351357675012
1.2906911708679736
1.2937531477759925
1.287795700104866
1.283307121158214
1.3038525877433023
1.3001898020433256
1.2991150485286322
1.2971354202505727
1.2873242948981103
1.2909282786804392
1.271754144284738
1.271754144284738
1.2686349772921237
1.2639098210389996
1.264556910594098
1.273554423320605
1.2702780499761408
1.267658740134883
1.2685238792761016
1.2682754209222282
1.2729205240371237
1.2730631305372706
1.2767023000258049
1.2899156052316678
1.292175085157049
1.3048666328994796
1.2951863211045076
1.2954332265920805
1.296753700624967
1.2967399881950887
1.3026501913082495
1.3019268496986074
1.3053858146231039
1.3056894302137825
1.3056338627171649
1.2969084522972307
1.2977339999572952
1.2975201942892518
1.2941789237040253
1.2942071172311882
1.2881429003194889
1.286880188916521
1.2940022981885502
1.2901011279777388
1.2896516035571006
1.2933666423950851
1.2878549994028932
1.2854138515016915
1.2856366819448546
1.2720269811660336
1.2856894628971116
1.285097864298795
1.2860480794702602
1.299543649349837
1.2913938258057815
1.2913938258057815
1.2953962288480185
1.3050662783041
1.310830969838784
1.3174243786453868
1.3176869662713
1.3238634600849488
1.301617517775991
1.305521118476557
1.3173291496092
1.317495470036363
1.3174707824402045
1.3197663767450238
1.3031907799841538
1.30198760649123
1.3133846064675818
1.3045530626863042
1.3066382324952859
1.3302763102834736
1.3282406571533127
1.3087793690031084
1.30908701761331
1.306718356092478
1.3101041392501944
1.3163413649385656
1.310656518011325
1.3042450569014854
1.3072564634391322
1.3105148058830702
1.3235173327785559
1.3233168412787994
1.3118684782744814
1.3091832879883003
1.302690719365996
1.3061840723898308
1.3001096834420538
1.2822344215811112
1.2730671194172558
1.2735512607404205
1.267929234356816
1.267929234356816
1.2954241072201123
1.297348022248896
1.2945105767316738
1.2969141278078447
1.2969141278078447
1.2858451657552974
1.2942698783875122
1.2786135037004778
1.2756525439167055
1.276269584529043
1.276269584529043
1.2774070026692963
1.2762096844896298
1.2783996310322554
1.2783996310322554
1.2769287038261825
1.285256076533997
1.2831318157587646
1.2860503434535497
1.2779716225886124
1.2779716225886124
1.2859225732601367
1.2850163136676451
1.2906405761065345
1.2902069164944008
1.2964966585595343
1.2938382762208547
1.2928972308757303
1.2928972308757303
1.2892246365134596
1.300065155409333
1.3011577933458849
1.2986157878809192
1.2955653927704502
1.2967248865674053
1.329634726527577
1.3330653853620789
1.3330653853620789
1.3330653853620789
1.3330653853620789
1.3330653853620789
1.3230126694009976
1.3081122818184217
1.3119929605217702
1.311595239741954
1.3009792971043828
1.3015235895336832
1.3048498333829357
1.3080213776080616
1.3341642263604017
1.3457706538777952
1.3470853392267974
1.3465714443417898
1.3484765669539318
1.3342278249285693
1.3343471078066986
1.337522366790968
1.3358135882204163
1.3403394011138272
1.3525477718167258
1.3523052275254897
1.3562226473520602
1.355623358486084
1.3508239229473764
1.35027689441323
1.3272413525927582
1.329104811076991
1.2991314806890164
1.3014527592504317
1.2986541346519795
1.2794331577758808
1.2762074703737134
1.2756291207735868
1.272732720480887
1.2678724158751171
1.253265722466598
1.274839825371371
1.2740703323233276
1.2713695369864424
1.2713695369864424
1.2683136359385987
1.2599239384955514
1.2557852166690096
1.2595286920877493
1.2552815865131153
1.2668960765723776
1.2639844868925754
1.2478852324397078
1.2317300059637883
1.232515250180684
1.2255716345423022
1.2178514848270223
1.2109826091554459
1.2190493638689694
1.2177776958725512
1.2292958484577876
1.2257912788116583
1.2261033745270464
1.2261033745270464
1.2350332973034688
1.2350332973034688
1.2211927406728298
1.2221828126409444
1.2243524000490307
1.224522904110246
1.2238168891493415
1.2137822839611436
1.223003789163973
1.2266484118673964
1.2322343959332829
1.2322343959332829
1.2322343959332829
1.2399838211323064
1.2529759577158044
1.2555649014718293
1.2508859462121806
1.2316067261383532
1.233237761252277
1.2318503283383928
1.227668171316869
1.2277271015661546
1.220732772843405
1.2172469658981142
1.2174021572871636
1.216542530486329
1.2157616711496073
1.225418185423826
1.2155840401842282
1.2155840401842282
1.2054767711778445
1.2087144561781478
1.210028815507351
1.21299593626127
1.21299593626127
1.2074167852988316
1.214379718935974
1.220487520186712
1.2147995286513833
1.2147995286513833
1.215277160485907
1.1962205000969242
1.1956103484194918
1.1881885786646236
1.1903853909399116
1.1903853909399116
1.1829873554293533
1.1770702756535365
1.180568983450233
1.1836792748589484
1.1795582479187896
1.1814034821220134
1.1814466486588253
1.1815493103437968
1.1841056608240348
1.1850388447344213
1.1827254759514905
1.1827254759514905
1.1788108435352471
1.1788108435352471
1.1788108435352471
1.1712924890854186
1.1712924890854186
1.169271420313258
1.154860490733344
1.1569814472253865
1.1566519865399119
1.1368299592720106
1.1368299592720106
1.1297144075477286
1.1325648591233564
1.1349527227513099
1.133620879591499
1.1340026814794644
1.1340026814794644
1.1304620408414539
1.1299518613675044
1.1278103857645632
1.1233336142702708
1.1336953061829025
1.1254305258247315
1.1200163615230245
1.1190110232168353
1.1207869077131278
1.1182763660312485
1.1045464774116276
1.1013365718348078
1.1070251630957302
1.1204718088210133
1.124820861994196
1.128736416853512
1.1286708361488007
1.1291656499935523
1.1301535095314221
1.1455623495323422
1.1519316534583217
1.1401842571649365
1.1370025028484232
1.1352939233931967
1.141618211042155
1.1391573951044873
1.1348639089684074
1.1244412818804188
1.1128415597688253
1.1115516742312403
1.1109725595437394
1.1109725595437394
1.1113077721019726
1.0997930698667433
1.0911939840974016
1.0795131925955657
1.0944067137658582
1.0804339994580758
1.0767904137699305
1.0803508797697328
1.0803508797697328
1.0805651686228066
1.0799783334588329
1.0730974381131595
1.0790511035843533
1.0793266468750211
1.0624689635352842
1.0612878483767128
1.0701121837970324
1.0648308659183083
1.0655417043249757
1.0581052040783558
1.0581052040783558
1.0444034451900266
1.0467835413123003
1.03910262961376
1.0454640451498034
1.0454640451498034
1.0454640451498034
1.0421013084682613
1.0432203554475605
1.050580911294657
1.050580911294657
1.053412504490613
1.072662885707253
1.0705554347347668
1.0713483282285274
1.0770217571715723
1.079845635484123
1.0939310230525647
1.0922691732846148
1.0825324908813763
1.085139238680162
1.0779495899710312
1.0774488265973639
1.0774488265973639
1.0782291593252393
1.0742415891309038
1.0665267108969965
1.0665267108969965
1.0680608716512778
1.0630199099273212
1.0848511463385222
1.085851641525664
1.0845619530203587
1.0804512809728013
1.0812989937713764
1.0794181951500594
1.0839985136025112
1.0561181836108489
1.0625709588129202
1.0640870951744326
1.0606444189737732
1.059983060464061
1.0593517102329653
1.0588869599534192
1.0713560422879524
1.0713560422879524
1.0705428553896197
1.069936699509533
1.0697676582510414
1.0621825856201672
1.0743464392649213
1.0745093555601977
1.0753419394537986
1.0749338878607302
1.086472000641628
1.0592272443594315
1.0618325538311424
1.062485588433162
1.062485588433162
1.0627624643555063
1.0603995110428333
1.0473957760640504
1.0584797860516333
1.0729983372999155
1.0536738825368221
1.049883311853924
1.0595469640501989
1.0485941534715673
1.0389500610004438
1.0389500610004438
1.0389500610004438
1.0360539761416494
1.0358434408824573
1.0365167023084139
1.0194119821792254
1.007475976492146
0.9934903969985623
0.9934903969985623
0.9934903969985623
0.994951460610754
0.9950383527170098
0.9855433606956516
0.9919607970203947
0.9919668504139185
0.9894074953537113
0.9892674295342594
0.9892471561370347
0.9909780995673805
0.9984317805255376
0.9935140334345165
0.9935140334345165
0.9984361067624348
1.0053468210265974
1.0053468210265974
1.0059627619360736
0.9907928347778384
0.9911612232119434
0.9885645219078102
0.981036210925158
0.9661301232338396
0.9642481152729145
0.9615926787961718
0.9578958206611214
0.9578958206611214
0.9578958206611214
0.974324591979512
0.9741487907871956
0.9776899504884047
0.9749652401996196
0.9895917193774865
0.9818428458268302
0.9792545180642905
0.9792871257109023
0.9714878131922526
0.9734087757284249
0.9803229735784923
0.9804390647096097
0.9929767277492947
0.9807429990621414
0.972847232391298
0.9692112813373874
0.971456150698761
0.9636697124129632
0.9646404954778488
0.964770375824913
0.964770375824913
0.9572152907553025
0.9626967890853968
0.9659782017200915
0.9738692802450463
0.9738692802450463
0.9723486685675774
0.9723486685675774
0.9765954799527452
0.9771427891383534
0.9771427891383534
0.9755067904266126
0.9712236285095152
0.9632599193635178
0.9580435524618861
0.9571212999936092
0.9603193783022156
0.9603193783022156
0.9349187253130361
0.9349187253130361
0.9614567407600806
0.9746707445741408
0.9750802179457152
0.9641210278413144
0.9613960956208376
0.9610926764150108
0.9797672879747025
0.9770551513388996
0.9569862475120134
0.9542137794404396
0.9544724399988662
0.9822738919767147
0.9843892613675034
0.9843892613675034
0.9795949979051599
0.9795949979051599
0.9803803721906595
0.9803803721906595
0.9645628203267103
0.9607869207823869
0.9607869207823869
0.9649987219231863
0.9659958517561804
0.9618247760757722
0.9666795958711111
0.9714838123242681
0.9714838123242681
0.9760433343016384
0.9760433343016384
0.9756240837498441
0.994407354886073
0.9944589394050259
0.9817129275832972
0.9752170322943112
0.9676248938352104
0.9626613109190275
0.9626613109190275
0.9613265117519225
0.9625742844447649
0.9625742844447649
0.9593111856169565
0.9629233414661238
0.9616850080608831
0.9629311493364618
0.9629311493364618
0.9543658145311776
0.9559121277528757
0.9491937489959849
0.9500418776361184
0.9500418776361184
0.9428958743977279
0.9428958743977279
0.9235982562784024
0.922649536066717
0.9236747280295303
0.9383142455754775
0.9407431183119749
0.9396847659234564
0.9394998935652324
0.9419089309686347
0.9306809685275504
0.9274063646397966
0.9262523572814705
0.9450708504131731
0.9482662714048883
0.9433048148374611
0.9434865820486852
0.9437153984270318
0.9437153984270318
0.9391665374584037
0.9331520049440906
0.9328503448054919
0.895671394564156
0.8966143362547493
0.8958801567800387
0.8944377654635615
0.8962934118567383
0.8962934118567383
0.8873357097853863
0.8886607345203491
0.8871602740056515
0.8871602740056515
0.8873649919491374
0.8916405296747394
0.8916405296747394
0.891775473705322
0.8859333914690344
0.8881402639811701
0.8908887182779879
0.8908887182779879
0.8959163288606146
0.8964517733093431
0.9017162204799948
0.8974514816958324
0.8974514816958324
0.899386293662093
0.8997212359075052
0.8963233334619202
0.8898999309052544
0.9091587997970892
0.9097454363490867
0.9085785137380904
0.9036670649973528
0.9101014530599361
0.9100905476814185
0.9125757885376418
0.9198347534162127
0.9221582914964298
0.9221582914964298
0.9216814619695455
0.9267283609498782
0.9326627143408657
0.9326627143408657
0.9326627143408657
0.9332214132591983
0.9442462226414038
0.9413528322698037
0.9433573365640286
0.9385706158632688
0.9195333739565397
0.9130289458225209
0.9128782684138985
0.906738918512361
0.9007888862659067
0.8853614148577281
0.8782405494879514
0.8498494812594778
0.8498494812594778
0.8478762659676427
0.8440566950553602
0.8433403386840567
0.8440230827652382
0.8408907737688261
0.8405103924731575
0.8421095008808434
0.8440799673323451
0.8485187236229451
0.8485187236229451
0.8460459968156095
0.8458358145735868
0.8418562203428546
0.8538794738429873
0.8364390683086448
0.8364390683086448
0.8364390683086448
0.8364390683086448
0.8271926399470334
0.8299883551519441
0.8276158437365915
0.8010286384153822
0.7748431771328692
0.7783691569315326
0.7783691569315326
0.7761117291595541
0.7761117291595541
0.7736991368624393
0.7736991368624393
0.7776763026252758
0.7848675558208619
0.7848675558208619
0.7848675558208619
0.7848675558208619
0.7848675558208619
0.7869318336961618
0.7840405640674171
0.7815199745661524
0.7815199745661524
0.7873814740895365
0.7815038415228127
0.7814933103458991
0.7814933103458991
0.7814933103458991
0.7831810044339587
0.7644655005225697
0.7644655005225697
0.7595231234736742
0.7595231234736742
0.7595231234736742
0.7671356392186977
0.7671356392186977
0.7671356392186977
0.7671356392186977
0.7671356392186977
0.7684316429619062
0.7731707768529172
0.775197119155807
0.775197119155807
0.775197119155807
0.7744648714142988
0.7726958417511502
0.7726958417511502
0.7756808891034923
0.7668229031866439
0.7668639469269678
0.7672301592608025
0.7613429231869517
0.7649950223164431
0.7586790637589907
0.751213436128374
0.751213436128374
0.751213436128374
0.7512542133820734
0.7611290233091554
0.7554230602260552
0.7554230602260552
0.7554230602260552
0.7554230602260552
0.7554230602260552
0.7520825199246476
0.750531868816144
0.7282525539263076
0.7349020646321445
0.7349020646321445
0.7238570570494717
0.7211293688726226
0.726550427245528
0.72531930865338
0.7269474628131356
0.7254217024571514
0.7204284318699956
0.7129372506085063
0.7129372506085063
0.7128292249952447
0.7128292249952447
0.7127933768548865
0.7071301518262716
0.7071301518262716
0.7234419827681626
0.7234419827681626
0.7234859617623001
0.7221115814782504
0.7090835182579657
0.709645431800964
0.7061030230037308
0.7130775041555159
0.7084223996806578
0.7031754030041798
0.7024737641752477
0.7054295130297431
0.7052008089539606
0.7052008089539606
0.7045812914132242
0.7015942978026808
0.7004343052322752
0.7066519136220314
0.7066519136220314
0.7004777691388612
0.7013611430059856
0.7013611430059856
0.7048404597865316
0.7048404597865316
0.7028874491926665
0.705865398307772
0.705865398307772
0.7054278210964201
0.7048410576605325
0.7052563184062881
0.7076503623764274
0.7029723646464082
0.7029723646464082
0.6988348008809726
0.6988348008809726
0.7279364180447135
0.7280083829701748
0.7276824573464136
0.7278086367090243
0.7278086367090243
0.7247665500819067
0.7248836968764666
0.7321417229228223
0.7257301116675536
0.727739712503728
0.7275735813474817
0.7337704636132782
0.702632763166487
0.7068775587040824
0.7023712461255027
0.7026242183938085
0.7067018014048648
0.7027628767002722
0.7019388147424115
0.703561340161146
0.7079217802473737
0.7083116375356531
0.7091482294050321
0.7086562812613388
0.7086562812613388
0.7100852941712866
0.7102600298948656
0.7102600298948656
0.7102600298948656
0.709731554625276
0.6944923673802713
0.695850937032227
0.695850937032227
0.6941425723671979
0.693342318030443
0.6876068934771771
0.6876068934771771
0.6813948432419477
0.6839995475841913
0.6839995475841913
0.6839995475841913
0.681903327561479
0.681903327561479
0.6854186248072935
0.6846237314590123
0.6865855384564761
0.6681732077999633
0.6586336713695775
0.6648578767125537
0.6648578767125537
0.6657656777278844
0.663665068978387
0.6710009253858865
0.6744286181179282
0.6733418327741134
0.6645426705726636
0.6636487403705096
0.6649802818532831
0.6649802818532831
0.6649802818532831
0.6649802818532831
0.6649802818532831
0.6540961868256072
0.6578837685151222
0.658987010787191
0.6557834208735739
0.6547538943845824
0.655204734073825
0.6514883084623623
0.6514883084623623
0.6486204649299442
0.6604846476065037
0.6604846476065037
0.6575496341001295
0.6564145291141189
0.6564145291141189
0.6556961451619971
0.6630383992555458
0.643273862106673
0.6423671068021972
0.6423671068021972
0.6358964703179933
0.6350553472339455
0.6344176840935765
0.6345723460381076
0.6345723460381076
0.6340995090423193
0.6099910987972426
0.6099910987972426
0.6099910987972426
0.608784810171025
0.609055245800621
0.6009101101624829
0.5823371787543201
0.5823371787543201
0.5786162839382447
0.5807227923382475
0.5870170298043724
0.5906864994589092
0.5906864994589092
0.6106258181537695
0.6124031028458155
0.6140566044065676
0.6161391044577618
0.6150281309758611
0.606854449697094
0.6079913163523848
0.6166258734090231
0.6117357415949334
0.6118076195776889
0.6118076195776889
0.6145447317089536
0.6327437208415209
0.6346269840338156
0.6336426427432779
0.615140582585314
0.6173002131391978
0.6136428320301959
0.6143322318793486
0.6128660417532117
0.6108870602659642
0.5908237485378564
0.5792400717199834
0.5792116212519456
0.579220445758209
0.5719513516971906
0.571167732469726
0.5714429641866052
0.569104615572571
0.5683193093201745
0.5683193093201745
0.5683193093201745
0.5626826348427951
0.5626826348427951
0.562580697107658
0.562580697107658
0.5619913208203025
0.5561502610477457
0.5561920234956207
0.549110402181474
0.5306259681580421
0.5312169349910858
0.5312169349910858
0.5312202447721313
0.5358084274877215
0.5358084274877215
0.5359651818541975
0.5353082782185056
0.5393958334204557
0.5401673891284402
0.5330274477558005
0.5262913202918759
0.5229232603954531
0.5240050496457774
0.5189558572881001
0.515701755714602
0.5178376151759774
0.5295751572986462
0.5332184981073795
0.5318083528502268
0.5351212515773025
0.5344131092044887
0.5345643291612968
0.521943826762251
0.5069124213662888
0.5034834638589866
0.5003883889337623
0.5003883889337623
0.5003883889337623
0.5002734230550525
0.4758148039753633
0.4558834350889677
0.4612526126623872
0.4665149263593537
0.4665149263593537
0.4671578296203728
0.46295997765388397
0.4632073601401778
0.46220234940216764
0.46010767148322385
0.4611460254194574
0.4611460254194574
0.45548091681993397
0.45548091681993397
0.4552335157137646
0.4405251928518739
0.4405251928518739
0.4405251928518739
0.4405251928518739
0.4406606572525894
0.4406606572525894
0.4406606572525894
0.43780810756764477
0.43310988396634803
0.43310988396634803
0.43310988396634803
0.43310988396634803
0.43310988396634803
0.43310988396634803
0.43310988396634803
0.4337250917474301
0.43044608074330437
0.4232681698317227
0.42002595264739895
0.42002595264739895
0.42002595264739895
0.42002595264739895
0.42002595264739895
0.42002595264739895
0.41937584051232774
0.41937584051232774
0.41937584051232774
0.41937584051232774
0.4188923706870101
0.4188923706870101
0.41441855860138943
0.41441855860138943
0.40970673992321965
0.40970673992321965
0.40970673992321965
0.40970673992321965
0.40970673992321965
0.4086368944848586
0.4086368944848586
0.4086368944848586
0.4077115234066409
0.4077115234066409
0.4077115234066409
0.40570331216980887
0.399886093828132
0.39608513556058017
0.39543037472088294
0.39543037472088294
0.39543037472088294
0.3955658968828379
0.3955658968828379
0.3955658968828379
0.3955658968828379
0.3955658968828379
0.3955658968828379
0.3739608243988393
0.3738040056710962
0.3738040056710962
0.3738040056710962
0.37253496183182006
0.37253496183182006
0.37253496183182006
0.37253496183182006
0.37253496183182006
0.37253496183182006
0.3661261013147492
0.3661261013147492
0.3661261013147492
0.3661261013147492
0.3661261013147492
0.3661261013147492
0.3661261013147492
0.36500251475364687
0.36500251475364687
0.36500251475364687
0.36490785377235246
0.3608570771028882
0.3608570771028882
0.35536842342804026
0.35536842342804026
0.35536842342804026
0.35536842342804026
0.35558856173238884
0.3545187706876412
0.3545187706876412
0.3545187706876412
0.3545187706876412
0.3545187706876412
0.3545187706876412
0.3545187706876412
0.35458436753231615
0.35458436753231615
0.35458436753231615
0.35458436753231615
0.35458436753231615
0.35458436753231615
0.35458436753231615
0.35458436753231615
0.35458436753231615
0.34839686616773874
0.34839686616773874
0.34839686616773874
0.32765740838866514
0.32765740838866514
0.32765740838866514
0.32765740838866514
0.32526515607822915
0.32581968778090586
0.32581968778090586
0.32581968778090586
0.32581968778090586
0.32581968778090586
0.32581968778090586
0.3254336631195919
0.3254336631195919
0.3254336631195919
0.3254336631195919
0.31731119318832646
0.3168887010639171
0.3168887010639171
0.31368826552419943
0.31368826552419943
0.30947987630998447
0.30947987630998447
0.30947987630998447
0.30947987630998447
0.30947987630998447
0.30947987630998447
0.30947987630998447
0.30947987630998447
0.30947987630998447
0.30947987630998447
0.3094826791283522
0.3094826791283522
0.3094799326962997
0.3094799326962997
0.30184005308668116
0.30184005308668116
0.30184005308668116
0.30184005308668116
0.30184005308668116
0.301610516346646
0.301610516346646
0.301610516346646
0.301610516346646
0.301610516346646
0.301610516346646
0.301610516346646
0.301610516346646
0.30143061159430246
0.30143061159430246
0.30143061159430246
0.30143061159430246
0.30143061159430246
0.3008836151663297
0.30057173753245875
0.30057173753245875
0.30057173753245875
0.30057173753245875
0.30109121490100904
0.30109121490100904
0.30109121490100904
0.30109121490100904
0.30109121490100904
0.30109121490100904
0.3002685376545766
0.3002685376545766
0.3002685376545766
0.30040306236853204
