0.0466667 0.11584930369546198
-0.0866667 -0.34109814282525397
-0.3733333 -0.3923711738723672
-0.1533333 -0.15960094786440976
0.0366667 0.04740483576721172
0.0066667 0.03585280678662045
0.7633334 0.8422985643108793
0.61 0.5618941100675818
0.3833334 0.3852129082773788
-0.28 -0.2780084934759623
0.56 0.6031085510354548
0.1633333 0.1846323149207521
0.1266667 0.14458352636126895
-0.71 -0.7756420197859778
0.9666667 0.9831635437013165
-0.86 -0.9262099251844549
-0.59 -0.6209244145670276
-0.2366667 -0.21421833784519428
-0.4033333 -0.5174395416568269
-0.7566667 -0.7946364772832938
0.7133334 0.6919358851636839
0.4233333 0.3559670182139419
-0.2933334 -0.2277449571073455
0.72 0.5804505246442984
-0.9666667 -0.9552363606227018
-0.9966667 -0.9967728632757689
0.9833333 0.983373168070881
-0.6666667 -0.6731768862616667
-0.17 -0.18458008004419424
0.9 0.8939718886902822
0.03 -0.012966780626489594
0.27 0.13814878021400212
