0.0466667 0.014836517146455314
-0.0866667 -0.1052468059412453
-0.3733333 -0.3734280222162018
-0.1533333 -0.1491136853750667
0.0366667 0.05485449528529385
0.0066667 0.05025473381109519
0.7633334 0.7875090981291704
0.61 0.5921246803096852
0.3833334 0.36625036965171687
-0.28 -0.260165884480348
0.56 0.5171298131944451
0.1633333 0.17406261356481778
0.1266667 0.15106648869538503
-0.71 -0.7480453377762739
0.9666667 0.9978669544258383
-0.86 -0.8843555603906934
-0.59 -0.5151826215518318
-0.2366667 -0.2521459211948884
-0.4033333 -0.3698570997841598
-0.7566667 -0.7370721606890069
0.7133334 0.7256387049601675
0.4233333 0.4158164780321971
-0.2933334 -0.3023018234705445
0.72 0.7150450776576769
-0.9666667 -0.9636803448534471
-0.9966667 -0.9879940076411927
0.9833333 0.9655626067699479
-0.6666667 -0.6630183243917602
-0.17 -0.16491660631294836
0.9 0.8736891078692828
0.03 0.04936292419671545
0.27 0.25883778796904244
