0.0466667 -0.013079965609839206
-0.0866667 -0.07360092482494679
-0.3733333 -0.403440451484082
-0.1533333 -0.2867443928684259
0.0366667 0.03530955551901027
0.0066667 0.04350391929123604
0.7633334 0.4551552984095382
0.61 0.6312327405205529
0.3833334 0.41629755057861767
-0.28 -0.2640467264101416
0.56 0.5879399355888925
0.1633333 0.19201327865875356
0.1266667 0.14874288570651123
-0.71 -0.7791459231829172
0.9666667 0.7445110028403085
-0.86 -0.8402198618281813
-0.59 -0.5362697733480367
-0.2366667 -0.3776577311705597
-0.4033333 -0.12165156278060033
-0.7566667 -0.6883138064906531
0.7133334 0.7238724783395281
0.4233333 0.5267512932239049
-0.2933334 -0.3483677633747947
0.72 0.6993975525614536
-0.9666667 -0.2049863269551949
-0.9966667 -0.6391286698322739
0.9833333 0.9702129457705757
-0.6666667 -0.6581330019998485
-0.17 -0.206499896602252
0.9 0.8910407568290732
0.03 -0.010729464722540993
0.27 0.2436820873474949
