1.6694045533222563
1.503598842174812
1.5169030516982616
1.5122748949588405
1.5123532516951241
1.505163197412489
1.5251737658686269
1.5150807621569875
1.5156576778879396
1.5379777891136868
1.5480437104467148
1.548259620108295
1.5536130201066538
1.5744712227942812
1.5744583153237288
1.576861561677705
1.5785045993711524
1.5756794704810984
1.5896617715170058
1.59024180587484
1.5900325514670397
1.5873461888339429
1.60069480745622
1.6055124518331167
1.6003855331902062
1.6075496127725628
1.6003940470264912
1.5988283174563063
1.601910491156466
1.604967140000712
1.612072132635963
1.5971423100047715
1.5965706044289125
1.594267468211931
1.595946566937139
1.5898175083161226
1.5698427022128758
1.5559487158027583
1.5469478021030123
1.536356935013953
1.5283849554218305
1.529250465654674
1.5293227079778335
1.536483730754993
1.536751928275216
1.5104271828339166
1.5115888431558282
1.519761045801635
1.516962168117964
1.5096297485746237
1.497935398556743
1.4933873529703243
1.4937093237078642
1.497580564251739
1.485430428744887
1.4806893724176289
1.4754282290287837
1.4768727547581426
1.4884693383207261
1.4905738516759284
1.4887893522241324
1.4877569596340063
1.5010267290115062
1.4969540729133424
1.501318801505845
1.5050206346464285
1.4963004972009812
1.5028535761544426
1.5231425263911367
1.524253526218434
1.5369570587688695
1.516242339234823
1.5151933464368839
1.4953506231757285
1.4953506231757285
1.5183534235383018
1.516398335924383
1.516860115598321
1.5291316456141297
1.5123451846327016
1.5243769255657211
1.5259732438329767
1.5121269745219534
1.5118190496580728
1.5190349626290613
1.5294806369200902
1.5249495703519165
1.5243097823326006
1.5136494062037986
1.5152319389983773
1.5152177465398233
1.5206792897365848
1.5260743311916176
1.5218228243224354
1.5197305320199692
1.5166161481711928
1.5159877182096795
1.515786865157043
1.5157383901697672
1.5249164905495336
1.5255074585851252
1.5267298065739046
1.5193574974692892
1.5318903884799957
1.5148311391740623
1.5108601433813174
1.5108601433813174
1.5234795446858338
1.5287153717654678
1.5329230858354033
1.528255277469682
1.5278626476886847
1.5400999368368047
1.5371751691655937
1.5255819563676167
1.527406946367266
1.5234895583118158
1.5336140035774875
1.5336408205067193
1.5318295954835768
1.5238778860903615
1.5314400049156471
1.5294307715988011
1.541804939042061
1.5416774482299405
1.5380637842725242
1.5348276379957841
1.5343037953872576
1.536046013274663
1.536046013274663
1.5322848239695677
1.5307248394351702
1.5260521862976508
1.5250030128410277
1.5178108183310677
1.518253257351715
1.509077043686942
1.5216875103461502
1.5234096888477298
1.503628092629156
1.505938801708925
1.4952719094198883
1.4830787889016996
1.4844146228893484
1.4809891913715705
1.4933904682915915
1.4915356245124425
1.499422727999068
1.4957182842930505
1.497700102994926
1.503063522800302
1.5143456924005945
1.5041610900200537
1.5041610900200537
1.4967686093056558
1.489587564475873
1.4756512844093146
1.4823579413798853
1.478154740751827
1.4759568618674155
1.4842270473501609
1.4852211833044313
1.47298357933682
1.4870079127291713
1.4787328483789437
1.4787328483789437
1.4826052469681907
1.4846628083310878
1.483235254658587
1.495906461924568
1.4962242324813453
1.4828959532122452
1.476853701971669
1.476352294429127
1.4653622557681472
1.4675442669324854
1.4671787796373714
1.460422421069845
1.4640195836110226
1.4571251709365665
1.4570275802435997
1.448960265076193
1.4289367704643745
1.4388911042559904
1.4464223863993482
1.4507321904256443
1.4543921498245573
1.4539455040500449
1.4553097255896836
1.4691331884487813
1.4745991655530701
1.4747728805590714
1.4750095851189648
1.4710696069077303
1.462469909507839
1.4702976600643871
1.4838105695849415
1.4831921664700947
1.4723756384831899
1.4777185303899953
1.474618414138167
1.4577675671510082
1.474348520710916
1.475992449515931
1.4756294006056292
1.4681515295632368
1.4806158725834861
1.4770063570625414
1.4615548919700572
1.4654253607948629
1.4498912172474776
1.4606135442145793
1.4798631583989934
1.4693685255353783
1.452035425735368
1.446960848191219
1.4480294204622628
1.4446547367484144
1.4477009069841484
1.4585253336367792
1.4544599758070649
1.4660064737434833
1.4810998201433176
1.4786575031565723
1.478927425199942
1.4853976666299975
1.487320076545176
1.4897372771719697
1.488366386347853
1.488366386347853
1.4887209279560603
1.4826414046111716
1.473581911710149
1.4724864374511137
1.483534045760814
1.4851479024875898
1.486956132059518
1.4878947021145719
1.4707089527150612
1.4707089527150612
1.465016596212747
1.4579081623429329
1.451925952602449
1.4284616473064276
1.4290548111131736
1.4393213675420553
1.442463475053
1.4307711497511657
1.4304101522991377
1.4335240478042304
1.4418913970813754
1.4411547310593533
1.4470364262761999
1.4502545589836164
1.4506717291108635
1.453484881915553
1.4520703540165978
1.4475609853633735
1.4573388195531805
1.4378862477379908
1.4319778785371788
1.4362944888291533
1.4430236364861733
1.439658792391512
1.4352485888726738
1.4323224924364806
1.4146868718280639
1.4147246763587247
1.416121697857093
1.415167662194526
1.4237648928027982
1.412205703959017
1.412205703959017
1.4082609987284151
1.419855520710875
1.417353829078073
1.42070834159172
1.4331514587267318
1.4447783434985317
1.4456266551905395
1.4478895164788779
1.4478895164788779
1.4716381655330038
1.4732596085123155
1.470014122731113
1.4733639064578108
1.4743298483266032
1.487658869591179
1.4778024946807782
1.48170513243278
1.4786899833694616
1.4624671193426448
1.4718208184088442
1.475364695488841
1.4849756483648147
1.4944392618971725
1.4979829804696976
1.4999361646635256
1.5060708607086728
1.4982169610969325
1.4986597955062013
1.504700037738525
1.5108316134856934
1.5162048872994072
1.515046895644078
1.5151556278231768
1.5132121242352476
1.5132498988730292
1.5054520420308266
1.514506928877192
1.513737804273799
1.5084642075184522
1.5155997577045395
1.5037117859051112
1.5025774280041728
1.5122807223088284
1.5014078476462938
1.507078121971252
1.5029009962384314
1.5077418702685839
1.5123315525747059
1.5259743448303875
1.5370342244377095
1.5417114373758338
1.5419927966438671
1.5389716182556847
1.5351405494898507
1.5284275011951869
1.534317371331255
1.5274535762827595
1.5282942586291117
1.5276269261347686
1.5343491629656714
1.529448597629256
1.5249224529758294
1.5238832882286084
1.5187931474717031
1.5187931474717031
1.5087297963236606
1.5016041866565555
1.4915598937222079
1.4724214629343055
1.449214667363962
1.4390279893177234
1.4393010501048384
1.4389983831041986
1.4386616942822361
1.4286628980200773
1.4334417807035498
1.4488211320826732
1.4491984249999994
1.460222370792085
1.4557867795877613
1.4446841774263504
1.4438091926381376
1.4456247533509927
1.4514452757501497
1.4676574253810692
1.4775055988820005
1.4751458314177246
1.4698499874911952
1.4925700794751804
1.503781336243447
1.4912388662026559
1.504424258591819
1.4995010842985985
1.4876260711745566
1.4887209284155243
1.4889332789215752
1.4696663732244624
1.4770511495585317
1.4881900632414702
1.5160416344616086
1.5104989697633082
1.5358076014624809
1.5331408605409083
1.5267980658052551
1.51626732453425
1.5153393793728303
1.5078284648250404
1.5189448408873367
1.520861916977241
1.5213341803775988
1.520474841963193
1.524381151898241
1.5148910682447272
1.509386837055632
1.5082051518889654
1.5029376432132167
1.5153176805262638
1.5059244619497618
1.4983327950591385
1.5021211643802328
1.5074864205532934
1.514290634254307
1.5037837369920275
1.5001009299417272
1.5006013720541393
1.4873486053512865
1.4827276436282422
1.4711343728672703
1.4671057995648447
1.4684804584112519
1.4662626841775506
1.4744361566515427
1.4744361566515427
1.4763503445776427
1.4586699832040226
1.446628116405684
1.4490967381719615
1.4599776961936233
1.4599776961936233
1.459380561537294
1.4594100057792487
1.4424524985922436
1.4579487159799882
1.4560968885620222
1.455998307214803
1.4814238632420917
1.4871399204024593
1.4913297025442853
1.4973917623823942
1.497433238366384
1.5043616511853837
1.5076875533670036
1.5161725976844105
1.534283477011689
1.5343578911208287
1.5196383248626788
1.5198737927765587
1.4908929790611758
1.4842613215995661
1.482717632805324
1.4827037912506338
1.4833334675463716
1.4860593998295168
1.479961401410897
1.4795972919569111
1.4889454720628286
1.5002641551411664
1.5051995618332705
1.5193018923143216
1.529497076673303
1.5257983691397126
1.510279893489608
1.5047960041995714
1.4791140928075952
1.4791140928075952
1.4833218980212683
1.4955837263888752
1.4790988623572587
1.4762297539284166
1.4698376737668628
1.4685634407079342
1.4685634407079342
1.4685634407079342
1.4541445779468118
1.4615048826748958
1.4707679387925459
1.468299548199082
1.474998334525844
1.4454286317652325
1.4332293946272885
1.4279192547119146
1.4314550190692699
1.4378008697697373
1.4270865995130475
1.4231567524215512
1.4280975030877388
1.4153104489509303
1.396707503030147
1.4060053624744582
1.404584597465779
1.404584597465779
1.40159914431882
1.4047326039506245
1.4131860293168554
1.4050840230759372
1.4047732776969266
1.4069947552300914
1.410416919062611
1.415789767140491
1.4216828077711616
1.421151884618444
1.4166263961610783
1.4084504488580831
1.42463312893757
1.4240740134660916
1.4287456971321215
1.415942207198174
1.409442670280583
1.4020999685554265
1.4034327560598339
1.4032460945450576
1.390078793994529
1.3881707137845567
1.3914247364240309
1.3976390574131363
1.3943509368168838
1.398072661909295
1.4096297884134084
1.4184190941646455
1.432428347520484
1.4208343983968348
1.4018483099238563
1.4018483099238563
1.4112465272933903
1.3915216742363905
1.3889247486881957
1.3879362950175438
1.3893283874697748
1.3891096650673067
1.3728094571498415
1.3655993870010463
1.3596541303217076
1.3603075246889562
1.3566707507355065
1.349763844643907
1.3529060424196213
1.3515445518690061
1.3467043046334188
1.334869296389045
1.3282566230334791
1.3217335154111232
1.3129639651728697
1.3060621599246232
1.309820044626991
1.2927070528424147
1.2927070528424147
1.3119924556950262
1.3150420191328884
1.3117497957807158
1.3298412770260386
1.3298412770260386
1.3404620483449343
1.3404620483449343
1.3401386965181872
1.35095954733497
1.3565072221483647
1.3565072221483647
1.3565072221483647
1.3536924895744322
1.3536924895744322
1.3514053828629846
1.362927013666003
1.3652807289453597
1.3573274940901603
1.3631783664786636
1.3594083256306149
1.3630641406397825
1.371062188085116
1.3782725836811902
1.3899080754783015
1.3899080754783015
1.3744006584363173
1.366108203477973
1.3799625283866
1.3865049314804145
1.3722750227116929
1.3667560381318027
1.3483737746681197
1.3338702693018003
1.3444611705915415
1.3450319830385449
1.3450319830385449
1.3555746958297
1.351066445496939
1.3665488987643888
1.363057324034518
1.3567081922864492
1.349827686239823
1.3526003322718312
1.3667726891067553
1.3430440479253398
1.3437426987592738
1.3429309791597512
1.3440075022327556
1.3502326428721159
1.3602425852804858
1.3604195735746079
1.3543825165029921
1.3597030238629426
1.359623958334321
1.3553854442785946
1.3570909853478161
1.3485305061048696
1.3582738710711237
1.3557450473487036
1.3534449012611898
1.3458783415707782
1.3429504593380217
1.3441121583841
1.3481271192205084
1.3481323315189124
1.3480987179390052
1.3471081211730624
1.3592360340799334
1.3429313985640414
1.3531108200001738
1.3466525365349231
1.3437308722087684
1.3406721161997848
1.3271586678319227
1.3327030854871929
1.3383016451544214
1.3406396876675781
1.3393254698262689
1.3393254698262689
1.338917466060914
1.341893805029297
1.3264109362392549
1.3170915358247721
1.3192816522110302
1.3182644507457806
1.3098267589103458
1.3010966548046077
1.3010966548046077
1.3023303251460654
1.2966708797515967
1.297183869791381
1.297183869791381
1.3048464083570521
1.3096787275533548
1.3041401896883273
1.3105053718098525
1.3105053718098525
1.304150898628677
1.3073186566689143
1.3079091039178747
1.3015170858072558
1.302717387893376
1.305377829157358
1.2934273955311597
1.2934273955311597
1.2918196883721376
1.2946353003621207
1.2946658386730256
1.2831872903214279
1.2876860114797803
1.2822401831109909
1.2874949835248441
1.2874949835248441
1.2910882840473217
1.2988905366023842
1.2902756047027761
1.2941744948261904
1.3121303098164407
1.303371481745082
1.2959852126050877
1.281440016971609
1.2743513782826823
1.2791213001498536
1.2664217831232127
1.2768579584390447
1.2768145330437408
1.2627624574406102
1.2701412521620623
1.270230938100912
1.2691005535559263
1.269246799979904
1.269246799979904
1.27229770599867
1.28563728865073
1.28563728865073
1.265316192787422
1.262014960898759
1.2793912930895346
1.2752171403181511
1.2797297279057578
1.2760830155462952
1.2688148066583589
1.2709155168842654
1.277750909608291
1.2652888583156672
1.2593207020366772
1.2482109649566575
1.2304481081348184
1.2170126062430326
1.212418729524901
1.2105598855258086
1.203743618581121
1.207207198320661
1.223561187337215
1.223561187337215
1.225506962004657
1.2403087796448606
1.240924030685036
1.2437115491737751
1.2601044346618377
1.2650306884466298
1.2629101436840557
1.2464259045642474
1.2433085011537046
1.2498261899606335
1.2700701103374508
1.267145310186825
1.271264850025611
1.288048857383751
1.3077494404233185
1.3100761670785281
1.311707708403329
1.3191042565304334
1.3201691263266655
1.3319503764150633
1.3180022175027595
1.3014001389706862
1.3033002987997688
1.3071217072709482
1.2992692752974997
1.3117499130988408
1.3103637847332477
1.3057566055919774
1.30811249090083
1.3080560535013088
1.306740198280153
1.3030248755207572
1.3030248755207572
1.3030248755207572
1.3022494049080504
1.3013224747897758
1.2977596425353053
1.2963599368255323
1.3016837018503093
1.3058819082212005
1.3003173588382215
1.2955314192759155
1.2836209449327205
1.2772878141257789
1.2764089382040658
1.2802486509467872
1.2802486509467872
1.2815056726184229
1.281041971831507
1.2810155639544407
1.274816715177273
1.274816715177273
1.274816715177273
1.2863680794462182
1.2853114272645327
1.2910594256674268
1.2910594256674268
1.2910594256674268
1.2939098722432296
1.2868176948912318
1.2914983260634185
1.3005166023248622
1.2949854319126468
1.2882317290325196
1.2712517474263454
1.2865960564821117
1.2780134818863396
1.270283119776608
1.2725440910011965
1.264643263389001
1.2577085585269332
1.2722262883407576
1.2603515321325178
1.2589731232176176
1.2595269764401076
1.2514485374194266
1.2428336158309878
1.2439805712658007
1.2439805712658007
1.2689582859981747
1.2782804682790527
1.2782804682790527
1.275033674858207
1.275033674858207
1.2795150626391956
1.2753759315924804
1.2737254391923447
1.2726153684019275
1.271426213184134
1.2931008007545886
1.2933697430865947
1.2983777469376003
1.2924401802823717
1.291166167689748
1.2892828586574432
1.28545138038711
1.282406902574558
1.2830960617534903
1.2830960617534903
1.2758728603526883
1.263351910165233
1.2509631771735812
1.254507779429197
1.2535185662019204
1.2590156547710836
1.2590156547710836
1.2579575519118051
1.2577320327541388
1.2577320327541388
1.25283786223817
1.2570107971831266
1.2570107971831266
1.2555135356765688
1.2555135356765688
1.2566069297206297
1.253758538542795
1.25154202208758
1.2558161585673313
1.2351670730626738
1.2403209890930817
1.2374829055655483
1.2596158623842084
1.261865353648424
1.2621606516637347
1.2658125089611434
1.2658125089611434
1.2658125089611434
1.2629621950837124
1.261649832960129
1.25628816793914
1.2540873615269836
1.2607488909693376
1.243456103056141
1.243580800407503
1.2550347499156769
1.260603827707437
1.260704777805274
1.2530821455409542
1.2268505118931854
1.235959900779251
1.233600965757868
1.2282375338062972
1.22379672042889
1.2303349557742271
1.2257578714910213
1.2102926948442907
1.2040761690883781
1.2040761690883781
1.2009406530074656
1.2009406530074656
1.2022445513477116
1.2033208511174254
1.2036206274940258
1.2000382903165614
1.1954969126499895
1.1943038546675229
1.1930183874362457
1.2005492861060705
1.189231804601994
1.1773720526838813
1.1773720526838813
1.1734820934628092
1.1707911586734976
1.172944996107968
1.1728467974825696
1.1718101274842836
1.1718101274842836
1.1708611057372167
1.1764830595073328
1.1764830595073328
1.1764830595073328
1.1595470141197504
1.1621830937039195
1.1585362318017074
1.1708657425821012
1.1708657425821012
1.1655288783641844
1.1570327944202228
1.1675617994452159
1.1675617994452159
1.169936941866783
1.1724411509045811
1.171547407048906
1.1564288174910213
1.1564288174910213
1.1534913274036822
1.1602539459995482
1.1592638471559062
1.1555100398006422
1.151899156219833
1.1339033841562214
1.1339033841562214
1.1223231842200534
1.1052746554286574
1.1066446447861114
1.1054557012018285
1.106766184364749
1.1141061411181306
1.122443277651059
1.1231647407540952
1.1115151421165577
1.1092776990710251
1.1303347233744758
1.1303347233744758
1.130380563562867
1.1055570013349043
1.102944390236692
1.102584475430167
1.0936245815682222
1.0941813143428443
1.0941813143428443
1.0941813143428443
1.0982795237899767
1.0982795237899767
1.0982795237899767
1.100936362592991
1.0985308339577053
1.09824079770841
1.09824079770841
1.096517476357594
1.096517476357594
1.1134694126708655
1.1285845901275764
1.1310052347755286
1.1312050009164643
1.1312050009164643
1.1309499494202158
1.1282276035521304
1.128656554096974
1.1314166336632314
1.121421018476472
1.121421018476472
1.1146695576803174
1.1021782448238018
1.097751814475569
1.099234559169448
1.099234559169448
1.1084384694525464
1.1088522298949113
1.107012245625589
1.0827755901650526
1.0827755901650526
1.0833373488791207
1.0814621532447868
1.0697534598428593
1.0726117765176486
1.0726117765176486
1.0789599741328597
1.0812405514965588
1.0719999802452058
1.0719999802452058
1.0721902901448654
1.0700174509304106
1.0737724041785395
1.073840763799721
1.076596331992671
1.076596331992671
1.076596331992671
1.0787758111996888
1.0787758111996888
1.0722486320196094
1.0647128592604633
1.0615217367045833
1.0615217367045833
1.0561098511116926
1.057638464327007
1.076887859639002
1.07696599833262
1.079376537760983
1.0809438357948957
1.0816325873161425
1.0798904552566913
1.0814140707413529
1.0844243109348122
1.0655278402550263
1.0492207424593052
1.0492207424593052
1.0417436300689682
1.0396042065190325
1.0254140525561324
1.0144384297560793
1.0076477085891962
1.0076477085891962
1.011155041961648
1.0140459039016265
1.0140459039016265
1.0166368625989783
1.0133154234516686
1.016529960977525
1.0172789364566155
1.0171009454374833
1.0164179133712692
1.023290630378089
1.0238311991913869
1.0068287581535582
1.013654244112473
1.0051770757572593
1.0050419606278804
0.9985958829457169
0.9997410239194106
1.0034162289869657
1.0034162289869657
1.0111520202452426
1.0111520202452426
0.9886653289521259
0.9886653289521259
1.0034656985215626
1.0034656985215626
0.9957450688485301
0.9957450688485301
0.9832994105773667
0.9832994105773667
0.9802399010429954
0.9802565105673269
0.9714764008930856
0.9731308007210201
0.9718540632321006
0.9718540632321006
0.973612073438093
0.9833425755000288
0.9784105678791416
0.9817585618555644
0.9763927096521093
0.9742719209252502
0.983126602268509
0.983126602268509
0.9734547654496624
0.9719478687982972
0.9719478687982972
0.9739051031449386
0.9739051031449386
0.9739051031449386
0.9723527341554173
0.9730779112709815
0.9739485853178712
0.9846310505977101
0.9779786159042253
0.9828265566661533
0.9828265566661533
0.9802594031673408
0.9794446774605688
0.9733154093713677
0.9822214190966662
0.9771907246520403
0.9750615127898832
0.9567819570078137
0.9567819570078137
0.9488125162723638
0.9488125162723638
0.9484310261122015
0.9489370917260747
0.949546044866519
0.949546044866519
0.949546044866519
0.951050193621035
0.951050193621035
0.9502480443740958
0.9502480443740958
0.9448592068590898
0.9163545958152255
0.913388946212096
0.9097256238872355
0.9042500797401274
0.9042500797401274
0.9046427208918444
0.8869745989086061
0.8959128973334177
0.8959128973334177
0.8872001978533848
0.8847221516569769
0.8785446205514496
0.8796945514877529
0.8770737840568206
0.8665020193042623
0.8691029601272541
0.8595156579254896
0.8489554443714755
0.8471337780611683
0.8382588278994485
0.8417824545565598
0.850884664914648
0.8541277088807224
0.8352441061337291
0.8337727981917289
0.8337166165873661
0.839982352426803
0.8397721949333554
0.8395602981372703
0.8395602981372703
0.8280280617164517
0.840821515091434
0.8447787174792757
0.8460152465357074
0.8342903108500418
0.8276022867984986
0.8256685487276814
0.824485361445359
0.8243336439985065
0.8400666365024073
0.8393997885395025
0.8393997885395025
0.8164959695862265
0.8025924831451197
0.797113327428332
0.8041999708025118
0.804526378227485
0.8061689739258863
0.8068046970443299
0.810390830461014
0.7959171843331172
0.7975252666875137
0.7975252666875137
0.7849864096335929
0.7856066913266763
0.7787864014761013
0.7787864014761013
0.7885393533315881
0.792388547232373
0.7880400732888152
0.7880400732888152
0.7811352878871328
0.7680051158713445
0.7587854276047824
0.7720765251094551
0.7720765251094551
0.7664747203063125
0.7664747203063125
0.7618428289531858
0.7699208403825122
0.7687117914535103
0.7677841105293476
0.7678300768339733
0.7678300768339733
0.7678300768339733
0.7657764785621302
0.7630483433297591
0.7413331738410153
0.7354539764448774
0.7429973062583891
0.7429973062583891
0.7458225717967345
0.7380782796518489
0.7380782796518489
0.7372852043074274
0.7400930549701491
0.7463737285274655
0.7464510726281273
0.7464885676103281
0.752658119069729
0.7585017978311428
0.7585671282458681
0.7544033460659166
0.7544033460659166
0.755199377601461
0.7618922833563958
0.7634577238763702
0.7459115456919116
0.7499341887502006
0.7500371785330934
0.7500371785330934
0.7500371785330934
0.7530371520178404
0.756795327299956
0.756795327299956
0.7620579376014103
0.7889665782813607
0.7818997455212775
0.7818997455212775
0.788222636146506
0.7880571180383397
0.7839482202105126
0.7846665341819213
0.7794023109331656
0.7794023109331656
0.7794023109331656
0.7760915463445351
0.7702381098571203
0.7655203867418451
0.7689699702676105
0.7689699702676105
0.7879269692615608
0.7879269692615608
0.7879269692615608
0.786530866693064
0.786530866693064
0.7845181796857983
0.7760470449000821
0.7732230547880482
0.7762214716491695
0.7732727282582162
0.7628905540027886
0.7761051477569646
0.7725872218901987
0.7697278941798711
0.7702975016643794
0.773684047702255
0.7740673407585673
0.7740673407585673
0.7789775949973898
0.7882778401352399
0.7872366445896731
0.7835777380506233
0.757945369938338
0.7586183455830208
0.7586183455830208
0.7586183455830208
0.7549768776925996
0.7605803882446689
0.7503756810605615
0.7542934703962777
0.7467925415930129
0.7422219471042961
0.7429232310033558
0.7429232310033558
0.742919158586736
0.742919158586736
0.7469185905180644
0.743775884935044
0.743775884935044
0.74010151729293
0.7395053270780096
0.7390607371489563
0.7390607371489563
0.7433923383027331
0.7433923383027331
0.7304586448618837
0.7304586448618837
0.721566782852969
0.7073940529243814
0.7043790102890959
0.7026336000905667
0.7026336000905667
0.7018768514099025
0.6929211503238542
0.6929211503238542
0.6930362162381782
0.6933856949572316
0.6933856949572316
0.6947598394486619
0.6947598394486619
0.6947598394486619
0.6985825820531271
0.6985825820531271
0.7025394022004278
0.7006832996090658
0.7006832996090658
0.6827533200717152
0.6863758828300122
0.6823780660362457
0.6823780660362457
0.6823780660362457
0.6746997092296949
0.6738276861479411
0.6659964925636441
0.6667199658355614
0.6667199658355614
0.6562916184449764
0.6454263657229725
0.6383713301840424
0.6390039966116081
0.6384348918465779
0.6384348918465779
0.6381943158412567
0.6381943158412567
0.6381943158412567
0.6385237708205257
0.6401285322543641
0.6254378013552673
0.6245832890219613
0.6245832890219613
0.6077506505372399
0.6074462502359584
0.6057462443122055
0.6059786738437147
0.6164292812765062
0.6164292812765062
0.6164292812765062
0.6120068895850026
0.6135940234452141
0.608098523171901
0.5819503601219675
0.5812560402431958
0.576716002034147
0.576716002034147
0.5780957609617416
0.5799745839019322
0.5792382694283734
0.5759849033817357
0.5759849033817357
0.5720228374831835
0.5720228374831835
0.5720228374831835
0.572157402308287
0.5608067697560636
0.5556733870963788
0.5599323411851579
0.5621512592283879
0.5613262621717681
0.5546462604352795
0.5540742833759111
0.536385637614511
0.5405838557098088
0.5403227402003735
0.5391456435331234
0.5391456435331234
0.5400260657523954
0.5342450296601234
0.5391394482400714
0.5324907570883268
0.5371230937987901
0.5385667270312268
0.5345894191974921
0.5345894191974921
0.5346942058928742
0.5197008309717086
0.5121927994744446
0.5121927994744446
0.5121927994744446
0.5002474982653634
0.5002474982653634
0.500423588036573
0.500423588036573
0.500423588036573
0.500423588036573
0.5042583149273927
0.5042583149273927
0.4992781445734333
0.4992781445734333
0.5031158167916918
0.5031158167916918
0.5025401298049337
0.500431562067411
0.500431562067411
0.500431562067411
0.4953832811306171
0.49383092385586264
0.49004980544882604
0.49560847636161925
0.4957534906439901
0.4957534906439901
0.4889295383825374
0.4889295383825374
0.5105399766083255
0.5105399766083255
0.5108825653137414
0.5108825653137414
0.5108825653137414
0.5062403458505081
0.5042539634743022
0.516452462387277
0.5159652927526762
0.5137455299001646
0.5043692916630901
0.5044421190610139
0.5086538855137889
0.5121704366338568
0.5152116575225342
0.5175105603683013
0.519573533413806
0.5174378014865517
0.5163210414626452
0.5163210414626452
0.5163210414626452
0.4984103004754412
0.4919673915281933
0.48742239708837
0.4864668668752624
0.4864668668752624
0.4864668668752624
0.487108933597852
0.4870412620153253
0.48568773649919483
0.4982102529650844
0.4982102529650844
0.4982102529650844
0.4982102529650844
0.4982102529650844
0.4982102529650844
0.49327304556776186
0.4939845058803858
0.4764556786030916
0.47618608081417274
0.4764551153697804
0.47032582624270747
0.47032582624270747
0.47546639856436573
0.47546639856436573
0.4891148036902199
0.47768315878235673
0.48163558156679764
0.48163558156679764
0.48131405372196157
0.48131405372196157
0.4775790970174508
0.4740210923040788
0.4691116145358208
0.4727504016158092
0.481140129140836
0.4817698713303935
0.4753437819191631
0.4753437819191631
0.48087762675984963
0.49167337323381255
0.49254043077582926
0.49254043077582926
0.4880130467548189
0.4872633700334872
0.48353040999304564
0.4904411577649378
0.4929778812235646
0.4929778812235646
0.4929778812235646
0.4892705131694127
0.49360886450601604
0.4937860972349427
0.4941153813973284
0.4941153813973284
0.49995243775570886
0.4872008400520446
0.4872008400520446
0.4872008400520446
0.4872008400520446
0.4881981945146671
0.4796990141966241
0.46566070862933834
0.46566070862933834
0.46204065835305846
0.44447513232941027
0.44351791725919365
0.4444942893553454
0.44544635155791407
0.44548541242458956
0.4452604339664245
0.4452604339664245
0.45751189944599374
0.45751189944599374
0.45838815250344683
0.45975516064138944
0.4624015385070515
0.4624015385070515
0.45913617361285286
0.4150051536755771
0.4150042733009652
0.4140155538235161
0.4109139333985898
0.4109139333985898
0.4109139333985898
0.4083948987094641
0.4083948987094641
0.4083948987094641
0.41320426771529106
0.4064816750007213
0.4064816750007213
0.4064816750007213
0.4052868409905921
0.4025630746440138
0.40253698790880743
0.40253698790880743
0.40253698790880743
0.40253698790880743
0.40253698790880743
0.40253698790880743
0.40118597727047384
0.40118597727047384
0.40118597727047384
0.40118597727047384
0.40118597727047384
0.40118597727047384
0.40118597727047384
0.40118597727047384
0.40118597727047384
0.40118597727047384
0.40118597727047384
0.40118597727047384
0.40118597727047384
0.40118597727047384
0.40118597727047384
0.3973093442024462
0.3973093442024462
0.388730998386737
0.37445448795806735
0.37445448795806735
0.37445448795806735
0.37445448795806735
0.37445448795806735
0.37445448795806735
0.37445448795806735
0.3744483368306718
0.3744483368306718
0.3679004010724924
0.3679004010724924
0.34776590654743933
0.34788623399075863
0.34788623399075863
0.34788623399075863
0.34788623399075863
0.34788623399075863
0.34788623399075863
0.34788623399075863
0.33409065142440597
0.3274102001184399
0.3274102001184399
0.3274102001184399
0.3214710018558682
0.3214710018558682
0.2761819498754021
0.27574222495382367
0.27574222495382367
0.27574222495382367
0.27574222495382367
0.27574222495382367
0.27574222495382367
0.2751157641472759
0.2751157641472759
0.2751157641472759
0.2751157641472759
0.2751157641472759
0.2751157641472759
0.2751157641472759
0.2751157641472759
0.2751157641472759
0.2751157641472759
0.27501096106025136
0.27501096106025136
0.2693281243587375
0.2702980943043136
0.2655361532154148
0.2647650141361347
0.25809151286471277
0.25459372290936405
0.25459372290936405
0.25459372290936405
0.25434739577831944
0.25434739577831944
0.2526806066171139
0.2526806066171139
0.2526806066171139
0.2526806066171139
0.2526806066171139
0.2526806066171139
0.2526806066171139
0.2526806066171139
0.2526806066171139
0.2526371393810993
0.2526371393810993
0.2526371393810993
0.2526371393810993
0.2526371393810993
0.2526371393810993
0.2526371393810993
0.2526371393810993
0.2526371393810993
0.2526371393810993
0.2526371393810993
0.2526371393810993
0.2526371393810993
0.2526371393810993
0.2526371393810993
0.2526371393810993
0.2526371393810993
0.2524139997239137
0.2524139997239137
0.24945029678828107
0.24593524528809213
0.24593524528809213
0.24524078497492038
0.24524078497492038
0.24524078497492038
0.24462729750573886
0.24462729750573886
0.24462729750573886
0.24462729750573886
0.23813869031609272
0.23813869031609272
0.23813869031609272
0.23813869031609272
0.2376592974240559
0.23784031033786135
0.23784031033786135
0.2366306596755697
0.2366306596755697
0.2366306596755697
0.2366306596755697
0.2366306596755697
0.2366306596755697
0.2366306596755697
0.2366306596755697
0.2366306596755697
0.2366306596755697
0.2366306596755697
0.2366306596755697
0.2366306596755697
0.2366306596755697
0.2366306596755697
0.2366306596755697
0.236126092778072
0.236126092778072
0.236126092778072
0.236126092778072
0.236126092778072
0.236126092778072
0.236126092778072
0.2362622750963595
0.2362622750963595
0.2362622750963595
0.2338574367405867
0.2338574367405867
0.2273815978870492
0.2273815978870492
0.2273815978870492
0.2251617607131731
0.22510509412653873
0.22510509412653873
0.22461612053326527
0.22461612053326527
0.22461612053326527
