0.0466667 -0.01031989229361363
-0.0866667 -0.10761749997016146
-0.3733333 -0.4990583513668243
-0.1533333 -0.30152543239264645
0.0366667 -0.04701044737425958
0.0066667 0.021943477406703826
0.7633334 0.7118880623960074
0.61 0.5850135373179861
0.3833334 0.2677728281103106
-0.28 -0.39231974077111603
0.56 0.5953250656277116
0.1633333 0.05898334146598959
0.1266667 0.14235322517072502
-0.71 -0.6712715153842393
0.9666667 0.8637576859762226
-0.86 -0.7879572587892854
-0.59 -0.5831735892116405
-0.2366667 -0.25922989466268354
-0.4033333 -0.42732140502555593
-0.7566667 -0.7865769728195782
0.7133334 0.7104270109182909
0.4233333 0.491612393910734
-0.2933334 -0.3237422656365678
0.72 0.25825446409616193
-0.9666667 -0.8280145028278045
-0.9966667 -0.9280554145572231
0.9833333 0.8646633927384746
-0.6666667 -0.1533638152534424
-0.17 -0.1421363313029166
0.9 0.9547902781032673
0.03 0.01226251910256948
0.27 0.21153132224974225
