1.4024553607864052
1.3062111369558582
1.3077383733843702
1.3058365476725584
1.3077586296545776
1.3067944975663677
1.3122941189188606
1.2945463925160938
1.2792361406052222
1.2780220049422624
1.304679216219085
1.2974965234020026
1.295399994881959
1.2790967673859648
1.2781673806206653
1.2744477111221915
1.2659182389562726
1.2620761214875078
1.2623465370266753
1.2716337912689932
1.26926819064133
1.2778752512711484
1.2800678279448399
1.2940224558913171
1.2862296755325562
1.2662958552036587
1.2647971204083082
1.2637323516356191
1.2596078792519896
1.248208762888523
1.2478144663615771
1.24386872497238
1.2427685568997122
1.2472877268140175
1.2452615957806714
1.2459934398022363
1.2480397104359162
1.2489361559194225
1.2437734597739716
1.2308998602106376
1.2338519197613562
1.2266721893183998
1.227289500999518
1.2279144606947545
1.2279144606947545
1.224515390727537
1.2188508381295253
1.2151227408632657
1.2185382034416956
1.233460249748766
1.2341028894898145
1.2346849493136332
1.2362110219146616
1.235569095049417
1.2445308322668878
1.2465602423921112
1.2462088720819862
1.247363056119856
1.2607369596477833
1.2599491466665924
1.261739469043348
1.2511991535823024
1.2597105048778372
1.2593588490715772
1.2573297772934497
1.259876744211165
1.2598537087755102
1.2351924351020687
1.237970044231965
1.2394926953681151
1.233226649179143
1.247003790491467
1.2315530272387651
1.2394458097108776
1.237617812232742
1.2386104318247881
1.2314740510993236
1.2295340054081045
1.229485543885221
1.2282009092760937
1.2351576402076514
1.233205804944041
1.235543622073496
1.2354542344496973
1.2319249918350885
1.2406847317163137
1.240958219318615
1.2405823218019532
1.2445090238512746
1.2488570412972333
1.2373702113025216
1.2355898478115486
1.2357029471706054
1.2151558342517557
1.226556653242017
1.2239436702972077
1.2239840335041456
1.2258385477197176
1.2247895127119384
1.2239774451207353
1.2115332058834616
1.2101761549757468
1.2135007938541167
1.22030143579612
1.2201263149762898
1.220616240557922
1.2094039994815537
1.1989738327873487
1.1867669092147841
1.1715049940761912
1.1729011529768885
1.1722753166636284
1.1885018910713618
1.1954953585194694
1.2088221528543015
1.2054702797520782
1.2097200944540247
1.2262634461046091
1.2181268542156636
1.2304434148783563
1.2308352986888014
1.231697770553617
1.2372702268187887
1.2388483173712859
1.2370830020281482
1.2337301479042082
1.2337301479042082
1.233399991585447
1.2296370490229755
1.240411270021575
1.2428869966429283
1.2428055757148762
1.2544704530368618
1.2542880975735524
1.241527247267876
1.2403485290407699
1.2268969911359595
1.2430629763081074
1.2390887172077056
1.2502356876012668
1.2497712937107217
1.2515477817955798
1.2645792404596032
1.2682733556244
1.2692631123401716
1.2727354125208294
1.2735301406236317
1.27575938753727
1.2682026498092314
1.2728205309942713
1.2851835280645272
1.2824848707395566
1.2726549361465946
1.2694395809157655
1.2696340915574384
1.2697903645705642
1.2747368576220963
1.2694308305167865
1.2426914180606505
1.2357358916524472
1.2270007246095471
1.229404275347892
1.2090027925213962
1.2113516503671669
1.209865363835483
1.2034536154826612
1.1928498657620765
1.1781772094247487
1.1921241953970794
1.184766374484821
1.213901692681606
1.2280716446976978
1.2383558631812452
1.2421193313963657
1.2469712142828717
1.2475812536245698
1.2548600519566147
1.2596979606161423
1.2473310842157823
1.2578781568336264
1.25773943202491
1.2586699509317403
1.2549684045032055
1.2546305437404803
1.246094907876656
1.2458041267834319
1.250458141738361
1.2473258810247618
1.2610198549242977
1.2798221244222558
1.2931544590285742
1.2941582219518024
1.301315688812645
1.3000393534512147
1.2970813765995277
1.2702297988934992
1.2662636002918528
1.27983976127115
1.283498909895125
1.2816867954429274
1.2816867954429274
1.2769708337491592
1.276554914628639
1.2775388354551809
1.2661166536706003
1.2734214233478531
1.2775227939714722
1.2695029647035598
1.2900262318271987
1.2751777768345596
1.2751213649004958
1.2748930242433445
1.2623656837137416
1.262583946610505
1.2732541464715073
1.2827200413460347
1.2854622549094743
1.291235799748877
1.2902431643543835
1.288221154531846
1.2891479477378467
1.2902830805591035
1.2730768003037614
1.2818069768017715
1.2831572909426439
1.292613754159672
1.2916076711234885
1.2941665336199182
1.2998738935030583
1.317389975941204
1.3171357804180683
1.3140693048916345
1.3225175260470912
1.3224796888003787
1.324911653157267
1.3253874924809896
1.3344898635828673
1.339546901770478
1.342154739155032
1.3681407122877034
1.3681004351641635
1.3691240160401388
1.3669168389129784
1.3671900823496845
1.3702390872161794
1.366647990572242
1.3665805983544723
1.3634064939321544
1.345750851956139
1.3512666593384974
1.3360092755372697
1.3406043680671986
1.3593236503112085
1.367419726999764
1.3724241100475183
1.3706417537430702
1.3621462514112885
1.3477380895398983
1.3443494212504787
1.3476520059621253
1.3367199715091929
1.3374338655080487
1.341847794549788
1.3632579250736805
1.3762762178169186
1.3789225391629925
1.379082534382041
1.3770573470197258
1.3694178423162162
1.3614697442740076
1.3773422251355107
1.3775806026358581
1.3626887783928772
1.3611402571166573
1.3759744390037398
1.3920437619986852
1.3920437619986852
1.378940259397256
1.379204286980065
1.3806606836013309
1.3803944495543958
1.391995579574224
1.3916483707976672
1.378266093539648
1.3865787206424571
1.3933774981401483
1.3931082627672624
1.3933599681657232
1.394148246716068
1.384801126969098
1.386346467698911
1.3870086266464086
1.3787966942819703
1.3673126347303948
1.3599642165009693
1.348806231429901
1.3442684859906917
1.3402281024817884
1.3478856609193548
1.3410678071361024
1.3318752433916448
1.340562767573403
1.342301965835344
1.3414352150581295
1.3385019593598664
1.336339406827141
1.3263653164966025
1.3197028500341395
1.3177419620822466
1.3100371800280624
1.31197443041989
1.3106751275925779
1.3148046434044365
1.291542324603101
1.302605405514138
1.3012893219221529
1.2855241808392297
1.2690401715656465
1.2659172530215141
1.2596691999723966
1.256532970955099
1.2431862425424474
1.2368917015088206
1.2385991982957738
1.2447595274867609
1.2442731380561887
1.2601001182292093
1.2636023708023156
1.260592254674182
1.2532219876092352
1.2533573660930155
1.2534405243139328
1.2530993437728701
1.2691785223924885
1.2623424199616176
1.2620569402285688
1.257255899193983
1.2568645750787164
1.2622536568323786
1.2741989629345964
1.2786501748743462
1.2754150060643257
1.2725583012698607
1.2683301351180496
1.2766937179507234
1.2803152431598726
1.2733952476854955
1.2716852155572007
1.2669860682876886
1.2755651884009866
1.2890874887730732
1.2903996762262506
1.2919950181526558
1.2808449812954055
1.2759642114921566
1.266715723417628
1.2736686930471752
1.264690085003262
1.261442978497739
1.2598841809351569
1.2614530373126969
1.2616621989829795
1.2626015131621016
1.2559962859242075
1.2528805001155208
1.256553146453726
1.2562523402425798
1.2506786379312307
1.273239605634855
1.2726513973391975
1.2805596276501847
1.2952750084293225
1.291697227094843
1.2939338248223449
1.2887763536364807
1.28707314896518
1.2875009488944047
1.2870331328615408
1.2976666822384684
1.2967636031609273
1.2956730138153012
1.2861354908302227
1.2850712328213487
1.304110061996755
1.302679174041656
1.3017606273367424
1.2964288561289736
1.2976333856724234
1.2971516823423745
1.2975364955595585
1.2980713328925129
1.2976103389485394
1.2994279150222836
1.2959876953680136
1.2959817053819536
1.281236718943495
1.279702348997146
1.2767164131595996
1.280299286458409
1.2913296232043954
1.294928840914062
1.2971241993375262
1.3190711828105368
1.3137881033209964
1.3053850921226022
1.310406230440472
1.3171170910033105
1.322423242427505
1.3204937177733278
1.3077085802967892
1.3176712941572826
1.3304675382778413
1.3304675382778413
1.3329110825148942
1.3345615510350164
1.3253764096830878
1.3269780107641893
1.3281362457208656
1.3281745035248023
1.334154772200588
1.3382031046762615
1.3348242633909997
1.3386269732494167
1.3338615623835037
1.3452352806825558
1.3611357445343955
1.3653138549137165
1.3697499848236427
1.376004862835149
1.384369456896482
1.3843515873363321
1.392537461195938
1.3974604710049536
1.3969986915417716
1.3963842966858837
1.4000913656867855
1.4109439862776674
1.4071624745405118
1.4068046956514022
1.4066550961514588
1.3848823563174621
1.3880148688393785
1.3679651310648466
1.3581394737798325
1.340508038276252
1.3389602801022653
1.3446192201656868
1.3616582377420516
1.3567394625214477
1.3776705848402633
1.3773720033164418
1.3743143996976381
1.3586536192130358
1.3536591147876245
1.3546763567978513
1.3552103118352044
1.3552103118352044
1.3559996565123544
1.3550465304753412
1.3533439595834482
1.35196656599077
1.348339466265323
1.350011161836499
1.3461831204447334
1.3446922149809848
1.3376013901594213
1.3298043195440004
1.3197625979091547
1.3289659781155676
1.3253140080199701
1.3363232567755714
1.3434936874155774
1.3437696540075397
1.3339194605262379
1.3423537501242928
1.3488207445977478
1.3558749086472286
1.3601869017014174
1.3660904620937926
1.348769778505345
1.3488364659949197
1.3519472003365833
1.3542817339626596
1.3341927384246857
1.3344157085644461
1.3350143701569845
1.3367201856439936
1.336018527538289
1.352603922897676
1.349555349132041
1.3359204424107927
1.3389360808633928
1.3377333057302678
1.3359563928905793
1.3344077470454196
1.3378243919981205
1.334533664118795
1.3046424562449634
1.3028009201660768
1.2954683724987106
1.2762674441641806
1.261319867226647
1.2520025115163715
1.2627739812906897
1.255331987996076
1.2545167677325388
1.2521589702867268
1.2518914436629194
1.2570493212869172
1.249561392823602
1.2535432600582808
1.2537375944276463
1.2476237653152609
1.2641375552683265
1.2603650845529986
1.2675205470619992
1.267632631208769
1.2633226019853225
1.258934911683449
1.273756505057984
1.2738431330317552
1.2738431330317552
1.2836629141788451
1.2842835289141257
1.2792394287881421
1.2793611561485692
1.2793611561485692
1.2642924712737391
1.2656823053311899
1.2641864342669296
1.2647990381526748
1.263337307913693
1.2595185521395236
1.275821030823682
1.2679150995706123
1.2746057497973133
1.263014252526973
1.2763443960846421
1.2763414781319309
1.2717288766383708
1.2738487578966458
1.2736743564177657
1.2730245507276796
1.2796747381414026
1.2792258320228165
1.2701118408687448
1.271592465994094
1.2662003911782833
1.2640619954725463
1.2632761048399244
1.2636711920936003
1.2662248043597029
1.2724232236267827
1.2719197659284822
1.2740849311751297
1.2778172633201752
1.268205353574801
1.271901110942106
1.2719931985427126
1.248179001504125
1.248404044498132
1.2560694987463683
1.2541829866926766
1.254939320046779
1.2737302403850255
1.2759373631582793
1.270315020635645
1.2701896366751826
1.2548028379018816
1.2460977992093138
1.2466861149409112
1.2483469500939262
1.2512070524295102
1.254008547045496
1.2518241578361382
1.2319493829761947
1.230870653317762
1.2179867701067144
1.2368851414198787
1.2384325755235692
1.2387111325360698
1.2378781047287728
1.2393014283486372
1.2368173291417093
1.2646054747483362
1.2597104860066053
1.259463251775971
1.2603077383460581
1.2559497833130335
1.255851970235105
1.269979908265082
1.2734346983186324
1.2730885432140002
1.2740405778106916
1.2705837159284454
1.2716045087667984
1.2724119328916457
1.2723910523159414
1.271525462145162
1.2803789699802575
1.2774715270823962
1.278312522417219
1.2761185158656783
1.2905463497940157
1.2971740522210036
1.2882943105175133
1.2873288327618186
1.2865706313681642
1.2638119112462407
1.267024969885183
1.2669705239481097
1.2452863536678802
1.2546696295742146
1.2499413841420368
1.2453064275541053
1.250038597746194
1.2511738136529016
1.2771397869291874
1.294833143731549
1.3016242743505881
1.282166556597118
1.2841187505491831
1.2987425109283435
1.3027768721882593
1.3020373586671532
1.3056815969571858
1.2858326801236257
1.2787574843981073
1.2746476556849304
1.2867803681516168
1.2896723735629383
1.2896723735629383
1.2894189524665916
1.289092690101371
1.2906750626085772
1.2886508982083928
1.3143532140745025
1.3162027631430009
1.31563884899171
1.301675900570116
1.2989807531387163
1.2972202691877346
1.3100534214849457
1.3213170422194669
1.3248980210980286
1.3092156144930254
1.2867928543649838
1.280985703089358
1.2808199363988593
1.282107066956723
1.282107066956723
1.2841671922775995
1.2902901268548963
1.2836227556762854
1.2790934419605648
1.2665726213259327
1.2681880904156224
1.2694170708985266
1.2678477305772715
1.2733373405361732
1.2977808453988289
1.2990384824725796
1.302142517151434
1.3025525282275154
1.300957017003274
1.3090355550756272
1.3080607746147634
1.3065170336290648
1.3127863320159452
1.3116246194426886
1.3059742087481294
1.3291613507307518
1.3295458883015105
1.3323595076590058
1.3323751926215759
1.3295838876706632
1.3035543622016434
1.2904648215270493
1.2903583340249574
1.2867140755857285
1.294243246220104
1.2882823361138476
1.2881334368411288
1.2868428487472026
1.2862339835804857
1.286553322861687
1.28680634467218
1.2993839121996846
1.299362981674246
1.3001663222806332
1.301906230252413
1.301906230252413
1.2775471574562485
1.2807430838825005
1.2683035001931093
1.2682657209452792
1.2676489045924342
1.260169145656258
1.2499802390316235
1.2439519884767791
1.248435518538526
1.2662052705966174
1.270096742712227
1.270008661463047
1.2698083731967513
1.261298927799587
1.2613463195063508
1.2608285026031931
1.2602585125613284
1.266038565201696
1.2618622286529875
1.2647752115113935
1.2907463590670978
1.2847662529407773
1.288200552945672
1.28627707558619
1.2902359787066011
1.2882629509007937
1.2908856325213012
1.297649850162453
1.2935508789181744
1.2916128895976755
1.3006465954801527
1.3003854918638915
1.3042578729723546
1.3101668652505147
1.2994459664285547
1.2992169935841296
1.29573824792142
1.2886928086803147
1.2992215907520965
1.3036961746495201
1.3242300728701426
1.3245619398784854
1.3253990833582459
1.3253990833582459
1.3271665458483755
1.3275866266433196
1.3275866266433196
1.3110247316928023
1.3079455573108174
1.3068796637075162
1.3071536148542393
1.289889013956645
1.2866628233644337
1.2966937234105926
1.2966937234105926
1.2963260367557496
1.2994771334017954
1.2994771334017954
1.2970167215577169
1.3048173035268495
1.302904769282464
1.3035574791351656
1.3039424828191126
1.302635153729759
1.3026727200426225
1.2982349807975444
1.3046639911100841
1.3046639911100841
1.305043787140062
1.2927734433816973
1.2912170368293412
1.2910889190638155
1.2769242386619648
1.2801679585505008
1.3037968724645776
1.3029803169492373
1.3068011839957956
1.3008420833187055
1.2999859593817658
1.2826955196334968
1.2826955196334968
1.284251743370226
1.2912498432454593
1.2926816748023533
1.2936552015491112
1.2951565658584197
1.298962186473942
1.297878819455768
1.311422027042397
1.2992782277529005
1.2989153937448594
1.298175098745956
1.2981952260956813
1.2953503817248977
1.3015591693203885
1.3007641188065817
1.2984252276686394
1.292793117392301
1.2964273478043127
1.2963306899997478
1.2966607394863072
1.2968877125880125
1.2963063402561101
1.295335905925442
1.2860145946498718
1.279958172218457
1.2608640500891382
1.2725867148063532
1.2706232540995555
1.2763946839182594
1.2775270276894524
1.278870112603548
1.2696846123367052
1.274820941021791
1.2740394239155415
1.2740394239155415
1.2742799398357127
1.2496513543590617
1.2496037182583695
1.2400904546781855
1.2409602370068071
1.2441070574391064
1.240606287719203
1.2404518175740906
1.2401256576488642
1.2319600339788799
1.229636865643677
1.2270509285074145
1.2266169746879265
1.222104318879331
1.2443754368268343
1.2434680928083004
1.2505761911351019
1.2519156242440432
1.2531647731985205
1.2527292036431539
1.2566647974793734
1.2566647974793734
1.259525951889994
1.2555033199634795
1.2512196334493049
1.232629158799154
1.2339057134656037
1.2286783423836698
1.2269545279888865
1.22669328951542
1.2357121234613422
1.2382078136629697
1.236190755692678
1.2344277566070534
1.2411186599695487
1.2401699105194557
1.246854145748066
1.2396786067833498
1.233666197122478
1.2282511875818543
1.2283785644372658
1.2220069865903953
1.2220069865903953
1.2095619028659237
1.2111319956646045
1.231569807731195
1.2323804818396569
1.2313931890867515
1.2274985475853517
1.2220866270326542
1.235769773075863
1.222459800750086
1.2210251001519505
1.2223216067553988
1.2055421512977935
1.2056052846258325
1.1712163023929107
1.1753904606893935
1.1793881352739786
1.2000278126283095
1.1986274815476257
1.2088420341539985
1.207535166572726
1.207535166572726
1.2107823342765849
1.2189430097109997
1.2181811580539124
1.2243214576266153
1.2113740896598757
1.213542009054059
1.218258983042767
1.2137657017078731
1.2088320656989806
1.2005976401285205
1.196420426594323
1.205886649210195
1.2062027899689776
1.2192713690582646
1.2162817231290137
1.2196414463729564
1.2138952907093086
1.20748052426946
1.204297450791521
1.2035919387343659
1.196499240692343
1.1984771161933097
1.2056182854064723
1.2059440275825413
1.2056442865516115
1.2056442865516115
1.2049951090488094
1.211762121256738
1.2077903829645074
1.2072014220640215
1.2087081116860832
1.2085652331632717
1.2069770029331737
1.223097734762263
1.2295663235214627
1.229271395032007
1.2247859283254352
1.2236567972374928
1.2023124881758318
1.2032125044529685
1.2061915813801718
1.2049118968673938
1.2167908638083331
1.2394336705485907
1.2394336705485907
1.2322609409337821
1.233458239933373
1.2409455454734435
1.2451861429406421
1.2327999062657349
1.2367475867521964
1.2380773495732142
1.2135271818637454
1.2112871945337957
1.2145463306285245
1.2060066060828247
1.2228835745317317
1.2270066061558078
1.2270066061558078
1.2263742573692646
1.2284855624901234
1.2284855624901234
1.2235280706363427
1.209584262820699
1.2064714235581944
1.2144068718307952
1.1878553963993368
1.1878553963993368
1.1866138308350924
1.1665135148736336
1.1617483328879876
1.158090125739795
1.1575058016693
1.1559690125267668
1.1492387811663118
1.1479523513512813
1.1536828974509417
1.162132986453478
1.1475990333064723
1.1493880775530065
1.1479904670925187
1.1440204458796654
1.1527542199515086
1.141567556248711
1.1453016401654996
1.14225167053214
1.1419443108543272
1.1622894095210838
1.1620271475646393
1.160909684799708
1.1585428442685
1.1567429735921773
1.153601462538508
1.1563123597622416
1.170795866371042
1.1719697395596675
1.1495790113388131
1.1621300463013946
1.1846500691712503
1.1804944281525527
1.1804944281525527
1.1732518114364507
1.1656614120820659
1.179137897618437
1.181482080131544
1.1795151148197185
1.1825643331763438
1.1821465705499887
1.176438956627797
1.1764102110565302
1.172746086794984
1.1711600795956127
1.173673303406778
1.155635853768273
1.1770549084044029
1.1797073859919183
1.181207717207519
1.1749477818314564
1.176104453604781
1.1909692752442256
1.1980396593604914
1.197489429678191
1.2123486288714662
1.2002154781191245
1.2035230703798308
1.20057392031083
1.1958651817121324
1.204950408502458
1.204950408502458
1.2247465687581611
1.2249190236698377
1.2304886373566066
1.228711472851916
1.2362667071451523
1.2423001609776425
1.2248734042087874
1.2491172230369076
1.2554997358101623
1.2560166336829444
1.2566320047966388
1.2613916631023212
1.2613916631023212
1.2776660588767186
1.2834417440809212
1.2790638880305374
1.2742097874309553
1.2853724561715407
1.293018714490071
1.294251926999329
1.3062618510005377
1.3185211167026865
1.319951031901491
1.319951031901491
1.3152874186795191
1.2890513103781822
1.2845424905225222
1.2951001420991117
1.2951001420991117
1.2951001420991117
1.2936482361939887
1.2927775364894487
1.2850127771594377
1.2888567867750107
1.2850628112609828
1.2850524835273327
1.2857575038044489
1.2857575038044489
1.2787399109727366
1.2787399109727366
1.2800126441346433
1.2788327677325566
1.2728681640179087
1.2709281625546291
1.2673998184655928
1.2796081209048527
1.277360905287398
1.2779385353859662
1.2794936824429315
1.2743394924532039
1.2853370486845381
1.2877634053333746
1.2871683619838226
1.2742511918175297
1.2708337833966665
1.2652021980769987
1.27042823426271
1.2806962568694262
1.2800903251470461
1.2715539557215694
1.2663044252715676
1.2672231698209035
1.2774543869596424
1.2819332618931047
1.2615586535300407
1.2582879402131608
1.2728802552955816
1.260307234719071
1.2754922897478365
1.2746440739066232
1.270594200298393
1.270594200298393
1.2616003665049398
1.2616003665049398
1.264141157461919
1.2624044405981425
1.2752013818178027
1.2778228579679243
1.267876905015716
1.2634232913163943
1.2575204115196428
1.2674782928341495
1.2820466098429386
1.2811566154236047
1.2806724411848536
1.30077070307752
1.3007313427521667
1.307317880055892
1.3126160662081043
1.3189962491893985
1.3271638286383816
1.3233976175659554
1.3233976175659554
1.3209491920044358
1.3329222071134608
1.314264052618593
1.3016516674539418
1.3016516674539418
1.3217757909682988
1.3119464535265113
1.3120362728340413
1.3048865181973204
1.3050008058901434
1.3062236290165796
1.3131714206176164
1.3035360324004366
1.3037702104702231
1.2764162384124191
1.2721343471367839
1.2738472366130076
1.2738472366130076
1.2634868704713198
1.2567119661174684
1.2567119661174684
1.2629340525036288
1.264371193814703
1.264639079945681
1.2927294398597182
1.2927294398597182
1.2661164066205925
1.258736298809992
1.2596305687346951
1.2681262675381684
1.2636549885853523
1.268157502636474
1.2796382109609084
1.2796382109609084
1.280303559204159
1.2745695762534528
1.2670328877871582
1.2748661707379165
1.2556044123013146
1.2743356394106222
1.2736306567922606
1.2724867671549038
1.2746549389400588
1.2819018110632128
1.2728371853192864
1.2639142847895457
1.2528532482490513
1.2550045130713738
1.2453019064885982
1.246503898147273
1.2373380290470006
1.2187823663063437
1.2302260487383148
1.2190032040479677
1.2173200434553992
1.2195692426224187
1.2312609591157633
1.2402302102303588
1.2457918099971663
1.2625676958418426
1.2625676958418426
1.2665740587923384
1.2563821821967862
1.256670455301402
1.2565153288417465
1.2542079966335897
1.2429030600405329
1.245374553388431
1.2490698791923154
1.2400496711903244
1.2421622197090227
1.2421622197090227
1.2421681254800434
1.2577413718290815
1.2577673902368776
1.2456101387437084
1.2572665173758344
1.2573177978764283
1.2617855983145332
1.276421121536225
1.2694376814128046
1.2694376814128046
1.2482088558995326
1.2492298711198242
1.2540483874116883
1.2538714498546921
1.2501252710148607
1.2319579333186053
1.2248069953080698
1.2186546584613576
1.2164640983710404
1.210516972675267
1.2040980506063006
1.2047780641331962
1.2126168576211924
1.2197333251124443
1.2061722779204673
1.2187147125986426
1.2307858666577982
1.2099487106861102
1.2102994086237269
1.1905600448335398
1.1975649345420414
1.197826869768948
1.1960903214250722
1.1973326745161068
1.1820800783965482
1.1758852957131627
1.1887021127694033
1.1940300403226465
1.1877492935532639
1.1857389358958896
1.1864173001341256
1.1858036831294716
1.1919765755082816
1.1903034733134663
1.2014429803839601
1.206002895274949
1.197868570396574
1.1875017004663193
1.182587108698381
1.1838184745173115
1.1838184745173115
1.1845880657184247
1.1984692547473124
1.1795835356371407
1.1892703553758037
1.1859791264628616
1.1859791264628616
1.1861781943877614
1.1905874472434466
1.206524975827162
1.2071242435038518
1.2044838087384442
1.2004185558381728
1.2008829296399952
1.2131602858439183
1.2131602858439183
1.2120440984713832
1.2189226312261985
1.2161867548038785
1.2158039899749589
1.2312996297532337
1.2443980779673183
1.2292638434335181
1.2365843354131987
1.2299771900578742
1.2312372247409258
1.231403680169147
1.231365131305713
1.2227654131083963
1.2353581477176951
1.2353581477176951
1.2616238716070327
1.2625077874461086
1.267795672958783
1.2680504934439922
1.2680504934439922
1.2680504934439922
1.2706959752532416
1.2717591911472121
1.2757034528917046
1.2646313204698436
1.2597554707261662
1.2565998524925088
1.267586423590947
1.2695514679320197
1.2663641534279002
1.2630892213604068
1.2578293387501818
1.260825688444164
1.260825688444164
1.260825688444164
1.260825688444164
1.260825688444164
1.260825688444164
1.2510255394216836
1.2570939971462836
1.2481383039602063
1.2510829284315634
1.2566730122173246
1.2602474374858428
1.275427797258018
1.2859214600020419
1.2849587119737274
1.2849587119737274
1.2842080946907095
1.2792480549423197
1.308915493542131
1.3014309249350666
1.3060224366329445
1.305401892763951
1.3053005685547219
1.3054114861828534
1.297443778214859
1.2936614219426321
1.297485431805498
1.3009387085434603
1.2899173952024583
1.2876105090730532
1.2839410818283563
1.2990657782304484
1.301000866051239
1.30211133873949
1.2954433154629996
1.2997998309458654
1.2941367665953483
1.2909085255615815
1.3004155093136047
1.3004155093136047
1.2991064478427645
1.2946010860005612
1.2932505528538463
1.2932853621903082
1.2878081073720762
1.2923921444788882
1.2923921444788882
1.316061653248599
1.3142168162939278
1.3178444175551896
1.3163961242601863
1.3065766603844606
1.3098252516932614
1.2970131707019033
1.2826528970250495
1.2826528970250495
1.2868482333145372
1.2987869515361752
1.2719322480356392
1.2564229866335463
1.2564229866335463
1.2546042784614084
1.2516268970997106
1.2516268970997106
1.2569022246729666
1.2633523473706072
1.2633523473706072
1.266166536410301
1.2582997808110283
1.2607660507142981
1.257901900409253
1.2588688720633658
1.2564611125585823
1.2563012682860735
1.2501029523707126
1.2286936598355325
1.22889485634949
1.254851378227043
1.2576424708892604
1.2590609467591318
1.2628534493531909
1.2464780884178612
1.2464780884178612
1.2552810115083792
1.254640106988889
1.2517511295224366
1.2631797493211623
1.253174884982171
1.2592103659934188
1.2561086482859736
1.2385291299365797
1.2176498795330104
1.194018747586838
1.1937669929130696
1.1907678369775134
1.2060978048357085
1.2044682091117158
1.2029708804131216
1.2044910039282206
1.2024717878210769
1.1928817120364796
1.1928084999054416
1.1802426475751604
1.1802426475751604
1.1758284105532415
1.1985676472353861
1.2265836709473927
1.2277589471773571
1.2214979486162094
1.2078885957101262
1.2040415209226298
1.2014482857466944
1.2059643337459867
1.2046070968309996
1.2055710577167538
1.2055710577167538
1.1986156855815133
1.1886656101451194
1.1774876044608427
1.1766025784533534
1.1737051839077717
1.1744277260345148
1.1744277260345148
1.1603659959527584
1.1611905994259601
1.1611905994259601
1.1718424614995058
1.1715760073744075
1.1693126309786637
1.1705388747118644
1.1695962407108416
1.1663796960958022
1.1717272659544102
1.1490977822787516
1.1443808085644154
1.1486182985981472
1.1463126582058838
1.1623520239119491
1.1623520239119491
1.1485798972829193
1.1450028176675522
1.14956046322558
1.1490911466882379
1.1394438092688017
1.1413265342553567
1.1413176598788641
1.1315163861834237
1.1326020301668551
1.1354057260045272
1.140885022420897
1.1517942366097937
1.137032287972896
1.1302649557703908
1.123799339999966
1.1243684489251795
1.13542416654637
1.1324312413960156
1.1294514152003234
1.1287734275837358
1.1287734275837358
1.127672801562625
1.127672801562625
1.1375938876474156
1.1375938876474156
1.1375938876474156
1.149112527074848
1.1487965017149242
1.1413875165726983
1.140101201832172
1.1373199522669306
1.1459449429333812
1.1462866209642513
1.1460331499284724
1.1477890348908568
1.1527846253829046
1.1520250714976195
1.156179517735746
1.1776028180103526
1.1784680534440883
1.1709470521626237
1.164694656861841
1.163204144205028
1.160342176405469
1.1596193564839083
1.1490344296158475
1.1510168293402527
1.1511294647476689
1.1406711503759668
1.132780004400888
1.1336949110476897
1.1336949110476897
1.1321267741324754
1.136424360248651
1.151297199809641
1.1556294030350551
1.1556294030350551
1.1568438790654005
1.16860943413998
1.1640689407285179
1.1488920993036829
1.1377449137734779
1.1357169316891038
1.135645755039099
1.1355645402405747
1.1349153644995107
1.1322035805589978
1.1323698617872051
1.1268369374993255
1.13181902500015
1.13181902500015
1.13181902500015
1.1307193718775772
1.1349311546633918
1.1337080074752655
1.1337080074752655
1.1330230607802472
1.1333021876775626
1.1538041212196284
1.1533776763368686
1.1547496831648538
1.1490687087596985
1.1584649645562508
1.1570229756874517
1.1268608891728287
1.1304944531969534
1.1314421553420746
1.1279291666923998
1.14012423708269
1.139692195243828
1.137037601069092
1.136289695952705
1.1364460374274168
1.1361583625640237
1.13794684319394
1.1481844757880306
1.1511879484849143
1.1361332309762016
1.1355497327258683
1.1355497327258683
1.1371631782370035
1.141635465066046
1.141635465066046
1.1482142385036882
1.1482142385036882
1.1455160690892938
1.143940638078038
1.1443579556311863
1.1466116875086836
1.1482222305958685
1.1228582916470113
1.1127514215337602
1.1160446864169205
1.095896513725528
1.1051295175247662
1.1055216116047357
1.1153604596970181
1.0980006315896866
1.1011418918934786
1.0970325769295752
1.1076381599291891
1.1076119769496475
1.108404574440234
1.1088428996875892
1.1088428996875892
1.1032356954119837
1.1025716356357815
1.1068628509254674
1.1066308453114164
1.1125825790805501
1.1114240735600094
1.1117178507399383
1.1148406590484703
1.1096873381534178
1.1136705759077474
1.0966738743389075
1.080294116485635
1.080294116485635
1.0790959279831192
1.0790959279831192
1.0790959279831192
1.074726261510863
1.0831613344864375
1.0831613344864375
1.0753285573670768
1.068848547055167
1.0655976501251287
1.0656405338865986
1.069973811163801
1.0702113655477208
1.0636995060500534
1.0676070404478506
1.0624116121698934
1.0602893008952141
1.0612908266531542
1.0594208478299703
1.0594208478299703
1.049006148411042
1.0499815036701672
1.0398695058899265
1.0430598745071793
1.0495591766850103
1.050713859587861
1.0446145511008467
1.0435591267810547
1.0408404499596757
1.050602297198088
1.054455380452805
1.0568554058312776
1.0545220264003299
1.060029989514602
1.063484428576782
1.0646894270166736
1.0735488960154898
1.0736500004314968
1.0733349339428704
1.0700261373373146
1.0759730549394804
1.0656325210521285
1.0645919593089268
1.0647321601465456
1.07710241358931
1.0737889562377512
1.0737889562377512
1.0802551868038632
1.081754299950019
1.0847028667761873
1.0769297346340427
1.0841332600142564
1.0820699964573444
1.0836886192618138
1.0865319677253522
1.0976040610297637
1.0955753303792715
1.095936785444763
1.0847308526727437
1.0891561964478929
1.0928343649587684
1.0886348002389659
1.0727263055249296
1.0741398213630713
1.0727823395226326
1.0679593676218708
1.0615766021625
1.05969798999329
1.05969798999329
1.0582568937186754
1.0669402575880476
1.0707619156055788
1.0685050210993943
1.0645018632585572
1.0625620277952754
1.0625620277952754
1.0622583647018067
1.0730659025581983
1.0739414907545368
1.0739414907545368
1.0739414907545368
1.0665561241727477
1.0654773400263786
1.069942804755684
1.0705107390965674
1.0654785182211424
1.0523611905984258
1.0449711779375086
1.0449711779375086
1.0449711779375086
1.0393733322158183
1.0393733322158183
1.0371296490636355
1.04573506195602
1.04573506195602
1.04573506195602
1.0457616577788758
1.0457616577788758
1.0465207494681656
1.0440748946882605
1.0390297783763431
1.057076131755387
1.0571388764737877
1.0565476310238413
1.0565476310238413
1.0561237195366362
1.0713841831438142
1.077779333329978
1.077779333329978
1.0787229706475059
1.07659947632977
1.0602309912222296
1.0602309912222296
1.0602309912222296
1.0626293432555023
1.0739798022159595
1.0774470601614416
1.0769280742876
1.0635354186291963
1.0573958006255146
1.049999696215354
1.049999696215354
1.054102358081733
1.0484409970795792
1.0380208228825551
1.0380208228825551
1.027340331515373
1.0335642941162262
1.0376555359779676
1.03764181243246
1.0418538772311652
1.041499706785558
1.0404394037567959
1.0391838541438712
1.0394632279616203
1.0493414165542603
1.0580474845692187
1.0580474845692187
1.0470478653005781
1.0387654576230243
1.0408738956740449
1.0404755965661472
1.0418450052057342
1.046143738714947
1.0469820231715232
1.0469820231715232
1.05259708303275
1.047715525970913
1.041474547933434
1.0415015363059688
1.0387601558781583
1.0400063109921953
1.0400063109921953
1.0345987886147072
1.0402545037927142
1.0462401793198466
1.0471268723695144
1.0462863774103015
1.0533952309241652
1.0494920128735685
1.0494920128735685
1.0266457821286354
1.0253095596503343
1.0265661357569225
1.0447194464306
1.0527633035032165
1.062134677988423
1.062134677988423
1.062134677988423
1.06102870951958
1.0545717043033178
1.0682666135810115
1.0682666135810115
1.0592677536332564
1.0592677536332564
1.051932348739419
1.0531803400994861
1.0532900135370395
1.054682283720197
1.060547775571911
1.071609427113782
1.064686212661464
1.064254171031632
1.0664573258307715
1.0587968986463199
1.0615730009367084
1.0598114402474457
1.0489301798183528
1.0494933225332213
1.0454579268136621
1.0487391588281598
1.0487391588281598
1.046360894193199
1.047240677815969
1.047240677815969
1.0466170264868497
1.0485233885909389
1.0706927776675763
1.0700880205348344
1.0670103418262502
1.066492776778893
1.0677824329965315
1.0726410939989297
1.0659763961967381
1.061100860253855
1.0550344005034298
1.0551697193625202
1.0508291642503313
1.0416946778559841
1.0284449319709268
1.0274468613871852
1.0274410147811839
1.0243130433075875
1.023470968344819
1.0067016828110436
1.0035124034916492
1.0088608686844662
1.0079397710435536
1.0041877959721623
1.001489608556777
0.9893565684801392
0.9973496282661155
0.9974747302240347
0.9961923285092031
0.9983788804702264
0.9913665504547748
0.9910089431452445
0.9929327003949507
0.9929327003949507
0.9923096054078735
0.9855171707573263
0.9882517499633846
0.9814747599898236
0.9768838420229287
0.9807293486710932
0.9782264059845687
0.9790126448479743
0.9753621206639459
0.9527304443572048
0.9557223633665526
0.9497851698193194
0.9363171866866712
0.9436649248225074
0.945610667184776
0.949876641314792
0.9510639271616592
0.9666440891358835
0.9666440891358835
0.966522598669647
0.961424479435575
0.9575112476482855
0.9503172375081828
0.9508334260819317
0.9508334260819317
0.953838572990466
0.955693393780487
0.957733899043299
0.9761070689302289
0.9761070689302289
0.969552829604581
0.9776175140949815
0.9735018663853228
0.9649933180556424
0.9636742374980478
0.9266279635822491
0.9301118754386869
0.9316898977279184
0.9313562527176477
0.933230612746039
0.9337220773233141
0.942549407985709
0.942549407985709
0.9435798688724608
0.9378423141847136
0.9416328160957995
0.9327642009407037
0.9328093620394519
0.9355512095015288
0.9363165232265099
0.9345125681224457
0.9192761789462404
0.9133259757402843
0.9142083574972003
0.9308336872471918
0.9308336872471918
0.9308336872471918
0.9341510675264522
0.9340790109403978
0.9328952681835685
0.9270854608372753
0.9269990869348295
0.9267146522573236
0.926254736549534
0.9239822978627165
0.9239822978627165
0.9223026809306653
0.9216256974371762
0.9216256974371762
0.9233749406038095
0.9240000900768564
0.9278858860908034
0.9152915779110786
0.9130633070243007
0.9121454368588632
0.913891158845093
0.8845104760973411
0.8856297084065706
0.8917922261707256
0.8956484818292685
0.8927000814693866
0.8927000814693866
0.8927000814693866
0.8916111054343143
0.8876734413966997
0.8869220487366053
0.8852512600602626
0.8852512600602626
0.8858187247568343
0.8858206105022974
0.8858206105022974
0.8852908820352732
0.8842844896764687
0.8858522268175719
0.8865027695873287
0.892322471854811
0.8926727945761038
0.8888509302815814
0.8934107108836873
0.89377495469054
0.8941020437637995
0.8834053232954882
0.8834053232954882
0.8836067134501283
0.8832145092150321
0.880486935903594
0.8846345990054906
0.8847977490457735
0.8872804676153294
0.8814812041192297
0.8892202465570367
0.8820755934802742
0.8810360148690187
0.8819108962333058
0.8694929021296802
0.8612347947297798
0.8699419194367094
0.8689013016964797
0.8677297067470209
0.8455919739433373
0.856284441354834
0.8529165821931494
0.8529165821931494
0.8321306296908813
0.8290707798768626
0.8344894796948528
0.8278415669028368
0.8250467803066902
0.8200048278765878
0.8197389165636895
0.8289169579672927
0.8298453641677277
0.8298762435371844
0.8298762435371844
0.8283551227326681
0.8283551227326681
0.8047376447958334
0.8091343372392338
0.8091343372392338
0.8082684877738356
0.8082684877738356
0.8041832402187538
0.7993343874979406
0.8019559080506234
0.8019559080506234
0.8019559080506234
0.8009064596661178
0.8002679334120592
0.8002679334120592
0.7889966185111581
0.7895333981237896
0.7904906949305275
0.7863666447734248
0.799474873288563
0.8015559305983488
0.7975066611769572
0.7967640709990761
0.7980267780562259
0.7968800504100829
0.771376896986256
0.7736711997755293
0.7736711997755293
0.7755945590550545
0.7785277139413486
0.7711112393007824
0.7844746350879253
0.777802325725356
0.765618149739297
0.7623448810333637
0.7409163676441947
0.7330838453038819
0.7341567999846522
0.7354956778211824
0.7395641036696592
0.7374794203668287
0.7342701229802696
0.7316519362483869
0.7336931859481183
0.7387421157404934
0.7395553128928329
0.7522628955139723
0.745276798968742
0.7459592960020461
0.7391766522363644
0.7411157323904821
0.7407237256654502
0.7366195699398058
0.7401353107934265
0.7394277933570346
0.7392137528563583
0.743427472430307
0.7516814805537679
0.751482573887705
0.7535684064611775
0.7459402100154929
0.7350211612647449
0.7354098369331257
0.7354098369331257
0.7369735204006899
0.7373177697547995
0.7373177697547995
0.7479296188599633
0.7545390226006138
0.7545390226006138
0.7598921898578552
0.7595353064884038
0.7588304585852482
0.7444919363774215
0.7444919363774215
0.7450569287528432
0.7450569287528432
0.7403348525670382
0.7403348525670382
0.7450572946249546
0.7450572946249546
0.7450572946249546
0.7473831838759735
0.7473831838759735
0.7473831838759735
0.7285339422170967
0.7285339422170967
0.7285339422170967
0.7208135848517485
0.7222292060862746
0.7222521924910645
0.7153873635203544
0.7150252876777019
0.7134800543136673
0.7137678408201503
0.7162137930620417
0.7162137930620417
0.7158901440633416
0.7120237319832032
0.7143828277286205
0.7183569991165387
0.7237769852185616
0.7237769852185616
0.7237419610831191
0.7255009541529662
0.7255009541529662
0.7239292586924152
0.7235530525383401
0.7315678237619617
0.7326298697133257
0.734768080676966
0.734768080676966
0.736296523357946
0.736296523357946
0.736296523357946
0.7306972910192087
0.7262363893300066
0.7249629577557059
0.7197899302696161
0.7165174272737281
0.7165174272737281
0.717466879633509
0.7134956085265611
0.7134956085265611
0.7182790576327216
0.7120357943624305
0.7071693052173363
0.7071693052173363
0.7026896333998431
0.7018537845718559
0.7038584872733037
0.7035225685395209
0.7035225685395209
0.6970104514437135
0.6988387072954996
0.6987075316766985
0.703521358778292
0.7035854002808338
0.7033588280402396
0.7054133735376931
0.7050322076861136
0.7050322076861136
0.7016323402833935
0.7076884905155157
0.7076884905155157
0.7076884905155157
0.7053102065138106
0.7067263529761248
0.6900713007738704
0.6900713007738704
0.7071837999783935
0.7130169116552653
0.7138782459154417
0.7139107854640109
0.7083252051025355
0.7032995299469559
0.7033622871672789
0.7057485627627954
0.7057485627627954
0.7076719635805092
0.7121496923291102
0.7082492755375153
0.7101018643053089
0.7085693354687205
0.6981856004146899
0.6956582312668373
0.6956582312668373
0.6956582312668373
0.7056498335774338
0.7017026181487881
0.7087949166649672
0.7083546050544081
0.7083546050544081
0.7083546050544081
0.7145743133362134
0.7145743133362134
0.7179015162873051
0.7154136047379225
0.7154520691161748
0.7170143044143102
0.7081084970287932
0.7086577667007448
0.7016098207924485
0.7024425724286137
0.6941526927180165
0.6978040125460133
0.6978727398946448
0.7055303583740075
0.7076506526329671
0.7173772862013329
0.7178613540520269
0.7059184015679338
0.7020972218302837
0.6998722951106214
0.69781479242499
0.69781479242499
0.6970361255417177
0.7005742186674412
0.7005933668322265
0.6983287585639044
0.6919301506407527
0.6919928100073575
0.6894420186388384
0.6931848960162214
0.6931848960162214
0.6687668696375942
0.6593581541515035
0.6590567496933168
0.6589538258982703
0.6691264525088555
0.665939303360178
0.6587384711644564
0.6578082317439431
0.6770624530214443
0.6831887368688186
0.6833920564689057
0.6913079258689457
0.6920562993114496
0.6805600710702554
0.6805600710702554
0.6812925204070224
0.676893280284075
0.6608169350478106
0.6608169350478106
0.6653073738302561
0.669157506915514
0.6711392939830695
0.673802982773582
0.6673754275586095
0.6636094737005181
0.6632277902289416
0.6575868857169558
0.6474507864437075
0.6437817916340254
0.6437817916340254
0.6423398403311876
0.6437449900606457
0.647320413697377
0.6509207329214074
0.643456038492919
0.6586976166397859
0.6661231280456021
0.6764400127256871
0.6665825671355728
0.6741013520502122
0.6741013520502122
0.6762502065067093
0.6771821999940307
0.6764467339331321
0.6624012823178614
0.6517392545326244
0.6477451815312003
0.6461195823737513
0.6472788057475513
0.6521034504269136
0.6534286782359439
0.6544825163645277
0.6596131486570141
0.6596131486570141
0.6500640548204301
0.6503171749594576
0.6573353717307113
0.6487424574514478
0.6604411623217109
0.6595687054806231
0.6466661941546199
0.6415614382075723
0.6415614382075723
0.6447162898632604
0.64338358095186
0.6423330546861628
0.6262403071487231
0.6262403071487231
0.6239749214884993
0.6205997118341565
0.6374955533347747
0.6408238977690066
0.6399702729358996
0.6528131361901319
0.6437418206950929
0.6404974014411425
0.6404974014411425
0.6256609491548395
0.623392281922502
0.6269260651466015
0.6267428939794956
0.6267428939794956
0.6230778776180039
0.6234627374724733
0.6129155725751722
0.6129155725751722
0.6129155725751722
0.6020765620938743
0.5964614321879759
0.5938066706647863
0.5900702544171385
0.5844338167217276
0.5818794823834781
0.5820628530494103
0.5846195758668785
0.5870359896104737
0.5894762743779387
0.5856374381151043
0.5876249317253046
0.5923325688300868
0.5807776298082002
0.5806773869035168
0.581404482952956
0.5841436163439726
0.581744981898263
0.5826750750524631
0.5790101851361491
0.5965515208880954
0.5961289233726211
0.5930810047655574
0.6021862817452502
0.6017327539144881
0.6084300491765534
0.6080746369043061
0.6080746369043061
0.6083879764916841
0.598854923095329
0.5971996386629722
0.6011069511760608
0.6016413400196613
0.6022393988530303
0.6014342302730891
0.6009118673840852
0.6077051432610627
0.6077051432610627
0.6077051432610627
0.598659757450661
0.598659757450661
0.5939061794020489
0.5980819859917751
0.5999198302168217
0.5964159990488308
0.5804731421120357
0.5809128837557702
0.5840049545851709
0.5841790601235638
0.5850456248222381
0.5969807940791492
0.5950570031946983
0.5947616323279523
0.5947616323279523
0.5911672020233342
0.5844906503576311
0.5824455403745784
0.5824455403745784
0.5744080899244752
0.5765877768835445
0.5786422841481625
0.5802551510278668
0.5802689140706009
0.5842615210236024
0.5839151566533135
0.589067962785739
0.598496748563275
0.598727250557912
0.5988995629606945
0.5991835068503274
0.5991835068503274
0.60348853079484
0.6028185129612417
0.6028185129612417
0.6058532366397322
0.5980420426746513
0.5980420426746513
0.5944024749776762
0.6111644970284273
0.6111644970284273
0.607386775915345
0.607386775915345
0.6048811689598069
0.5996998480364084
0.5834820007958333
0.5725517655147437
0.5739304317609584
0.5683194820547541
0.5637563487422936
0.5522253071043827
0.5483926836245503
0.5483926836245503
0.5483926836245503
0.5467832552118473
0.5579052064285791
0.5577299343547439
0.5568875216452115
0.5531268628024691
0.5531268628024691
0.55324457866507
0.5537864339153821
0.5537864339153821
0.5537864339153821
0.5513145715566926
0.5512692070058092
0.5566129844096992
0.5570284609286065
0.5543733662456015
0.5591167556572257
0.5582195000012322
0.5545697560606542
0.5551904149475954
0.5532463753235417
0.5516583781653517
0.5525902324741316
0.5669745198323489
0.5676363616866591
0.5711090205859338
0.5719181765307345
0.5646355297494381
0.5672229614435202
0.5754754128567341
0.5754754128567341
0.611377864636457
0.613413504476281
0.6133213534711918
0.6138254130171676
0.6138254130171676
0.6140304867530013
0.6140304867530013
0.6079277491926328
0.6132500504445938
0.6202966978192545
0.6202966978192545
0.6142784819596744
0.6142784819596744
0.6217111665009195
0.628015195866236
0.5995077046343605
0.6001585735347874
0.6001585735347874
0.6045147295090985
0.6045147295090985
0.6172551506383994
0.6187185548384271
0.6187185548384271
0.6187185548384271
0.6255730573234689
0.629024649960917
0.629024649960917
0.6291030539683078
0.6265373481378789
0.626833608035714
0.5874927388818919
0.5658522206541753
0.5756334288121644
0.5756334288121644
0.5728367854109239
0.5698098751972295
0.552486398216893
0.5550920967364653
0.5567417958747571
0.5580268497169515
0.5478024988162412
0.5453169485825768
0.547201741052054
0.5580572482750852
0.556420179446236
0.5551886142093012
0.5591701479959219
0.5591701479959219
0.5591701479959219
0.5606566662468502
0.5603442604014031
0.5574592505707548
0.5591231346979774
0.5680335453833059
0.5521441630041449
0.5520059623452198
0.540734383041416
0.5371463409095495
0.5346701580888893
0.5418559778142322
0.5280677960648132
0.5215550988619461
0.503132114207866
0.5048552514126624
0.5047798160087931
0.5031700302710779
0.4994601245296246
0.4966669275283653
0.4976060856062325
0.4976060856062325
0.4976060856062325
0.5003162799139028
0.5074535354780484
0.5143363940271742
0.5155320498654757
0.5223053510368453
0.5348249686081017
0.5468782916922645
0.5469272666619287
0.5440141418477276
0.5443696646382852
0.5513889296888511
0.5557972033024473
0.5498828542332009
0.549295411754173
0.549295411754173
0.5475830068626326
0.5486038507904253
0.5472619215147954
0.5490349367177385
0.5506700641835399
0.5351713398251671
0.5307183511409952
0.5222628433813014
0.5222628433813014
0.5222628433813014
0.5221047680243045
0.5036046960139384
0.5036046960139384
0.5036046960139384
0.47622910133942997
0.47810612855301776
0.49162000222642455
0.489595150242595
0.4917442503789364
0.4984795338399206
0.5112076480815623
0.5106550764816499
0.5178789369340867
0.5178755151503284
0.5228491136178769
0.5228491136178769
0.5245836726378651
0.5099929052024649
0.5028255109090007
0.5030994152920574
0.49247405180953063
0.49247405180953063
0.47851446517398644
0.4806648765762899
0.4733030416962604
0.4625535374960932
0.4444294055996167
0.4587703677069919
0.4522178026413774
0.4521382303485259
0.4459297228221521
0.44155213908535645
0.44155213908535645
0.4321818443494109
0.43211470558796355
0.42894683183475585
0.41975791910853955
0.42425656837020415
0.4211759929032003
0.4220726119307206
0.4254255137133258
0.4242019734889798
0.419364481467891
0.4038775431686872
0.4000891725511814
0.4000891725511814
0.4199404511133549
0.42677695430545964
0.42677695430545964
0.4264129754366047
0.4264129754366047
0.4259788852701023
0.42355008375129505
0.4235999284721654
0.4282575390239911
0.4222419117453995
0.422179251987689
0.4204336291293751
0.4119872598291538
0.4094563011584896
0.4094563011584896
0.4094563011584896
0.41033576271702404
0.4079683643805269
0.4079683643805269
0.4091168730749525
0.4289348954468231
0.4453389300370612
0.4379351087080839
0.4379351087080839
0.4379351087080839
0.4322042062129535
0.4322042062129535
0.43204622278146027
0.4214197824720885
0.41139461411615114
0.41681158298215315
0.41381764829012424
0.41381764829012424
0.41381764829012424
0.415167361745533
0.4149474346806647
0.4096409412590432
0.4087865261073554
0.41215066881862106
0.3982591284345881
0.4079613301787901
0.410117708281314
0.410117708281314
0.41172599270912497
0.3954472088358457
0.38804148267977306
0.3929298482498201
0.38598096472264487
0.38751738599193875
0.3818501757382249
0.38105153171175593
0.38105153171175593
0.37246165742161363
0.37246165742161363
0.37246165742161363
0.3639947654595152
0.3602980064199286
0.3797236417582969
0.3797236417582969
0.3797236417582969
0.3829109793388941
0.3778225295614282
0.3778225295614282
0.3786600632996827
0.38514267182863066
0.38514267182863066
0.3976048106103829
0.3976048106103829
0.3976048106103829
0.3809276633796496
0.3909892659221904
0.3909892659221904
0.38710109825048533
0.3799653625353754
0.3799653625353754
0.3824500452400747
0.38213005673097644
0.37822200803143136
0.3759442882826998
0.3768609384733235
0.3886465432209304
0.3680883860082447
0.37297504193975595
0.37297504193975595
0.3805787273059
0.38733771495945885
0.3990097660638044
0.4012867066180315
0.4012867066180315
0.40074758836976676
0.40454842821102793
0.40454842821102793
0.40454842821102793
0.40454842821102793
0.397613019962833
0.3994248300756948
0.3996827208478117
0.3996827208478117
0.3996827208478117
0.39915095753047636
0.4144781577487864
0.42739311360436744
0.42739311360436744
0.42854592135316827
0.4350502713934186
0.4350502713934186
0.4350502713934186
0.45483892620156446
0.4545158025526449
0.45149661158450377
0.4540762056504662
0.46544140335496864
0.46978126553084665
0.4694598088555062
0.4694598088555062
0.4694598088555062
0.47392624750830264
0.4756418123952886
0.455695639422045
0.46355723770674
0.465590917636647
0.46247678699134903
0.44836047922020394
0.4554320250182224
0.46700642780822826
0.48314951018351404
0.48314951018351404
0.48314951018351404
0.48491235769017604
0.48306925210610135
0.4836683922663422
0.4836683922663422
0.48168294535603423
0.481819497015273
0.48628603037033674
0.4860832392581723
0.4860832392581723
0.48386943039338853
0.48386943039338853
0.4841723848927236
0.4838973822496849
0.4715694374212569
0.4671793800285313
0.4623448034246583
0.46587232760816877
0.46587232760816877
0.4627527540845054
0.4502750437716318
0.45063008426258405
0.43739667529260967
0.4390982819875487
0.43837126077172844
0.434093311657008
0.4343476123654383
0.43652709769880094
0.4313967102950379
0.4397851460299648
0.43902594288726743
0.44258761594858814
0.44426019625212315
0.4464679783842674
0.4515817950759775
0.4460355442978868
0.4572606563145736
0.45321186818104625
0.4616087758666231
0.4616087758666231
0.4616087758666231
0.4616087758666231
0.4616087758666231
0.4616087758666231
0.4658864303879239
0.46247295978981406
0.46247295978981406
0.4610532751591668
0.47298204865992705
0.47574802486791706
0.47399588049531244
0.4693071543617529
0.4693071543617529
0.4681076909864918
0.4730326694474699
0.4730326694474699
0.4738212502056403
0.4738212502056403
0.4738212502056403
0.4738212502056403
0.4738212502056403
0.46336928425672963
0.456026392950555
0.45719045213571263
0.45719045213571263
0.4580251760405806
0.46068412683136545
0.4651011129499506
0.46533732762106966
0.46495556960742274
0.46495556960742274
0.46495556960742274
0.4577853979550082
0.45622660971052204
0.45487529361125395
0.4580775697019369
0.4583787917893066
0.4583787917893066
0.4762929240315386
0.4762929240315386
0.4745297707717961
0.4745297707717961
0.47772660955703544
0.478265785560977
0.46019820846671966
0.46019820846671966
0.46387603036892033
0.46387603036892033
0.46454146909495286
0.4511684133209519
0.45118443948137366
0.45273296543431557
0.4484069024246374
0.4484069024246374
0.4484069024246374
0.4484069024246374
0.4489129899288192
0.4489129899288192
0.44828310022168033
0.44828310022168033
0.44828310022168033
0.44908506459749675
0.4409935122900071
0.4408996591862994
0.44479350622874747
0.4505501136994576
0.4505501136994576
0.4335346257574118
0.4201065512596317
0.41934282299729214
0.4130580450849286
0.4130580450849286
0.4130580450849286
0.4130580450849286
0.4130580450849286
0.4128164982798603
0.4128164982798603
0.41031590039805205
0.41030008772139753
0.4088831424029686
0.4160067087839985
0.4160067087839985
0.4160067087839985
0.41430569454178096
0.4100117135114517
0.4016489415910093
0.3992503826805006
0.3992503826805006
0.4061028855268606
0.4069171625143182
0.40620264010709983
0.3815806225177198
0.37302391094459453
0.3733248145994345
0.3720165628543869
0.36955706524175647
0.38099704637576537
0.3808246064243246
0.3771496150472028
0.3771496150472028
0.37892302766381253
0.37892302766381253
0.36050760209403787
0.3557278693101146
0.34702328668747895
0.35338294187526614
0.35338294187526614
0.35338294187526614
0.3501725109204579
0.340712406569476
0.3209700186889952
0.3209700186889952
0.3128426820275678
0.29422404182006623
0.2891084115113268
0.2925152166548524
0.26889682577261326
0.2621527711345381
0.26250311610840826
0.26250311610840826
0.26327692924836543
0.26327692924836543
0.26327692924836543
0.2624044026459576
0.26528907566332777
0.26528907566332777
0.26687209018348096
0.26641394324817513
0.27537506264736616
0.2871473329671744
0.2871473329671744
0.28157648183835765
0.2792025779457544
0.2834067640764614
0.2834067640764614
0.283021638795496
0.2863632819681285
0.2828275742873302
0.2966241903177057
0.2987959194180974
0.3063705926164631
0.3063705926164631
0.3065344850519414
0.3065344850519414
0.29617900907235684
0.30555116508660346
0.2868794134563786
0.2868794134563786
0.28403215898415274
0.2841492209104699
0.27952281598797085
0.2810252537870774
0.28191363022684884
0.27043099956544675
0.2708796916999582
0.27117403660348577
0.2964091048026421
0.2826389774248736
0.2798577581820165
0.2921767155174395
0.2920849754159584
0.2920849754159584
0.2963877089310508
0.2936743372916013
0.2869212573085115
0.2920702289062922
0.2920702289062922
0.2896074256961146
0.2896074256961146
0.2896074256961146
0.28961754388957983
0.28557657543580606
0.2878583242495125
0.2867911011455376
0.28849139213509156
0.2972660003488857
0.2895286229226633
0.2895286229226633
0.2871812829795191
0.2871812829795191
0.2842936021250404
0.2893443638111243
0.2967118233526906
0.29689830399069794
0.29820305971710503
0.29820305971710503
0.2959660224440314
0.2962754536503803
0.2966184841580951
0.2966184841580951
0.2966184841580951
0.2966184841580951
0.2951605937664772
0.293865219832332
0.30511963045056445
0.3131145970123037
0.3131145970123037
0.3130522129194975
0.3130522129194975
0.3130522129194975
0.3091667144106172
0.30921744702580417
0.31189221515562354
0.31169596203360156
0.3235478670683528
0.3533728446695293
0.3522069337458555
0.34567137408501675
0.3533703179644471
0.35313522761906313
0.3470257779815166
0.33928329859152145
0.34136817136184455
0.34555412364482585
0.3460449558647484
0.3460449558647484
0.3507747296528701
0.35453428505842133
0.35521526501440437
0.35527859344648877
0.35527859344648877
0.35517092572395226
0.35517092572395226
0.37500373367225803
0.37500745205662556
0.3760146648134462
0.3760146648134462
0.3800399059602687
0.3729563974175977
0.3729563974175977
0.3729563974175977
0.3768969801769024
0.3727780004153855
0.3727780004153855
0.38111018184461015
0.38413433163252286
0.38084697424185154
0.3729187079600481
0.3729187079600481
0.3729187079600481
0.3687174158587751
0.3687174158587751
0.3687174158587751
0.37351250225781135
0.37528605100301754
0.3734737833799778
0.3671916857879583
0.36645917759636293
0.36645917759636293
0.3836803872709576
0.38150121424253464
0.3789468367000868
0.3789468367000868
0.2621527711345381
0.25442802600532616
0.25442802600532616
0.2545733906938525
0.2545733906938525
0.2510616878246969
0.2510616878246969
0.2510616878246969
0.25065647518712525
0.25065647518712525
0.25065647518712525
0.24910320925117693
0.23521502160004643
0.23521502160004643
0.23521502160004643
0.2351942108587155
0.2351942108587155
0.2334385932847514
0.2334385932847514
0.2334385932847514
0.22000890449952615
0.22000890449952615
0.22000890449952615
0.22000890449952615
0.22000890449952615
0.22000890449952615
0.22000890449952615
0.22000890449952615
0.22000890449952615
0.2103380594363009
0.2103380594363009
0.2103380594363009
0.20826519152157955
0.20826519152157955
0.20826519152157955
0.19700191028186806
0.19615085186854486
0.19615085186854486
0.18975212690495433
0.18975212690495433
0.18975212690495433
0.18975212690495433
0.18975212690495433
0.18749302599749107
0.18749302599749107
0.18749302599749107
0.18749302599749107
0.18749302599749107
0.18749302599749107
0.18749302599749107
0.18749302599749107
0.15570291867718875
0.1546600512062586
0.1499045208256675
0.1499045208256675
0.1499045208256675
0.14696495142375257
0.14696495142375257
0.14574446677733055
0.14574446677733055
0.14574446677733055
0.14574446677733055
0.14574446677733055
0.14574446677733055
0.14574446677733055
0.14574446677733055
0.14574446677733055
0.14574446677733055
0.14574446677733055
0.14574446677733055
0.14574446677733055
0.14574446677733055
0.14574446677733055
0.14215375143977807
0.14215375143977807
0.14215375143977807
0.14085228194197585
0.14085228194197585
0.14085228194197585
0.14085228194197585
0.14085228194197585
0.14085228194197585
0.14027313927458984
0.13939549876460955
0.13939549876460955
0.13939549876460955
0.13939549876460955
0.13939549876460955
0.13939549876460955
0.13939549876460955
0.13939549876460955
0.13776246508177178
0.13776246508177178
0.13776246508177178
0.13776246508177178
0.13776246508177178
0.13776246508177178
0.13573348688895312
0.13129006984042366
0.13129006984042366
0.13129006984042366
0.12950266390909948
0.12935918962547172
0.12935918962547172
0.12935918962547172
0.12935918962547172
0.12935918962547172
0.12935918962547172
0.12935918962547172
0.12625362154682457
0.12625362154682457
0.12625362154682457
0.12371651484009828
0.12371651484009828
0.10634266764153205
0.10634266764153205
0.10335016518620321
0.10335016518620321
0.10335016518620321
0.10335016518620321
0.10335016518620321
0.10335016518620321
0.10335016518620321
0.10335016518620321
0.10335016518620321
0.10335016518620321
0.10335016518620321
0.09896261315044899
0.09896261315044899
0.09896261315044899
0.09896261315044899
0.09896261315044899
0.09896261315044899
0.09896261315044899
0.09896261315044899
0.09896261315044899
0.09896261315044899
0.09896261315044899
0.09855428829659299
0.08900494876984254
0.08900494876984254
0.08813267853951892
0.08813267853951892
0.08813267853951892
0.08813267853951892
0.08813267853951892
0.08813267853951892
0.08813267853951892
0.08813267853951892
0.08813267853951892
0.08813267853951892
0.08813267853951892
0.08813267853951892
0.08813267853951892
0.08813267853951892
0.08813267853951892
0.086913997321933
0.086913997321933
0.086913997321933
0.086913997321933
0.086913997321933
0.08403471882497317
0.08403471882497317
0.08403471882497317
0.08311236205862964
0.08311236205862964
0.08311236205862964
0.08231678369953185
0.08231678369953185
0.08231678369953185
0.08231678369953185
0.08231678369953185
0.08231678369953185
0.08231678369953185
0.08231678369953185
0.08231678369953185
0.08231678369953185
0.08231678369953185
0.08231678369953185
0.08280013400693427
0.08280013400693427
0.08280013400693427
0.08280013400693427
0.08280013400693427
0.08280013400693427
0.06951896574816735
0.06951896574816735
0.06951896574816735
0.06951896574816735
0.06951896574816735
0.06951896574816735
0.06951896574816735
0.06951896574816735
0.06951896574816735
0.06951896574816735
0.06951896574816735
0.06951896574816735
0.06951896574816735
0.06951896574816735
0.06951896574816735
0.06621756262215835
0.06621756262215835
0.06621756262215835
0.06621756262215835
0.06621756262215835
0.07132266809702766
0.07132266809702766
0.07132266809702766
0.07132266809702766
0.07132266809702766
0.07132266809702766
0.07121829707660027
0.07121829707660027
0.07121829707660027
0.07121829707660027
0.07121829707660027
0.07121829707660027
0.07121829707660027
0.07121829707660027
0.07121829707660027
0.07121829707660027
0.07121829707660027
0.07121829707660027
0.07121829707660027
0.07121829707660027
0.07121829707660027
0.07121829707660027
0.07121829707660027
0.07121829707660027
0.07121829707660027
0.07121829707660027
0.07121829707660027
0.07121829707660027
0.07121829707660027
0.07121829707660027
0.07121829707660027
0.07121829707660027
0.07121829707660027
0.07121829707660027
0.07121829707660027
0.07121829707660027
0.07121829707660027
0.07121829707660027
0.07121829707660027
0.07121829707660027
0.07121829707660027
0.07121829707660027
0.07121829707660027
0.07121829707660027
0.07121829707660027
0.07121829707660027
0.07121829707660027
0.07121829707660027
0.07121829707660027
0.07121829707660027
0.07121829707660027
0.07121829707660027
0.07121829707660027
0.06924146044817078
0.06924146044817078
0.06924146044817078
0.06924146044817078
0.06924146044817078
0.06924146044817078
0.06924146044817078
0.06924146044817078
0.06924146044817078
0.06924146044817078
0.06924146044817078
0.06924146044817078
0.06924146044817078
0.06924146044817078
0.06924146044817078
0.06924146044817078
0.06924146044817078
0.06924146044817078
0.06924146044817078
0.06924146044817078
0.06924146044817078
0.06924146044817078
0.06924146044817078
0.06924146044817078
0.06924146044817078
0.06924146044817078
0.06924146044817078
0.06924146044817078
0.06924146044817078
0.06924146044817078
0.06942596559492469
0.06899918873025462
0.06899918873025462
0.06899918873025462
0.06899918873025462
0.06899918873025462
0.06899918873025462
0.06899918873025462
0.06899918873025462
0.06899918873025462
0.06899918873025462
0.06899918873025462
0.06899918873025462
0.06899918873025462
0.06899918873025462
0.06899918873025462
0.06899918873025462
0.06899918873025462
0.06899918873025462
0.06899918873025462
0.06899918873025462
0.06899918873025462
0.06899918873025462
0.06899918873025462
0.06899918873025462
0.06899918873025462
0.06899918873025462
0.06899918873025462
0.06899918873025462
0.06899918873025462
0.06899918873025462
0.06899918873025462
