1.7377726674033787
1.5741941680153182
1.587952425060098
1.582800820290233
1.5906224463588916
1.5788373830622378
1.5819672562243927
1.563627006146911
1.566261286144802
1.558930469725024
1.5488221695805846
1.532697626089275
1.5403427027797767
1.547945693451103
1.561365150062097
1.55950303431978
1.574032026208378
1.5748832499822236
1.5788625369260003
1.5737751249326428
1.5733897035001292
1.5691803512508309
1.5686257127012395
1.56798546640253
1.5703444170997818
1.574532262542427
1.57378270490201
1.5682776257737043
1.5669650828656247
1.5679934386296943
1.5675389972322402
1.5660888109037745
1.56869681449204
1.5615676943746852
1.5685061524402166
1.5667535120407725
1.5739302260817376
1.573230264776785
1.5965252063325657
1.596444226552205
1.6052758812051564
1.591758475056101
1.5890054204287467
1.5799774279465573
1.5736067632602384
1.575628716483503
1.570183118786968
1.570183118786968
1.566778681922623
1.5663867209396662
1.5870709935999685
1.5720996978409556
1.574111452373841
1.5510545502019029
1.5508897607253733
1.5371982302033047
1.526404970241716
1.5250622745168356
1.5299332147028457
1.531797428999823
1.5299015755646552
1.5304983159557752
1.5321970258013302
1.5308559201903618
1.5304253758068214
1.517006990805208
1.5254312092639892
1.5300374003499686
1.524747307706728
1.4945923916917412
1.501728237348291
1.4949454574360752
1.493623655597979
1.4763956120325643
1.4630900278509962
1.4559291856217635
1.4649150826945252
1.4638012791801374
1.4711311979918418
1.4638225919333228
1.4588096670447237
1.4619073348580172
1.4634394335301995
1.4646204143903503
1.4562884136219638
1.4598380616890503
1.4596627723133042
1.463528354844296
1.4600680786240239
1.4632750296206287
1.4737117129035942
1.4737117129035942
1.497047449900835
1.4954722175031696
1.4792958333504191
1.4792958333504191
1.4765929788723207
1.4686138889484284
1.4483324361402794
1.448960454426314
1.4474275370539855
1.4489654465127502
1.4641886542701719
1.4681981903556531
1.464408449935856
1.463301691913322
1.461252087335141
1.4609560617205901
1.4629259860298642
1.4609311218069625
1.436296355540922
1.4222346482479193
1.4408032534904884
1.430421536938775
1.4415624049826326
1.4414776036501271
1.4412576791353549
1.4420698582187683
1.4392951116042907
1.433974137469277
1.4453419690722478
1.4551148002647913
1.4575556432301502
1.4575556432301502
1.457290742336834
1.4704273186423753
1.4698018012529486
1.475142938662959
1.4645030483289068
1.4526495373631285
1.4444834028719407
1.4455464483887803
1.4449489591479199
1.456112840444404
1.453033151469355
1.4575794181793988
1.4623138212130289
1.4623042471465348
1.4609987577611667
1.4618061836681888
1.4617926060965405
1.4618398267623307
1.4651318794120156
1.4590919602677361
1.4590919602677361
1.459143068913834
1.4567976962688949
1.4567811781625384
1.4323062143951737
1.4345168563752908
1.4259885760000381
1.4291398037955139
1.41492747367652
1.429771093613621
1.4116400125225552
1.433091897325135
1.4332525164759031
1.4297754144941996
1.4296982640203968
1.4300318950891209
1.4327458628332832
1.4327118448937737
1.4369177289399286
1.428513129160186
1.3956233371597555
1.4015007737079819
1.3799439419497825
1.3695717115982462
1.3713300858015949
1.3779221592859088
1.3835210414109944
1.382387761453623
1.382469462845071
1.370554187449708
1.3762824322133387
1.3821163189913979
1.3819587329886376
1.3777600789055426
1.3632179024289894
1.3694581190429869
1.367686112885133
1.3674641480641667
1.3948470647962485
1.3905854929229584
1.4053400704000578
1.40556783251123
1.3943279056214646
1.39244958302404
1.3743752790691994
1.3715996305806089
1.3651202872751405
1.3739015292639112
1.378960943733045
1.3851210061116368
1.400669596816623
1.4035286216121519
1.3944783486020558
1.4006051452869988
1.4007561373803028
1.404460967670705
1.412954764579798
1.416296607796819
1.4135993994181797
1.4235656549420899
1.4146847320448026
1.4095310625519735
1.4108459300889609
1.4115175344874304
1.4116117505607308
1.4030979511277728
1.42340878675586
1.423122083496485
1.4091584067763785
1.409009224892872
1.402015416973891
1.3978462403636238
1.4154426710730592
1.4157853887000738
1.4228797058916607
1.4266832794204316
1.4107411683077564
1.4114631564797444
1.413897525120524
1.4100668024499756
1.406398945494733
1.4075185770096466
1.4093106521864598
1.409386799207847
1.3941255192477544
1.4047437878671951
1.4054249239736594
1.4203139534180254
1.4278692601547374
1.4290238055248412
1.4506365002554424
1.4525532010602096
1.4449897174343953
1.444097719187176
1.4402746527676162
1.4347523316854067
1.4311580175523404
1.4313329407209399
1.4497265521763605
1.4363362398182375
1.4325505858149872
1.4299335940582225
1.4062369046257137
1.4128851278434198
1.41525832587475
1.4203558302734125
1.4196263064497026
1.4167765102637424
1.4170223468736005
1.4278997782773186
1.4279923837880018
1.4279115681930512
1.427315813460555
1.4271666493739104
1.4276717722796899
1.4145110673919363
1.4088746761225812
1.4255566138200706
1.4250278213756977
1.4099994565958105
1.4099994565958105
1.4105714942306922
1.4109507765158646
1.4082143647471876
1.3986667678939262
1.3975815476114264
1.3989283132310584
1.3969383027779037
1.4045764390640778
1.4026580569704423
1.4040300330372562
1.409386512487254
1.413828261591761
1.4148285430423455
1.3947373689384257
1.3947373689384257
1.3964188289282873
1.3945682675499764
1.3951540892045575
1.405039939134164
1.3944476788106557
1.3764181760608654
1.379934183156613
1.3933996527812145
1.3961398090007313
1.3908242013722276
1.3926224246959702
1.3894763654399123
1.413508679673086
1.4005569770245296
1.4036261194183055
1.4040990915413283
1.404885592865482
1.3834441896563796
1.3707525995696175
1.3807114772492228
1.3788387705122054
1.3701605286650458
1.3589476676270957
1.3624153841848226
1.3730893372911381
1.3617364024418444
1.3518498124711746
1.3319372535152216
1.337216711333629
1.3292261560526677
1.3005108694285001
1.3078352727690956
1.3159789396874775
1.3301071001554048
1.3318129375553913
1.3368457101822064
1.34682757690851
1.3469254312345031
1.3449924257800794
1.348445533147984
1.3558077762115628
1.3545819986501728
1.3629591060227617
1.3468441021060942
1.3404112264623538
1.3269508117809548
1.3286145266222207
1.3377545973994789
1.326211248466327
1.320193602480849
1.3201834024359949
1.3235397093029115
1.339685518377836
1.3473155678744495
1.3420754903017051
1.3414429956904252
1.3483042732010875
1.3538428249468366
1.3623748219303904
1.3623981054626413
1.369719236250763
1.3700631703542165
1.3856017048022573
1.3835685722526427
1.384539233232695
1.372580765906049
1.3705556939553
1.383516665124938
1.3685396837383466
1.3616447831721326
1.3489608614998265
1.3510146833957184
1.358643103090516
1.3702887431173867
1.3790045499434338
1.379283248431898
1.3828047420458234
1.3776068336046534
1.3761430634319012
1.361734781067647
1.3613085334350912
1.3575108357184655
1.3502889189975362
1.3498669412011135
1.3505215305045986
1.3555950460574402
1.3578579484709652
1.350195181228103
1.3494964275706414
1.3561782339268884
1.3488584584705408
1.342199090943254
1.3514384614355406
1.3566836324229334
1.3559562732469552
1.3557915595459948
1.358948295480887
1.356823616347111
1.3697810094132397
1.372442376629569
1.3703060177733641
1.3677167154033472
1.364961423265563
1.3482422856812406
1.353288281163867
1.3543075236828677
1.3643893480692229
1.3830656045321283
1.3861625022293615
1.3713806812498615
1.3737431630862245
1.3748528282277783
1.387896106554101
1.3933782884102213
1.3870274369665907
1.3999178536212329
1.3934855149894039
1.394551806737851
1.394551806737851
1.3889600070919375
1.3891132398941688
1.3876953908446006
1.3890112588570498
1.3833540000609423
1.3833540000609423
1.3855946942845756
1.3855946942845756
1.3897750167661278
1.382473271756741
1.3752474046084382
1.3811996895449106
1.3757917453413004
1.376978165202232
1.380101040272011
1.378204344241547
1.3793645708333835
1.3862139358277656
1.3814938359610447
1.3715744612089407
1.3765259621059522
1.3838137687471166
1.3844348154471808
1.370771618912099
1.3962782410898198
1.3938683349510392
1.3973935969631899
1.4152565053362451
1.4238183607372359
1.421806382411384
1.4357297005901057
1.4208812611324377
1.4098881171656452
1.4098881171656452
1.4271158725974826
1.4173439824690164
1.413077403692721
1.4143267496081344
1.4130864349680952
1.4040902566037146
1.3981508659842226
1.4056297873001382
1.4142961243878143
1.406387764177732
1.4176388852305735
1.4088936487073653
1.4086778793045078
1.4036725069091958
1.3973951936106117
1.3999405207183162
1.3909763200541223
1.3829189605075167
1.3814292245329898
1.382150636463879
1.3762851166791594
1.3598814415627944
1.357764275477463
1.3426312186965905
1.3441850571907865
1.3403616464566095
1.3408843493635234
1.331786763435048
1.3417602796299017
1.3367195544227615
1.3319573170383951
1.3344838999036972
1.3464399230580941
1.3548470354183977
1.3260446285526497
1.3413022211182335
1.3502984265496851
1.3528584654461056
1.3528584654461056
1.3455142485728004
1.3452440040582545
1.3468899413002384
1.3571742411625878
1.3572485601171602
1.3680395459402204
1.3715658591424664
1.3652981824199486
1.3772806326017766
1.3646766130680805
1.3677437650311144
1.3675312845898533
1.3626630998752274
1.3706130499116798
1.3699228830656118
1.3779288877929496
1.3878104741916482
1.3949494280968684
1.3915013899479933
1.3914638306289075
1.3840425299515793
1.4074335154543918
1.409212369042247
1.4189072088468317
1.4188316686429
1.4165051829936361
1.4044691054878196
1.4003875648263118
1.3903604336015174
1.3903604336015174
1.3827942382901597
1.3738396599103238
1.3674599584298137
1.3547433453503104
1.3715409374851575
1.3621704329376148
1.3643471998706163
1.3648826984401812
1.3648826984401812
1.3542238574875394
1.353817699273593
1.3418174952236719
1.3437430928664833
1.3432454482417728
1.3423972981520413
1.34194699989971
1.349838831227538
1.3498371132403515
1.3365220563119609
1.325295618048824
1.3309036392411233
1.3327590061992178
1.3326982372236003
1.3153949231142503
1.3093536613980796
1.2946548194003284
1.279533503939261
1.27489510452023
1.27489510452023
1.2780001744552545
1.2734306752804885
1.2754019902798
1.2800385438721262
1.2643536924321503
1.252782639123171
1.2279529446044426
1.232671665511079
1.2368008241832644
1.260445091352917
1.264228194114454
1.268247749126792
1.2679794676678093
1.2642160973907546
1.264692673701879
1.2666016635952733
1.2708931748632573
1.266238878506731
1.2746201709939367
1.2746201709939367
1.2823507574039674
1.2766917833803229
1.2666259273877751
1.2686107138495528
1.2643282508503602
1.2799036062473979
1.2943631707264736
1.2907918898826423
1.2907918898826423
1.2893142420862647
1.2893142420862647
1.2827817803050756
1.279135635354116
1.2784366977138433
1.29002236077745
1.2788336976512396
1.2788518019634645
1.283309853166174
1.2871372248999051
1.2852687044565867
1.2818274565829666
1.2869866549833084
1.2912272534418792
1.3024131507082042
1.301432471992599
1.2980772397025186
1.3057385255858163
1.3066446943573864
1.3066446943573864
1.331897690307937
1.331897690307937
1.3218580391665828
1.3219336531051313
1.325333152307415
1.3095434943834932
1.29866946139494
1.2986010937058454
1.2996812598980125
1.2901385722809526
1.2885342743691077
1.291492498401126
1.285648101077205
1.2776651557797145
1.2793146702351597
1.2766451043774723
1.2749137124301175
1.2749137124301175
1.292558482903174
1.2903266261725306
1.3030080304528568
1.2933877871034993
1.2799423515291313
1.2721997762019337
1.2726539401645565
1.2682121309621024
1.2682121309621024
1.2659413621885238
1.2617150806495063
1.2643414795279366
1.2674142172101655
1.2668087725234223
1.2668087725234223
1.2563826146381392
1.2428491545506968
1.2457281460129315
1.2469162382689172
1.2481466002522095
1.2540418692292465
1.2537212801681412
1.2419425215997015
1.2419425215997015
1.247116547803374
1.2544190002047022
1.250837640681066
1.250328921225141
1.2666727356226335
1.2628145360799743
1.235143258755969
1.236615833095944
1.2395106792588406
1.2387840882403158
1.2394057687255469
1.225495702196226
1.225495702196226
1.2289313419089238
1.2217289320663824
1.2088258237681688
1.1947002558188233
1.1947002558188233
1.1969525457094976
1.1862164719530892
1.1943867413157323
1.1851389196104865
1.1851389196104865
1.20413670912607
1.2141749323652111
1.2216181408137239
1.2231026003104033
1.2254347338900389
1.2226751925680637
1.2219556556298334
1.2368417394242561
1.2245604624182087
1.2233323158031058
1.2241863129726138
1.2211171564487875
1.216374693756627
1.216374693756627
1.1990971006540816
1.1990971006540816
1.197910776414502
1.195173723694733
1.1909417130206863
1.1967736260325657
1.201082269137173
1.2046442240264066
1.1983076643294157
1.1983076643294157
1.1962902448127108
1.191906412015904
1.1830170338907446
1.162866207930616
1.1581966403790265
1.1565986478508645
1.151073788872747
1.151073788872747
1.1536113307000204
1.1489740774570316
1.1519514244048525
1.1627328188402093
1.1591062270864723
1.1620866507662024
1.1562969831160632
1.1512270751892224
1.1338621194956495
1.13422305682634
1.117788349401615
1.121505371646813
1.11833541932215
1.1055277251271267
1.1071974209177373
1.1089932267311426
1.111216580591276
1.1275731121441028
1.1331882263536193
1.1404418806415977
1.1405514491624944
1.1405762673325208
1.1389361768524935
1.138791060224091
1.1417341265938301
1.1291762819395184
1.1146365735392292
1.1146365735392292
1.1143102464323724
1.1143102464323724
1.1117816581278206
1.1073423435908663
1.1097489470350181
1.0954962739032887
1.096215522572571
1.0994897857671446
1.107534799298761
1.111306433521378
1.1121481364258015
1.1121481364258015
1.1416539620289725
1.1465226956189882
1.1550916420805473
1.1551168122546354
1.1510890926738089
1.1460543826658798
1.1613391816045815
1.1613391816045815
1.1557013481476126
1.1675939809610276
1.1675939809610276
1.1659589977325358
1.1567303608662267
1.1575951981810721
1.161598140771503
1.1311669728752236
1.136790482730053
1.1381792470798215
1.1384728642333717
1.1588247231731044
1.1511970529993465
1.1587897156355105
1.1418551755854673
1.1418551755854673
1.166403618841885
1.156616550344496
1.1634908274551778
1.1562811869935032
1.163371830030642
1.1692134841918294
1.1708882801925544
1.1658633229740178
1.1646296753471872
1.161814113102919
1.1594056166645013
1.1616826741338901
1.1629596424584263
1.1507517767935753
1.1686222159584485
1.176390464817698
1.1740329199257742
1.1740329199257742
1.1704646590583847
1.1766888809344767
1.1788509618790157
1.1837166491806688
1.183832285688837
1.1877657702924151
1.184233288438349
1.17452364277791
1.1791095353001895
1.1820042395961818
1.1826860281614355
1.1837872683596926
1.190014277157841
1.1827011511969723
1.1764319226926179
1.1566259439848112
1.1441992209567102
1.1459913436128364
1.1351213492400836
1.131460707924104
1.117225705050463
1.1037609607484613
1.11149621281255
1.1222983723540918
1.128529330219714
1.1185532087944492
1.119489340076767
1.1181104345190251
1.1068781223428161
1.1001580986767183
1.1061269684424586
1.1159383448198994
1.1020671326673805
1.095606622094824
1.0975985503122005
1.0975985503122005
1.096295016798972
1.0947374805231356
1.102004079602349
1.102004079602349
1.0973204135684744
1.10643888517001
1.1065019715425723
1.1061496938326363
1.1103832934926574
1.1095396532285082
1.1049376953676169
1.108478737558748
1.1085963598045527
1.105869408253917
1.105156910442178
1.098301261938802
1.098301261938802
1.0948520411069484
1.0954388214739483
1.0849033530022922
1.0994076055534652
1.1046252102196275
1.11370934281639
1.0984338630695232
1.1025017565633657
1.0833544657309455
1.0840760229074764
1.0840760229074764
1.0840760229074764
1.0845015251264596
1.089377949818796
1.0874858448237978
1.087630371552854
1.0856201573826811
1.0805906387066444
1.0697266965815793
1.0656628751079709
1.0634405109871512
1.0654565044589677
1.069401901651816
1.062762174714844
1.062762174714844
1.0639208299697276
1.0639208299697276
1.0809021287599698
1.077357108050251
1.0726632277925392
1.0578319454570786
1.0572532633634224
1.0579137888772248
1.0377899433157007
1.0348853917165246
1.0354403806757047
1.0343914960025031
1.0383051911510015
1.0487143185718306
1.0484963474562072
1.0495244462416722
1.049778809187643
1.049778809187643
1.0568445262864068
1.0536810478298493
1.0579492641440285
1.0518628341010345
1.0518628341010345
1.0361553954096003
1.0355884966426614
1.029088011170159
1.030607753268349
1.0035181451334931
0.9967460549300703
0.9707264861931353
0.9680865916862469
0.9683278402161131
0.9683278402161131
0.9683278402161131
0.9683278402161131
0.9683278402161131
0.9789753709964105
0.9727765946200563
0.9463128436973096
0.9471764996057443
0.9540052202681977
0.9423668363378221
0.9366876599436935
0.9247608562427667
0.9234570526016368
0.9220681717677737
0.9251982024691676
0.9305680424830505
0.9275793634484273
0.9276195562575119
0.916064346441526
0.9077320866958111
0.9038565366557931
0.9046287721485866
0.9024908953725742
0.8889961733818474
0.8889961733818474
0.8878196048077804
0.8943065075788357
0.8940091409206834
0.8990402400174022
0.8939386944180729
0.8939386944180729
0.8763238693687028
0.8762473314451328
0.8823151161439402
0.889475533573846
0.8936613106367024
0.8943671730571444
0.899085662761806
0.891424423843042
0.888135537448141
0.8879192042669047
0.8841574734103457
0.8741543406699589
0.8743074931237917
0.8600166320570197
0.8611733126978547
0.8700612668191612
0.8740990927510748
0.8740990927510748
0.8812200074143255
0.8772251249214641
0.900351323359067
0.896529551924528
0.896529551924528
0.8897602640014135
0.89616117406323
0.8968027899504474
0.8913606879372268
0.8913606879372268
0.885549533191247
0.8795025730920135
0.8849701569843352
0.8805505247230798
0.8817086312111693
0.8817086312111693
0.8809956514177705
0.8953675654725075
0.8948637065901938
0.8956082415467822
0.8933050036664061
0.8933050036664061
0.8967410175609436
0.8982112221989033
0.8833581816279039
0.8812344400522838
0.8812937759463771
0.8812937759463771
0.8952315807840613
0.8869163284680037
0.8888090858306136
0.8877503175880918
0.8778358400090824
0.8803448150604412
0.8820028149650369
0.8805835222362874
0.8818501263435091
0.8717989347472384
0.8765363043853299
0.8763777034040316
0.873672518607773
0.8718481848039916
0.8726769365537187
0.8676594731761565
0.8737867111230142
0.8818895479007096
0.8965926281011288
0.9030578404285408
0.9037606573636338
0.9119494015900785
0.9060766252916052
0.9060766252916052
0.9065021338223799
0.8917516812881667
0.8944442941068256
0.90255946618549
0.9020417671937027
0.9020417671937027
0.9020729703826477
0.9020729703826477
0.9020729703826477
0.899913856438057
0.9015530022570781
0.9242167617110557
0.9270177524523628
0.9264671015019249
0.9163093698592635
0.9118168255509369
0.9112494485830532
0.9134015432716175
0.9116056661481986
0.902798917067166
0.9029468941706568
0.8970965066266411
0.8946932266323806
0.8973782641069638
0.8887044993135267
0.8866155163318141
0.8828293402099927
0.883014082215864
0.877751240332785
0.8743026750653115
0.8739891300229975
0.8687054845335868
0.884233816360123
0.8834712636584688
0.9002798507040216
0.9002798507040216
0.8980785007794042
0.903947588236852
0.903721387802068
0.9222734052032837
0.931421875874804
0.9270719031164615
0.9219056426589584
0.9210005590033544
0.9048618888590193
0.9048339023476859
0.8954763418111717
0.8954763418111717
0.8997970880827892
0.9060740480058814
0.9045022317558609
0.9046265290385883
0.9048789154333658
0.8705919961644542
0.8790805227248549
0.8786832456857416
0.8651663891421199
0.8651663891421199
0.8652612090968487
0.8657848631601879
0.8565456718048361
0.8593927520167073
0.8594114489056371
0.8559854413689802
0.8550804125634354
0.8559957413917081
0.8450095523684416
0.8394186249780853
0.8317053544212062
0.8364994541070367
0.8364672757773404
0.8224900340211861
0.8224900340211861
0.8211831976587227
0.8170865632111731
0.8120173191505228
0.8083328801274232
0.8019587080060855
0.8099815391840961
0.8221063981237304
0.8203658073984138
0.8014011879858687
0.8049954849029919
0.806054520293641
0.8093265654211811
0.8092102866504332
0.8093211983317492
0.8189476564570995
0.8115251149814484
0.8116740444920003
0.7833341629631333
0.7763847652461646
0.7745245812276262
0.7668882955658294
0.75728845605443
0.7560911537047161
0.754685996606808
0.7575080126482417
0.7566367358036981
0.7566367358036981
0.7468805600895073
0.7439416269240208
0.7439416269240208
0.7405925538202052
0.7367451555160521
0.7442492166298633
0.7439999557661929
0.7439999557661929
0.7636809321506621
0.7565564192687242
0.7663754395234826
0.7663754395234826
0.7581859456123233
0.7640103154649677
0.7577578177668752
0.7596248283218499
0.7599592751651413
0.7743245824592833
0.7743245824592833
0.7638665573597351
0.7609447961597263
0.7615791587611433
0.759770120224849
0.7699149418795774
0.7711217483890924
0.7702995805281718
0.7765208534827074
0.7764712923664973
0.776640531447837
0.776640531447837
0.7738695822060636
0.7737688234292519
0.7737688234292519
0.774381620231169
0.7775364438709804
0.7648718114051826
0.7765050633554353
0.7602917247744032
0.7602917247744032
0.7576402523115376
0.7576402523115376
0.7576402523115376
0.7418339002920301
0.7413603072252749
0.7413603072252749
0.7413603072252749
0.7413603072252749
0.7422531757748589
0.7456691062194405
0.7475794625908059
0.7475794625908059
0.7392187604848646
0.7392187604848646
0.7291994573239938
0.729318836475169
0.7292327526630665
0.732417087051752
0.732417087051752
0.732417087051752
0.732417087051752
0.7323402386243345
0.7323040773326639
0.7312931127872203
0.7347434922397726
0.7290500687129846
0.7290500687129846
0.7181677262350448
0.7217323822147359
0.7272175791493803
0.725134182493481
0.7278471176564506
0.7278471176564506
0.7188403711874551
0.7171086804201559
0.7167150580840032
0.7194145002818038
0.7194145002818038
0.6966480604520245
0.7070478936664437
0.6950474277989004
0.6950474277989004
0.6940356105981369
0.6940356105981369
0.6940356105981369
0.7037079261650999
0.6950773217566456
0.6945229560848734
0.6945229560848734
0.685892350715151
0.6972845307143147
0.6874218053647172
0.6773864108620651
0.6789418087418918
0.6650127987166988
0.6489187132319941
0.64012884939207
0.64012884939207
0.6385989814519238
0.6385989814519238
0.626175114396408
0.626175114396408
0.6252414198360742
0.6238057293043098
0.620026190666089
0.6208400859324252
0.6229213191121319
0.6229213191121319
0.6229213191121319
0.6251248330172162
0.6251248330172162
0.6261088408852302
0.6364321235956112
0.6202558381448059
0.6164595059727305
0.6174178912560416
0.6174178912560416
0.616818234944598
0.6267182833632177
0.6267311064660585
0.6270394832976511
0.6237112541865177
0.629680303520659
0.629680303520659
0.6243352419616645
0.6243352419616645
0.6288984503219854
0.6288984503219854
0.6300915746484093
0.6108371946910462
0.6069804445219698
0.6069804445219698
0.5991966579232916
0.5991966579232916
0.5995627465606984
0.6030445793318286
0.5982474491926372
0.6048576543011868
0.6048576543011868
0.6048576543011868
0.6080127685761756
0.6080127685761756
0.6102719925332624
0.6102719925332624
0.6112813074612315
0.6112813074612315
0.6085530916579054
0.6085530916579054
0.6033681761861881
0.6033681761861881
0.6053390883244348
0.5950701237380444
0.5908842700643699
0.5938877665678046
0.5938877665678046
0.59148593507489
0.59148593507489
0.5751860694176977
0.5793897896015462
0.5773193751870505
0.5805440641509015
0.5945957247948542
0.5964347384104114
0.6063923000381288
0.5924392761648073
0.5920210394190759
0.5930378406077432
0.5930378406077432
0.5930378406077432
0.5909143107196286
0.5909143107196286
0.5909143107196286
0.6029748688152827
0.603923552974431
0.603923552974431
0.603923552974431
0.6063827383887714
0.5972761629665013
0.5877673176990974
0.5820436046700416
0.593195848841109
0.5959646831258589
0.5959646831258589
0.5923399903718988
0.5927379203416964
0.5927379203416964
0.5843640901247358
0.584910810027942
0.584910810027942
0.584910810027942
0.584119862244515
0.5817640663300347
0.5815818835428048
0.5879491562824603
0.5729759677779203
0.5726256811371513
0.5775309607795116
0.5782332865970964
0.5782332865970964
0.566547666729259
0.566547666729259
0.572568847102817
0.572568847102817
0.553618861705337
0.553618861705337
0.553618861705337
0.5566048038018158
0.5483887715569229
0.5451137543454049
0.5453109387084327
0.5518066673101095
0.5518066673101095
0.5518066673101095
0.5518066673101095
0.5492073946507812
0.5516240528407117
0.5522714001610363
0.5508755607066091
0.5510342975121959
0.54676223443737
0.54676223443737
0.5514478623724622
0.5514478623724622
0.5514478623724622
0.5514478623724622
0.5514478623724622
0.5518314587592351
0.5518314587592351
0.5509024181479985
0.5449558451225115
0.5436625423983403
0.5436625423983403
0.5430031175964086
0.5365386389761162
0.5430905822801303
0.5506941598770391
0.5389968339804609
0.5402681680247016
0.5454495098392039
0.5508833592252328
0.5411781515368175
0.5411781515368175
0.5468096123057674
0.5468096123057674
0.5389994230227706
0.5389994230227706
0.5389994230227706
0.5326895973241625
0.53171420044557
0.5256278849547055
0.524809851418907
0.521755221719972
0.533874092701389
0.533874092701389
0.533874092701389
0.5253807827044137
0.5253807827044137
0.5223266864101556
0.519447549407693
0.5102954715912371
0.5102954715912371
0.5141542153149118
0.5141542153149118
0.5141271395430977
0.5190976060741391
0.5216451032670274
0.5222169338822634
0.5200435530205302
0.5367487937149812
0.5409482062833444
0.5409482062833444
0.5409482062833444
0.5331520539190847
0.5331520539190847
0.5304656871432015
0.5238997993861906
0.5115747878638107
0.5126533027585004
0.5066484762067502
0.5066484762067502
0.5059895441893753
0.5059895441893753
0.501918323306749
0.5025318023024768
0.520145454552044
0.520145454552044
0.523116196221263
0.523116196221263
0.523116196221263
0.5326093215331265
0.529932051903425
0.5259418253352458
0.5165804739770032
0.5163619552906819
0.5048301383003779
0.5024788894036528
0.5036801663182721
0.5002198269368562
0.4976908137988461
0.4975841193296753
0.4975841193296753
0.498491908141778
0.498491908141778
0.498491908141778
0.5096995396621656
0.504782648684315
0.5040741925049859
0.5041045050643627
0.5003740040017028
0.504397650109254
0.504397650109254
0.504397650109254
0.504397650109254
0.504397650109254
0.5034560631879199
0.5034560631879199
0.5044758410759659
0.5049278036996605
0.5014317024073845
0.49063221530260404
0.49063221530260404
0.49063221530260404
0.5070026677296108
0.5068007696411686
0.47884366048956517
0.4777207035388714
0.47185499752344284
0.4564544048675348
0.4564544048675348
0.45163520860628203
0.44131140018671866
0.43702169070496977
0.43702169070496977
0.43702169070496977
0.4353858326181476
0.4353858326181476
0.44256442653600936
0.4370799891420541
0.438671982656239
0.438671982656239
0.44419074330927194
0.44867619709463785
0.4483717929501259
0.448749437743849
0.45480992857965175
0.4571399040477531
0.4524158108845231
0.45130905458093123
0.45130905458093123
0.4387584697193679
0.4380524543213605
0.4380524543213605
0.4302608392344963
0.42082315460890535
0.42082315460890535
0.4185487591646962
0.4185487591646962
0.40895651425657825
0.4103419270574723
0.4103419270574723
0.41110839014074935
0.41099779518435525
0.41099779518435525
0.40122766862806925
0.3899619252094894
0.3899619252094894
0.3899619252094894
0.39212251584048907
0.39212251584048907
0.39219099279537545
0.39103783603819514
0.3831826136695543
0.3831826136695543
0.3831826136695543
0.383194116525351
0.383194116525351
0.383194116525351
0.383194116525351
0.383194116525351
0.383194116525351
0.3810968645671842
0.3810968645671842
0.3810968645671842
0.3810968645671842
0.3810968645671842
0.3810968645671842
0.3741443387603106
0.37316761524361625
0.3631602371163763
0.3631602371163763
0.36200607185809225
0.36200607185809225
0.36200607185809225
0.36200607185809225
0.356946601489061
0.356946601489061
0.356946601489061
0.35411089161892495
0.35411089161892495
0.35411089161892495
0.35411089161892495
0.35411089161892495
0.35411089161892495
0.35411089161892495
0.35411089161892495
0.35411089161892495
0.3542344468639527
0.3542344468639527
0.35174891235012734
0.35174891235012734
0.3362412553787738
0.30532716281517636
0.3052996338151631
0.3052996338151631
0.29747249307160034
0.29747249307160034
0.2968867801963602
0.2968867801963602
0.2968867801963602
0.2968867801963602
0.2968867801963602
0.2970337859795129
0.2970337859795129
0.2970337859795129
0.2970337859795129
0.2970337859795129
0.2970337859795129
0.2970337859795129
0.2970337859795129
0.2970337859795129
0.2970337859795129
0.2970337859795129
0.2970337859795129
0.2970337859795129
0.2933993452791105
0.2922882840128616
0.29000668083025566
0.29000668083025566
0.29000668083025566
0.29000668083025566
0.29000668083025566
0.29000668083025566
0.29000668083025566
0.29000668083025566
0.29000668083025566
0.29000668083025566
0.29000668083025566
0.29000668083025566
0.29000668083025566
0.29000668083025566
0.29000668083025566
0.2898842644990591
0.2898842644990591
0.2910474460809698
0.2910474460809698
0.2910474460809698
0.2909142473670749
0.27878945032159963
0.27878945032159963
0.27878945032159963
0.27868142055550177
0.27868142055550177
0.27868142055550177
0.2758695439448699
0.2758695439448699
0.2758695439448699
0.2758695439448699
0.2758695439448699
0.2756535634143181
0.2756535634143181
0.2756535634143181
0.2756535634143181
0.2756535634143181
0.2756535634143181
0.2756535634143181
0.2756535634143181
0.2756535634143181
0.2756535634143181
0.2756535634143181
0.2756535634143181
0.2756535634143181
0.2754119113576167
0.2754119113576167
0.27581601780592435
0.27544482566139017
0.2675661249974151
0.2675661249974151
0.26478772392879013
0.26478772392879013
0.26412560374915806
0.26412560374915806
0.26224228546724093
0.26224228546724093
0.26224228546724093
0.26224228546724093
0.26224228546724093
0.26224228546724093
0.26224228546724093
0.26224228546724093
0.26224228546724093
0.26224228546724093
0.26224228546724093
0.26224228546724093
0.26224228546724093
0.26224228546724093
0.26224228546724093
0.26224228546724093
0.26224228546724093
0.26224228546724093
0.26224228546724093
0.2582878541592385
0.2582902662740597
0.2582902662740597
0.2582902662740597
0.2582902662740597
0.2582902662740597
0.25771983402175047
0.25771983402175047
0.25771983402175047
0.25771983402175047
0.25771983402175047
0.25771983402175047
0.25735161688311753
0.25735161688311753
0.25735161688311753
0.25735161688311753
0.25735161688311753
0.25735161688311753
0.25735161688311753
0.25735161688311753
0.2567149481412262
