0.0466667 0.08454712728952762
-0.0866667 -0.10502719762968088
-0.3733333 -0.35391425484416367
-0.1533333 -0.14658964228788768
0.0366667 0.012224553131102989
0.0066667 0.033065469258951374
0.7633334 0.7969458102838962
0.61 0.5998560567387152
0.3833334 0.3704704338626468
-0.28 -0.31201840519529794
0.56 0.5559908110737017
0.1633333 0.16934666601900145
0.1266667 0.12082746521010282
-0.71 -0.7808476203108585
0.9666667 0.9556524384137959
-0.86 -0.8773435762221402
-0.59 -0.6073523156663446
-0.2366667 -0.25694787932425117
-0.4033333 -0.39882895999414597
-0.7566667 -0.7282053076189605
0.7133334 0.729224643225393
0.4233333 0.4224971123315382
-0.2933334 -0.27019466695142014
0.72 0.7066178515954742
-0.9666667 -0.9632314223723024
-0.9966667 -0.9730086074176151
0.9833333 0.9806346335408124
-0.6666667 -0.7040610094998385
-0.17 -0.15654422326642148
0.9 0.8853270850907838
0.03 0.00820312433649506
0.27 0.2735154354350328
