0.0466667 0.05211255780894247
-0.0866667 -0.09058104983218473
-0.3733333 -0.36664356268238163
-0.1533333 -0.15955042282028215
0.0366667 -1.997960712124547e-05
0.0066667 0.03352474414881795
0.7633334 0.775004321234272
0.61 0.6079969618314274
0.3833334 0.40928152278733687
-0.28 -0.2972916502859697
0.56 0.5571794822342104
0.1633333 0.18055734868336568
0.1266667 0.1406032659813168
-0.71 -0.7584515030829784
0.9666667 0.9895941085060835
-0.86 -0.880469817780485
-0.59 -0.5778803677617942
-0.2366667 -0.28410197075116334
-0.4033333 -0.3654812191837448
-0.7566667 -0.7689568817871953
0.7133334 0.7122300182781176
0.4233333 0.3958648015167012
-0.2933334 -0.278628877801174
0.72 0.697655088724439
-0.9666667 -0.9347341443579782
-0.9966667 -0.9856288208167218
0.9833333 0.9754055277851659
-0.6666667 -0.6985682254251788
-0.17 -0.17231937618691157
0.9 0.8633292777514733
0.03 0.0005802505098116417
0.27 0.2488371363304443
