1.5628693249008854
1.39638496528609
1.3949322279714091
1.392519309483821
1.3940813456037549
1.391873256281373
1.3932777119304682
1.3884891234645445
1.3868983313410952
1.385496996973624
1.385231680260981
1.3826045883888995
1.3852966693087165
1.388719555311415
1.3879242017714535
1.3889486967410358
1.3903373001231607
1.3911226964506118
1.3943362618585238
1.3931545319128278
1.3910979756092154
1.3975569669763792
1.396781926533831
1.3950002679286162
1.3964313861057913
1.3997978115007144
1.3996056474430443
1.398772983022392
1.4005279166695022
1.4017037765845997
1.3977082815397934
1.396550654352639
1.3967526973247983
1.3900366729436704
1.3919082940595202
1.3966422695279195
1.3970465416135924
1.3989631004965877
1.3975461786232648
1.3981690005451022
1.3981215797271307
1.3980372221546558
1.3944957013749435
1.4012295692253076
1.3970025897774725
1.3922092254306562
1.3920575486717524
1.3941759841677037
1.3996513479915191
1.404093888142626
1.407297402288514
1.4045329778288804
1.4087458123972225
1.4066259991636119
1.4038113102678826
1.404101092892819
1.4012784095334283
1.398921020233796
1.4005660220903704
1.4000917966944089
1.3977700130587365
1.3968949148211418
1.3966219971716938
1.3915976424740923
1.392539683777565
1.3918842119104926
1.3934439118793391
1.3920471444460798
1.3952278540285241
1.3925718674892054
1.397987155774771
1.3948210824828586
1.3944586841135442
1.38611645495783
1.3889322435219233
1.3893573010411346
1.3862994494838103
1.3857671359821475
1.3896679617289909
1.3855612849833292
1.3846291831024582
1.388258547352089
1.387673149630337
1.386974901126091
1.3905110644819156
1.3885814445402052
1.3889780754496088
1.3890584683577802
1.3869194800366258
1.3856723611872088
1.3850259726903829
1.3851593175569095
1.3912576912090013
1.3902604191160306
1.3866054556815306
1.3869655304890922
1.3824339029459813
1.3808446383362523
1.3785466461771327
1.374420860798925
1.3804390781039966
1.3825295479998299
1.3812059036408217
1.3835384517204312
1.3793921816104784
1.3783589416865172
1.3765194712661535
1.376208727596782
1.3763770795837993
1.3741695920350867
1.3724814953760405
1.3719769950368765
1.3736927565993107
1.3760858992717844
1.3767667077406998
1.375881965540009
1.376400052701643
1.3776187987809276
1.3726660377432822
1.3732539374688482
1.371578901657131
1.3734780587388753
1.3762655002903839
1.374234034692868
1.3750987343898635
1.375707865846411
1.3780968538374583
1.3755112727704906
1.374693113367257
1.3741222977303926
1.3724610865409659
1.3697673248771243
1.3713929673306506
1.3663633666343475
1.3651649478887689
1.3624995823441626
1.358593170998772
1.360118752099273
1.3601201572982202
1.3613076732893155
1.3616364703831032
1.3595392813146487
1.3567917922429467
1.3542782476112265
1.360938784803707
1.3628063910320567
1.3628299839419316
1.3623774633814638
1.355839250255317
1.3585018413767531
1.35743317211804
1.3608226428799788
1.3588158250486084
1.3598408090376581
1.3510541884791354
1.3469909790694454
1.3505476896093713
1.356499349999845
1.3508145483482548
1.3481617148482195
1.3480378928320507
1.3472397370020013
1.346596179412359
1.3474474165282178
1.343912326971237
1.3480912622419101
1.3462397162384807
1.3429386366779625
1.3438583600115421
1.3444499874717937
1.3489604309972336
1.3461871366887146
1.3433796807959937
1.3413270509569746
1.342529370245621
1.3401487700605448
1.3434471712103933
1.3390004675801541
1.335414779465193
1.3341448112403598
1.3320981683386937
1.3389109383459588
1.3380263209808125
1.3351353577708338
1.3386336225093693
1.3390786918067197
1.3427036168765285
1.3430754764681385
1.3438814065280036
1.3434235339332867
1.3450192624496562
1.3451056900375449
1.3483542170529434
1.3507051774725245
1.3511047550153144
1.3524969781161928
1.3497092532416264
1.3473641589151129
1.3462214917887048
1.3466546021246262
1.3475191321471904
1.3463977513689256
1.34522543869653
1.348151496755754
1.3465993707447443
1.350918813523992
1.3521049843556634
1.3514381552204253
1.347280696444994
1.3449732212808232
1.3434436912929206
1.344450210774562
1.3444083453096973
1.341649346047833
1.3398078186393283
1.340003994083356
1.3384251729253345
1.3400893222866788
1.340982142891541
1.3373987850154467
1.3356209448811733
1.335003701337509
1.3392088220627478
1.33790914392184
1.332322600154599
1.3317374192183509
1.331067482260218
1.325121345771676
1.3215593254845541
1.3260307636917787
1.3268328305229071
1.3252589937262047
1.3249243421323942
1.3270906169558887
1.332142521802763
1.3325928707599426
1.3314852183040204
1.3302145566719235
1.3282809705722136
1.3304161406550281
1.3270006875010705
1.3242245990691122
1.3309321757440848
1.333339505748207
1.3321836807739524
1.3277889407286405
1.3242880938311739
1.3279160059746362
1.3284519451368424
1.3265888713840694
1.3268344398779106
1.3240262019983569
1.3239681858971415
1.3297232007037993
1.3307362018525992
1.3328509435975096
1.3349507628638204
1.3339396059500563
1.3366034564837153
1.3335110636913905
1.3293884247281156
1.3307068415560397
1.3390817413276837
1.3382219723356585
1.339234834977477
1.3426026453228856
1.3378255424142529
1.3357332947163323
1.3395008232991636
1.339921825958656
1.3429351596922838
1.3435028593977911
1.3416635731500308
1.3398248515633393
1.339100619003871
1.335659290944672
1.3392026426570498
1.3376335187176
1.33718765501239
1.3368376702187525
1.3369310198952538
1.3376011449269443
1.3439920436147519
1.342170417473432
1.3378084489570503
1.3335927120707738
1.3286419600788641
1.324516694829843
1.3287381519882824
1.3285446313704095
1.3264278361288615
1.325907853185418
1.329811851881957
1.330212801795879
1.3316100195475717
1.3293995610472715
1.3290473068944246
1.3271373555125432
1.3269344651942785
1.3311873180015312
1.3335930423066396
1.3353616755702538
1.3395992162740225
1.339433625852231
1.3406287864718258
1.3378435877745678
1.3334915502852254
1.3350324819891288
1.3336658450208878
1.3306277388749381
1.3304018208282702
1.3288639989495734
1.330638836080651
1.325065279155333
1.3214301309321297
1.316567104823797
1.3207128268664614
1.3231684199474174
1.3260254170728751
1.3290244792328705
1.3350360786560276
1.3349904477321817
1.3341072349747747
1.3328261406915074
1.3314697871536612
1.331408974397793
1.3295826319037498
1.3329205919404
1.33653351669737
1.3344995924020995
1.3348278307576298
1.3360390595129954
1.3373218876407074
1.3361323856012564
1.3357138674314244
1.3400266788095592
1.3391866207927559
1.3381706444911408
1.3388523606781004
1.3361343727349184
1.3403465313343874
1.3383568598627509
1.3365662041995292
1.3387958245281433
1.334647597050735
1.333340298207252
1.3337302840363652
1.3337322005721655
1.3339630015584487
1.3330421651027753
1.3317379917952454
1.33301556889307
1.3300386223552616
1.3299461790877563
1.3298050960631815
1.331373082143179
1.3328117378478725
1.3323215256021044
1.3357168898046972
1.3333914483558325
1.3341771575913868
1.3358731465533251
1.3390810612907855
1.3384168238330472
1.3405687614529507
1.3413737584728342
1.3406133201666763
1.3392289532761938
1.3435076720055323
1.3409413347934347
1.3375606138236047
1.340986400794349
1.3426643681375214
1.3424426484718732
1.3432667645340115
1.3425234699997484
1.3377063902103268
1.3297622293420104
1.3335946528585583
1.3320554068392385
1.334208877997033
1.3344189039374703
1.338232575681283
1.3437096931397958
1.3459172749500121
1.345036059890885
1.3431074940150967
1.3463495015124292
1.349708248474591
1.3481578727019463
1.3435378996579164
1.3439546503325817
1.3450648825644878
1.3504366302802704
1.3480518653567606
1.3483378735595304
1.3475435491945613
1.3516823687631505
1.3470314775839978
1.3458482959419542
1.344368316735142
1.3419053009763444
1.3431262466130611
1.3396407525262082
1.3371274035828185
1.3398072170381732
1.3420409178832446
1.3428861017787113
1.3384343326650296
1.3382982931752525
1.3346168807435097
1.3337039602689174
1.336772148095489
1.3388642277022291
1.3358644943963989
1.336491485274233
1.3389778301506332
1.3389706723810062
1.3397924797725995
1.3346789653661908
1.335336772902871
1.331796512392248
1.3274251657138196
1.3281513607620967
1.328721359022217
1.3308641814786397
1.3339109160805251
1.3343234946773461
1.332313428194426
1.336308283970571
1.3292078218432322
1.3280656631266923
1.3299890890274353
1.3317978031596596
1.3302134625152764
1.3329552880770723
1.3315521972819389
1.3295983239110558
1.3260877370287985
1.3263562678416663
1.3253391020444856
1.32617705778457
1.3280437399999436
1.3309675926386104
1.3269370032791517
1.3248644999727162
1.3235124591795817
1.3225038109329232
1.3235530983183077
1.3243569807334619
1.3238974586201646
1.323727577600715
1.321334977425165
1.321239560428849
1.3205587551161206
1.3235293806813204
1.3201359149322487
1.3204513547862073
1.3270554252138296
1.3259047175187058
1.3271936932230752
1.3241887503496765
1.3170979291026474
1.316418899000782
1.3163652372733188
1.3215274104038595
1.3170679537237828
1.3129040207268716
1.3146612830528794
1.3144237119427744
1.310349019740397
1.3119544041703366
1.3114512389315998
1.3065041538659778
1.3010833673416093
1.3060049551248745
1.3043821430047484
1.2996111076885979
1.2988807666708324
1.295898130117905
1.3000137619031993
1.3002007893717318
1.2992957909993876
1.3009378860114604
1.3040956361157963
1.3040506269996057
1.3029761568032292
1.3060668309584211
1.3113235802581358
1.3116445924664932
1.3128992232767271
1.3100128740432055
1.3095800506278823
1.3123122190502798
1.3104167309059214
1.3111769349760558
1.3100675837505087
1.3076322389895298
1.3109408970112502
1.3079761736850573
1.3076833309826763
1.311477387241731
1.3103658216098224
1.3080356921981227
1.3052081579558596
1.302465599465267
1.3010035402664268
1.2944308516746876
1.293939996612039
1.2911761991916726
1.2919542020461445
1.2896144816880688
1.2851498898304008
1.2820890897778519
1.2804172755800618
1.279285363519781
1.2770855900878089
1.2762541671639123
1.2753721019397328
1.2732067501012738
1.2687619680430138
1.266935541720238
1.2679465894429753
1.2645387630182614
1.2656844516628127
1.2640790816136835
1.2630154941358946
1.256797765751046
1.2539445388634118
1.2583471723933557
1.2566503192126446
1.2558935913006368
1.2577878328493026
1.2586906411544532
1.2571912632842686
1.2550450806602131
1.2530808551163657
1.2470601572686033
1.2482953281717284
1.248597574394637
1.2541879164649883
1.2548018122859477
1.255859832797716
1.2532257575299808
1.2549227469581858
1.2533328829036545
1.2556368962728566
1.2580830853750467
1.2597701022168386
1.2607440107708536
1.261093955232862
1.265222640846679
1.2604136386424192
1.2564525570976668
1.2542306826398755
1.2474010739725312
1.2492970623621062
1.2486394995709138
1.247610595583742
1.2443109684565656
1.2453320500702483
1.2427299549374087
1.2390618667170252
1.2354674751400043
1.2406278434127471
1.2446631686032632
1.2424052942357284
1.2457894333443478
1.2422806078253874
1.242994048733466
1.2464534698975407
1.2426484014576784
1.2438049513449552
1.2418155538931883
1.2430696799030967
1.2401474305999969
1.2405717977194215
1.2427753902795167
1.2429850456389193
1.2378575737465254
1.2377965281978787
1.2369373889494417
1.2373971184466304
1.2339357364392431
1.2358257342523764
1.2311603791918082
1.2345736950312234
1.2284573260604204
1.230494432950658
1.2281826150443211
1.2300545011246222
1.2299421531363033
1.2288085053837245
1.2273393019739713
1.2277216810707048
1.2271188094530274
1.228466019306973
1.229250974321409
1.2327853681887473
1.2329307032105978
1.236234436440236
1.2333227891871288
1.2314373291360938
1.2293481793082535
1.2309157764255594
1.228773310618998
1.2288981097294527
1.223801425453997
1.22425872208489
1.226806231152104
1.2277199259825426
1.2293652188393953
1.2300709440504254
1.2319145250947758
1.2331143989886386
1.232903843541773
1.231893731930272
1.231537388802145
1.2309317957940162
1.2261247140833444
1.2224668977770272
1.2240962759432723
1.2279190683299084
1.2266943059701159
1.2276760180360813
1.228523630875126
1.2276650939453686
1.224557215692747
1.220745500481711
1.2231989479080112
1.2298596837211642
1.2297169471811782
1.2301808157827205
1.2291466016721322
1.2299373683010557
1.2284141968105513
1.2308344382835013
1.230579896138473
1.229977884854143
1.2313962136135737
1.233220457308335
1.2333762840555156
1.2327888958683517
1.2342664390371594
1.2324291039642976
1.2326141106792896
1.2352069344937713
1.2344545904323911
1.2365936401139446
1.234750301254053
1.23183046410048
1.2346935886956607
1.2400159774946569
1.2396818938942595
1.2336941861403419
1.2311520845275195
1.2308010001885792
1.2320095185482525
1.2326181529342601
1.227373469353867
1.228265295500919
1.2298242302171167
1.2321594362735753
1.2338082578870362
1.2279310124879574
1.224108547947822
1.2261997603397954
1.2260675271049881
1.2263279834002694
1.227683701689506
1.227171813154004
1.2241278388842973
1.223170892995297
1.222764402388763
1.2195202743867104
1.2196213459632448
1.2171246511219642
1.2161318234725846
1.212433996065446
1.2134076431598346
1.213996103157783
1.2169260919802176
1.216641778412725
1.2139009927524724
1.2136330185161914
1.2135176605978464
1.2127224429840604
1.2096370857450847
1.2106838470251082
1.2144426485551978
1.2120310888356816
1.2070531279972243
1.2079829398482518
1.210483502494427
1.2123059387705781
1.2128157743859271
1.2134072949539956
1.2133783853960103
1.2162622129853056
1.2164032736747272
1.2115341566926157
1.2119625542605306
1.2121150239255551
1.208303366058399
1.2079338391506593
1.2080734602644299
1.2069718303616088
1.204818388211756
1.2046204087286114
1.2055344304678033
1.2055684338819608
1.2053747280990799
1.2062879488635958
1.2068948620094426
1.199573985601478
1.200794383461536
1.1992302555997603
1.2009607591497369
1.1989244253891829
1.1951734588736458
1.1928136364528947
1.1944802498166802
1.194540534202113
1.1970036122387842
1.1950778136540938
1.191697556355239
1.1944387361593987
1.195436589686922
1.1939350115173812
1.1898546637451701
1.1915167733152283
1.1914337080077768
1.1901610505498048
1.1873148700302951
1.1846415983639151
1.1824184147397463
1.1846065211984806
1.1858880261949079
1.1858205655562677
1.1840729927560152
1.1789676724215943
1.179911885414083
1.1803453996550244
1.1839460571881577
1.1881219136368666
1.188843392668238
1.1904340478017257
1.1873764551150217
1.1893586040930548
1.1882772757150788
1.1868015038270006
1.1865826033014422
1.185461502162157
1.1833929706317707
1.18034497516777
1.1829400966090755
1.184065719779057
1.182052529993792
1.1809134333583078
1.1801317484191052
1.1786656873937222
1.1726053303451076
1.1692828775533246
1.1708281697446714
1.1703728886486595
1.1629078125055647
1.1602394484290683
1.1570829663679223
1.1539990311584534
1.156032663583757
1.1529090262385735
1.1533953622324589
1.152590772854862
1.1516484624084629
1.151709775772821
1.1492658672759768
1.1498109519694633
1.1479208386847197
1.1484599815330685
1.148059953193399
1.1473287377790071
1.1461399703589377
1.1518229354046468
1.149171150269782
1.1466335844387165
1.1455031953973713
1.1460296738673759
1.1464495617672834
1.1389435349820167
1.1383281946139472
1.13373203234773
1.1327764153986613
1.1314797603592006
1.1302995135960745
1.1295090054588424
1.1289289838371552
1.1269153718625118
1.1271664502126129
1.1249418988753894
1.1241885453057208
1.1232887232416158
1.123312723321602
1.1217423961483597
1.1204071842425847
1.1192497886214483
1.1169371593005335
1.1195889365968472
1.1239805941808967
1.1219212888829275
1.1233977647285975
1.1219975547445689
1.121423159373278
1.1206503221939275
1.1204776237218028
1.1194943473285084
1.1217640595255454
1.113769130156864
1.114376693642724
1.1098432032142491
1.1121781365523353
1.109574394609202
1.106459835330884
1.1016632692795927
1.1077959055043196
1.1025008953711437
1.1026794822182775
1.101642393116451
1.1027045073462358
1.099479431987281
1.097990435957002
1.0966803569232404
1.0969611944642859
1.0916948390446597
1.0899963029514148
1.0901655986673684
1.0895679631440949
1.0878735390157812
1.0864778139057507
1.0841998191464106
1.0865510740540383
1.0861677879036062
1.0864173902518728
1.0800449371945642
1.0800529901588054
1.0776681610002115
1.073796141012456
1.071457396849364
1.0728411659483905
1.073650577491742
1.0729990997091419
1.0711923351512553
1.070484512162503
1.0702853300599127
1.072454497338433
1.0729441919140037
1.072506781721922
1.0745221867294013
1.0692594664676274
1.0671046015270509
1.0687297983852515
1.0638882143747534
1.0616563067675302
1.062061662752481
1.061123752491121
1.0587336052104221
1.056286309754677
1.0547164320304256
1.0526217997087723
1.0508709804128127
1.053274249618123
1.053645573098178
1.0518568081019128
1.0506038753912126
1.0514219176061328
1.0514836327050796
1.0447921099646282
1.0411053927419507
1.038408937862202
1.0354637322181617
1.0336764336978612
1.0312152154817178
1.0257726590517968
1.0208163564127184
1.0210916178894451
1.021251326396532
1.0220009752911698
1.0241255806013332
1.0228692858403918
1.0227147159509111
1.0226044470339286
1.0222121905779427
1.0189368739190716
1.0159655948148485
1.017685373507263
1.0155505413740926
1.0160794838698748
1.0159375385555103
1.0160034608359498
1.0172959058412634
1.0189661308920601
1.015806602249856
1.0179430111541339
1.020316656345732
1.0175192132395074
1.01641959584691
1.0180200247977997
1.017141768686348
1.0153342840454254
1.010538169479709
1.01152219158822
1.0081689873902064
1.0074907350823348
1.0081005215545569
1.004873630270266
1.004717993154432
1.0026950954792557
1.0012718969122971
1.0030962110300283
1.0011681941053903
0.9996144457780396
1.0008038605825071
1.0007577217827692
0.999424220275678
0.9967544255834438
0.9952824941166425
0.9952847779207307
0.9947024089415318
0.991659987251089
0.9891365924824134
0.988274917651772
0.9871381410986733
0.9876214484292867
0.9845134474055973
0.9806283402329476
0.9747599801877771
0.9716479569626095
0.9722565716193916
0.97195064734877
0.9680468344752718
0.9676634990203634
0.9685875504759938
0.965635924942555
0.9643623596417653
0.9621301625963057
0.963381712563983
0.9612218193651888
0.9629788787782904
0.9614561606500605
0.9629000821657672
0.9607381051771224
0.9595826309718823
0.958797426089651
0.9600207763581048
0.9601136400787633
0.9614869591665881
0.9628122330957769
0.9642507542083788
0.9648135855932573
0.9617945733988312
0.9606878073228643
0.9615802723677337
0.9590172648298851
0.9589240750992877
0.9595488893308239
0.9612068680991929
0.9593912402877335
0.958488746084489
0.9584467555443836
0.9582075024820483
0.9563578462646763
0.9551145196606161
0.9547400089343107
0.9542770190410869
0.954745016627758
0.9531609438595054
0.9508382087884117
0.9512763371645925
0.9489677325348179
0.9457556011862179
0.9429208348676681
0.9434246481527447
0.9456447457844748
0.9393863810646227
0.937155650263564
0.93735042864771
0.9361747315589352
0.9359737994711279
0.935688064902625
0.9291440945810127
0.9264038037319142
0.9339446095983963
0.9345416698879216
0.9321932305286642
0.9301989662247667
0.9324070799612014
0.9322228142538765
0.933790607530834
0.9349398138808602
0.9308107057020895
0.9299421609566882
0.9286204023731301
0.92775681891052
0.9250024674301199
0.9290691086523031
0.9329901856287753
0.9317676970766275
0.9297814168734216
0.9284969291983742
0.9307364164186771
0.9332349845667045
0.9330840318084803
0.9318334040018721
0.9323148752715344
0.9289598762103102
0.9297302830602021
0.9283093849547885
0.9219488057387976
0.9224332783406044
0.9199663765602291
0.9186583882521026
0.9184545781565943
0.9198146532535132
0.9182461720756351
0.9142263853761573
0.912372846629312
0.9105401438933802
0.9087347410678474
0.9068965634458479
0.9025638174433988
0.8978526451235807
0.8951908878065057
0.8928212141267078
0.8921902251827974
0.8921136577252027
0.8953510916994162
0.8954313595968022
0.8931991705879451
0.8909268656066758
0.8881547626615566
0.8872271796991624
0.8839047299280158
0.8798390328803588
0.8785346674281846
0.8741358513421857
0.8738489715855922
0.8748485454130908
0.8753633982854948
0.8767032437527102
0.8769873764265782
0.8778306489208155
0.8780654637149159
0.8775062617465587
0.8778981319079351
0.8720822991925381
0.8694760292968091
0.8645895419163662
0.8586764002692373
0.8573142470019324
0.8571368292656911
0.856494478692395
0.8543939064995445
0.8541015464941676
0.8501248552968927
0.8525224706452308
0.8499239966097848
0.8461557550127458
0.8428202854825104
0.8436056118248565
0.843505912532358
0.8426479550756701
0.8423376918669566
0.8413413298617416
0.8439617333601983
0.841808634871702
0.8413641369729902
0.8422659810769245
0.8444563962828944
0.8366378728227615
0.8382646184357438
0.8357888134588556
0.8364305745268508
0.8332023599840618
0.8330330111377396
0.8349059200894683
0.8324068717312526
0.8316137860951551
0.8287180620719395
0.8292089335316829
0.8277101796555824
0.8275386919671582
0.8260373176469404
0.8258881212379118
0.8207895942776545
0.8209227643224436
0.8179579570049731
0.8192326929388194
0.8193335119557567
0.8200193468237945
0.8172357941231125
0.8136410539149447
0.8114745805269047
0.8117627034337346
0.8084736377782441
0.8064650495763906
0.8041514390620905
0.798422749681889
0.7974168764215587
0.793353079185487
0.7920567173785954
0.7875585041118869
0.7855730069100045
0.7847335077852786
0.7843782579372777
0.7824463499339955
0.7844944086520498
0.7834785036774132
0.7842351994375696
0.7841783613954189
0.7807144586433137
0.7814522711063572
0.7772347915025585
0.7757096481467002
0.7767385119353667
0.776015553625717
0.7781498144580159
0.7783366658306852
0.7762813655951397
0.7760719693304367
0.7737082639907823
0.7750368459316916
0.7728436625187792
0.7717189160401966
0.7728825987549655
0.7653131798231645
0.7608117202428188
0.7585150948684584
0.7548918044883667
0.7546318203471484
0.7553875585578146
0.7558900914823334
0.7516145968115173
0.7522789716517468
0.7511233759633993
0.7507688086603691
0.7510521988117638
0.7501469552876167
0.7501112187712573
0.7483633450108454
0.7520457759505411
0.7508725250331436
0.7517699814447256
0.7545424339326583
0.7545532909947592
0.7564992205067328
0.7537659612478055
0.7545264901016242
0.7542573063806354
0.7530496179424616
0.7495312712184746
0.7516074971165171
0.7495583887209933
0.7496332914575351
0.7501366635843298
0.7489344738658815
0.7500869009226939
0.7461967194040025
0.749498039936945
0.7482056036149478
0.7464292487816284
0.7450329630376826
0.7452379321210796
0.7441095149774392
0.7438956893349354
0.7412275415814272
0.7415300015925984
0.7432795764085645
0.7426155642550122
0.7434511470616233
0.742714926576538
0.7441500398401029
0.7444246092925308
0.7438889722830934
0.7413986726694425
0.741944016527896
0.7427406220113523
0.7421561097523561
0.7403596277389799
0.7402358529664655
0.7352723728768228
0.7333842504223791
0.7289385571259321
0.7292096799152203
0.7286550291911977
0.7282222524324607
0.7250887088228415
0.7262243544604949
0.7253800614950897
0.723872380568429
0.7199671610468166
0.7192644698651242
0.7188935937503387
0.719157902968838
0.7177138054808289
0.7160508296107214
0.7153399863869085
0.7114093460038309
0.711560623233243
0.7121851400612538
0.7123229286925267
0.7105081480607996
0.7102647061702116
0.7112625871921457
0.7094619122575819
0.7059148052310892
0.7048650375480824
0.7030728624241179
0.70130424058782
0.6994089625004645
0.6981126577134514
0.6965110655659702
0.6958339970856371
0.6962915269163249
0.6988919100861661
0.698120435428803
0.6967676056195842
0.6958614603317029
0.6951789995567932
0.69087238225387
0.6903363045215103
0.6872546941806388
0.6856208773893341
0.6857091968315177
0.6854908297904055
0.6812472171431051
0.6801296190524023
0.6778587075635107
0.6780419500100756
0.6759976555340123
0.6719080138720208
0.6709969288333815
0.668968520705072
0.6671955965939437
0.6640229217951976
0.6618957656638311
0.6619753347691656
0.6614720617078955
0.6602171261498635
0.6604717904620007
0.6595468012081472
0.6596975839183905
0.6598756344832314
0.654594844203628
0.6524606879124458
0.6536038083098525
0.6514267202658062
0.648190703596067
0.6485280751864325
0.6457904551803997
0.6424893572414903
0.6429919039393704
0.6414509013209994
0.6422638430700187
0.6433310728115618
0.6401912296245796
0.6395781081041332
0.6397685298354221
0.6406800339462757
0.6395234618818387
0.6378399464697908
0.6423786068063103
0.6407290507360435
0.6394964824173591
0.6386014652133923
0.6385746570647639
0.6390729061728974
0.6397154509742272
0.638686879938885
0.6363584060293103
0.6357643859442622
0.637324767979359
0.6351467975410634
0.634126143266781
0.6329207229898313
0.6316031549301211
0.6270946345965778
0.6279030972370193
0.6284125976845212
0.6280729104886029
0.6281102042273116
0.6267615592599523
0.6266248512168471
0.6273404753578907
0.6224477494703635
0.6207579205884686
0.6200780836976769
0.6164941549181646
0.6164479087886063
0.6150302288465319
0.6143816791776279
0.6136984793256663
0.6138793958567749
0.6166707197648085
0.6149869490711525
0.6155537561684763
0.6155808425356308
0.6145906979593543
0.6148634545859605
0.6142026285208199
0.6130328341436087
0.6127486179749463
0.6129749539878355
0.6124360176742083
0.6112720533390915
0.6102217007882915
0.6083257738913102
0.6040958238303901
0.603040967001861
0.6050919036147747
0.6049826264231124
0.6041207883248305
0.6036579839544894
0.6021765803402105
0.6017236860505915
0.6023830428521706
0.5995413386722992
0.598498945515706
0.6004898426815839
0.596533683074094
0.5957507360607701
0.596954025727171
0.5966243773641288
0.5954825159468697
0.5955203321262061
0.5937872765896022
0.595594693356921
0.5952256212189043
0.591407178804638
0.5909675055353488
0.5895359867351052
0.5846203528028389
0.5841964037378926
0.5821308922325111
0.5817187829046666
0.5820420375581021
0.5810133895004614
0.580816238752567
0.581069654890772
0.5783096724835854
0.5767654459139813
0.5741464859758427
0.5741670455054297
0.573607170810749
0.5737308536181
0.5763947608180752
0.5725106891094096
0.5709369892609815
0.5720004523660333
0.5667783663232118
0.5724830163058701
0.5707055106519702
0.5704993773369398
0.5661130963741705
0.5649273928983697
0.5641928294954232
0.5604620335731603
0.5591272494165318
0.5589994812615535
0.5557663396565296
0.5498600509933521
0.5497780529289464
0.5512442693588405
0.5506156568422338
0.5500834719446586
0.5508103216257546
0.5493575812719063
0.5443168209712588
0.5427151268670566
0.5424992646587954
0.5396053920441375
0.5375301093192244
0.5386025031648807
0.5400289433633852
0.5403989126477832
0.5380444061208353
0.5341090554413208
0.5319848116887738
0.5298389344650203
0.5289325659717936
0.5302047482283853
0.5287860782392939
0.5266424094585346
0.5281394482993782
0.5270059059830702
0.5235868959199296
0.5228938663120248
0.5217036252013219
0.5189230770281466
0.5195017261900257
0.5168208491228451
0.5134792086061717
0.5152151630096244
0.510470014797227
0.5108933296277216
0.5116489348516486
0.5105107983903001
0.5107721564557343
0.5104248989255628
0.508412555649038
0.5076012030326286
0.5035488678430321
0.4990978659497257
0.49655162438484934
0.496812834785361
0.49672470671030106
0.49781069300610925
0.49610760572474344
0.4928004269588321
0.4902770542473457
0.4921452654984937
0.49197723034088564
0.49207370450857624
0.49013999982227696
0.4878062613090786
0.48771976967095637
0.4875331625359064
0.4807647360526738
0.47959391294710746
0.4809295833777803
0.47644783946934127
0.4786628434788004
0.47772590559518235
0.4762645163758073
0.47442942055916654
0.4729604114355058
0.4726023555413258
0.470821545307594
0.4688094864764
0.467526631636781
0.46487072874544194
0.46505405863758426
0.45882497122019583
0.4573300405813974
0.45644566509810786
0.4560501655998663
0.45479551337761775
0.45400977399292436
0.4510283602984308
0.44744268509868973
0.4464203014965332
0.44576966985358846
0.444946620658391
0.44397351633880994
0.44261914899477767
0.44244854169419323
0.4428127357415409
0.4400738662917985
0.437989524650164
0.4340224472456587
0.4329636555799562
0.43228517695531166
0.4312929691324845
0.42997592742221225
0.4293498409440974
0.4261442454179435
0.42392090676530436
0.42317098715069273
0.4223530991012795
0.41999968071479055
0.41889302815744356
0.41871356137594234
0.4186933576292624
0.41734417013402253
0.41734417013402253
0.41657018313841065
0.41623969307721315
0.41342303410300796
0.41231487738509465
0.41085247305792105
0.4101166363455001
0.40625983398079696
0.40273213399522484
0.40272938109522355
0.40272938109522355
0.39926472713961225
0.3985966820090156
0.3978060223161553
0.395552354948382
0.39297753626598214
0.3917230060878708
0.3871941008898242
0.38696792487719966
0.3863808144037921
0.38632767496807185
0.384843463523098
0.38399482055263984
0.3836045462581334
0.3828680460410503
0.38013491483430506
0.3796850787749788
0.3783098870631341
0.37789432538434076
0.37788193728181
0.3752800266828714
0.3721055121331184
0.3715324539701144
0.3698478642245365
0.36954670323942845
0.3686479885493252
0.36808901213262324
0.3670356168607611
0.36569011417951464
0.36498148987303713
0.36421084435337897
0.363224640609596
0.36301732457931324
0.36170103363496403
0.3611591573924344
0.35969596086509376
0.35826598976458934
0.35826598976458934
0.35817135341189277
0.3581141994534679
0.3577177977455669
0.35663037894210203
0.35570506843180744
0.35530446148687955
0.3540919817823321
0.35054363095103624
0.35036313620281356
0.3493670916616039
0.34833746212293837
0.3474014212727402
0.3437750178886632
0.3404060226762501
0.3398422652041234
0.3398422652041234
0.33915360008906387
0.33859582817789924
0.33600131271651434
0.33557441051433756
0.3344162521915611
0.3341527287893109
0.33219887524643527
0.33194061272308384
0.3290790381881093
0.3290790381881093
0.32865655748760714
0.328215683229007
0.3272669731907415
0.32715527794698335
0.32650389119877155
0.3261859699110138
0.32618132474350153
0.3214307913027006
0.32039537298576387
0.32002766242050384
0.3171719926046288
0.31718760203888163
0.3170154043157415
0.3166289414149235
0.30932483713145065
0.3073932383557959
0.3057212665372667
0.3055545933618735
0.3054449131472305
0.3042685730261957
0.30309174818492196
0.3003969845371811
0.29955552591992884
0.2980235408340385
0.2980235408340385
0.2953800604949301
0.29532506924750285
0.29396410703580794
0.29396410703580794
0.29396410703580794
0.2935057316904598
0.2935064826644694
0.2932799431680303
0.2894109248930453
0.28739222246992935
0.28694588397543297
0.2865850794993786
0.28033217383282566
0.28035498051263613
0.27980166949204466
0.279708436242473
0.2767998650057282
0.27666153344649314
0.2727348050901905
0.27224625104862527
0.2707282842278955
0.27044066909743447
0.2692000953824821
0.26763607119261623
0.26609401394737336
0.26587199645765847
0.26562289862533167
0.2656874896936145
0.26563727529082093
