1.448951997864628
1.1639565038479645
1.1531871790692763
1.1324765161289525
1.1254227747843757
1.1263688426070275
1.124102646138913
1.1355283559463047
1.1440311613099883
1.1422364925781419
1.1354239263459853
1.133910328707618
1.1390590757197614
1.1392737692220365
1.1418170695846028
1.1559801134687884
1.1552575721963347
1.1573229738988997
1.1824587800864654
1.1822583583765718
1.1826596501281221
1.194950021219425
1.1936079518789506
1.180839141896361
1.1824105839092058
1.1824200231060658
1.1898618383734823
1.1898303701980857
1.1842759527087605
1.1848106535969039
1.196515558386503
1.1916110764560195
1.1919749364410819
1.169716975494324
1.1728977269783525
1.1886375231444068
1.2011152781306993
1.212221781430229
1.2127545507208144
1.2118926375598158
1.2147757726946702
1.2147449627068723
1.2163649915931725
1.2334561007446896
1.2383010575958733
1.2363057505329942
1.2491304436163098
1.2513916530082096
1.250455410596413
1.2548864697895203
1.2644468928785748
1.2598469434605484
1.262405077382679
1.2708590244959255
1.2704014489903661
1.2802704908846236
1.283133319374645
1.276576514273181
1.2742311431012219
1.274036195740911
1.2770682628824541
1.2814882922838282
1.2864850997796224
1.2829195618958331
1.2708266071076324
1.2694043200048155
1.2744518816007795
1.2720638708219059
1.2850604091986366
1.2871158742447062
1.2973005437857161
1.301269745046555
1.314681696884512
1.286754091451916
1.2813690052926516
1.28370031959815
1.2585980437307567
1.238989490942551
1.2342165065286983
1.2339935580950068
1.235367406575601
1.2356620186979752
1.2236261826562274
1.2113692898313884
1.2173949561744593
1.2206022103386671
1.2050105582140218
1.2133769286912317
1.2159230903122797
1.219655639553386
1.2065847570937853
1.214704119946356
1.2121897456108666
1.1985865769361275
1.1757899389705722
1.1770464293635727
1.1886785290511765
1.1958751929942575
1.199570725875472
1.1827612388049045
1.1966828116119532
1.207789661674064
1.210348071050425
1.2244742880623307
1.2132039728332278
1.2246836225305842
1.2216397815257438
1.2241016525686423
1.2293828107339597
1.2243864721633406
1.2300000701311276
1.2400325458465031
1.2300265384471805
1.239902737710156
1.2334603648760156
1.2402689344207283
1.2399282699699525
1.2548013344622102
1.2480654532059448
1.2595693373671644
1.246710046812558
1.2480972630990517
1.2604222465729225
1.2584857539454422
1.2607436813375819
1.2594114931341236
1.2751652021853572
1.2734832825864542
1.2745520737137945
1.2725048735600786
1.2646304119603244
1.2548175923966929
1.2502966817103234
1.2387582213072525
1.2340082366120293
1.2461667379631187
1.2490107280178815
1.2548451871188315
1.2585375997959836
1.2436794090116026
1.2475454539667403
1.2452276315048008
1.2532136989153557
1.2358931817877776
1.2305577208496272
1.2318921581346183
1.2297995449236663
1.229870466890209
1.2238861251775992
1.2239447531032854
1.2183125683327138
1.2195309789457873
1.223446445422628
1.2355488818725142
1.2156858092562906
1.2036775362218224
1.221326056560894
1.2357762296974544
1.2268725512321823
1.2198058503704823
1.218363902053516
1.2164003114359698
1.2228316314384189
1.2248766910069482
1.2219343813276835
1.2207090055084968
1.2147788544734974
1.2247691899086695
1.2247610432758878
1.2225880944514058
1.2384230967352863
1.2594384528069213
1.2807215876801237
1.274416163058851
1.2851566910737189
1.2692181855465863
1.268045022583117
1.263091574635511
1.2634045561668805
1.2712645329740988
1.2735469612003931
1.272420890702517
1.275311523730593
1.2675928812362711
1.2675924879779967
1.2675581534067886
1.2625522704509258
1.2587465873888706
1.2794457632022769
1.2732708541608717
1.274918543740845
1.2751054440408383
1.2826504458048944
1.2811186467073634
1.283342684217513
1.279731103387026
1.2655077130774923
1.260989198938873
1.2688560421005266
1.27134857144994
1.2623925066997759
1.2660062211916994
1.27108219951504
1.2934784515483335
1.2934784515483335
1.3216325403838212
1.3326710526718926
1.3369640828191756
1.3391302731849755
1.324408923748327
1.3156118729223494
1.3111077893666252
1.3059997419773783
1.3059013021253467
1.3059013021253467
1.307331145716046
1.3083738659787068
1.313106347533962
1.3074904709301496
1.314722888757816
1.314722888757816
1.30787161110018
1.315233241500051
1.304556116025221
1.3049652201068338
1.2915056816808732
1.2906146113318593
1.290044789426803
1.2868002140190424
1.2863293639981206
1.28920434494794
1.2871086883805785
1.2787565690780023
1.2845791280169498
1.2899754168391389
1.2961393216911392
1.2830611251548825
1.2890696107888135
1.2868369124345698
1.284762698523538
1.285616709563505
1.2825042672101694
1.2911521448539836
1.2948393987853823
1.2886103031710852
1.283309004982521
1.296215065724137
1.2898638097888493
1.293513737121307
1.2919552409432387
1.294516087021298
1.2908723268688398
1.2867081491257963
1.289430951496211
1.2894815683595942
1.2846349903866041
1.2846349903866041
1.2617797050316795
1.2561504785159785
1.2398910356344381
1.239910323764548
1.2404794039022713
1.2657233782734287
1.2610210777670554
1.2662062288480478
1.2688098864408772
1.2688843564778625
1.268929466195848
1.268929466195848
1.282452647600142
1.2780531697597026
1.2900135677477662
1.2899926780248905
1.2922422930663255
1.2970429601548914
1.2931480490737257
1.2860597014550248
1.285775481753059
1.2976477258804033
1.2986436833396147
1.298045585165179
1.3131645878364753
1.3154851574826691
1.319931582795231
1.3219603197714425
1.3299513954096114
1.3067954453244612
1.2934446710750895
1.2856590538747916
1.2747435485513277
1.2759646421702846
1.2722266882552422
1.2744591072313591
1.2745272322537198
1.264050277419566
1.267331658801503
1.275138469441419
1.2900754049442498
1.2936620148187414
1.3063855990515467
1.3097394706428052
1.3099920034051096
1.3355433451683054
1.3319055292499526
1.3302333399805273
1.3274810772134065
1.3176473485047255
1.3153823029010225
1.291689180307506
1.2878910332365607
1.2856919863800005
1.2816215981933479
1.27933024253239
1.2776068056941678
1.2852639248527673
1.2775057872911901
1.2865379164870443
1.3055654221752704
1.3109144330824145
1.3029941252092188
1.315890823039208
1.3105718131976702
1.30814505907505
1.30814505907505
1.307362263881332
1.312040489108988
1.3120406159690878
1.3202304730481897
1.3457686887600095
1.3539531599708197
1.3318966594920376
1.339449786623057
1.3375863741066887
1.3259780992752705
1.3392317050031957
1.3396879378837712
1.3313926159010099
1.339303616736199
1.363515433792453
1.3644971481360022
1.3887549556345073
1.3844479839312815
1.38519416490747
1.3880450840931162
1.3864111908616181
1.3778183594378413
1.377611476496839
1.3765687274951708
1.3513613114204177
1.3344851194606044
1.3177832547398123
1.3009430560839916
1.3001691629163383
1.3001644121255973
1.2986910180779374
1.2791950653528128
1.2800955668004317
1.2802197487104
1.2808007676688489
1.302373929646223
1.3011652619323373
1.3051361808682695
1.3041972948745273
1.3082582203866395
1.3036555360838
1.2876067983968382
1.2890803380973337
1.2872712194757383
1.2828550087453698
1.3095466096866568
1.3097345978456971
1.3086344676768524
1.3020749000426153
1.3025809031171698
1.2986547331289138
1.3030875746724342
1.3071032810288894
1.3078265334583905
1.3108669285303833
1.3098390110562563
1.307620429859934
1.306022976654962
1.3107214532604492
1.287324227351823
1.282562190028223
1.2879542301341798
1.288195230602344
1.2876285477004101
1.2968506828526292
1.2922074383928188
1.2947771898686182
1.3018077561152184
1.3007830176135164
1.296908940938647
1.2943230629697104
1.2842666586164522
1.2873065636102492
1.317873814926916
1.2915064208877305
1.2868630600860018
1.287803323649861
1.2833267242926185
1.2894795298735464
1.2886523740339195
1.280609082686898
1.2784723061811432
1.2866469805704566
1.2993201872462188
1.3012832055220869
1.3012832055220869
1.2970472567855853
1.2967909710271899
1.2957990757773854
1.2990870956256602
1.2725488540467462
1.2725488540467462
1.2749729070136477
1.2754271050817354
1.2726005283738
1.2721113672908364
1.265011059441023
1.2380019074776256
1.2464473391621052
1.250537160195399
1.245189210312081
1.2446833562660138
1.238457851494201
1.2490330188797856
1.249091076215528
1.2472858426028757
1.2471322145644508
1.2471322145644508
1.2464349058256108
1.2518052320177353
1.233924839496867
1.2501674108592093
1.2511735419888999
1.254445895876274
1.2441816058002886
1.246790650968654
1.2345509578534684
1.2274308965917753
1.235575090236679
1.2455102625340466
1.24547505802478
1.2503308144509306
1.2479607943498308
1.2446563157070638
1.256449871500059
1.2580843878763615
1.2605770706325836
1.2653460159147847
1.2657664484353648
1.2667023043043542
1.2611295462483365
1.259523584525177
1.2590477041858266
1.2472473152906323
1.2496863422945967
1.2568621362997914
1.2579763457915512
1.2579763457915512
1.2579871325476877
1.2526579128885647
1.2406909793112908
1.2465951931081443
1.2373149787567947
1.2373149787567947
1.2476393762832751
1.247918268871453
1.2483835050996932
1.2501020653661794
1.2501650253080263
1.2418118852794127
1.241045411087224
1.2427280338235809
1.2427280338235809
1.2565875669121789
1.2532031963250945
1.2532031963250945
1.2480005894853081
1.2491863646048975
1.2524555489699354
1.2578268812937141
1.2650799744363226
1.2650799744363226
1.2657557932470471
1.2659606214230064
1.26446922445546
1.2622663041109268
1.2666652920118169
1.2678884763571416
1.26762558169521
1.2751886204802256
1.2743976009439204
1.2668292877484553
1.2658045537079619
1.2798869081483033
1.2932046012305054
1.2948131486736845
1.2943092250657875
1.3101732862431332
1.3101732862431332
1.3048003375767991
1.320303958742242
1.3186218604685445
1.324392726492645
1.3400786448463877
1.3306942798253596
1.3175044001441816
1.3179370910830392
1.3113686842816892
1.3042552873660664
1.3042738797446416
1.2951581930466458
1.2837941526986654
1.2798069288480158
1.2792051425353166
1.2786250682779938
1.271696231001118
1.2718819812848194
1.2732416760359468
1.275824414120998
1.2663936039611927
1.2670138034505525
1.2643281561695041
1.2531815717872372
1.255497056275205
1.2580570870597259
1.2580570870597259
1.2558726398825522
1.2573376936690261
1.2575176370830738
1.2384352085954289
1.2220969395799794
1.2246886102170087
1.213783981135449
1.2197996704646732
1.2203402628956326
1.2258653514133775
1.2303334357709965
1.256939318600843
1.2551820274258507
1.2565056627700657
1.2629971887160103
1.2615336100842538
1.265422305533737
1.2402150824014149
1.2531049387265538
1.257510749176802
1.2632200578403041
1.2573254710543849
1.2602743141379202
1.2478761174661221
1.2481804479406844
1.2129605952658515
1.2036130946540302
1.19677892817054
1.1953049160986886
1.1663391235831218
1.1673621031635282
1.1595404026917429
1.151216003234463
1.1273228901436252
1.1465570775045475
1.1558077083891007
1.1558077083891007
1.1538286305983638
1.1465337013251091
1.1445781244712048
1.143881708093925
1.1301409597621854
1.130201357895825
1.12955814675933
1.1263425185100946
1.1232408922769865
1.1341714529344165
1.1386223040289014
1.1375090040268911
1.1370721234871972
1.1473680434825415
1.14730136897581
1.1502927177175355
1.1514909267977036
1.1429986862623365
1.139088852698191
1.1437113013326294
1.1460408877668216
1.1456999421573097
1.144735410212873
1.1451706914937119
1.1393190252073082
1.1393190252073082
1.1329232399687608
1.1330110794261832
1.1358565721981453
1.1394919125188678
1.1558841655013292
1.1531857244021908
1.1537095793805394
1.1515007193956341
1.1515007193956341
1.1524431568909421
1.1524431568909421
1.1515867262972697
1.1513563122770953
1.1737163876941807
1.164636387672196
1.1593741305318253
1.177711780761723
1.1702894318228216
1.1785572127077932
1.1748573371606599
1.1748573371606599
1.1643057426645842
1.1831781689262695
1.1848444035547423
1.1857789814332407
1.1938309011120507
1.1675259803988816
1.1541923378145003
1.1541923378145003
1.1539138122039363
1.1539138122039363
1.1442525726822983
1.143864495021977
1.1452606329614239
1.1460275569141698
1.1391153207854094
1.1391153207854094
1.1507753626703077
1.1531592280628917
1.1558977253105476
1.1573923810456166
1.1751163306192058
1.1740854707165223
1.1872238512349274
1.1723551347820322
1.1698923650064819
1.16749637288236
1.1682901749431773
1.1685013389031662
1.1656486056281155
1.1663316820685383
1.1680837831110447
1.1678416719320188
1.1504430123358749
1.1510733292221538
1.1511966884142346
1.143440607553783
1.157807935465244
1.1631148658422574
1.1843057445868719
1.1907834894715352
1.1810100478155987
1.1851432467805898
1.1848643938697356
1.1848643938697356
1.1859489420653484
1.1853206066006408
1.1865750752842565
1.1955308389824717
1.192635666667025
1.1911437129191997
1.199745070000244
1.184256537285962
1.205679038592785
1.212590247623392
1.2124735075468522
1.1960939346933754
1.197844585827292
1.1945085269107611
1.1945085269107611
1.213540108119196
1.2128663690155719
1.2128663690155719
1.2129719114402233
1.2124427665466424
1.2144044527615203
1.2137808204222738
1.2352509699205123
1.235236323439632
1.229464056790802
1.2197846284811396
1.2225435904314266
1.2243935233693806
1.2253630609376367
1.2107921626965095
1.2118705556622782
1.225775333318853
1.2242287005056889
1.2237281508910014
1.2242094484756858
1.2479673715461572
1.2295536835710756
1.2290775594229213
1.2319890879427131
1.231662719642364
1.231662719642364
1.2314665501915891
1.2120023085562432
1.2188082968570573
1.2188082968570573
1.2024583426449147
1.2026648596058593
1.2030735166488293
1.2022593462522115
1.208865221856443
1.1942221914114082
1.1964449011727447
1.1964294899727783
1.1893704932274438
1.1916895593496126
1.1952853677831357
1.1952853677831357
1.1948369604829943
1.1945798101436402
1.1657630758106967
1.16788896953009
1.157962059712986
1.1528535174325663
1.1521522434007379
1.1523213916480632
1.144122723639688
1.147256001862243
1.1139104803400148
1.1139104803400148
1.115510012615763
1.1127726462017185
1.1127726462017185
1.1118912124707612
1.109682075705217
1.1087413030870523
1.1060202226923679
1.1107283636490486
1.101971917008634
1.093043400154382
1.0955494452448862
1.0960565178391966
1.088164176621118
1.060706571587527
1.060314279714375
1.0640260933398822
1.0670648824144058
1.0645133559370514
1.0775256428323534
1.0810330172936695
1.076875665043587
1.087374706182476
1.08463060659175
1.0876884693534332
1.097262826332503
1.0928053079203561
1.0988324322774914
1.1059351829113566
1.0918011195336814
1.0915095347501662
1.093888365856043
1.1040130339578906
1.1251656207998342
1.125421970831895
1.12823494360661
1.1106000249711865
1.1035843767846998
1.0796786914921326
1.0785957982029413
1.0747001872653823
1.0600738199839583
1.0511305991031794
1.0526554334244655
1.0500579532989938
1.041144472372157
1.0391044686874849
1.0398497478647943
1.0415201104856662
1.03745667524258
1.0615766295742832
1.0766215299751414
1.0711695208689989
1.074155595455065
1.074155595455065
1.0793852290212438
1.0793852290212438
1.0807126640020974
1.0807126640020974
1.0799407443853968
1.08904786040967
1.1073729035279896
1.1055866277868607
1.1066586336603077
1.1071671960021643
1.1080173259852586
1.115056654556686
1.115056654556686
1.1189534001568413
1.1186350029748757
1.1112030900429357
1.132807059803595
1.1369931693768351
1.1347618661343502
1.1205338676709942
1.1192108244787355
1.1188827221973439
1.117380794163506
1.1173553270466545
1.1153456528923875
1.1140695822689022
1.1340053737996905
1.1309010920417761
1.1256336075533075
1.1265728131629953
1.1015378434610092
1.0949449610153967
1.108325509804289
1.0992918397704063
1.1018020558623822
1.099599877096885
1.1053365567495899
1.1052828104282857
1.1186330382728429
1.1196677293983721
1.1174431840537717
1.107417921440714
1.128160589021449
1.1150899028237835
1.1007577303370704
1.0821870095235124
1.06447353967241
1.06447353967241
1.06447353967241
1.0621494693754017
1.0595992757753094
1.0452806744622063
1.0423037232843182
1.0423037232843182
1.042028417830921
1.0474197625306145
1.0491593718496708
1.050620299775707
1.0566801986804222
1.0596774812459935
1.0589695725304253
1.0576905261848448
1.0586506576949575
1.0586506576949575
1.062401574883935
1.06406913967736
1.068393962383452
1.068393962383452
1.0665278710600454
1.0729745466152816
1.0616411564177484
1.057706081056588
1.0772472546054093
1.0730734323249034
1.0609843758894208
1.0609843758894208
1.0607673459898481
1.048803025010363
1.0491370348617202
1.0450361271802995
1.0395233821826741
1.0395233821826741
1.0395233821826741
1.0395860029733026
1.0409173622424173
1.0478266853282776
1.0500189103785127
1.0483507924007227
1.049393118533616
1.061505487651569
1.070527281441962
1.0639285063067334
1.063929289238404
1.0659855066837411
1.0659855066837411
1.0659855066837411
1.0657293784078865
1.0664918927596079
1.0665962959658177
1.067950870964099
1.0669524339947116
1.0615564982782433
1.049349170281317
1.0450106946874833
1.0461302456357304
1.0487724109966887
1.0487724109966887
1.050955562989146
1.0644518147675006
1.0677123011295928
1.050920657900014
1.0543852130515443
1.0496452132880534
1.0494877085625585
1.0474950765966335
1.0440687943663602
1.0468067894083337
1.0510712660380337
1.0506377594187972
1.0575980446321054
1.0575980446321054
1.0575980446321054
1.0575980446321054
1.0549780227010164
1.0459243976768444
1.0481613649691217
1.054270404204714
1.053268165574261
1.0647776091014653
1.0590169961286167
1.0656211009484533
1.0569246869670523
1.05692586398009
1.0574957355647743
1.058265683071137
1.058265683071137
1.062189761486175
1.0611314952347985
1.061160164337777
1.074809821739263
1.0627091684170773
1.059586834569139
1.0455849874831744
1.0455849874831744
1.0523550195094011
1.0523550195094011
1.0461441828870837
1.0427398732897473
1.0350630269953247
1.0409557879165225
1.0586494837803497
1.034862077851575
1.0239588495255967
1.0239588495255967
1.0219013341089962
1.0317436635546042
1.034268968531075
1.0190794264136482
1.01670432546733
1.0262709841115725
1.01747439731738
1.01747439731738
1.0178593679166252
1.0253080832323975
1.0237838649095297
1.0292408756592963
1.027804773950275
1.0276378743529104
1.0276378743529104
1.0266695503077055
1.0267650057581343
1.0395541709856015
1.0395541709856015
1.0363462104293888
1.0414653367068243
1.0416181875338677
1.0416181875338677
1.0404182115531644
1.0407266764687098
1.0436106097692492
1.044922173243151
1.0461110043260053
1.0434413669451708
1.0390066691764557
1.0321733599122207
1.0265102460221136
1.020035581233382
1.01066738664874
1.0116471424435278
1.0116471424435278
1.012382653396976
1.016245418551747
1.016245418551747
1.014855281165106
1.0177899684186351
1.013342843332865
1.02159832684156
1.017571031041329
1.0143548760933376
1.0143548760933376
1.0223774064982305
1.0230956207011994
1.0248355552170223
1.0333039717105512
1.0333039717105512
1.0301588374235267
1.0241857643265355
1.0210365099975436
1.0253042095109302
1.0260802990497224
1.0272379550288582
1.0304228587335351
1.0262019651107863
1.0339746614043934
1.019253349890552
1.0214834479338384
1.0214834479338384
1.0164050448282071
1.0066143010426654
0.9941398545590118
0.9936917648036965
0.9932429555311875
0.9959176842635764
1.00122956184252
0.9988850462581782
0.9912803665733322
0.9877169881222863
0.9646197980584089
0.9662903769030645
0.9662903769030645
0.9634366202021478
0.96394828839225
0.9564614389930821
0.9542241737816367
0.9542241737816367
0.95085597183016
0.9504202277569561
0.9513506410286102
0.9487172322371253
0.9487172322371253
0.9505718487123936
0.9505718487123936
0.9505718487123936
0.9387078781164784
0.9387078781164784
0.9384737261086751
0.9388013847871729
0.9370834791798244
0.9407639784054925
0.9378271498463963
0.9337420999674284
0.9337420999674284
0.9327241799689765
0.9574905844598384
0.9574905844598384
0.9579091128023282
0.9579091128023282
0.9456611120400826
0.9456611120400826
0.9456611120400826
0.951843036951766
0.9468079756979181
0.9468079756979181
0.9475575929163057
0.9467045877790816
0.9461676543003237
0.9447890315847531
0.9427345390202782
0.9427345390202782
0.9415448147142007
0.9415594287783964
0.9382793591852594
0.9382605720247432
0.9371577232925421
0.9388528495561692
0.9218803758622924
0.9214987273411913
0.9217011301608893
0.9273485753110393
0.9273485753110393
0.9273552347783743
0.932124162429376
0.9334113721319243
0.9334113721319243
0.9250412837537543
0.923685374715698
0.923685374715698
0.9222986897836288
0.9231893006903398
0.9270288532122882
0.9270288532122882
0.9275463656503089
0.9275463656503089
0.9157862845101141
0.9169082820285908
0.9169082820285908
0.9197552300218664
0.9225196027786694
0.9228247782791489
0.9199303561789195
0.9138847998459538
0.915968464096886
0.9167318778310344
0.9157380025313839
0.9157380025313839
0.9157380025313839
0.9097718690501749
0.9105393233674012
0.91123394310113
0.9100920549939656
0.9100920549939656
0.9101490707048407
0.9095133764420853
0.899103386411324
0.8976632457826769
0.9010351407420214
0.9010351407420214
0.9010351407420214
0.8875028732470841
0.8784298497634827
0.8760257496191016
0.8784336445098555
0.8790720793577056
0.8713977357594996
0.8702826235190241
0.8744498210307381
0.8679966206889319
0.8677395440983948
0.8670632980509108
0.8739754168310122
0.8740172276861328
0.8835262104975663
0.8746397880417462
0.874006693477231
0.8665108161378714
0.8658681362571387
0.8733268018705324
0.8500743449995111
0.8500743449995111
0.8479667786728917
0.8475648481043029
0.8475648481043029
0.8455564833237426
0.8455564833237426
0.845507198009541
0.8456329645748735
0.8466071411904343
0.8466071411904343
0.8432838167625961
0.8432838167625961
0.8441734905266154
0.8439657728350625
0.8088428370202857
0.8088428370202857
0.809555970732775
0.8118128493995724
0.8200837798662179
0.8119168549035413
0.810340148655987
0.8086268450774851
0.8091083141185755
0.8140559199227267
0.8140559199227267
0.8140559199227267
0.8078365078669508
0.8112515034911992
0.8112515034911992
0.8112515034911992
0.8088392939207206
0.8155292350385057
0.8146495121600278
0.8140916521279173
0.8167331638570647
0.8156418583066358
0.8157825755202305
0.8162865557981516
0.8159557856311178
0.8163577920810384
0.8320579982642928
0.8325353603391538
0.8400337965048635
0.8350213293264765
0.8345775309716981
0.8355942805693206
0.8353147014210338
0.8353147014210338
0.8351890569686703
0.8351890569686703
0.8253671618729198
0.8253671618729198
0.8253671618729198
0.8034657956388744
0.7861366593191307
0.7861366593191307
0.7865569447691321
0.7854197471756847
0.7791724917791824
0.7791724917791824
0.7777162195444224
0.7789387950360522
0.7958422429603568
0.7963336248037477
0.7963336248037477
0.795270344553391
0.8004650153653711
0.8066640402911566
0.8066640402911566
0.8060037521208203
0.8060037521208203
0.806003412168775
0.8073043230048327
0.8073043230048327
0.8029755330304771
0.8022400485809527
0.8022400485809527
0.7842830016119056
0.7842830016119056
0.7870574387595619
0.7874509127400954
0.7874509127400954
0.7841176924989376
0.7706263995300175
0.7774206704123945
0.7813440625440751
0.7760453492321737
0.7754968329028737
0.7773257319822318
0.7717121435419234
0.7688943410834574
0.7700689941901966
0.7629173774923348
0.7629173774923348
0.751045537655885
0.7512402027284978
0.7512402027284978
0.7475363672998544
0.7475363672998544
0.7477240397335536
0.7441426249271466
0.7459895648783725
0.7515046821611766
0.7515046821611766
0.7515046821611766
0.7502531694023745
0.7558372179043917
0.7574371720679929
0.7574371720679929
0.7558109155095991
0.7433581593935233
0.7377117728464659
0.7362203248090298
0.7362203248090298
0.7296030659443751
0.7229254052137407
0.720155996353247
0.7164482220173937
0.715830611863374
0.7097124170599767
0.7097124170599767
0.7097124170599767
0.7097124170599767
0.7160632088703409
0.7111359536623965
0.71502428717997
0.7120424060574881
0.7135816559879196
0.7135816559879196
0.7135816559879196
0.7138745739110434
0.7123973194837706
0.71149603431935
0.7101803627511695
0.705057766652401
0.7040031249908087
0.7043661226670663
0.7036468770484281
0.6985301370266539
0.6967076590425821
0.6967076590425821
0.6971059031734588
0.701656576431047
0.7037324929424483
0.7037324929424483
0.7013099559381257
0.7018462397523393
0.7025201780792716
0.7025201780792716
0.7025201780792716
0.7052426406354547
0.7072083794166548
0.7072083794166548
0.7106090647690985
0.7106090647690985
0.7106090647690985
0.7106090647690985
0.7126628596111816
0.7122097622573775
0.7122097622573775
0.7139187891702145
0.7139187891702145
0.71381234455538
0.71381234455538
0.71381234455538
0.6964839279058145
0.7005945739576023
0.7036400160219756
0.7044094427329269
0.7042353435224418
0.7042353435224418
0.6936767515731429
0.6936767515731429
0.6944241411724011
0.6837933384679479
0.6851588948954618
0.6851588948954618
0.6786248651312159
0.6701743855552696
0.6701743855552696
0.6701743855552696
0.6716185007998031
0.6760246231358805
0.676601361307798
0.676601361307798
0.676601361307798
0.676601361307798
0.6746146082099083
0.6677112005162414
0.6637158964051628
0.6637158964051628
0.6627926278626189
0.6560385376379001
0.6560385376379001
0.6537221513569302
0.6537221513569302
0.6537221513569302
0.6543801187422552
0.6597980971658114
0.6609886892585892
0.6676946722590281
0.666492840799852
0.6641254835444942
0.6641254835444942
0.6716511839513319
0.6716511839513319
0.6717485406060469
0.682015292374575
0.6827403229402582
0.682242617561384
0.6966223800628908
0.6964840011615848
0.6964840011615848
0.6974383686183531
0.6922571321376445
0.6922571321376445
0.6922571321376445
0.6922571321376445
0.6842745367261048
0.6871627486628723
0.6871627486628723
0.6871627486628723
0.6871627486628723
0.6871627486628723
0.6871627486628723
0.6950079209620283
0.6948626780123949
0.6942708988479074
0.6942708988479074
0.690548269428764
0.6779817684052883
0.6790437453914938
0.6760752274014906
0.672789636417942
0.6694015580236199
0.6369702404043073
0.6366492628886721
0.6388756024003328
0.5992170336490779
0.5992170336490779
0.59663189170722
0.5978156063435865
0.5802259469959276
0.5768425804188544
0.600582934893526
0.5887364954606069
0.5845227337607587
0.5846140294586482
0.5874505449897173
0.5604585269507587
0.5604585269507587
0.5684767161488732
0.5684767161488732
0.5684767161488732
0.5684767161488732
0.562210284701886
0.5607441546356009
0.5518830267388951
0.5565426550826315
0.5565426550826315
0.5566091491292215
0.5566091491292215
0.5548080176872812
0.555396748342298
0.554044801241087
0.5543581527994502
0.5447905529798565
0.5370487109150032
0.5321561650352749
0.5321561650352749
0.519760524510571
0.519760524510571
0.5242983459035513
0.5182327356846873
0.5182585337720854
0.5087132835137425
0.5134565512834268
0.5139140185048509
0.5139140185048509
0.48890162206031745
0.4703954423748185
0.4703954423748185
0.4696286102789237
0.4789327919456236
0.47468332742454816
0.47070560651169674
0.4683197811881095
0.4714844648593469
0.47434142521097
0.4753799401545191
0.4753799401545191
0.46347070021012904
0.4718708801087283
0.4718708801087283
0.4718708801087283
0.4718708801087283
0.4659455138816897
0.4566551462926437
0.4566551462926437
0.45081436020969706
0.45081436020969706
0.45081436020969706
0.44716940138973865
0.44716940138973865
0.44716940138973865
0.44605437371913026
0.44605437371913026
0.44302167713940244
0.44302167713940244
0.4433471556397539
0.47598105795681805
0.47553473567751636
0.47365308267003936
0.47324861271536334
0.47324861271536334
0.47324861271536334
0.47324861271536334
0.47324861271536334
0.47324861271536334
0.4624323940317634
0.4614922431951436
0.44302167713940244
0.4362835563586822
0.4312521454705776
0.4311644894701102
0.42264973668641137
0.421915537745741
0.421915537745741
0.421915537745741
0.421915537745741
0.4211138857629788
0.4211138857629788
0.4192260951452717
0.4180502026558848
0.41634412965004086
0.41634412965004086
0.41634412965004086
0.4043756521968684
0.4043756521968684
0.4043756521968684
0.4043756521968684
0.4043756521968684
0.40401580467300746
0.40401580467300746
0.39811088642242526
0.39811088642242526
0.39811088642242526
0.39811088642242526
0.39811088642242526
0.39811088642242526
0.39811088642242526
0.39811088642242526
0.39811088642242526
0.39811088642242526
0.39811088642242526
0.39811088642242526
0.3980061295541826
0.3980061295541826
0.385629558750582
0.37928375034954526
0.37928375034954526
0.37928375034954526
0.37928375034954526
0.37928375034954526
0.37928375034954526
0.37928375034954526
0.3734667784244059
0.3734667784244059
0.37267476879774203
0.36448549777665973
0.36448549777665973
0.36448549777665973
0.3590814771885604
0.3590814771885604
0.3590814771885604
0.3590814771885604
0.3590814771885604
0.3590814771885604
0.35818687253395143
0.35818687253395143
0.35818687253395143
0.35818687253395143
0.35818687253395143
0.3444264645877723
0.3444264645877723
0.343011865567564
0.3388009258886386
0.3388009258886386
0.3400546688338644
0.34014774136835896
0.3391209729577756
0.3391209729577756
0.33911209204330306
0.33911209204330306
0.33911209204330306
0.3402622804436141
0.3402622804436141
0.33822631566057465
0.33822631566057465
0.33820970243538173
0.33820970243538173
0.33820970243538173
0.33820970243538173
0.3383866322936978
0.32903334226870395
0.32903334226870395
0.32903334226870395
0.32903334226870395
0.3028610487804913
0.3028610487804913
0.2993183013636962
0.2993183013636962
0.2993183013636962
0.2993183013636962
0.2863678070186389
0.2863678070186389
0.2863678070186389
0.2850104810499387
0.283424984576699
0.283424984576699
0.283424984576699
0.283424984576699
0.283424984576699
0.283424984576699
0.2830736493443019
0.2830736493443019
0.2830736493443019
0.282497780799779
0.282497780799779
0.282497780799779
0.282497780799779
0.282497780799779
0.2825190034619183
0.2825190034619183
0.2825190034619183
0.28131384365244194
0.28131384365244194
0.2620241537519625
0.2620241537519625
0.2620241537519625
0.2582195556491176
0.2582195556491176
0.2394824522092417
0.2394824522092417
0.2394824522092417
0.23857020328920986
0.23857020328920986
0.23857020328920986
0.22066489436645623
0.22066489436645623
0.22066489436645623
0.22066489436645623
0.2155404367142869
0.2155404367142869
0.2134384071412871
0.2134384071412871
0.2134384071412871
0.2134384071412871
0.2134384071412871
0.2134384071412871
0.2134384071412871
0.2134384071412871
0.20897502219632336
0.20897502219632336
0.20897502219632336
0.2092030889944284
0.2092030889944284
0.2092030889944284
0.2092030889944284
0.2092030889944284
0.2092030889944284
0.2092030889944284
0.20607367332315002
0.20607367332315002
0.20333518170743622
0.1911722567229754
0.1911722567229754
0.1911722567229754
0.1911722567229754
0.1911722567229754
0.1911722567229754
