0.0466667 0.038102396332838184
-0.0866667 -0.05732411565033302
-0.3733333 -0.40238153275011723
-0.1533333 -0.13747494121740822
0.0366667 0.031253292049892634
0.0066667 0.0208795350267314
0.7633334 0.7166155486370536
0.61 0.590040442330954
0.3833334 0.4092700147701679
-0.28 -0.17929985269553017
0.56 0.5330453530647713
0.1633333 0.13198783429466404
0.1266667 0.16244231010165766
-0.71 -0.7521868291952543
0.9666667 0.9532509095682812
-0.86 -0.8934862385659804
-0.59 -0.5856204041485294
-0.2366667 -0.25905787786084594
-0.4033333 -0.43123149934863425
-0.7566667 -0.7387323127379696
0.7133334 0.6881004356912994
0.4233333 0.4590432480183584
-0.2933334 -0.21839312431958918
0.72 0.7261590123912354
-0.9666667 -0.930109114201526
-0.9966667 -0.9622900765413466
0.9833333 0.9857342118322431
-0.6666667 -0.6208427240963035
-0.17 -0.2085127415161085
0.9 0.8575907317061824
0.03 0.029912680186039597
0.27 0.2572632167266449
