1.6901084354423739
1.5689774618117591
1.5687916929877928
1.5695747129596973
1.57042450533707
1.5704096509161325
1.5551653842717
1.5543209269182678
1.5352434716059946
1.5346424014364315
1.5362824259743066
1.536173423748614
1.5318644906950567
1.533213523542371
1.5332068482950463
1.5293909423519458
1.5253202870870708
1.5381340827462477
1.5242519022068342
1.5186026435473992
1.5190586065962561
1.5190586065962561
1.5027955539376323
1.5042873904017504
1.505514849236622
1.5147013966582623
1.5190467174779385
1.5197875203323754
1.5203705633515443
1.519717423532093
1.4936553109590671
1.4999592410431988
1.5020080236951012
1.486821228498741
1.4660738973227407
1.4659328018679578
1.4664331713514394
1.4687873862356262
1.467792580002786
1.4677391451461241
1.4698188893579858
1.4679768278459508
1.4706382858207854
1.497105226938791
1.4953681642043213
1.4985735266164293
1.4998156922535504
1.516158997567907
1.5089284089138735
1.517557589907166
1.5046321844335662
1.505911157435788
1.516346226630514
1.5165042562859197
1.5174683109903468
1.5100360473889927
1.49815479514241
1.5019159285348456
1.5004111586159672
1.497970882516905
1.4814883004516595
1.4666723672998985
1.471119140256042
1.4701809014219005
1.4805368109993127
1.4761403216392006
1.4738363285863694
1.4651756496341821
1.452973570324827
1.4534804499992604
1.4495249398140428
1.4506626965726883
1.469117300371526
1.463443494884339
1.4573335907635705
1.4477548854938167
1.4408803950636757
1.4422166085593957
1.4434322131166237
1.4302872265309843
1.426190785033115
1.4306849414401475
1.4321420185246563
1.417403160153781
1.4234659462361106
1.4325086187315834
1.4421833623849278
1.4394284014035088
1.440590276643001
1.4408453579390743
1.4519328730048926
1.4530846017984695
1.4683059166638996
1.4618674568142405
1.476137657199446
1.4779747807513273
1.4774106299762513
1.4775304344205753
1.4760900646705812
1.4872345058405896
1.4931068014549442
1.515883639947211
1.5163952126017235
1.4961221071779693
1.5018837097071298
1.496836004617521
1.4993957996960028
1.502005456990525
1.5066816879257652
1.5085145069267936
1.5109056391336881
1.5040444970434848
1.510305997562658
1.5092256492952654
1.5102745351255873
1.5146222247556511
1.5216049403290473
1.5273766363147503
1.515056557883196
1.5182965012235778
1.514129279753141
1.5141444416897762
1.5142365656968741
1.515482560776905
1.534820600014806
1.5246700969796678
1.52107267055309
1.5033713749770492
1.4957643855573877
1.5005080886946538
1.5005869842954638
1.5056091381913141
1.5042300887801658
1.5058331974841273
1.493588129025812
1.4801084904649235
1.4805041785822297
1.4804151645544492
1.4818067230376524
1.4832234670834905
1.4886424833927392
1.4894304936353502
1.4640899946553636
1.4583391493461353
1.4583561893094217
1.4517294439759068
1.4525865057778524
1.4524234607686517
1.4412764173174815
1.434103285612876
1.4322952637205875
1.438337971166661
1.4434239763375574
1.443162396079165
1.4298838588890799
1.4189144025496794
1.4202634382877115
1.4255731457858618
1.4190203292890917
1.4146500115171339
1.4115617999266252
1.4247529515647321
1.4274897477976143
1.4263000030482478
1.4338395836737747
1.4333438296403427
1.4342819015286892
1.4256716906300335
1.4323366692427346
1.4337997776036622
1.4486556090780074
1.4545473202729466
1.452049220017227
1.4520863886980975
1.4615531394307593
1.462014857560267
1.458627179638956
1.4566146971619585
1.4534059327149693
1.4417677159780145
1.4268554511081137
1.4460937347330052
1.4460937347330052
1.4391788707122888
1.4379563325695133
1.4361065658942263
1.4372195823205625
1.4491837299742292
1.4494580848999636
1.4526566215709287
1.4515729112053517
1.4601895837452519
1.4697692445077084
1.4887608224206121
1.4919421724056532
1.4883394992001597
1.4868387251775308
1.4890015191033021
1.4976421945163358
1.4960058421315972
1.4955493230726744
1.480547317200781
1.4770949679718546
1.4714074544789741
1.4625043268207427
1.460592768444884
1.45997509355822
1.45536824917491
1.4507836497161555
1.4566305276121547
1.4606747934496678
1.4678397847369458
1.4643885173516353
1.4656008590108751
1.4828950182021576
1.4815643597766621
1.4573329150653371
1.4594100671459644
1.4594100671459644
1.4429766276385092
1.4442458570002028
1.4487790716141273
1.4482073093360384
1.4503313116298553
1.4563466517485477
1.465848350496141
1.4733331189657217
1.4629952899846883
1.4608837303189368
1.4533675177966383
1.4479777770623938
1.4408360957786037
1.4380169275841264
1.4341910879716444
1.4116018541886413
1.4128365176722082
1.400786914182698
1.3965104190673876
1.3961232635834167
1.3964017664415738
1.3883278697213337
1.3703317432292377
1.3804942277886258
1.385990753400099
1.3954707996660989
1.379424890028042
1.3806655398597538
1.3806679854348558
1.3841674919023934
1.386664544233421
1.360944207795862
1.3585131171656817
1.3572058302562418
1.3548932828265234
1.357901234340158
1.3560654991236738
1.358431058858187
1.3502411886890373
1.355675019807047
1.3609962567694265
1.3575501303148976
1.3508126552226594
1.353525013204552
1.3555929676015581
1.3568576448458611
1.380538434711946
1.380538434711946
1.37071271814582
1.377619573978443
1.3707799860191647
1.3911749191644522
1.398651002060832
1.3884175497794913
1.3824527714629458
1.3760261763411474
1.3531970714673336
1.3572345290727361
1.3575238532947498
1.3515397270930831
1.3506185464407972
1.3534281096516774
1.3550464214087972
1.3617031607564236
1.3559385733308653
1.3588866566719047
1.3581294094144785
1.3523241137881654
1.3358438165667643
1.3566710763031993
1.358172974790361
1.3518726360811777
1.3473160183724964
1.3437748542534051
1.34438375060034
1.3330446099969766
1.3441077192871471
1.3440291189398297
1.3455185680230415
1.3375027979051273
1.339241956960474
1.3426212651217526
1.3439094154655828
1.3475924510820814
1.3462218078266615
1.3443846485232238
1.3467815938595729
1.3455680536999257
1.3563059650319391
1.3587066881684395
1.350389716307108
1.3541052780216738
1.3451582970797173
1.3423734934038687
1.33437116641139
1.327092219852115
1.3132985117465217
1.3097758817642242
1.3036108882605975
1.308396265333855
1.3111655680303083
1.3126627994736348
1.3093574550942317
1.3193553713424324
1.3196371605696473
1.327625238382732
1.3307723467467087
1.3295471004682013
1.326880556584063
1.3286036395025427
1.3328554466875904
1.3345810979755428
1.342977638461225
1.33680957563205
1.3368004456345797
1.3377402911332537
1.351614062164783
1.3495314889539516
1.3499853838792821
1.3451704838065663
1.3459397156213706
1.3720099610860619
1.3757888842554293
1.3555927424031244
1.3534744247531525
1.340051386038688
1.3370947810413512
1.3565467386904795
1.3511966060379261
1.3585937381626574
1.3702910115064315
1.3712156684795773
1.3726685244650598
1.36956863562443
1.382906465392834
1.3716529136085904
1.383394972478567
1.3761102489477288
1.3766334895119734
1.378610518992735
1.3751348120936024
1.3700275537423237
1.3456394236453897
1.3443927577372834
1.3587763143543121
1.369595903739886
1.3589543251776397
1.3695261273524693
1.3789001016308051
1.3852201542782794
1.368085109418762
1.3785373364209073
1.38352040851992
1.3691850209793
1.3704814307547852
1.3749211174656113
1.3902600697608543
1.3667702865091373
1.363924999253723
1.3570119605683597
1.3557387769101878
1.3666063947609361
1.3808028388923923
1.3843710462224426
1.401208917846087
1.401208917846087
1.4126273961089306
1.4130583751040595
1.4269135302649962
1.425868191837863
1.4260865259189084
1.4152322986821582
1.416460086432101
1.4262535060657533
1.4426710645247884
1.4341895710760082
1.4386545203396055
1.4388243803885423
1.4404006308786501
1.4415344348411228
1.4406264838633653
1.4375563701704994
1.4306231071824989
1.4313776040698114
1.410272526837645
1.409496838639395
1.4169317919945552
1.4146991479719844
1.4197829344900335
1.412481695694307
1.401782275742897
1.385899004646017
1.3839982567550955
1.383708321525815
1.3836869838697672
1.3836869838697672
1.3791951870942738
1.3946465672726502
1.3910594251531858
1.3907661410118692
1.3882843659964808
1.3746390680451155
1.3718123936630244
1.3541080826412668
1.3566204050778488
1.372684412830332
1.3673084585790818
1.3629165921375417
1.3505411532534237
1.330341078271022
1.3160343230621556
1.2999355211811385
1.2955398237077422
1.292303672849158
1.3117018482436051
1.3265934128011816
1.3355581256776825
1.3356897146802593
1.3254052037446025
1.3128687807592734
1.3136344800162325
1.3214534680069663
1.322076784254914
1.320147985247141
1.3318960868849616
1.325847956698277
1.3238491038588889
1.3177736500626556
1.3059362427419035
1.3059362427419035
1.3111446707436363
1.311755627216381
1.2971833385940625
1.2994318324878196
1.2833346925428901
1.289966185482308
1.3025280267241481
1.2967947363374932
1.2987121243046076
1.3184057058797534
1.3152865544637395
1.3219699244737795
1.3220841160501309
1.331105861911169
1.3289796751220295
1.3268795835466969
1.3272363768844817
1.317991395381674
1.3148604431245619
1.3151680601819644
1.3142536948962884
1.3136123122339427
1.3095755696443678
1.3151160895460203
1.3062513611728117
1.298371712886938
1.2984083655406276
1.2804004552310313
1.264474868680939
1.2635363634444987
1.2635363634444987
1.2762692128264215
1.2663194525604071
1.2647748057699988
1.2635687520097403
1.2639136167190745
1.2643116140782893
1.2636041087829326
1.2546321491101236
1.2547741513646622
1.2770781113240195
1.2798387842460783
1.2679858715871832
1.258420693095571
1.2514476936561867
1.258251228625498
1.2648260412834387
1.2497713418622076
1.245045517246607
1.2380679268239319
1.2433772044098008
1.247107535124355
1.2532374445088819
1.2431732563394133
1.2428099334013443
1.2290804284248051
1.202130682731589
1.206515619224519
1.2053282234946379
1.2053282234946379
1.2091357758378443
1.201588919474117
1.1820870248189077
1.1822637818641089
1.187607919641237
1.1867194518635953
1.185222190706995
1.1826568545106575
1.182335881240665
1.1777312539012073
1.1769015008543868
1.175225685592637
1.175225685592637
1.176108561832389
1.1759689157208408
1.1658187377088538
1.1684111488314237
1.1495058356463899
1.1533568715801708
1.1639091862828463
1.1619291785112076
1.164978383152552
1.166917153632661
1.1673391598272906
1.1673391598272906
1.1623620957811922
1.1496412439640982
1.1478703938205153
1.1403722249304356
1.1391693827910003
1.1367912335769168
1.1377021514212107
1.1369595522760025
1.1339587398252977
1.1339785101432551
1.1331275915803425
1.1296591198166521
1.1231355915681236
1.125528558905775
1.1317550581032274
1.1338729899989421
1.1331987078128705
1.1404425891873256
1.1432681200469856
1.1433536287589976
1.134710121104404
1.134710121104404
1.1336249700550445
1.1065045566407588
1.1196217333992495
1.1214460240854116
1.1213680316166212
1.108954109219123
1.100299140913563
1.1027951918287355
1.107104648409225
1.107352323273862
1.106414992454853
1.1107820959850891
1.0975514153515475
1.1015621825368105
1.099150334789217
1.096308564470381
1.098886502375147
1.0964564385259585
1.0917938821012014
1.0964067420385033
1.0966284458472557
1.1004590921545374
1.089586031640648
1.0685652643030052
1.0681673008603798
1.063776013980575
1.056415823672153
1.0543677156383264
1.049592430099317
1.0527937375197476
1.0467759457476284
1.018055405570478
1.0227949768565416
1.0163917738779888
1.0140032550108071
1.0284309086023298
1.0298813431712213
1.0298813431712213
1.029549303843011
1.0080210156516676
1.0036172960156806
1.0036172960156806
1.0046293702809854
1.0048782890992947
1.001046230309889
0.9969704534351025
0.9973225532069185
0.9973225532069185
0.9941966855578697
0.9998394320179524
1.0048889893512778
1.0048889893512778
1.0266014086424664
1.0298233024051346
1.030783674375239
1.0281611142656846
1.0320312662510571
1.041164784081721
1.0447303863135566
1.0341441878480406
1.0336928878434226
1.030837166827572
1.030837166827572
1.0257927939494458
1.0266492074539275
1.0336840598379116
1.0504823273950206
1.0565029331850802
1.055401129808036
1.0589885048572523
1.050256854392632
1.0496026457603544
1.0472706736775184
1.0534880467275236
1.0639684299861225
1.0623536561068267
1.0623536561068267
1.0623536561068267
1.0576896962518159
1.0460878428650442
1.0458764694266725
1.0457870185805653
1.0457870185805653
1.0430247751897044
1.0376403386559427
1.0386199469657902
1.0468473944824792
1.0353274384457485
1.028280457996991
1.0109665005871018
1.0066089058807979
1.0060709830488945
1.017537920970517
1.026119416187646
1.026119416187646
1.024652022939717
1.0209783841609346
1.0252135115289038
1.0149606024907365
1.014382814151805
1.0145209954932979
1.0243255883716358
1.028172425405149
1.028172425405149
1.028172425405149
1.0371973448531357
1.0316414610155205
1.032897359241448
1.0340860273863903
1.0131460342566598
0.9921055356046448
1.005375870873809
1.0035905980518025
1.0035905980518025
1.0006539256884996
0.9996449866300932
0.9988397913659063
0.9949611851644664
0.9949611851644664
1.0040600334780976
1.00619167103092
1.0040025232734566
1.008492604135423
1.008492604135423
1.0151766466683358
1.0106468481320277
1.0309618851455207
1.0413135110300085
1.0413135110300085
1.035456987302956
1.0344818892299426
1.034618233801652
1.0342599067722664
1.0516111051995718
1.0512339110268958
1.046354100317852
1.0513842580320196
1.048025163520916
1.04863517234548
1.043115210699185
1.0294603554363468
1.0328971449004394
1.0404763526783214
1.0394507002429834
1.024600704228322
1.0235174905623337
1.0247311367436123
1.0144683403271066
1.0144683403271066
1.0324412170606276
1.0180322686903114
1.0181862613625388
1.0274472156643455
1.0274472156643455
1.022567089133833
1.0223255396215822
1.0232230006294585
1.022930506780565
1.0226931794890977
1.0151208966075587
1.0123033868646467
1.0183964393972758
1.0186101756698307
1.0133178443253166
0.9973406948388773
0.9974378997706035
0.9931483995571906
0.9897264650144275
0.987598686198045
0.9870983959264186
0.9885238826073941
0.9878701152969029
0.9879484668393991
0.9879484668393991
0.9855215126123651
0.9876882763155064
1.0079359678378064
1.0060683581638257
1.0060683581638257
1.0090607564631238
1.0103389790873272
1.0101497501308256
1.0097712933082055
1.0099458268301342
1.0081546348585262
1.0031230725642215
1.004013321196014
1.0073228181260672
1.017043536524999
1.006457815876891
1.0156335156243912
1.0156335156243912
1.0229715104578274
1.0227622947617334
1.0261376389008252
1.0329459303468091
1.0257223922715268
1.0209730783936302
1.0145313030861047
1.0145313030861047
1.025888513216275
1.0135986528054202
1.0137523033640952
1.001049335996711
1.0010238339861632
1.0010238339861632
0.9969604002490075
0.9953831591203904
1.0008718188332453
0.9919232288302741
0.9918951605584456
0.9912248840010018
0.9876733494483537
0.9922650092136931
0.9924586376267285
0.9914974660947588
0.9998398103265064
1.0022218491688586
1.0006455377992773
0.9966323523660066
0.9969311409819624
0.9915827072971003
0.9914295150646386
0.9911631884093156
1.0155405403928754
1.0125605997782912
1.0210716037099687
1.0178368541862453
1.0215531516169405
1.0207584905012392
1.029986690979046
1.0322230478251408
1.0234464206156626
1.0240893089203176
1.0180510502234859
1.0214263467068796
1.0201744207472716
1.0116825593819556
0.9954535181501585
0.9990642265855011
0.9892336398786185
0.9925337619453451
0.9813432495832937
0.9803597683251817
0.9784707817679418
0.9778150280362987
0.9753551144929788
0.9706158011125371
0.9707866129604948
0.9724095324788578
0.9760638105806083
0.9876091318313699
0.9876869056627757
1.010294146748232
1.010734707036037
1.0131851032979995
1.0131851032979995
1.0128709413907948
1.0116828066545682
0.9942298692634818
0.9942298692634818
0.9957579876997145
0.9890394119358472
0.9968260179704487
0.9872594814533344
0.9872594814533344
0.9856838995014502
0.9832686356397402
0.9776014083430711
0.9963334299133305
0.9987495960516684
1.0149890035644333
1.0285014766546048
1.0298068185155633
1.0226897474094252
1.0246856579024481
1.0129801290999547
1.0172664262413074
1.0291513260505054
1.0290528085318615
1.0290528085318615
1.0292443946772112
1.0240703598584768
1.0240703598584768
1.0263498750796154
1.0244591498020672
1.0121322872684828
1.0089962668017096
0.9939983236689821
0.9910557681244304
0.9921705581207922
0.9930451448654473
0.9991522855786779
0.9991522855786779
0.9958766466678352
0.9991594091394295
1.0019008616267375
1.0001476381037138
1.002656024377965
1.0032203276990677
1.0021642606503345
1.005290335672523
0.9975313030772355
1.0391750729700282
1.0239017044831926
1.0203922535735872
1.0164673087479406
1.0158300009340135
1.0267938092391045
1.015399338752108
1.0142428401771266
1.0140914390816387
1.0143499325458791
1.0177161583677128
0.9879154916413365
0.9576085327794033
0.9603795351342397
0.968313547612256
0.9752826941241917
0.969612891732707
0.9742069731755919
0.9726762759611552
0.9726762759611552
0.9742422444836012
0.9705871450075512
0.966484059365149
0.9540807934435668
0.9538822529398936
0.9533065630565244
0.9580105211313318
0.9581066367496641
0.9616375042945353
0.9647873794171418
0.9716300444239242
0.9640930965236272
0.9561555001130189
0.9569768886052038
0.9657100507505313
0.9657100507505313
0.966802415428874
0.981326656838465
0.9849531427226571
0.9793624815515842
0.9861579203644698
0.9837512699638711
0.9837531446957107
0.9832311542227703
0.9832311542227703
0.9811791901783927
0.9811963791555595
0.9675921156805785
0.9683638497606216
0.9683546621346129
0.9719972894093475
0.9671658683715645
0.9647379807377697
0.9606317262288485
0.9610382476400454
0.9775510172864947
0.9613523485373434
0.9457647797801971
0.9458712121079915
0.9467806956390862
0.9459302723753982
0.946909240313853
0.9492602404503221
0.9260058872202984
0.9228439048339583
0.9216216538886676
0.9247699709150469
0.9259666033469344
0.8950421879099568
0.8950421879099568
0.8931313907348748
0.8885511115898612
0.8885511115898612
0.8826268901975818
0.8798708862002347
0.8768018465883985
0.8693297144794216
0.871266271335882
0.8737749297692542
0.8755700952417383
0.879668953374964
0.8831599501335501
0.8781599859994935
0.8749472976684481
0.8733062109384833
0.8627802391067256
0.8616746900132014
0.8588366435567323
0.8664231256757774
0.8664231256757774
0.8684924854583022
0.8693845750408784
0.8614417324455924
0.8602738899021872
0.8602738899021872
0.8602738899021872
0.8609890039124557
0.8613771007712495
0.869945914181747
0.8634508538724992
0.8634542204233918
0.8634542204233918
0.8698613942053794
0.8698613942053794
0.8788490514397781
0.8885091722297922
0.8885091722297922
0.8836261737536734
0.8890045265379739
0.8981138076293657
0.891265000439604
0.8947554543809055
0.8947554543809055
0.8917056126690397
0.8910049592704856
0.8817237451884118
0.8817237451884118
0.8817237451884118
0.8756761932503264
0.8756761932503264
0.8756761932503264
0.8818144527355827
0.8860263491189292
0.883995086342068
0.883995086342068
0.883995086342068
0.8850441581294974
0.8795688049493514
0.8795688049493514
0.8727720552852914
0.8741323293294059
0.9015339069725623
0.9119991236036767
0.9165330489597168
0.9165330489597168
0.9143747488070486
0.9116977479464473
0.9150489924363198
0.9150489924363198
0.9141584465047581
0.9088730634733502
0.9067159232855236
0.9068490257911208
0.9068490257911208
0.9161498011503195
0.9161498011503195
0.9188215704990436
0.9236861540583088
0.9046729149098571
0.9091678166155652
0.9148631054920306
0.9008986146790422
0.9008869660813589
0.9010391587004475
0.8985185507707005
0.9104943799699946
0.9104943799699946
0.8920661029880124
0.8924369678228937
0.8955204997062428
0.8902078478677833
0.903039164508444
0.9063714099372884
0.8967611213359851
0.897865960993718
0.897865960993718
0.901454247386137
0.9050177584716639
0.8964158803501262
0.8907721230354413
0.8620332963034972
0.8566175801671049
0.8536846777224087
0.8618027221331593
0.858969240820631
0.8564904708431238
0.8566639574718915
0.8566639574718915
0.8544163363744763
0.8529929678836271
0.833253556280388
0.8317668485595157
0.8317668485595157
0.839772679476092
0.8348164953364534
0.8352656751001215
0.8415382775676751
0.8454695315872469
0.845425861257206
0.8427501729514698
0.8349335062317439
0.8332912850425861
0.8317409063526183
0.8316644988623418
0.8360863862288813
0.8263760269766367
0.8178067618946355
0.8181628265030108
0.8183422251648435
0.8184783321875306
0.8184783321875306
0.819398232599354
0.8253969797654025
0.8284445424407466
0.8284951655425713
0.8284951655425713
0.8225252215296112
0.8233280622516299
0.8233280622516299
0.8202172744030252
0.8202172744030252
0.8202172744030252
0.8153936715805058
0.8189886607498474
0.8133458898232893
0.8198305263864747
0.8167491623630664
0.8175442233170496
0.7849159651202298
0.7849429544508121
0.7953555284664623
0.7953555284664623
0.7958606688505362
0.7958606688505362
0.7958606688505362
0.7852281554731043
0.7884593264123807
0.786686378345591
0.7837214786012408
0.7845708631024275
0.787110713230985
0.7737531357019066
0.7705651559315059
0.7532581301815504
0.7542917561192586
0.7550451139577145
0.7551247903067525
0.7547865809047726
0.7544040642654452
0.750967677914856
0.750967677914856
0.750967677914856
0.7624441583810266
0.7595011569798349
0.7595011569798349
0.7510206342923642
0.7430559136524336
0.7410539499676023
0.738772467067839
0.738772467067839
0.7395120575287691
0.7408447944515091
0.7399161777292099
0.7399161777292099
0.7400153235134709
0.7440905677328442
0.7440905677328442
0.7427721520802235
0.734297904665236
0.734297904665236
0.7336349382609202
0.7357709151079419
0.7355914040739516
0.7314770619153217
0.737865783863386
0.737865783863386
0.7380252479750096
0.736018502511319
0.736018502511319
0.7247979623150503
0.7213039902478988
0.6941652845619265
0.6910157123823156
0.6917400226819096
0.6892517335993155
0.6892517335993155
0.6975094419142831
0.6906494771696425
0.6906494771696425
0.6889349771487273
0.6889349771487273
0.6921018483647818
0.689864317280996
0.6926352000868161
0.6926352000868161
0.6925375468085606
0.6925375468085606
0.6906049391837131
0.6930104596313317
0.6930104596313317
0.6883692623654888
0.6931762955807268
0.6980491411969647
0.6950622395326437
0.6955050867640721
0.6802006425803282
0.6798025867118251
0.6855041283086598
0.6897859550031269
0.6897859550031269
0.6974130817439573
0.6926415357894544
0.6982326907711164
0.7014619081938362
0.6990094913388908
0.6977191369590621
0.7039771187915616
0.7039771187915616
0.7067317771816614
0.7055269767948518
0.7207708460843844
0.7241936523149629
0.7184267259033863
0.7206843822427299
0.7171440978016695
0.7158519154777763
0.7190613541076525
0.7089625463841202
0.7199981600484133
0.7106985472366718
0.714811504463783
0.7155659690027689
0.7155659690027689
0.7155659690027689
0.7167402757997696
0.7140316616040099
0.7112408587050743
0.7045049548950921
0.7054918487508897
0.69697702576794
0.6973549004623671
0.696734917280076
0.6994037191114584
0.6979043153367019
0.6979043153367019
0.6938874256318913
0.6938874256318913
0.697852498175093
0.697852498175093
0.697852498175093
0.689561787533518
0.6890656038100695
0.6894389954531961
0.6894389954531961
0.6839157661954364
0.6839157661954364
0.6797553008834749
0.678183151592699
0.678183151592699
0.678183151592699
0.678183151592699
0.6748365189390744
0.6695264765880328
0.669211313500239
0.6634172267671944
0.6710224699570322
0.6696033055186817
0.6709778330412653
0.6656694689841729
0.6798146943570159
0.6798146943570159
0.6839995666654899
0.6840019034974081
0.6840019034974081
0.6904294675283301
0.6870098300210713
0.6679231656671001
0.6679231656671001
0.6336816173679843
0.6321141481292618
0.6334355565364747
0.63355286377108
0.639670370642685
0.639670370642685
0.639670370642685
0.639670370642685
0.6396189653578709
0.6396189653578709
0.6396189653578709
0.6367780726122988
0.6325166112821218
0.6174889885370529
0.61223048773296
0.6115623043967842
0.6112837820724988
0.6112837820724988
0.6112837820724988
0.5783969204931806
0.6023215597528552
0.5953821460835478
0.5953821460835478
0.5953821460835478
0.594427024814453
0.5952871665348016
0.5952871665348016
0.6005956760699868
0.6005956760699868
0.6005956760699868
0.6007477312455813
0.6084874563384842
0.6101000744922176
0.6035671844405006
0.6053456956919467
0.6053456956919467
0.6053456956919467
0.6293427836070186
0.6293427836070186
0.6293427836070186
0.6329109913918982
0.6273213005501629
0.6524951085627623
0.6471922744481616
0.6336688015360199
0.6336688015360199
0.6336688015360199
0.6359121101577151
0.6388284268257518
0.6423632125135678
0.6432644457603122
0.6477739769804497
0.6487641091462605
0.6497197897966914
0.6497197897966914
0.6557384492272327
0.6557384492272327
0.6557384492272327
0.6557384492272327
0.6569018009645078
0.655144087214471
0.655144087214471
0.6555708928660909
0.6704713314805946
0.6703510552071668
0.6673505979895348
0.66484178742301
0.66484178742301
0.6656516255765014
0.6656516255765014
0.6656516255765014
0.6656516255765014
0.664534132881403
0.6581801089876892
0.6879327599826176
0.6866714513529517
0.6821318010482104
0.6821318010482104
0.6815389523774728
0.6802703628891471
0.6788101067314122
0.6824774055085516
0.6824774055085516
0.6824774055085516
0.6878683085031806
0.6764676949677764
0.6749771727735672
0.6743694233697956
0.6743694233697956
0.6743694233697956
0.6743694233697956
0.6743694233697956
0.6743694233697956
0.6726752164581832
0.6789036590613584
0.6853060348546174
0.6835553470923653
0.6834156412827332
0.6834156412827332
0.6834156412827332
0.6664456763633962
0.6806224977402663
0.6805459004153656
0.6723792282611218
0.6670491370503663
0.6670491370503663
0.6670491370503663
0.6639958288152638
0.6708189568832287
0.6663448711548408
0.6572546429003442
0.6591734676076754
0.6270540447675114
0.6234226887522976
0.6165118571446639
0.6165118571446639
0.6145095657139913
0.6145095657139913
0.6208858456382104
0.6208858456382104
0.6151515117394427
0.6151515117394427
0.6108686101483093
0.6118914115405666
0.6118914115405666
0.6118914115405666
0.6102820334840364
0.6093554227610382
0.6098619775351933
0.6117520877074847
0.6111211937785184
0.6264930273909687
0.6096982813836197
0.6096982813836197
0.6096982813836197
0.6096982813836197
0.6096982813836197
0.6096982813836197
0.609249383209245
0.6085269237900041
0.6080293762139528
0.6080260460644437
0.6069028776887981
0.6066757582121147
0.6066757582121147
0.6068860471505092
0.6091340512803933
0.6037217023460405
0.6037223042815995
0.6041533322348396
0.6003936075418925
0.6003936075418925
0.6056959636350893
0.6056959636350893
0.6052321431579799
0.6052321431579799
0.6023318029129388
0.6027651702225783
0.6027651702225783
0.5955017776424044
0.594232454470096
0.594232454470096
0.5951200249069155
0.5938454137458817
0.6085893169229825
0.6073783350942938
0.6073783350942938
0.6073783350942938
0.6037365826304553
0.6035491248209336
0.6045714357060302
0.6045714357060302
0.6025617316469744
0.6013698632479846
0.5785267539669949
0.5785267539669949
0.5818663380525818
0.5818663380525818
0.5814648380168085
0.5814648380168085
0.5666781014778998
0.5678944660355543
0.5678944660355543
0.5678944660355543
0.5528590339269435
0.552840986688328
0.552840986688328
0.5524725169247517
0.5524725169247517
0.552138862145331
0.5542056076605539
0.5552132618003888
0.549196272046966
0.549196272046966
0.549196272046966
0.549196272046966
0.5478840228140578
0.5462419311087342
0.5462419311087342
0.5462419311087342
0.5470365236291823
0.5470365236291823
0.5470365236291823
0.5486744063789915
0.5476859464320852
0.5417527983836157
0.5417527983836157
0.5346161648300239
0.5346161648300239
0.524911703888847
0.5210651697322395
0.5225649223988091
0.5250642017731421
0.5210651697322395
0.5158061448799285
0.5158061448799285
0.5128351176456233
0.5128351176456233
0.5128351176456233
0.5056810157721515
0.505232076896677
0.5038916632012165
0.5038916632012165
0.5038916632012165
0.5038916632012165
0.5038916632012165
0.5038916632012165
0.5057836922211149
0.5057836922211149
0.5057836922211149
0.502978554421944
0.502978554421944
0.502978554421944
0.502978554421944
0.5013650106035071
0.5013650106035071
0.4941437068199146
0.4941437068199146
0.49388366293354913
0.49388366293354913
0.49388366293354913
0.48388698279844095
0.48388698279844095
0.48388698279844095
0.48388698279844095
0.48388698279844095
0.48388698279844095
0.4825902934232973
0.4825902934232973
0.48268392270681715
0.48268392270681715
0.482485518607216
0.4798552438594385
0.4798552438594385
0.4798552438594385
0.4798552438594385
0.4798552438594385
0.4798552438594385
0.4797211756000656
0.4797211756000656
0.4768415195499551
0.4770431294037236
0.4770431294037236
0.4770431294037236
0.4770431294037236
0.4765117350465205
0.4765117350465205
0.4765117350465205
0.4765117350465205
0.4765117350465205
0.4765117350465205
0.4765117350465205
0.4765117350465205
0.4765117350465205
0.4765117350465205
0.4765117350465205
0.4509911558932729
0.4509911558932729
0.4509911558932729
0.4509911558932729
0.4509911558932729
0.4509911558932729
0.4509911558932729
0.4509911558932729
0.4509911558932729
0.4509911558932729
0.4509911558932729
0.4509670875307814
0.4509670875307814
0.4509670875307814
0.44489673963081106
0.44489673963081106
0.44489673963081106
0.44489673963081106
0.44487065242227225
0.44487065242227225
0.44487065242227225
0.44487065242227225
0.4446800275638856
0.4446800275638856
0.4446800275638856
0.4446800275638856
0.4446800275638856
0.4446800275638856
0.43669478931421657
0.43669478931421657
0.43669478931421657
0.43669478931421657
0.43669478931421657
0.43116546413232115
0.43116546413232115
0.42947574541183714
0.42947574541183714
0.42947574541183714
0.4276187200368775
0.4092752397938869
0.4092752397938869
0.3836375181940421
0.3836375181940421
0.3829522826691759
0.382058591583364
0.382058591583364
0.382058591583364
0.382058591583364
0.382058591583364
0.3822215209291153
0.3822215209291153
0.3822215209291153
0.3822215209291153
0.3822215209291153
0.3822209233060663
0.3822209233060663
0.3822209233060663
0.3822209233060663
0.3817740387337621
0.3817740387337621
0.3817740387337621
0.3817740387337621
0.3817740387337621
0.37191273908672595
0.37148487305685784
0.37148487305685784
0.37148487305685784
0.37148487305685784
0.37148487305685784
0.37148487305685784
0.37148487305685784
0.37148487305685784
0.37148487305685784
0.37148487305685784
0.37148487305685784
0.37148487305685784
0.34070918179261633
0.34070918179261633
0.34070918179261633
0.34070918179261633
0.34070918179261633
0.34070918179261633
0.34070918179261633
0.34070918179261633
0.3120105093580845
0.31062719376573406
0.31062719376573406
0.3102272573208161
0.3102272573208161
0.3091188233550835
0.3091188233550835
0.3091188233550835
0.3091188233550835
0.3091188233550835
0.3091188233550835
0.3091188233550835
0.3091188233550835
