0.10156386660869693
0.09181446855943001
0.09118699564870979
0.0903250222906383
0.09078567912180614
0.08822742023452132
0.08811021469128844
0.08576969688431095
0.08421553447722233
0.07772075310119822
0.07368249848385368
0.07352119362369765
0.0720692664463123
0.07396489174975406
0.07377842447295543
0.07916760556469123
0.07718740233219235
0.07755211731774177
0.0761807994092764
0.07601771008994919
0.07724591295915986
0.07923043941118155
0.07586269317225297
0.07387238535466345
0.07295779539303776
0.07825351261011072
0.07992667090901145
0.0805716996450355
0.08152966478206998
0.07892880633772567
0.07981811423725099
0.08391553125155224
0.08396074287303743
0.08343530891309682
0.08297988116506126
0.07894027860239368
0.07777576237537259
0.0782797645651761
0.08364689491434207
0.08394138156351175
0.08820826094276113
0.08784651988224018
0.08837940635326284
0.08667758298018016
0.08680154328545514
0.08548829408041296
0.08810111223575146
0.08814703574299403
0.08786687470999294
0.08562733188199552
0.08492511143283056
0.08477956456987812
0.08824810030044206
0.08893248847784915
0.09018056984660962
0.08940179099203908
0.089876033179983
0.08702527997241945
0.08521732888365412
0.08916356775579963
0.09000584217621155
0.09336887414353219
0.09272216324891094
0.08894132315576851
0.09233142800137888
0.09082567686196819
0.09055310471649863
0.09120893018635186
0.093120070358565
0.09878339092345144
0.09948873970850422
0.09845627183154275
0.1005357070274563
0.10499716148908612
0.10891799558065304
0.10998984353055156
0.10987497134190707
0.10907799190938426
0.1114988721404023
0.11482035650601785
0.11463226079038265
0.11578637449478325
0.11416169524591507
0.1106786540721623
0.11306782254297239
0.10935009660507265
0.10907280298536716
0.11152250776539074
0.11194124898183543
0.11253603826283907
0.1163466934130499
0.11595293829350618
0.11375140142487618
0.11584543670112528
0.11414630947141158
0.11600045276413576
0.11575526432927696
0.11904741896662749
0.11404836669041477
0.11247598791993539
0.11513504405283673
0.11305672362908367
0.11580706982584806
0.11541579725258264
0.10956520669175109
0.10724294021599917
0.10488338885276109
0.10496916106358142
0.10458297296620833
0.10851584896013208
0.10354645896768293
0.10289011582651882
0.09801929790415263
0.09372300838268316
0.09073723145060587
0.0872042608337882
0.08390269462920251
0.0816923438777708
0.08082351669771318
0.08028667474038713
0.07509370364374127
0.07632331046861565
0.07453164110940208
0.0732225235313478
0.07185034901989057
0.0744954506512756
0.0757918970477125
0.07133722479287534
0.07175776357389604
0.07559293143954526
0.0730448849308401
0.0701284593277727
0.06717663384723693
0.069143806387094
0.06767948285967337
0.0724377116141661
0.07283741825982068
0.0650671493504936
0.06926056981476421
0.07080429136658177
0.07592154773120467
0.077434780416897
0.07819788247616298
0.07458884910587325
0.07143131059753957
0.07143621648189115
0.07365026655608478
0.07215027231327298
0.07560457166635068
0.0748643917540786
0.06906595746454719
0.0682963893049772
0.06776562378536582
0.06789276147613217
0.07161979794862669
0.07041027973535761
0.06918608545563625
0.07216370340278977
0.0709454209363062
0.076174721159225
0.07476688906578975
0.07146689514053808
0.07564521787735903
0.07395984391117512
0.06846955582445116
0.0732412586539752
0.07667449005770052
0.07856924169012765
0.07502857798219514
0.07710519273871622
0.07224044272592264
0.08122557797369846
0.07957188071763419
0.07527048059870332
0.07449157659474828
0.07042387498836869
0.06865762499076035
0.0685275748118875
0.07218794351733036
0.07003133729250484
0.06795389317075885
0.0671933335147365
0.06939411174304772
0.07203648747780532
0.07452661328183213
0.07890434702067832
0.08177780571823269
0.07642014313097772
0.073365777006736
0.07687714144647434
0.08034961000116674
0.08099209374533625
0.08068900305483045
0.08097042590162787
0.08237954348275323
0.08650993298078866
0.08851058038287607
0.09145627347533788
0.08876119157152583
0.08896128069838738
0.09079902402021456
0.09182469116659227
0.08989338510370105
0.08907079516402641
0.08841154945150297
0.08631930265539994
0.08589026010245003
0.0864844244344334
0.07994243823037325
0.07642459552817224
0.07599130363720036
0.07734697358496695
0.07533747642728236
0.07501489172209824
0.07661203715818424
0.07186925107641083
0.07243697669294154
0.06433363925741961
0.06442735271927684
0.07032413588027375
0.0732805835375395
0.07372892384262562
0.07802860991268658
0.07564224754594732
0.07667428587630369
0.07482074671346194
0.0727071744030086
0.07107283447357052
0.06893080673499587
0.06767321842332161
0.06950309212767919
0.07090875025557171
0.07055328366290664
0.07201194644613067
0.07038730423843104
0.07350330850077308
0.07529050229352043
0.07387441761235268
0.0778737346980853
0.07594638543548439
0.08394267832008559
0.08446842999527192
0.08364984937116392
0.08286109310779123
0.08518079470199465
0.08080364700393201
0.07414931005141001
0.07634105038465222
0.07901418167056018
0.0806257264218547
0.0805950320211378
0.08055590969477902
0.08052426677939827
0.08118456250543767
0.08122287956369252
0.07948090561795924
0.0760493500442308
0.0794570725931771
0.08171129481751588
0.07681151929642314
0.0770480117026393
0.07727530788152115
0.0785531069505546
0.07054693531313781
0.07370495981315582
0.07593444101312097
0.0771791940611439
0.08106659697594062
0.08357162495934825
0.08272105086516819
0.08661145423074365
0.08925547382028898
0.08632642149560175
0.08804121231778449
0.09270689729400121
0.09880861243860353
0.09759895036426675
0.09635497871821345
0.0954159856198207
0.09701902511420127
0.09125015617418332
0.09173406989529179
0.09144869164820246
0.08905507064911432
0.08969182123783637
0.09259336396425194
0.09486257866971835
0.0957735534912663
0.09737772752125734
0.09621456513995325
0.09695810882100686
0.09541052263007706
0.09800726790496753
0.09775616178358965
0.09790240764785511
0.09922674965804966
0.09419572224841886
0.09189951389770971
0.09245927004988636
0.09250589908446007
0.09817799731070417
0.09787354808357583
0.09493315214808609
0.09388540648834683
0.09683669091918232
0.0959389485594075
0.10101072016639631
0.1032719946462482
0.09875176934844963
0.10354660352229703
0.1060092097293612
0.10151004460207268
0.1028827468947457
0.10270486836612973
0.10594888820690995
0.10940632558235729
0.11216049538703833
0.11740416588086276
0.12116323195091694
0.12026813738010665
0.11898434234057582
0.1207356379181416
0.11996113128616041
0.12133839900116623
0.1260738794214026
0.13241971972394165
0.1314839381032908
0.13100804669165156
0.12128932161871135
0.12228628489285089
0.1208405803960714
0.11703310478591605
0.11780020763405473
0.11997566422122814
0.11864969883829189
0.12018428825146243
0.12107890649074006
0.11808278506453546
0.11514894188024022
0.11660997919663488
0.11652543581985307
0.11612944019036293
0.1173886485435916
0.12052016861778403
0.11835930835382931
0.12103443610950862
0.12099957172255585
0.12099589305569003
0.12257394497314852
0.12030968876039719
0.1183194771524125
0.11577128129680625
0.11968561135155222
0.11778616527986117
0.11825902763138137
0.11570045175151629
0.117998229504044
0.11776506237424628
0.11669567332494496
0.11872715878254268
0.11915787010535746
0.12167951643006465
0.12012100872161184
0.11511164668572724
0.11646839065100845
0.11995354069869799
0.11993668855759501
0.11719805555897862
0.11292226820000698
0.11163661891104698
0.11174235650371694
0.11160636631668758
0.11057197433624714
0.11434418473387294
0.11544726053421597
0.11092344177989315
0.11185254102975802
0.10917459157434554
0.10483251439404039
0.1056903738695258
0.10810529530501681
0.11166967983670549
0.10975034122802431
0.11069591062607406
0.11464658496208968
0.11208467993397138
0.1046678198418244
0.10903150951806705
0.1107938544980215
0.1077371602047451
0.11014323949249795
0.11381564222944746
0.11287857498020804
0.10950254416390703
0.1106719185286385
0.10695101372274844
0.10280579711486099
0.10186068814832064
0.10055991786249951
0.09931302760135793
0.09606186637714653
0.0953756109435663
0.09533696748500053
0.09683963801270105
0.10217983896503101
0.10203883399138546
0.09917005418545893
0.10004952233619216
0.1061300588509838
0.10307829212260086
0.0999119245027841
0.10150254291493158
0.09620933982831566
0.09635186532296022
0.09920776620445118
0.09968245178362721
0.096130643853869
0.0942034937647809
0.09855086782743593
0.09966645352574506
0.09755969378188446
0.09766169156395943
0.0987617769331229
0.09654033563595905
0.09508854536274156
0.10163102018128316
0.10137226987691114
0.10438453336792351
0.10663971930232434
0.10699046235946046
0.1041780614921068
0.10480965687398393
0.1012185105076899
0.10108747652206453
0.09978299646491187
0.10059070925854491
0.10298552054724726
0.1065289247917691
0.11114200013711671
0.11036877552539484
0.11603719117025624
0.11624927033266018
0.11630000747864967
0.11573527852888173
0.11400737673818738
0.11150013476182034
0.10817635112544842
0.11020851706405536
0.11257022452098253
0.10844889423042244
0.10439486023820843
0.10635732852252944
0.09758735173286827
0.09491258988249568
0.09790645724170802
0.1016117495518193
0.10034984703048677
0.09979053838896332
0.1019158289700707
0.10253426003159104
0.09907762251018466
0.09936350761013328
0.0973210780995361
0.0905746329349368
0.08925961339795466
0.08496413488717042
0.08634750370571213
0.08471589515439361
0.08966994304222875
0.0818997181672597
0.08224719112922378
0.08104029529583427
0.07909679469263
0.07595191268938549
0.0725008608521245
0.07076612491077523
0.0684853707905951
0.06775723742873095
0.07297922702547666
0.07109760904062963
0.07175263513624305
0.0709518248473441
0.07121121905767269
0.06970978176125255
0.07441040424737595
0.07442521409262343
0.07398857466216567
0.0731913127366162
0.07220415738843948
0.07047262010447071
0.06698027204624454
0.06990285486684612
0.07058040503349554
0.07083015223719671
0.0685996560627433
0.07128465888620807
0.07465255582030582
0.07281212998854326
0.06842395856099501
0.06676923752220403
0.06811854439189484
0.07001197304648174
0.0696588515739641
0.07114676251184089
0.06980917098849924
0.06970782310018565
0.07185647715309623
0.07249718235975564
0.06925439656010143
0.07030618982955072
0.0694550821867412
0.07375230640788152
0.07317890124375276
0.07548352888916801
0.07288874085154252
0.07276271278897
0.0694147493481651
0.06958362004716354
0.07114869011972386
0.06852922190244225
0.06857630754161538
0.06877048608632391
0.06941148326982402
0.06973559760672814
0.06907738870915091
0.06873851187933747
0.06951075363127392
0.0695363518433009
0.07299115824693819
0.07478843684294927
0.07674991938578778
0.0744281596297823
0.0757634216403482
0.07679830911657212
0.07827415610016408
0.0759263474230636
0.08159049412176604
0.07824293714055822
0.07862052098217556
0.0778039635073084
0.07609362339242172
0.07471446297596913
0.07247730707062487
0.06787385230732937
0.06964665819573417
0.0726410927507838
0.0628695860288579
0.05327468827616161
0.06028085742436475
0.06024022446646117
0.06531276555696097
0.0666376151886565
0.06380624418749317
0.06185982302461145
0.0629551668054714
0.06390395480342811
0.06754733631889963
0.06876562331133293
0.06791532150615275
0.07163605382057107
0.07036079158687851
0.06669221699775064
0.06404284494318487
0.06261624950053334
0.059505028218932304
0.057475201786606395
0.05719157654220254
0.05820084841744838
0.0607523358091294
0.058658259269695874
0.06804361058662593
0.07519038754893315
0.07477668777878206
0.07426094340721799
0.07331910958218892
0.07479344591689942
0.07550312907897955
0.07571606850169783
0.07423214126223181
0.07496215548230972
0.07041095234616794
0.07326632389795115
0.07965039804520081
0.08497734858662652
0.08912744633926156
0.08707459298347535
0.08327032386595354
0.08672955873179232
0.08529668656444814
0.07710224520913786
0.07399819852728463
0.07492602533063361
0.0775773372888653
0.07965549235567126
0.08182073602344299
0.08629420642963738
0.08596244295932855
0.09379425221773084
0.09487163127978877
0.08835451188068376
0.09624123348705992
0.09510772970424024
0.0942023748299902
0.0936801292628585
0.0952784985632655
0.09808474288359378
0.09832536877006531
0.09591237716804735
0.09596776168391753
0.09565115410325647
0.09572114142909978
0.100366612195378
0.09834713438858826
0.09959748835621433
0.10218215088103813
0.10073036881811384
0.09868678979872923
0.10258040275592464
0.10456276769313357
0.10217823334101216
0.10391760278944986
0.10626364662335336
0.10294911320679206
0.10513540656859566
0.104858065445378
0.10540846814772006
0.10345811876703848
0.10296564195905587
0.10735981232268724
0.10815673371989856
0.1082657423397674
0.10569232194904173
0.10900392289275908
0.10935131857315927
0.10902946867049162
0.10826526847815145
0.10918939820376365
0.11049746320909604
0.11104258679053054
0.10782293708536848
0.10944228518445807
0.1091498520893565
0.10887021883085783
0.10900253361928815
0.10867268524718342
0.10742130632960797
0.10530201158032859
0.10535113098141853
0.10720227791446423
0.10712925696427525
0.10534950974726452
0.10343330924785517
0.1074040467965093
0.10472130750128562
0.10517815188415894
0.1047361135266019
0.10203197601779643
0.09836779626727749
0.10060980083421868
0.10018910503714093
0.0974381882444673
0.09764771910807803
0.0933220563423963
0.09011914490272871
0.08973322990020667
0.0917029326604995
0.09086691562573562
0.08716587332914562
0.08796735875876963
0.08571083085055146
0.08624921019450486
0.08784092977720519
0.08906018872672224
0.08636439946003237
0.08501916139512386
0.08454123574291446
0.08352708920945344
0.08603362827195761
0.08444037059855211
0.08331665958743309
0.08820780577870767
0.0879226447080239
0.09042637864864687
0.09177579578707404
0.09497302477601222
0.09347708394292753
0.0925376240408543
0.0933182166508656
0.09786864135808025
0.09535262308106189
0.08803636852664012
0.08703533045828143
0.08443595655647991
0.08525341531312997
0.08495809755593861
0.08439691440594171
0.0848457038084536
0.08396273890145493
0.08436422169174425
0.08507341647622764
0.09012030141991133
0.086994460679729
0.08433317622327789
0.08452815758250996
0.08529824293700689
0.08492161075074335
0.08769350054184927
0.08829681066425706
0.08843729772809085
0.09292132601397189
0.0945706950287331
0.09175740780834067
0.09307714552164631
0.09392222572429852
0.09889415995480001
0.09637628643184892
0.09949614263919761
0.09953527099568378
0.100130285658174
0.10147206825128646
0.10025447874889165
0.09867977104119927
0.1005587573782145
0.09675347451102045
0.0955991418453126
0.09730604758209914
0.09752564041755689
0.09720326032847795
0.09733174509108161
0.10086523758642595
0.10154981676448141
0.10288038731160629
0.10394330568474812
0.10750197838714624
0.1069073219199267
0.11147828553820688
0.10863304097188935
0.1072022810108253
0.10336496640744068
0.10188576146637768
0.09783270777518732
0.09781647671591324
0.09394715057023566
0.0990721083581933
0.09964399227248445
0.10189730983999576
0.10688536865220778
0.10847886666266854
0.10944963133259625
0.10637664339111447
0.10738167293952897
0.10758240837075894
0.10929037425208579
0.1115934360218115
0.114222728355863
0.11294416610220281
0.1101228207151555
0.10981335820382769
0.11071049322520414
0.10789835610049195
0.11067497149028575
0.10701914717186574
0.10400680860320456
0.10596673612837795
0.10696903738421108
0.10477549832133172
0.10463216452251477
0.10451737447140019
0.1034776920129951
0.10519016398893383
0.10962623592692933
0.11124573880844889
0.11152457779596321
0.11401408221109396
0.11311043385541084
0.10917286188573418
0.11190859200660948
0.11158495994855257
0.10826401943561159
0.10897069551683262
0.10874006063782181
0.10413894559788432
0.10585744307948744
0.10675959054028415
0.10726997518397875
0.10031154351620873
0.10065492969592717
0.10509441147330541
0.10430375532718225
0.09138927022589607
0.09154984730704309
0.08868538717301662
0.09056734907712707
0.08532239904244812
0.08974480024152517
0.08726922251422624
0.09080123873718997
0.09084489215599656
0.09331344128525304
0.09335654980247608
0.09542240884029735
0.10064075706244391
0.10763022249960551
0.11197772476860703
0.10918512860254183
0.11286467914724552
0.11101799356044637
0.11660409842130644
0.11544671598038894
0.1120030361190344
0.11271386910000113
0.11514591272684697
0.11440603970391273
0.11637149704537923
0.10998203213457361
0.11023069622357798
0.10241615365420159
0.10488260604216966
0.10393354780814018
0.10478613016776381
0.10318089718028935
0.10593186640112216
0.10613140053195605
0.10906927605802572
0.11093302495572081
0.1095351059608748
0.11012625181641914
0.11109862091556856
0.11171362485665004
0.11637750600152115
0.11347164447553681
0.11367703143508004
0.11353574615540166
0.11273579636056365
0.11483540825740993
0.1092266848335134
0.11035018704528424
0.10641890840887488
0.10590693727857596
0.10284539617052146
0.10196080102524964
0.10236594342944393
0.10461415472885742
0.11018792011454202
0.11499521353223316
0.11721618127131311
0.11730119531006598
0.11884497085898246
0.119068679512213
0.12197970712772774
0.11870455653423945
0.11670496126102263
0.12001704912584332
0.12531117520131801
0.12168217038466819
0.12679462180685372
0.12943480919184758
0.13467475417699962
0.13562246121650184
0.13423910660762212
0.13398320856048365
0.13203951386952859
0.13939931607655912
0.14131672492406436
0.13673324252238925
0.13688677964316898
0.1377556628808768
0.13793480661893678
0.13616124222541964
0.1361930644552624
0.1336764369802923
0.13008721661119993
0.13116641416150593
0.13455428789043458
0.13554113510856025
0.13327543209442638
0.1287285096627303
0.12912011860356382
0.12644484829451277
0.12559955049321972
0.12368489291676626
0.12253865507359465
0.12342709469400436
0.125545612012728
0.12432772866782632
0.12124201924526584
0.12519277576022517
0.1271679684055557
0.12294090754844512
0.12318055210307725
0.12330997931972713
0.12312901849742143
0.12270757930452086
0.12025106664210944
0.11728614340335033
0.11720748993792715
0.11293265766844233
0.10765074337388539
0.1069523594371202
0.10868033176244837
0.10434455254747434
0.10951886109135389
0.11109380767693625
0.10928407274563118
0.11158155033490157
0.11189877048118566
0.11509942084893843
0.11742342448050276
0.11756613484099664
0.11837717696206619
0.11602693773441705
0.11660520607867125
0.1168092070003712
0.11229991796683465
0.11932255702363068
0.12218664850553808
0.1163218279430803
0.11617104383462598
0.11377162285844229
0.11375569730780988
0.11326707721873315
0.11344972755813547
0.11125348923836795
0.11179017228654009
0.11376805684718685
0.1179508771583033
0.11345530435580588
0.11554562581024425
0.11627618118357431
0.12064185020126413
0.11881656776875604
0.11844070729957654
0.11974419239448561
0.1235598434257611
0.12653380513245682
0.12270180121312103
0.11869839347165968
0.11906435490406733
0.11575012583250428
0.11280289411499052
0.11702458851141258
0.1185043297194842
0.1186679704167331
0.1181274972747333
0.12147313413321861
0.1232279978912388
0.1238790739226064
0.12489888234756161
0.1263088695133529
0.12643892309627688
0.12557284344089356
0.12357564566503504
0.12267085620941924
0.124954795746241
0.1266463379321591
0.12606317171708922
0.12978849211114268
0.12910432455998885
0.13285854172672837
0.12614883869728064
0.12435296517604297
0.11959461545041562
0.12043600159035528
0.12079940286004982
0.11818280507342234
0.11618315456740044
0.11393281403530124
0.11371733645120743
0.11626360401393662
0.11518906406923786
0.1135740276417654
0.1081527091599627
0.10475583803751838
0.10486484982376834
0.10413868021762203
0.10106082878379605
0.10725820709252036
0.11203913798899015
0.11367037549613127
0.11183559238417891
0.11096994418834821
0.10927589627324953
0.10953252870337021
0.11016499472502658
0.11556403676118956
0.11775996833766661
0.12253098517693257
0.1199074455244817
0.12224646440724891
0.12305685119221316
0.12627879473529813
0.12507844516123182
0.12193927447127412
0.12307727518083222
0.12429465324267906
0.12459277380019801
0.1261486623930147
0.12355782800196866
0.12438136207671628
0.12557717913257954
0.12634946672783387
0.12463078624803518
0.12494394431798281
0.12405137126324535
0.12805213464439824
0.1256812286660177
0.1254166890965204
0.1268170356522829
0.12734147089342793
0.12464567536182772
0.12556559376202375
0.1233285187833115
0.11963592839499408
0.12278308599314028
0.12067470113137002
0.12240606272054563
0.12562419091430288
0.12895595805943905
0.12790437755544062
0.1270734141952486
0.12818250589349328
0.1234189433129466
0.12415503546100104
0.12353374157377141
0.12473969118971572
0.12810855392174123
0.12807738990298576
0.12635888142558513
0.12965346194340377
0.1320228301943534
0.12782273231136165
0.12523433708779186
0.1252637195861893
0.1237654222457131
0.1225666954502837
0.12120649577066502
0.11730167412310447
0.11509367187501866
0.11240628074432761
0.10966977131473289
0.10811092521180393
0.11045442313021155
0.11515598125355851
0.11754211116529552
0.11032776610696245
0.11049748837729075
0.10780981096440716
0.1079714641723677
0.110885421351337
0.11018906130546365
0.1096994746699154
0.10699205640440317
0.1051448930263734
0.10559904446912495
0.10329197160417998
0.10372340453018167
0.10346109792759532
0.11079628593419459
0.11248196333318417
0.11163511790979978
0.10979691069676353
0.10869174791806754
0.11057939978815536
0.10808674360696385
0.10394034716633833
0.10267832959376753
0.10189779981338104
0.10134357161399014
0.09934550206885377
0.09932896577556008
0.09747287723367416
0.09849927341806762
0.09976963000292999
0.10001159914735566
0.10081120127104337
0.09942118196459904
0.10099756960281688
0.10355904280215844
0.10502960491449337
0.11056793924454195
0.10805088219359531
0.1055434965921564
0.10475419462428892
0.10595974629168725
0.10644430093023012
0.10922220875234416
0.10778085168422168
0.10771484421506997
0.10823602082596182
0.10690682650432072
0.11129436735075643
0.11533408233519966
0.11932943882464345
0.12102131885555129
0.11985971227969096
0.1197933196490699
0.11820508173748909
0.12186748280984754
0.12105523747817844
0.12478953949736897
0.11894572096704108
0.11908099858137679
0.11768171704818219
0.11942528768906839
0.1179409102091769
0.11588797463983092
0.10924532009101358
0.10930961561578671
0.1051188072790696
0.1039715680193385
0.10564741385526087
0.11101873868408937
0.11567797735154557
0.11372667271812688
0.11201643323673721
0.11008814756920196
0.1073021485781189
0.11383852974137479
0.11512224491861939
0.10798318633607724
0.10296877164475775
0.0997166742156184
0.09706964075974503
0.09764419726792986
0.1009268134472998
0.10171356304986212
0.09871368911185438
0.10046434144946018
0.10351265425698711
0.10169569977646321
0.10113591521655871
0.09930707145381919
0.09945289934554886
0.10252560154239798
0.10295692419063568
0.10173013830029147
0.09974652723757838
0.10038841718418806
0.10083685878063071
0.10255702527107358
0.10223547370776934
0.10247986707587346
0.0990673074358007
0.09851821180413431
0.10276136670761074
0.10011603876214269
0.10186580529203247
0.10151314277724222
0.10102238035942614
0.10271997671127885
0.10031666859867373
0.10201989787325016
0.10295109367476803
0.10477251774091904
0.1022567498812356
0.1049218046335112
0.10502277950349566
0.10812848325653884
0.10711655810722821
0.10548644385570828
0.10180269298224955
0.09389119565864809
0.09576534915495531
0.09321622006860393
0.09178211962536441
0.09391864791684774
0.09506342823377681
0.10247815922239452
0.09889026399659051
0.10002079818003222
0.10092572184895347
0.10217982757946778
0.10380807831395748
0.10472029268597491
0.11303388957037204
0.1170127141874712
0.10456270333480479
0.10739371047000631
0.10799824741324039
0.10837620691753426
0.10503743370210654
0.10462264075101307
0.10532158411958625
0.10568276049941146
0.10491104560856093
0.10721126449370565
0.11080028329226593
0.11208624255024205
0.10601345665642517
0.10111762363970946
0.10580133576656321
0.10089824410451594
0.10219221484159129
0.10036786031959584
0.1025857422489398
0.09952892425942624
0.09882820967171795
0.0987775336631709
0.10029038512636448
0.0985557133684079
0.09878972813732399
0.09714740056565085
0.09924793786561964
0.09567304364995284
0.09215279146192482
0.09265051365438903
0.0919443268019013
0.08992060451110868
0.09256490201080149
0.0903690814074933
0.09157693028203057
0.09422490055505459
0.0923307362851661
0.09119875472111665
0.0914643714673046
0.09084235233735213
0.08877156656475123
0.08863269480475794
0.08593283045090162
0.08673088509250391
0.08730575131464549
0.08689289723728515
0.08852663471369335
0.08618611122368143
0.08595340072784192
0.08659172322601323
0.08854715571295725
0.08693931204162937
0.08818953677855867
0.08649518531808927
0.08999162418765477
0.08831990194878502
0.09188715068255833
0.09257220622682563
0.09312503783815602
0.09027479845188176
0.09353296173793747
0.08979565476055096
0.08984023816300417
0.09279686251272112
0.09182550388078235
0.09120895424257595
0.08955121784897825
0.09081095447672455
0.09411691210369702
0.096700204286649
0.09712620596951001
0.10111166583445826
0.10037760582165575
0.10392595441240672
0.10172623552960147
0.10413132422147144
0.10579022035509233
0.10731938372563851
0.1090179729458328
0.10705377821998714
0.10356177132015319
0.10783500882005889
0.107783944332556
0.10735290375942819
0.11057580487069238
0.11179494403927603
0.11272302341873364
0.11086112822200363
0.10858742977210141
0.10719153463039817
0.10663636212094614
0.10682834004204449
0.10555795723624191
0.10124533540614508
0.09876711690475279
0.10113841248679709
0.10046755111778227
0.09968052672686749
0.09805168625823196
0.0996517576067039
0.10358223794109558
0.10060936495466725
0.09391360812306399
0.09269546705972162
0.09204898379956597
0.09273229941278058
0.09671084571877203
0.09279812066688949
0.08951338410743569
0.08969443958414772
0.0886848032776296
0.09075469672588259
0.09424781981727315
0.09530330797209033
0.09475766609917446
0.09878218208225127
0.0999495321154658
0.0968267523635987
0.09486281680860933
0.10049529679999986
0.09501543905162986
0.09690320719088223
0.09507646313615127
0.09671923703751382
0.09453712862624426
0.09455839702947073
0.09299574924842607
0.09418819740625767
0.09194805024201219
0.09173823350590991
0.09233744105993785
0.09050219176008291
0.09185769557255315
0.09041311303673988
0.09266874138100058
0.09596992471264122
0.09509096784964165
0.0958375138992637
0.09724923195194381
0.09792031734769023
0.09823016629584684
0.09697440273473111
0.09580387905305628
0.09764797814528718
0.09359889163199069
0.09457523424368287
0.09555169841571523
0.09195460029241292
0.10042795852729187
0.10067003108025263
0.09688959165298792
0.09652080718817704
0.09402532142788712
0.09853790908211114
0.09743328283858074
0.09881454781804051
0.09636377392228695
0.09300579540128615
0.09236171680759878
0.09259937379979545
0.09102188536774485
0.08640943628453324
0.09611111630746841
0.09446236629045314
0.09407582518777924
0.0982450077303584
0.09910974464604279
0.10285961146086209
0.10035831200550217
0.10086807037781494
0.10009994684453034
0.0983773089625083
0.10185978734650204
0.1024633647325907
0.1040104511708673
0.10536774361619004
0.10561914233331669
0.1006214102650157
0.09367427264904968
0.09339440791493724
0.09501044035199985
0.09345615878104785
0.09168813103192491
0.09430113379124352
0.09487239320879584
0.09398733245117813
0.09389944884376333
0.09550135800503004
0.09556233493304807
0.09565941189560269
0.09480889130415852
0.0963423963243961
0.10134057550159042
0.10191062550189738
0.09986720858718125
0.09841306366646539
0.09786397856142545
0.09712928373469938
0.0983892307716738
0.09821996349403417
0.09934095572349247
0.09965972678260306
0.09953647864648958
0.09810985515725949
0.09694492087515377
0.09510662815413419
0.09279231289420546
0.09029638176705523
0.09284613161903867
0.09291152644926937
0.0952590672446455
0.09292663079138322
0.09444794799959452
0.09441814141356326
0.09784460822251416
0.08982926221840781
0.08985646675578304
0.09331546328803128
0.0877585856540545
0.0906360385001954
0.09037323322434301
0.08994238898039239
0.08723096376191282
0.08559810999123281
0.08728623262879087
0.08539850683973667
0.0852197496724222
0.08215719464634773
0.07975595739235966
0.08182391463051475
0.08468055550183122
0.08344949248700666
0.08324439263291411
0.08440637284452362
0.07594734804862713
0.07468076083945947
0.07801024821307855
0.07904256000952843
0.07835544008242433
0.08344301344598173
0.08372705285324968
0.08189845941492459
0.08353911960096334
0.08151759233909206
0.0795294747806584
0.07520802190308781
0.08100975547559736
0.07853342706828347
0.07813846550095606
0.07626809922478357
0.07949671480162775
0.07739919582508945
0.07980847217245146
0.08422334987279873
0.08285590458615383
0.08085820223132045
0.08049272477093673
0.08271181413267706
0.08153768407463145
0.08003468259038556
0.07701217997180033
0.0772917333495163
0.07962839170604324
0.08117703237680585
0.08489457056787787
0.086970407374555
0.08545929038011248
0.08433099571705273
0.08148076127371175
0.08106249673112709
0.07856970929192482
0.07539382440057424
0.07940154819114338
0.08316072597178699
0.0846383119495255
0.0860731768278577
0.08873917674927322
0.08890059185774127
0.08978002294000692
0.08852044662489099
0.09093729787486585
0.09481762431721563
0.0943074782936452
0.09339531342260064
0.0940566745809508
0.0993203754406833
0.09971677376322205
0.09713127007846287
0.0934179185651353
0.09171347372735536
0.09017496611026558
0.08933583197324103
0.08713615361214512
0.08950882216296166
0.09017138214309825
0.09072731077196447
0.0905087129643916
0.09173556508246719
0.08346347764541903
0.0887377922202011
0.09237517544039243
0.08951432656639688
0.08734319350321561
0.0873810732011796
0.0859746601915505
0.08486297351463243
0.08522916371259763
0.08269952705543078
0.07777917051889459
0.07511453751031331
0.07702532892026252
0.06909323394013081
0.0749614617455886
0.07497292832750843
0.07761360000687847
0.07577066400340059
0.07747166938886677
0.07653011846312813
0.07959468694805498
0.08352166109027989
0.08363570203466765
0.08807806498925762
0.08674144758923877
0.08816643299449878
0.08560902861870216
0.08603427034209934
0.08830188640740069
0.0888549751654179
0.09074222775996939
0.09119860338571774
0.08987835036947447
0.0943644784306462
0.09586153247233199
0.09767161555016995
0.09814521988281082
0.0970578098602368
0.0994125341976581
0.09727914135147177
0.09937268632237128
0.10041780866955927
0.09865340938007998
0.10065655566540839
0.09943354332385945
0.09848749045126637
0.09802240535732754
0.09903636275157646
0.09716759251195174
0.09732048933776036
0.09615184738473749
0.09697617841860139
0.09469928850934896
0.08981644708879052
0.08853123414749184
0.09024971751528947
0.09193802941854423
0.09095276418865102
0.09462525816431325
0.09568208521735205
0.09814846178458748
0.1008852261369694
0.09978807671931791
0.09922854667040204
0.09803569669922706
0.09679291810125239
0.10022584352579886
0.09842894869796752
0.09292729823169862
0.09556019439492136
0.09435212266245803
0.10018583925234775
0.0995153148435022
0.09932064332106204
0.09650087072597835
0.09972638088783159
0.09891721154053011
0.09621703727250178
0.09991273630165011
0.10440261429945741
0.10388560190000867
0.10390683026232994
0.10265178865612831
0.1047240385803499
0.10713402155444672
0.11148866533407405
0.1152963586039797
0.11263491516292992
0.10830234068301857
0.10872181759648752
0.10693059198527971
0.110749606445817
0.1093274958720748
0.10983964573815701
0.1088007850094077
0.1080198043807714
0.1044122936324266
0.10329072730053716
0.10233191323268605
0.10107012656230317
0.10492411559570992
0.09911965465690524
0.10082735442040042
0.1023199859735294
0.10174754218303658
0.10304961057668635
0.10152477246645303
0.10557355619231265
0.10448941817642277
0.10671195862959545
0.10735641376510055
0.10402843164597556
0.10275220396014051
0.10240442688035131
0.10239055717913098
0.09608912952451609
0.09845676585320895
0.09872805969537109
0.09628755959394093
0.09710087691724127
0.09950729470289803
0.09518497244011587
0.09398554821405167
0.09435442778360671
0.09187275533660781
0.0939592795245325
0.09254224714500531
0.0919375109825993
0.08903329295152368
0.08766400831475167
0.08683337468322047
0.08831371355199893
0.0874902007855567
0.08593820022473538
0.08780822894002802
0.08656420520813941
0.08923135568455709
0.09261185069810636
0.09074704164131842
0.09548219099571705
0.09404993970536744
0.09169382346219594
0.09304827484687499
0.09725749485178171
0.09947165376615029
0.09608760073757991
0.09648483179560954
0.095824232966037
0.09345357744895327
0.09413893139246693
0.0953908444286691
0.09167096042540189
0.0913422694280618
0.09077758421148654
0.09411808076317127
0.09036199059175706
0.09041551450109392
0.09183133901111307
0.09518691003245804
0.09846438356665455
0.10303623035997728
0.10162593976249619
0.09889799909793903
0.09744855533038962
0.09351674813137667
0.0943213595347827
0.09508376529231617
0.0940424628291168
0.09256040368336242
0.09414589900284512
0.09334718952029684
0.09072422948518725
0.0910099008653847
0.09158321473405108
0.08736518991885957
0.09069798320978766
0.09002540064119939
0.08879872333091161
0.08858688279249118
0.08752684101451336
0.08844752467704328
0.08678910142293306
0.08865030345861567
0.0879308235974859
0.08756625043925187
0.08747689649142734
0.09051274205393987
0.09430784938772364
0.09217900570221427
0.09086409383839347
0.08715438785200687
0.09090581409874801
0.09164869561918686
0.09292746892439031
0.09358079176110853
0.09505505023635938
0.09235069307130574
0.0913147236716559
0.09356583729307659
0.08714699549956739
0.0920153207348917
0.09354749502045044
0.08977744256363762
0.08646918854754394
0.07819849777972665
0.07784208422263104
0.07953677480138216
0.08195523065286202
0.08311771587288332
0.08430769224895479
0.08482792160621894
0.08532392206951041
0.08628094932494111
0.08352525860931524
0.08353226623676006
0.08177865062646124
0.07988046195008001
0.07688555266797706
0.07772218099031566
0.07526288537473456
0.07791769910464678
0.07489930684990444
0.07508164546873192
0.07447623096456442
0.07486989425030292
0.07517239433288045
0.07280400311225599
0.07030930528605864
0.06933063283240117
0.0696971606009849
0.07274290014422155
0.07382196431727683
0.07384760211847571
0.07646468072232104
0.07794252771805696
0.07769381501113837
0.07536700681464507
0.08147557737744844
0.07850009380742654
0.0765909755263739
0.07624833727705775
0.07502834645546423
0.07316504580046375
0.07757090605869847
0.07433869368097075
0.07163068432628439
0.07508690992825175
0.06939720647297554
0.06856661450452027
0.06581070949440633
0.06561622286373328
0.0660393254651947
0.07019611897522898
0.06676377051740505
0.06617562352331631
0.06373327095580103
0.0626185948122246
0.06278636895637825
0.06253070016861123
0.06545885414987045
0.06347608678055036
0.06308357258556599
0.06332969085739182
0.06429338963532309
0.0631338106109764
0.06308859199639426
0.06326038295424632
0.0651598390100289
0.06764518334610907
0.06589922974568573
0.06825929695025931
0.06879442521884915
0.07311883484257939
0.07329280985240834
0.07344021343638625
0.0709053189970876
0.07137663678127935
0.07731169133844075
0.07202028803554925
0.07254859257302251
0.06680637396897929
0.06885680555352891
0.06942486954317831
0.0700813058243143
0.06938818038678642
0.06784576825303008
0.07777007236197604
0.07770028545768581
0.0743835153440102
0.07013226130979938
0.07090010718443465
0.06968261687967978
0.06879423460759143
0.07121060805092316
0.07246073128401388
0.07544199057780651
0.07409184007763023
0.07158483692238043
0.06973975470955013
0.0698330235908029
0.07129021634669817
0.07336282961768799
0.07700834240712538
0.07666673007194817
0.07304746528330383
0.07578283449132071
0.07895626980819777
0.0787611251564238
0.0782264443627997
0.07614069013509848
0.07672086574302185
0.07718649392878699
0.07442993894701064
0.07428670361578864
0.07766347387236656
0.07113312030883712
0.07238728737011488
0.07066074871195857
0.07106777722154617
0.07033911574173105
0.07210848263466077
0.06934221533889871
0.0667021517122627
0.06967535838062579
0.07388031156754206
0.07525155533130674
0.07201532524087581
0.07146721236056697
0.0732432540540999
0.07406847489777878
0.07374179678015792
0.07171199550628929
0.0705544798775675
0.06985215248919595
0.07042583056863132
0.06668927907013102
0.06942113829694195
0.06522280443487607
0.06289510048991813
0.06098632556204486
0.05883917273980592
0.060298383811708066
0.06568460041966658
0.062104222497374434
0.061387614007220925
0.06234054381754087
0.06072114308572879
0.059606054110963515
0.0650915684231031
0.06992726450912748
0.06856795881879477
0.06446180833196682
0.06437696972039197
0.06287242733046042
0.06293866599554036
0.060214321115909346
0.05927109156243388
0.05877725585721094
0.056867003893339756
0.05526772348329406
0.054619176700287465
0.053527885178615495
0.051979009807264366
0.04889636812053407
0.046749180735052576
0.04426813251164711
0.04733279160155937
0.04471442823487129
0.047193778057806286
0.0476744708843762
0.04754920973664071
0.044004958521196784
0.04289144193893815
0.041845496629068744
0.04056058961163825
0.04240785651199234
0.03679348137675533
0.03767618802886643
0.041483144149151004
0.03809251569389057
0.032662816129732784
0.03687955840175438
0.03514786742549245
0.03807553771611915
0.039900382255297955
0.03621413342621935
0.037524308114646014
0.04155957166855993
0.041187747322346785
0.041393992403619545
0.04110608995679965
0.041920742820087814
0.04417503170218419
0.044420670686488334
0.04166119185478035
0.04290670595285982
0.04691585639303245
0.04465766955313584
0.04404750133824053
0.04903484636160644
0.05226526853663639
0.0526679854128334
0.05379103816774711
0.05656477892054374
0.059322996164911386
0.06239817559378993
0.06488985140426436
0.06496718792687733
0.06547987103230896
0.059533798587439915
0.061219916100183305
0.060389423569893665
0.062007280508571794
0.06151953267493855
0.06343605935902029
0.06800366907370349
0.07204099483300891
0.0697136253157377
0.06848500102911724
0.0662086813674936
0.07095581165335638
0.0719737260107442
0.06978466680843845
0.07132835153904746
0.07222360691665929
0.07364748057022713
0.07155992933617224
0.07141339797523748
0.06961663145488219
0.07173234152308018
0.07219975865673256
0.0722654149723329
0.07440938835945093
0.07419997566165126
0.07355351840339494
0.07376390460323266
0.07509796370981141
0.0746692620596529
0.07884561366191445
0.07834386302809795
0.07825238900311436
0.0767330515611505
0.07838481605116149
0.07547911422654958
0.07407375430004692
0.07512033614041443
0.07256607558891282
0.07260372066188354
0.0672466884618935
0.07140448244340578
0.07022342937318084
0.06657412829760491
0.0680825445752739
0.07011091370989826
0.07329792946762904
0.07380506186749368
0.07666928831817019
0.0793477081589524
0.07672384800632197
0.07635750303141721
0.07559371086734112
0.07565124966769272
0.07710255551372742
0.07827278123915532
0.08048048370384119
0.07943108111110608
0.07778686605536131
0.07823108410705108
0.07437205459583258
0.07274977116400787
0.07269779808484962
0.07358010904020755
0.07691671459281064
0.07647776138395473
0.07828328734376261
0.08184906507827935
0.07922881398790785
0.07500875500717356
0.07457105587603238
0.07745475203540211
0.07726221519944135
0.0763555232704735
0.07653474323487998
0.07640283213475635
0.07682183487373398
0.07766840047380079
0.07537108484677772
0.06975330525347469
0.06929980088543594
0.07114251972335361
0.07349627906355563
0.07445479841733915
0.0712171795188535
0.07111913333330493
0.07071845801194007
0.06929418058140024
0.07032793378684724
0.06772752470498872
0.06506596849352021
0.06476329111074657
0.06404840416888884
0.06411231179251475
0.061940296150654016
0.06465032506965608
0.06555042954670304
0.06532013920093056
0.06880220174038601
0.06884513447360704
0.06761084786982062
0.07177003499461165
0.07225290423821909
0.0734944874383864
0.07558599168823603
0.0782842843733277
0.08097903986468777
0.08339480616527474
0.08213704654541018
0.08282596079373009
0.08233135445564108
0.08492362547969168
0.08501024405712215
0.08619717286362472
0.08737440051110601
0.08795068010844596
0.08860092032853985
0.09055100162869742
0.09130655216747424
0.09186970508743582
0.09189959971651455
0.09384679579080293
0.09430922158775797
0.09496726583242332
0.09454861167138995
0.09590903303009603
0.0946305205288258
0.09262949998715322
0.08948139798261856
0.08648678825008303
0.08754526601580108
0.08503205771041553
0.08309571485606006
0.08278930029214163
0.08531839075057841
0.08671057014846599
0.08959378798521393
0.09090687518011391
0.09182778981679704
0.0921338116303012
0.0948516582150127
0.09611462331186296
0.09601431778419087
0.09585217932478879
0.09694227644017797
0.09990571778256933
0.09648956595119902
0.09404171392148218
0.09310544222432643
0.09445340793273171
0.09287106397875666
0.09363494289408503
0.09493433178019241
0.09572218119341074
0.09721458767081587
0.09826107684288697
0.09723701099144323
0.09650184981966008
0.0970655407599123
0.09708282737364032
0.09322208845898129
0.09137333339174591
0.09177916718628543
0.08963677279789498
0.08801044346360078
0.0860367700783195
0.08594682383645856
0.08305367513621409
0.08262330589893983
0.08486697237171416
0.08494620045763371
0.08308540021434627
0.07983252356167689
0.07679959045635795
0.07544304646501158
0.07259337041023169
0.07562582030686728
0.07715794415555814
0.0785576969519094
0.07717901366716931
0.07709577219767859
0.07857626897069792
0.076958866803485
0.07952607230999947
0.08351614412774107
0.08553432784542785
0.08873230484578191
0.08669683340968544
0.08616303844748643
0.08483412229125255
0.08379743314686194
0.0840155087425894
0.08741965191523726
0.08682379139813913
0.08697489677410089
0.08814080142776938
0.08830324237643179
0.09223502243720673
0.09144119688871999
0.09118203819089714
0.0904487729359384
0.09201812911641886
0.08888751205866154
0.08527568093270374
0.09035220400432353
0.08996887097337487
0.09356012845973469
0.0916404757022565
0.09286952083248243
0.09138093126184164
0.09213293837560863
0.09392893777759764
0.09588187888342531
0.09491712652987237
0.09353739941500332
0.09278307989920268
0.09308218528938908
0.09531471822695062
0.09224985426175042
0.093031926652269
0.0930036569737737
0.09581896483122998
0.09409859945955089
0.09377368952293313
0.09073196489696676
0.08710856702262712
0.09109847359385233
0.09435838985849614
0.09242482260530646
0.09651034127376772
0.09762925881658772
0.09364459017789711
0.09349917397278938
0.09107295331548894
0.088990869180917
0.08976134832726779
0.08861823898729967
0.08738902046314208
0.08533166942292048
0.08407088863040178
0.08602954823453647
0.08721763974556716
0.08899634095031309
0.0940312068692748
0.09437120323737926
0.09659639647966554
0.09494637062876625
0.09602881697318122
0.09520028111572101
0.09500926473120627
0.09629215873287396
0.09772969210807901
0.09639006062054419
0.09672822856346289
0.09428396972050584
0.09286929716236302
0.09425217680189689
0.08996866911708497
0.09276422725753186
0.09529813344189096
0.09476872591116399
0.08954688952301586
0.08916807488826511
0.08892666214998586
0.09012527115056523
0.08846918183864734
0.0897907507673159
0.0879810539939097
0.08914043642991083
0.08957645903013417
0.08785023208078613
0.08928815922474083
0.09012944015637392
0.08913997407688731
0.08567554130808087
0.08239779266687226
0.07890090054333397
0.08110182724111475
0.08008337421617118
0.08071341945064597
0.07913325390070959
0.07739580531132756
0.07700428559664181
0.07843534116087027
0.07472837765165125
0.07418344683774336
0.07422502095880741
0.07287518536063273
0.07074163249987717
0.06723831010691979
0.06725028741565128
0.07033786255755894
0.07175373380409908
0.07391860928143364
0.07425001279401987
0.07695461972698328
0.07665785116642014
0.07327220977608613
0.0745214797177422
0.0730700004167889
0.07251990858086246
0.07098458085028723
0.07158016872975655
0.07557630311724214
0.07368684965898725
0.07655250188850889
0.08180040907447547
0.08103500136959883
0.07728588126410958
0.07517322017727222
0.0780306573634396
0.07678523880323465
0.07458280892752167
0.07966845832000857
0.08164972414924111
0.07989283858301671
0.0798690959830273
0.07902220518973438
0.07842825671976
0.07812783367598222
0.07909282824953325
0.07791146387644325
0.0824063824057394
0.08370394109795537
0.08407110387401771
0.08391506911095631
0.08498546292951784
0.0867001235585984
0.08739556585380272
0.0894215808691167
0.0904199497391315
0.08922368505836442
0.08452336551405612
0.08346932053769196
0.08743193244204965
0.08803390667940343
0.08859831477016383
0.08774036465240924
0.08678200622718067
0.09529832927504407
0.09371554595294362
0.09383936942441952
0.09626682629291275
0.10360714250568924
0.10411790168530627
0.10312345926838137
0.10279725308838598
0.09565877672121492
0.09467393117157212
0.09351001407092335
0.09507765304480431
0.09598116382392942
0.09755884769025719
0.09943417566429424
0.09720184470920577
0.09306160646148406
0.09417242090151874
0.09601947820838491
0.09900180691403895
0.09732863744019545
0.09846188931656877
0.09909423110223542
0.09886121771627031
0.09704767700074764
0.09563194726362745
0.09396442617885216
0.09485093673544924
0.0934456241388515
0.09253064849808273
0.09147744655828705
0.0903004833427402
0.09001785489629961
0.08923597648298515
0.08836594620116732
0.09197436032317972
0.09330914875742452
0.09277737628270724
0.09201748775712339
0.09263512598609684
0.09477387809583877
0.09768046757689867
0.10011981431322449
0.0983189392700758
0.10035608863758999
0.10438406773732244
0.10468247741202553
0.10778967286567459
0.10892258967623374
0.10892353304396196
0.11097910566767963
0.11184198879604974
0.11267199687288862
0.11533729817630464
0.112855852321128
0.1132299901608811
0.11252362128115816
0.11216506436855976
0.11140789076659895
0.11153874181566353
0.11057635452959445
0.11079575936716479
0.11182220862922282
0.11196288134488111
0.11202606745168339
0.1126527571351786
0.10707395971781625
0.10689556333770328
0.1098161006680163
0.10764272729674232
0.10640709866762488
0.1028410541091433
0.10392930698262519
0.10306249020012899
0.09954146057604263
0.09874655081768069
0.09913158089686638
0.09937556261780629
0.09713117893867229
0.09639113183277746
0.100545240447818
0.1007775480316658
0.09984118530468568
0.09984692003541842
0.09881612570088866
0.10020054979706187
0.09771570876338359
0.09612450201332824
0.09403708191014153
0.09174446421759301
0.09264360519666055
0.09195206282682154
0.09189723737669928
0.09889234397671948
0.10180428840050479
0.1007053819878173
0.10076718115187933
0.09986427560091089
0.09855332508303151
0.09670528360813381
0.09632024369590582
0.09951804118077115
0.0987683650270741
0.10002283462729412
0.10383323149745323
0.1030437517014621
0.10374141590523094
0.10281504076790092
0.10421631541539968
0.10642460909533108
0.10769185038044288
0.11022213096881851
0.10725452927325091
0.10563396725525931
0.1094149747973487
0.10699176807718204
0.10667976584759685
0.10934952880450427
0.11148650839614942
0.10996246304965004
0.1060117063977018
0.10919059671270381
0.11256039383850684
0.11113922961438726
0.11181913677714746
0.11362421838121058
0.11411489228454642
0.11363997617668123
0.10783101395270732
0.10929749202379158
0.10406958225114982
0.10468513980192762
0.10596405672726299
0.10459914855942398
0.10655067450367126
0.10520817717238999
0.10788894504976994
0.1101586421768803
0.10907260800699256
0.10729571661005591
0.10720655291763725
0.10670124616303805
0.10586883215595566
0.10702705516035133
0.10779586863378107
0.10789667011843075
0.10583872169398993
0.10450216838141999
0.10458768284450239
0.10411525932675789
0.10566432033711914
0.10420260785524751
0.10577983307810879
0.10700184252767535
0.11526921020821816
0.11274242414408965
0.11129288797987895
0.10992225632351654
0.11118392932955275
0.11202121681685757
0.1109765510507405
0.11229615171563834
0.11216915637350384
0.11153718244286277
0.11032553400665482
0.10815064058622584
0.10817159250489287
0.10804088992190439
0.10660438711561133
0.10455798981083746
0.10229471493323433
0.09860423355670773
0.10041872313672992
0.09810457197975528
0.09468562852256757
0.09729758646830745
0.09874189512962003
0.09729316007812808
0.09833934805756464
0.09388429990177617
0.09444124230144342
0.09467750330645504
0.09614177128606595
0.0973057508263226
0.0954213020153958
0.09747003315035412
0.0980478839719925
0.09771439263431139
0.09898145712827422
0.10436706188247653
0.09896874031861685
0.10048650081837718
0.09970079668455593
0.10214383555670917
0.10482681616788544
0.10406429805882618
0.1026827643167083
0.10527325833680572
0.10602505050397701
0.10619755135342242
0.10478769390577361
0.10365745555816151
0.10368203697221527
0.10223958239022607
0.10210424241639643
0.10228145274003597
0.10003443933124806
0.10376020626774607
0.10144693970618429
0.09801337215951501
0.09766205300986769
0.09774166151282494
0.09824071608282288
0.09594075192634004
0.09648414641012064
0.10001401729589908
0.10267669332759603
0.10429262431695766
0.10428991005422272
0.108972918407033
0.10767015920095262
0.1095786081911308
0.11063650322027758
0.11120685710370545
0.10942915421803857
0.10888306928225339
0.10801103123160626
0.1103057925326532
0.1101488827093845
0.11257474300605072
0.11345603614208805
0.1140935028176068
0.11040586546948684
0.10928535302038542
0.11056077647362755
0.11205458752535019
0.11404821240158061
0.11582425812474485
0.1161314170663352
0.11349761689550526
0.1080430431272546
0.10489717828469733
0.10631394036599778
0.10499083903997844
0.10824006593280117
0.11010723833078404
0.11193499636908094
0.11181857654164326
0.11086036241779486
0.10907536387622142
0.1052457748398728
0.10413667531321225
0.1003935077694628
0.09922479217494777
0.09804530393145532
0.09270224364520639
0.09227215670149563
0.09547981793714787
0.08644521661734993
0.08382172191874475
0.08295230137158517
0.08336406648946408
0.08360997336335582
0.08421885397561633
0.08480724730070004
0.087891800682714
0.08890400999167229
0.09063414865496135
0.09013331337880966
0.08942784956900693
0.0903595616418617
0.08678050393849389
0.08644150229513818
0.0854938009429196
0.08398767518107965
0.08371277470982783
0.08657595065796288
0.08909789851059662
0.09124298749613866
0.09176789746820994
0.09028533850793936
0.08943412325112915
0.08961403836632958
0.09322878577789083
0.0946591548511883
0.09270588469115801
0.09444633551290106
0.09307350687273021
0.09314287163629134
0.09341606368592585
0.09254311081460717
0.09483274873666601
0.09355565864581897
0.09538249978358528
0.09638442342496176
0.09679017055387448
0.09225435101401572
0.09420551091842287
0.09388670122643736
0.09220005377461449
0.09337483233324449
0.09496346947179829
0.09471718400261568
0.09601588115850584
0.09489086502912383
0.09001254087852488
0.08879079532486883
0.09086141214032634
0.0933504411686326
0.09144120350071014
0.0913115004014746
0.09155617764117653
0.09137864130455918
0.09188660404589127
0.09414956078387543
0.09563938750585833
0.09805251234884169
0.09863257584782968
0.09363533328164311
0.09324471829904271
0.0954166545221783
0.09154010385583063
0.09205358765959418
0.09094108844857662
0.08882156851928899
0.08749213507172038
0.08922791644075112
0.08817488654231369
0.08271567943203464
0.08006964297038081
0.08171379276627025
0.08481791805204271
0.08118288215724458
0.0829632664798671
0.08068441174061398
0.0804502548374346
0.08101204137407937
0.08568164196583312
0.08613992235293781
0.08771934653017084
0.08662604080015568
0.08549826780913268
0.0860056399213198
0.08048760635779258
0.08221980861117255
0.08458007566772797
0.08292653152107085
0.08341249880276258
0.08265483641737752
0.07909410364104996
0.07936840983884229
0.07802148826387867
0.07705388729576369
0.0771595436049357
0.07451473094290464
0.07349973781828567
0.07371273607084487
0.074963321605952
0.07585490325461898
0.07690527135782634
0.07658747264878447
0.07828723434932272
0.07648032234209032
0.0773439463526266
0.07700271771972694
0.0751184604665262
0.07449522789379058
0.07550979907902314
0.07551637256732484
0.07838429820272637
0.07852248730365098
0.07364383504753401
0.0738997638322808
0.07162193121777428
0.07257129472073126
0.07483278900573104
0.07141452474892065
0.07199081611707997
0.06997885621224657
0.07158812004937501
0.07266906865754641
0.07045411915197913
0.07522774828422396
0.07479362700311268
0.07731756351235033
0.07600916952412765
0.07598898608519827
0.07576508314626978
0.0738720570828957
0.07442567195736091
0.07572676903822176
0.07631609738385393
0.07672449492886355
0.07756347956644127
0.0738349580707734
0.07380344426809667
0.07533761168743718
0.07607601391811396
0.0766798555910745
0.07483235295433245
0.07505298039208
0.07334189171242615
0.06986134410875089
0.07032221935530501
0.06924431511750562
0.06830980820573442
0.0677865528500723
0.06874746180818783
0.07086019477382507
0.07341293363292903
0.07247403945681008
0.07489255678262238
0.0711621525829229
0.07050786042309137
0.06768439050276408
0.06773468882749656
0.06803180565116781
0.06964292019815276
0.06841981295710016
0.0701054671285081
0.06743263964101989
0.06820749140469556
0.06871693750979697
0.06598515457864691
0.06763130469074857
0.06945841422494997
0.0700623725787304
0.07110092177304725
0.07055066531988023
0.07314968539568331
0.07600422311399452
0.07621860937685651
0.07554092305399203
0.07519596953017522
0.07514051337570467
0.07573336588600772
0.07710526545842825
0.07732988688373806
0.07871685437332397
0.07845511265818889
0.07863509237939409
0.07693771565575455
0.07538951387003892
0.07625201710356856
0.07649276614562528
0.07727445704592967
0.08029930021089053
0.08134001638294228
0.08051331425743864
0.0774035445836793
0.07770443234380887
0.07565794704711083
0.07520882061034084
0.07315716740508747
0.07353188957603853
0.07503330252209979
0.07419430268636404
0.07272865323645916
0.07307425687162808
0.06979282802894016
0.07072549665502559
0.07171990240942705
0.06916143069800017
0.06973378581895476
0.0687968585543814
0.06633325814114474
0.06293304625761964
0.06103791263472864
0.06090558817066745
0.05991903666113049
0.05878645217274221
0.057924355315371844
0.05794377358222752
0.05842234303615692
0.060793021420114925
0.06109963224197418
0.06052736817555965
0.06187069444319793
0.06343458299304011
0.06480944393215053
0.06320555865281596
0.06300285705310109
0.06260108153522534
0.06266015819292875
0.06607017054360922
0.06765045186203159
0.06695288747019226
0.06637668768043835
0.07054671699797053
0.0716122862409042
0.07377960159278132
0.0732449880017512
0.07354273805734071
0.0755486451238072
0.07692159985134647
0.07571359675391474
0.08067302124685988
0.07809401819736722
0.07814045477277337
0.07907259282138011
0.07783500869418704
0.07707627390065762
0.07598945632691435
0.07674743540952474
0.07605598133488521
0.07603429651581402
0.07610849903672637
0.07675975208215514
0.0780814358505426
0.07871783159028334
0.07872809031813417
0.07816227124819622
0.07888551351259197
0.08164074979958807
0.08135724295508419
0.08385879596417405
0.08529379919066467
0.08364796542820135
0.0840466345405091
0.08688870820771404
0.08800582441899345
0.0867796195238334
0.08870128732036342
0.09063170317032529
0.08869609331474862
0.08798050287977374
0.08874985256119586
0.08721396411851513
0.08611421843288963
0.08279813563863342
0.08244820225793867
0.08206727336851749
0.08160881217633782
0.08378774611913885
0.08275764386446045
0.08056594102811983
0.08171729289393874
0.08363614390417609
0.08425538103069716
0.08177462200509525
0.0834461289059615
0.08534790680090838
0.08301947037394052
0.08068540923271666
0.07664768064588595
0.07369065250793667
0.07313825914980493
0.0731555457819684
0.07335160762405471
0.07256037754784142
0.07454860721992906
0.07304959038662134
0.0773205520628756
0.07895426518048311
0.08192454814082267
0.08180008297919747
0.08114983282066617
0.08093274115628821
0.08133656623624459
0.08333661528324446
0.08521800880148069
0.08587699280429952
0.08062967780734225
0.08309104190330563
0.08415520700668842
0.08149829384842093
0.08047750260592534
0.08149985177060451
0.07892020816315856
0.07941570504827727
0.08159734822149094
0.0829654353026414
0.08387780917271384
0.08514651099404465
0.08518112235430489
0.08483830305979563
0.08517062331855293
0.08498498717185896
0.08305642096146096
0.08108696063787493
0.08061433903837376
0.0773715111286295
0.07990535638705137
0.07890656147107167
0.07812404693696093
0.07312820079919725
0.07296511789870784
0.07148017854813483
0.06958437747606186
0.06735232470919127
0.06724981701553047
0.06805962218573484
0.06789734948546647
0.0665430640035479
0.06544665643121686
0.06350256292204304
0.06351069368424707
0.06331893753772787
0.06360180194521432
0.06389270707880798
0.06021515966678521
0.05938075644774798
0.05732455430674209
0.05949679725088527
0.05947725083335465
0.05979933360328568
0.0612804811848933
0.06326575220607597
0.062220016325314605
0.06352415114727428
0.06208564041529335
0.056998201929123624
0.05322676896808604
0.05513553559265421
0.054416457146121054
0.05410010109597586
0.05815917694932053
0.06032649801496049
0.05929918347266631
0.058521644102279245
0.05723469545798821
0.05222709772612778
0.05227577366043784
0.05269819557485671
0.05262175412733486
0.052260744569269914
0.05216062843237853
0.05189598005783211
0.0526830388395547
0.05074681980846607
0.05549396041047047
0.056469026191121915
0.057898936043148226
0.05830527488483695
0.0509244573437253
0.052449302937174515
0.052175482648795096
0.051997075358145343
0.051995288415022003
0.05052211723536901
0.04829205117950444
0.0534929491692479
0.05311271627276303
0.054761663897696114
0.05525027954797937
0.05652904575155484
0.05357333112880136
0.053466583301158235
0.05315490335705349
0.054848211155974894
0.054117426171428715
0.05542523779581379
0.0571865377307318
0.0544257211479314
0.05329758947368092
0.05552765233132168
0.05371622365953422
0.05330848899830098
0.051359591714293086
0.062173926919312936
0.06453061762730299
0.06410124736686157
0.06456288507728473
0.06403274615314793
0.0641092368998833
0.06374582367646772
0.05498316298905549
0.054647841685168064
0.05189197734158576
0.05174697006728162
0.05198792178180622
0.052701853854027876
0.05441425083390202
0.05431733742505167
0.055541583176320096
0.05554523667717134
0.0558421132410217
0.056153811953895745
0.05647075035643946
0.058829309712088364
0.059030311962990044
0.058568450767897316
0.05778982853684789
0.05836072699806233
0.05706774822996932
0.05713924369732421
0.05725687465588491
0.05747914408680614
0.05862136885291898
0.057486746851317674
0.05749442713192688
0.05688263369196333
0.05691352914420921
0.05745302763022066
0.05967177850340163
0.060319544833814825
0.06026929699852356
0.06272271026720519
0.055387095687817925
0.055333516623096185
0.05507839908511718
0.05645364026465074
0.05725064875394193
0.05726965580305374
0.057464612659364575
0.057800901197118885
0.05705708446327396
0.05814558721957424
0.058378142110916804
0.055371198458475476
0.060793123029686875
0.060929464190048147
0.06206384628781539
0.062100744994853636
0.06226860537854732
0.06382473715545119
0.06347703398596859
0.05818187404811284
0.057863272491768626
0.05850516892784821
0.058274970681069266
0.05798506236896135
0.05825664988684834
0.05826355878455034
0.058796457956948066
0.058324231073431695
0.05820812375014595
0.05819873388720908
0.05840157488114639
0.05916120705011087
0.05934434462856319
0.059686603540891635
0.0610680848323928
0.06054855372245088
0.06053347163050462
0.060147415628955925
0.060405026664410826
0.06004668381378715
0.05823726533501998
0.05902446582181823
0.05949448715251664
0.05958388406467808
0.05979807371825257
0.057450973149096835
0.057401396341375574
0.05838771648111045
0.05838191517238018
0.0582223849801634
0.058258373377269176
0.05948248819056621
0.05967266127441199
0.059670140314968874
0.05964289074527123
0.05964289074527123
0.05969028307285895
0.05963158188977163
0.060141062260855006
0.06041525305802864
0.06041525305802864
0.06016604197771191
0.05888653735416419
0.05696549640385192
0.05687824258385666
0.05834001157096418
0.058379431806311444
0.058379431806311444
0.05838669212820498
0.05844517161687465
0.054760648430696
0.0578542507664316
0.05936239655825674
0.05969623845461773
0.05969623845461773
0.06220435868543033
0.06040186288111491
0.06087112800888386
0.060891956167727454
0.06073671576373548
0.06136041449920514
0.06123818851588281
0.0624023234237797
0.06238038820773392
0.06255901794575733
0.06258550606893558
0.0633492379136928
0.0633030378904753
0.06409482724506435
0.06418952016908575
0.06085615155904334
0.06081553003725577
0.06075135152520792
0.06080120071574445
0.060276148938307864
0.06030905547504587
0.06041839350484632
0.06041839350484632
0.05621966515736213
0.05575034083872388
0.05725601293396304
0.05729052503127879
0.057433425387150204
0.0576088726806807
0.057018915696142335
0.05701931699251656
0.05701931699251656
0.05706186360305467
0.05557415221354818
0.05544159291296752
0.05463680325003393
0.054665431631997594
0.054665431631997594
0.05470180796478359
0.05481534050883174
0.05092883633296535
0.05092883633296535
0.051135933789163285
0.0509580055722111
0.0509580055722111
0.05097069758330199
0.050994566285089866
0.051318956136531424
0.051318956136531424
0.05055696948315487
0.05024611668074174
0.050234797543748676
0.04793871487512104
0.047808406902196475
0.04797007121615733
0.0480669607461959
0.0480669607461959
0.04590590990503351
0.045887708760350684
0.045983332236562306
0.047231547788052254
0.04698744978496473
0.046926771653468945
0.04636911724476702
0.04607004715384528
0.04599229240436871
0.04452028643168303
0.04501984336391057
0.04496413650095274
0.04563972957014517
0.04563972957014517
0.04779016052028602
0.04770221753850518
0.048188453696125816
0.0488938598146799
0.04897671307899637
0.048910635082984405
0.048910635082984405
0.04904256288418568
0.048958761895123805
0.04900294912703082
0.04889510156821538
0.04905493632123029
0.049052695521871345
0.049527447512146335
0.049523769300875396
0.05002796605016751
0.05223462207488824
0.0517494474551432
0.04773596823353215
0.04777389477166289
0.046946119233677294
0.046489144750911066
0.046224048660648435
0.04594846786315247
0.04571856097339291
0.045741348678137894
0.045755947383441596
0.04597949184654391
0.04597949184654391
0.04603286440480932
0.04602810960733092
0.046056730071222476
0.046056730071222476
0.046056730071222476
0.04756533452025156
0.04756533452025156
0.0476820376843665
0.0476820376843665
0.04878810038221203
0.0487912107437961
0.04963944639788401
0.04474721121729092
0.04481211110621956
0.045379155461054275
0.04569964620498135
0.045692473455335184
0.04578201613160664
0.04410709974439919
0.04404672410216883
0.04404672410216883
0.04359532872658481
0.04362433280248182
0.04362433280248182
0.04344216201951942
0.04318735709469794
0.043104661262444284
0.04383515737848198
0.04391485657085144
0.04391203245548291
0.04369902375421507
0.04354948529704703
0.04372402539289242
0.04372402539289242
0.044635730576396936
0.044524069282045046
0.04453641846962589
0.04495917823903333
0.04495917823903333
0.04527492218889438
0.04534792659383372
0.045327732397964816
0.044795377068092536
0.044772542575727964
0.04453365574104322
0.04453365574104322
0.044602461815152254
0.04575541186619668
0.04657252371821224
0.046411797988473745
0.04640729525318872
0.04638809942611595
0.04676960069872
0.0468559497492389
0.0468559497492389
0.0468559497492389
0.0468559497492389
0.04678708179399176
0.04678708179399176
0.04677942924853625
0.046799028349829325
0.04449784621155471
0.04440561916160111
0.04400322042735758
0.043984647404234516
0.03755461610761137
0.03755461610761137
0.03756027178850259
0.0317945937029404
0.0317706974443801
0.031813623083314355
0.031813623083314355
0.03189779607747049
0.031933287437117465
0.03187651036092026
0.03196405515637744
0.03196405515637744
0.03192610579796349
0.03177375512832691
0.031302765051925384
0.03154762434231547
0.031146742386830597
0.031146742386830597
0.03133726319362372
0.03139502555574196
0.031712175561999296
0.03169149047721208
0.03169149047721208
0.031476538224940516
0.03128450083947139
0.03128450083947139
0.03128450083947139
0.03112044287108199
0.03112044287108199
0.031032854123614458
0.031032854123614458
0.031032854123614458
0.031207294595218538
0.03130063407634921
0.03130063407634921
0.03153040407915844
0.0265417270436579
0.026574456282407437
0.026361912091221202
0.026342248659167452
0.026413588287207742
