0.0466667 0.030814115900344885
-0.0866667 -0.08664408694796927
-0.3733333 -0.36838140362666294
-0.1533333 -0.11506547311233178
0.0366667 0.030919733319889786
0.0066667 0.04059556279268006
0.7633334 0.7645465697460241
0.61 0.5926492784090411
0.3833334 0.3838470569279751
-0.28 -0.2654504137200808
0.56 0.5418255329183976
0.1633333 0.1462306490798289
0.1266667 0.109713661340236
-0.71 -0.7639423160485054
0.9666667 0.9940142213399747
-0.86 -0.866360813783386
-0.59 -0.5818838363196989
-0.2366667 -0.2663290950856559
-0.4033333 -0.39986876183449954
-0.7566667 -0.7530782551726631
0.7133334 0.706469418653174
0.4233333 0.40951199711628766
-0.2933334 -0.2996604924326677
0.72 0.720494198345167
-0.9666667 -0.927815733292256
-0.9966667 -0.9850140658983535
0.9833333 0.9856501356715617
-0.6666667 -0.6891676384715755
-0.17 -0.16951403841233287
0.9 0.8614799417704311
0.03 0.023356868523059682
0.27 0.2487790490359572
