0.0466667 -0.09470491885799137
-0.0866667 0.00084386085988164
-0.3733333 -0.40790908940635856
-0.1533333 -0.17813049963017197
0.0366667 -0.3583675265734847
0.0066667 0.03516810777887708
0.7633334 0.7992970108952946
0.61 0.48945906632812636
0.3833334 0.3163162354704794
-0.28 -0.2645597367502337
0.56 0.48635890091814493
0.1633333 0.27109713425702864
0.1266667 0.21135828572573023
-0.71 -0.8196728771614866
0.9666667 0.877699653787351
-0.86 -0.8189075993438578
-0.59 -0.6053255109475599
-0.2366667 -0.12370195659868932
-0.4033333 -0.24357511452151992
-0.7566667 -0.7406335827124597
0.7133334 0.7313044203819297
0.4233333 0.41341845136549205
-0.2933334 -0.22425732412050758
0.72 0.5233190690521099
-0.9666667 -0.7621023554904489
-0.9966667 -0.9405865569378037
0.9833333 0.9761542154817942
-0.6666667 -0.6357145228652399
-0.17 -0.19386326678768856
0.9 0.8780374748063293
0.03 0.07095114550558163
0.27 0.2221610558349586
