0.0466667 -0.0333532201739245
-0.0866667 -0.11013846400767466
-0.3733333 -0.38959524664178097
-0.1533333 -0.15679384952687536
0.0366667 0.022541719038047803
0.0066667 0.03203183001472887
0.7633334 0.8300456367323614
0.61 0.6578095731209801
0.3833334 0.4323272809411559
-0.28 -0.2638859786451471
0.56 0.5759056178419495
0.1633333 0.16638673549719263
0.1266667 0.19715376164677928
-0.71 -0.7264326753955639
0.9666667 0.9693619881857032
-0.86 -0.9162730640217912
-0.59 -0.6163005205533317
-0.2366667 -0.29876764950832635
-0.4033333 -0.41396876800401716
-0.7566667 -0.6783009787952474
0.7133334 0.6992838789931555
0.4233333 0.40135137947713256
-0.2933334 -0.363802794261923
0.72 0.7025009011914257
-0.9666667 -0.9513608884909363
-0.9966667 -0.975139845558766
0.9833333 0.9811730736967146
-0.6666667 -0.6125580987064052
-0.17 -0.1715275570030313
0.9 0.8652245445816477
0.03 0.02602511733523938
0.27 0.3301261175393505
