0.10760382423171255
0.1367485951015568
0.140947817318958
0.1444433039595573
0.1497247446298545
0.1461278051808055
0.14743729656297547
0.14179747307826465
0.13656728610423116
0.13907011394341862
0.14037745336802657
0.13982333746708797
0.13828153571861135
0.1412387861256957
0.1443714494929305
0.14256928268719019
0.1486272623814166
0.14966441460708982
0.146669285086073
0.14598301391443955
0.14804299223348705
0.14161131401285046
0.14403057971315134
0.1496629174784949
0.14990777730723326
0.15104547866673976
0.1513130576207749
0.15032579495416298
0.14990510190292666
0.1510350936920104
0.1504776714186143
0.1479167758924303
0.15101492423927262
0.15262393901231153
0.1514919272323448
0.14509343205289077
0.14074652900977005
0.13610106703079805
0.14264585377546124
0.1427167441225493
0.14186920924732982
0.13945678535739278
0.14346539687862778
0.1436641851547504
0.14463038107009518
0.1426373399286604
0.13877400243625612
0.14039578927652735
0.13893412866529345
0.13606544171430607
0.13620055277139514
0.1358590661203412
0.13577749135725128
0.13172793127443605
0.1366354087724534
0.13223063131582086
0.1340404171332759
0.1348407861488063
0.1390666100517457
0.13829094469359623
0.13308194788033925
0.1318538247973701
0.135693027567824
0.13863740718641399
0.1410065145015805
0.1416802715115537
0.1372105238819574
0.13690063089779217
0.136234279924696
0.13104030020204638
0.13122516615946273
0.1288543137862731
0.12406525956223954
0.11839701586140006
0.11550860737180611
0.11661679597360251
0.1175004292279353
0.120051398435019
0.11936992023142777
0.11245107703299935
0.11177962977967083
0.11338348038685282
0.11048342125878105
0.11351013274543391
0.11360388879699151
0.11711818555691644
0.11673098360148045
0.11694668680733601
0.1148227500233476
0.11437868965242122
0.11789714727561998
0.11818430890259196
0.12408270630275316
0.1249223061577129
0.12793306905331675
0.12963805868475775
0.12966643420463217
0.12996088996716018
0.12635967252971342
0.1305056179014412
0.1289617712645278
0.13133354347132142
0.13373832947655132
0.13038634715274222
0.12985631416626808
0.12732603074464788
0.12955509951735994
0.13156839030098363
0.13411631505774377
0.1402920321002573
0.13812502536938515
0.13171997623094467
0.13325333858576346
0.12750240817480335
0.13026059119927566
0.13133388726898002
0.1307253515028858
0.13290519722370822
0.1315216339775406
0.13288314704497306
0.13457812669491068
0.13539505761808507
0.1319795711850417
0.13588193971708448
0.13866425472301527
0.13552316203947404
0.13167931193271878
0.12923519443077844
0.12826874293874563
0.1312650174947854
0.13201216984057804
0.1305997003824923
0.12978000326815678
0.13489853855801862
0.1349031050943549
0.1332645630648464
0.13136114245349334
0.13292030961126494
0.13579048398259191
0.13353493759204427
0.13340249884534341
0.1336752788458253
0.1293764545912504
0.13111322553310434
0.1286349902563956
0.12540219663160493
0.12502783451306296
0.1255108193653216
0.12455286563129898
0.12479417519324548
0.12476117355878438
0.128116991865337
0.12663722620749954
0.12580491609653538
0.13074073279614293
0.13098380501603532
0.12382787277043013
0.11681896185850008
0.11548043710971093
0.11466341320630485
0.11710312792531988
0.11828997992383025
0.11638014760725031
0.11484678239099902
0.11125845060166703
0.11354167531124248
0.11675077817965997
0.11679915789035597
0.11496404054641432
0.12141501420426903
0.12028486206835484
0.11474875388515467
0.10969144481052258
0.10611617956136096
0.10537565948958363
0.10560791007979457
0.10640260916066908
0.10747539987962895
0.10639130500899295
0.10814123197111775
0.10697684185921418
0.11012572698962725
0.10936158883985844
0.11377691827650964
0.11432651077920433
0.11401588899786315
0.11071791345637468
0.11263390949566696
0.10955723781288619
0.11088088506730218
0.10948058157068906
0.11329208025237827
0.11439557506101368
0.11641557960764087
0.11869283535918111
0.12040258291785674
0.125851139547259
0.12882805870762343
0.13136310670816256
0.13275320423903608
0.1331007980971719
0.1252912870220218
0.13237058899950832
0.13322483279434782
0.13217447405128266
0.1241739983953636
0.12416765670916423
0.12165817546550657
0.12154807438185465
0.12211987846988039
0.12327242377908731
0.12420390332821701
0.12452241722238713
0.12579347911299524
0.12274124014710851
0.12207423972228916
0.11976585225256517
0.11818689850559093
0.12106161276158177
0.12021648219715463
0.11700197160609119
0.12020359010955849
0.12300893504735591
0.12308033357632929
0.12278404291397103
0.12500193999217885
0.1294696248945664
0.12978388534676652
0.12867170508467915
0.12857476744879712
0.1260708732490788
0.1260706024830643
0.1292648356326096
0.12862753154053572
0.12981061977315825
0.13152740623629844
0.13166499056362793
0.13115346809091602
0.1352384038739447
0.13364156217526144
0.1312088570295538
0.13033961040035733
0.13255049419519033
0.1277219829370609
0.1278516514598544
0.12445873114267725
0.1234905418996333
0.12108956183772387
0.12336933667434835
0.1222918376027996
0.12166777651236473
0.11514732779348773
0.11471856451257369
0.11368121627426192
0.11762237363754875
0.12174203500399913
0.11776868752800025
0.12201959286918228
0.12224909145180789
0.11979937898050455
0.12182208508381363
0.12468311677204337
0.12482483806591609
0.12533201248133077
0.12639050503753127
0.1271850755976403
0.12387220555315685
0.1245618828635877
0.11619016536210394
0.1099753465512631
0.11282586098527134
0.11009709416816352
0.11130792768383839
0.11169796474871066
0.11198361137615963
0.10976737942579602
0.112628392443574
0.11186325440417852
0.11027267478678644
0.11301732687308096
0.112401124453553
0.11499058148214183
0.11696441229089459
0.12135792704140154
0.1221740371472076
0.13065758491214327
0.13222508190493096
0.13419596751899635
0.13064452620079686
0.13839848828216061
0.1429463305016744
0.14487553391173227
0.1488928709150139
0.15184370959853405
0.15200308846668398
0.15418454907501358
0.1486424753603672
0.14906314237139517
0.14976788372547647
0.15120219335305088
0.15258163007220238
0.1560134906688848
0.15701814006487158
0.15652730517713515
0.1537185732749964
0.14857821943434624
0.14803613600052615
0.14768243462431024
0.1436127462923018
0.1468604885938055
0.14828292919955952
0.15277353479022332
0.15519049645056426
0.1528737861626179
0.15052040496089678
0.15096565712654236
0.14978433611773626
0.15292685442010767
0.15292180724576326
0.1544582064242878
0.15568758352369255
0.15703515982030952
0.1664781584351572
0.1682444762071325
0.16536479815823482
0.1644155873090282
0.16291714943238012
0.15906361959159004
0.15837120433184818
0.15642963734044033
0.15508774933326278
0.156560817371727
0.15809095029629572
0.15673793955353377
0.15414216645146828
0.15305305778934047
0.15573768958493134
0.15337603486327822
0.15463199141367978
0.15599179470723767
0.15527880652938034
0.1506244905331123
0.1454846749927273
0.14215891516926074
0.14110325549810956
0.13786051650241385
0.13600127437075205
0.13413470537961097
0.13159878588450608
0.12761296657936116
0.12866020151214597
0.13126021223365306
0.13147626545790742
0.13163949145795725
0.13651656651032062
0.14019831424978
0.1348755911764
0.1375746530956862
0.13595018916813653
0.1349532825392808
0.1309489897714915
0.13410889159187056
0.13358759543580215
0.1321105270750551
0.13406169586090835
0.12993406126904597
0.12829614392888436
0.1271938121869738
0.13050340348365627
0.13203404501075833
0.1340126192244882
0.13509735196378753
0.1389199442378176
0.14084934379013264
0.14594821102802152
0.14489288723336863
0.14059867501800904
0.14724656360983537
0.147797294177911
0.1440399362544921
0.14195749700288027
0.14045603600935105
0.1355319167900159
0.13190881495100137
0.1319444382222984
0.13125988616102052
0.13299417740270916
0.13571625900058457
0.13089252227803916
0.13347176468318528
0.13202454619437992
0.1302841626489384
0.13309818938263096
0.1359881445064978
0.13631642773156277
0.13564263030833604
0.13454508295550446
0.1286237218249283
0.12981266951395445
0.13018718916181082
0.1301646217369787
0.13137068904577548
0.13075179109887647
0.1234298730539786
0.1276769714938556
0.12847415698623618
0.12239346534810429
0.12114313918107142
0.12080347793554172
0.11224168168080205
0.11492554276961767
0.11502151861160918
0.11393907821053101
0.1132932469337136
0.1094123379862975
0.11235406974030768
0.11373171856422984
0.11165496200451769
0.11240100541673838
0.10849365210563644
0.10610049277347428
0.10828372943268114
0.10978637285675985
0.11560293707856649
0.11349772139918742
0.11749638000065855
0.12323897474488493
0.11964454686932502
0.11382059864255413
0.11557839322292633
0.10877480149695593
0.1052196148005723
0.10233527814982525
0.10654233212588408
0.10832223037358839
0.10618191761314068
0.10708196848376372
0.10391485919967587
0.10732029736990835
0.10935660172941211
0.11107249767555191
0.1150560051830512
0.11308098162236584
0.11357237906500109
0.10975990190421445
0.11007644122917744
0.10126222374619603
0.1016745171917253
0.10230165496738156
0.10551444039322112
0.10029863303037446
0.09759596385717795
0.09684300061652884
0.09743216664608599
0.09600558531239142
0.09585485624809631
0.09420226335002613
0.09522930247607528
0.0989690145586816
0.09892057081848797
0.10206853591445066
0.09721786972046978
0.09673452088571731
0.09561784235424482
0.09681919896655404
0.1016115207907423
0.10496213036433187
0.09958633944548907
0.09895459033077522
0.09844993156384105
0.10135911697455209
0.1040386999913463
0.10684042908951943
0.10844118259992011
0.10795384590331608
0.11041765929881056
0.11463317826488964
0.11804136569255744
0.11401634380484779
0.11348482016110499
0.11675046955251138
0.11596135251812487
0.11706506404137283
0.11600019253310838
0.10901270976944262
0.10811377945307202
0.11155204807500826
0.10728406770145708
0.11542776091168608
0.1160689015529535
0.11093664034105111
0.1171339004033417
0.11567562567495641
0.11909103063622234
0.12163253361148632
0.12027847943943391
0.11932100199614887
0.11978344769111836
0.12077758309585615
0.11791870779036925
0.1105137574741353
0.11083496464614605
0.11251868392068679
0.10995883653670369
0.10438782290752306
0.10822661270671212
0.11537852373666703
0.11270864262464753
0.11228017746550485
0.11476702252925625
0.10836443831219725
0.10798421092676161
0.1143313963360146
0.11265213380221499
0.11726709975661392
0.11778321570441395
0.11737405020208984
0.11628326868299473
0.11830377231902156
0.11906526979077843
0.11678250143571507
0.1205884893268789
0.12249692088789216
0.11857455718921214
0.11834172514210999
0.11731846083228702
0.12113576940571409
0.11915188200675501
0.11710676264295337
0.11760950766018782
0.11735172742677101
0.11687842687662585
0.11820743608677037
0.12160952696496101
0.12413629482655605
0.12367798054660946
0.12310081494983861
0.12377859656828635
0.12473676686239334
0.12547576354446635
0.12558281715358638
0.12638814230182205
0.12697679593921496
0.12704608020653027
0.12682406046789632
0.12632882749813037
0.12858620369656573
0.1275494932127115
0.1276579235105906
0.12616748757365595
0.12548287597618482
0.12212917832242852
0.12195475885508665
0.12744908508667516
0.1260973792588703
0.12497350098218196
0.12789412845715364
0.1330820417496525
0.12775246485285965
0.12947541029996906
0.126383395627176
0.1290239809612598
0.1294304360160992
0.12837582278335163
0.12391510213218879
0.12469561660166563
0.11954112580789383
0.11929817369538744
0.11963494913368179
0.1190733944745235
0.12268151343930972
0.12252900662513155
0.12395972580072205
0.12559157205963933
0.12773785143464236
0.12549052739905867
0.12411992059632974
0.12205042569837489
0.12413298228732754
0.1219250896361165
0.11955091823746977
0.12015242057871756
0.12336657703682083
0.12202846523850268
0.12010898363368688
0.11457035858838421
0.11674290629624111
0.12510361736430364
0.12413821602866541
0.12400454603349842
0.12763914914023916
0.12766425534600293
0.12618320191558852
0.12881900048900755
0.12870581173439385
0.12965218025298125
0.1335180311678845
0.12397485897686938
0.12187791581467554
0.11780500553647696
0.120881260990237
0.12202720758110853
0.12071449794669141
0.11947287550181576
0.11997544615680589
0.1180773131859362
0.11471235143286829
0.11140462961236675
0.108399242775924
0.1069352358499672
0.10759715317328893
0.10752196320613548
0.10687194857216435
0.1095875870374925
0.10788442748899199
0.10883746113918742
0.1085331682588534
0.10883888896220573
0.1074589783562995
0.10890159146509158
0.10652380746994039
0.10399384804170318
0.10156431281521028
0.09949905786155437
0.1016847093140219
0.10119547660173536
0.10283866928145721
0.09932224745903787
0.09937313386355057
0.09380109664014737
0.08799026839110818
0.09013655632557946
0.0906477750548943
0.0900074978860031
0.08967122675970499
0.09067992391159739
0.09154310343008086
0.09435545147486281
0.0962600303143463
0.09849588997182768
0.10032262761567518
0.09961520732323638
0.09603000177053528
0.09838552218460267
0.10009912046337262
0.10334211746712789
0.10609788111699014
0.106631128129813
0.10353449137141303
0.09962907835884888
0.09969661114097239
0.0998393654254527
0.10097692388282399
0.09821950467191198
0.10195688849108074
0.09979566689086411
0.10025659246950208
0.09651018855132473
0.09495128816600455
0.09074954351163383
0.09115086244541688
0.08845285484479586
0.09479342307746816
0.09709630889254893
0.09669638441867552
0.1021354927022355
0.10860814617204344
0.10453199245831042
0.10548681804362026
0.10384574655631143
0.10403587414994526
0.10454147669220692
0.1113973953686816
0.11001785278240299
0.1085323629072704
0.10634383455119586
0.10543457511857421
0.10494458519717638
0.10170992248157266
0.10237700778354067
0.09748793845236793
0.09901218895102941
0.09184654150541435
0.08714101013694235
0.0869501661867066
0.09006587911177724
0.08921477313384468
0.0913788192002179
0.08874185828923183
0.08540559510342217
0.08771494325382466
0.087373058849537
0.08612933399152134
0.08464723440405379
0.08343330971715748
0.08602090488050158
0.08892286481661224
0.08966794167394226
0.09127432528404578
0.09274537153958637
0.09444441857961725
0.0939803546351653
0.09627415785905047
0.10098054615250042
0.09905309242699428
0.09275504603721986
0.09491094264839552
0.09587344721256505
0.09436611569658108
0.09700030797510976
0.09950789359340032
0.09853813239639575
0.0980444958317096
0.09670402370209019
0.09243539007949826
0.09202730053000734
0.09197038730144741
0.08848156508952018
0.08511701683596126
0.08445359471131005
0.08789404298386068
0.08977100249199454
0.0918474950210858
0.09342210341990655
0.09335834221369964
0.09623545857589041
0.09626036868802335
0.09635378686399174
0.09617481122563647
0.09574769313582938
0.09726554776886363
0.0974549566539822
0.09227317945304234
0.09313846290104992
0.09146442732438115
0.0899508827642025
0.08854726678685917
0.09116261260713945
0.0912330892270949
0.09318239902213507
0.09572434133808363
0.09661536832090717
0.09769458215735342
0.0963233690013332
0.09587224748283285
0.09714523815627851
0.09496790282642566
0.09525496685827484
0.09294917562859702
0.09527572667570887
0.09343767036516218
0.09007340303054549
0.09055981173543887
0.09061781018391717
0.0882379987191576
0.08969346945338398
0.08489251245237109
0.08756518032988561
0.08442374017366522
0.08273485930406131
0.08106546688084648
0.07792629118400271
0.07913029103591285
0.08339537655143214
0.0856866173948166
0.08530630335717879
0.08602426265583588
0.08799833297498413
0.09048048947771446
0.08920763756664053
0.08738996068937838
0.09081188754866786
0.08916346249249568
0.09009546795472896
0.09002254431885116
0.09251446199638984
0.08764112624718458
0.08815970834097987
0.08791972044784149
0.08858382748131456
0.08236300191025363
0.08309811980781398
0.08089250299517099
0.07941205031981628
0.07714993265531168
0.07556464037349213
0.07551234745445497
0.07432170530013649
0.07681143020140828
0.07451651611549165
0.07207164634624531
0.07242429746165588
0.07228659549980915
0.0722264497926986
0.07723852513563687
0.07519346388000553
0.07716373820218923
0.07662934856913357
0.0777568535555702
0.07808398189596465
0.07665086834563276
0.07700497112307073
0.0733887882164122
0.07598220437783257
0.07698864041716284
0.08126464510974707
0.08114851899346857
0.08069367000217426
0.085138226722094
0.08105055889274
0.0810100450966421
0.07978187768523093
0.07896536123147516
0.07847598553455691
0.0762333075250223
0.07898749419822622
0.0743089214731804
0.07506754216965239
0.07578738806784839
0.07525302324816789
0.07758951903087921
0.07937268510209315
0.07505350164386777
0.07703659340562607
0.07877676017239459
0.07512672228604993
0.07558755509211228
0.07541689228052093
0.0653951624492938
0.06211182893953524
0.06643796418691568
0.0668519573559694
0.07125519501833935
0.06954032892996279
0.06651243983385607
0.06661691682981544
0.0650632334568799
0.0650071830326465
0.06452197967137854
0.0622558696840113
0.06267396584662074
0.06220904706726211
0.06245374228572134
0.059532123359755384
0.06182993544136285
0.0626223343445251
0.06397795231499094
0.064621772150879
0.06293322384780238
0.06171452250624126
0.06300732559641314
0.06169804716638414
0.0637323183065515
0.06402443576103356
0.06496746322402237
0.06045725473165088
0.06158692923222049
0.057571348504305044
0.06098000056336084
0.061674968047403
0.06239391961540985
0.06250754597912797
0.06310310933989817
0.06352624027941743
0.06490777575853558
0.06733196280946281
0.07002625130217525
0.06738751527799955
0.06651177089554304
0.06733731242371432
0.06943494553668854
0.07355574173641027
0.07306780443530721
0.06977412135915968
0.06538756080609727
0.07317797919609917
0.07044621413792246
0.06488650412089596
0.0694737227551824
0.06850340617899212
0.07223806890661058
0.068775748026328
0.06820677666404606
0.0675168341328577
0.06503147202950814
0.06442962723283557
0.0677023928990441
0.07026880168975749
0.0713855588696952
0.06915816833969572
0.06830559973937268
0.06748466570834932
0.07072562101585583
0.07386008368236613
0.07194138059446338
0.07295313473729036
0.07208225425864404
0.06945661157728325
0.07031147523642971
0.07021170847457268
0.07264403826247849
0.07372728948622909
0.07238167077180226
0.07052233653265279
0.06994093667081284
0.07183254376829697
0.07414689942450052
0.07530868790565524
0.07436566203265303
0.07533738746256644
0.07407823771387771
0.07646166905921535
0.07660124690851314
0.07840036394204218
0.07455756301562014
0.0737859506238745
0.07354249178648657
0.07137392396272874
0.0738944847728771
0.07502920449021756
0.07037473927593034
0.07008687583697533
0.07208051144431185
0.0723643796807895
0.06829169002922324
0.06819123045340152
0.06812189148798496
0.07105350410597712
0.07025848388268842
0.07056532507480902
0.07050519940068889
0.07476923151928525
0.07540836894036053
0.07308859446322911
0.07296306104286951
0.07257001437292648
0.07236961912559829
0.07273392540382759
0.07045150025591573
0.07131259088362635
0.0664358034829169
0.0651733352603725
0.06690801041864464
0.06877189386748125
0.06980109767955407
0.06896496086521127
0.06771224418590159
0.06515777939886991
0.06578758845250868
0.06765442862586867
0.07275638393612896
0.07381476316773143
0.07578077639942275
0.0756653299121855
0.07529294207694134
0.07408750859446422
0.07353107194956603
0.07198012243216496
0.07124741041603086
0.06637869812894533
0.06881409716473819
0.065550282198821
0.06442150658953344
0.05887812163399149
0.052580421580172156
0.047078174018285394
0.046731538665354594
0.04489413183513866
0.04411243906434921
0.04465665155097066
0.04403935809841212
0.04615500612644954
0.04682254905903518
0.046719071747631194
0.04737407516119893
0.04743014518467877
0.04820911569128769
0.05016410489434751
0.04684817930281274
0.04558783903624252
0.04292202798192002
0.04284166204085006
0.04316606089406823
0.045274167028792
0.050244288729348344
0.05118517211075744
0.052667723853724965
0.05013887430244842
0.04850790682572302
0.05129814149060886
0.05139217252211232
0.05089749332939066
0.05009493062694527
0.0506320740322649
0.05021842340303728
0.05259850212064867
0.053652325768790844
0.05411100706319788
0.051365929709538787
0.04989968094901556
0.047159804648734205
0.04791514328724886
0.045879849183799
0.04512539133009838
0.043319458477266676
0.04095934761695711
0.04130870685506712
0.040661363433015914
0.040198407111457064
0.043869950521205715
0.044227712117672166
0.04326911721646119
0.04185656006649152
0.04136542007374015
0.04281569434897543
0.044379881710158685
0.04508889934751303
0.04448003430462704
0.045194628674704994
0.042297554403886606
0.04114047735542427
0.042718231093754624
0.043968153350494164
0.04645041581043406
0.04504788542134876
0.04815975728373325
0.05221267882925961
0.0492789384336855
0.047805593992375446
0.043535065980494725
0.04539892271708973
0.04261082987006963
0.04372050627335513
0.04080973049095691
0.043852156464482664
0.04432131658724285
0.043148115998506056
0.04474901324095764
0.04692610866066037
0.050414528334233225
0.05208888622887943
0.05746173185258705
0.0542709170271879
0.053820628083409795
0.052152031267180265
0.05118180063892364
0.051551029919895595
0.055342363662302455
0.05442925699988856
0.05172161898428603
0.05276039912571429
0.05549960693682575
0.05328499654575671
0.05286000545134463
0.05136153850683553
0.05322895383785254
0.046108669809337796
0.047714231287213645
0.04812997071395774
0.048827339801262686
0.051720641373386625
0.05303703976849247
0.05380979208677413
0.055771184661950066
0.059881747036759025
0.06264265613375582
0.06369451164148816
0.06387171540524351
0.06528634321911955
0.0627318689991251
0.0636876982972855
0.0646237942657502
0.06655062314375486
0.06716982533665136
0.06654505084795054
0.06533780861878308
0.0668825507453874
0.07015301620129585
0.06710530585418084
0.06875572982010178
0.06748362828733752
0.06499912829326604
0.06561385692129164
0.06683849361042116
0.06868759729241072
0.06770311675666789
0.06756797648818534
0.06521552066819788
0.064586048845197
0.06593884871081682
0.06899110089077837
0.06971994496416417
0.07364819492495409
0.07251371671018324
0.07252205412430963
0.07370278246929647
0.07392355654106651
0.07351872541806187
0.07543687323741806
0.07531445756088233
0.07621184269194545
0.07657941432570303
0.07547982911237369
0.07248229343992839
0.07087423925273248
0.07355634525368132
0.07398469787669507
0.07556908635048823
0.073039516636897
0.07221359586662021
0.06898747834953943
0.06962491077713581
0.07258211194884642
0.07418110957561111
0.07227366793980881
0.07104652657229302
0.07141078374176556
0.07184052071037933
0.07065412645632455
0.06986431208773514
0.06964319931903148
0.07033111223040589
0.069341376702756
0.07156493964862731
0.07437869231826622
0.07634177359200321
0.07183604640331888
0.07041326415263834
0.07232049465538265
0.07307445945301551
0.07401430040478345
0.0766929271971914
0.07614166938891109
0.070783102785267
0.07114113082033335
0.0704686683426911
0.07288253031659793
0.07506632370774118
0.07368668381066161
0.07344292646771086
0.074443621971882
0.07363269824624386
0.07222709601200233
0.0719134887265589
0.07150574983681948
0.07119367745958718
0.06916065585958976
0.07051157735264019
0.06844106425162039
0.07106537048530902
0.0722761663357693
0.07159261943963077
0.07046676209608439
0.06895767171664038
0.06584779829801787
0.0647057525903787
0.06394244786980413
0.0640168992275971
0.06547800343373733
0.06562290906487517
0.0667901143382471
0.06845309417040672
0.06713853083025659
0.07009884964210406
0.07325011590694394
0.07661797836634128
0.07784611801030536
0.07839132234548403
0.07994615138544263
0.08187470019034863
0.08102073629626118
0.0795006377528987
0.07861228057012602
0.0774001668115746
0.07878038272454477
0.07905615097345736
0.08171560278018358
0.08093961952885456
0.08052008516215262
0.07857657538818653
0.07769128614411798
0.0765226303590856
0.07832467884563514
0.0800719869409051
0.08035229468709493
0.08083824673667758
0.08088534913373478
0.07974867425866652
0.08351291562268458
0.08536765377686661
0.08641417954817485
0.08415839578449907
0.0835550813018485
0.0840956532815037
0.0831733495248501
0.0822421710890315
0.08088546139293072
0.07676578005082392
0.08124302155720782
0.08079167661901122
0.08163743921469424
0.0830743348763334
0.08208154165138261
0.0811418424621483
0.08319600181507525
0.08139733790791355
0.07958377242203943
0.08044851785122399
0.08022044121190011
0.07906029510233815
0.08078189915257922
0.08184861467380639
0.08154186604772583
0.08320556113400171
0.08260030015464707
0.08317825428420135
0.08103644839849976
0.07881612318239796
0.0778479127142322
0.07494340258244185
0.0768167083898594
0.07710474289445937
0.075176376500924
0.07434167800941109
0.07561902352462158
0.0765816583360866
0.0807632314613612
0.08018974238181853
0.08095905294542613
0.08183412695247211
0.07975520200627886
0.07905110770794567
0.07703451283378457
0.07754038262550594
0.07877076726780277
0.07840179842889021
0.07663892378979482
0.07650740667574024
0.07845950401489046
0.07574030714582158
0.07778796467729275
0.07496885401789866
0.07534289493556916
0.07389681977530564
0.07401927464576331
0.0722641271013674
0.07807179877946384
0.0788832036834508
0.07964770805945015
0.07585819917000015
0.07596272036679479
0.07564655924413209
0.07416607767057908
0.07160296915605877
0.0713912469513971
0.07006373865039665
0.07006836653779427
0.06858147880899298
0.06310843978073565
0.06343202602896335
0.06353089520827924
0.06390235899961946
0.06326273036605118
0.0645948205781934
0.06482792873521954
0.06435507445164881
0.06628286429838837
0.06668181572455165
0.06808747557453497
0.06896310278342445
0.06576427749345666
0.06692901620978955
0.06918798833757168
0.06909001672436979
0.06920450182007717
0.06837071165215726
0.06654843578992785
0.06824984572198908
0.06906325171193915
0.06760565232410903
0.06502038012526848
0.06515755835352859
0.06544182627481371
0.06498436545236991
0.06539629610205745
0.06606090545601395
0.0663372585666635
0.06645063164560276
0.06704512162081892
0.06681985291763118
0.0664993929613632
0.06573191026283844
0.06443999155803774
0.062318724225755656
0.06410325652106351
0.06419134715726692
0.06370970643603747
0.06272873124003142
0.06677436211203248
0.06837098092314874
0.06747711576071344
0.06973108907241063
0.07210411233706134
0.07168312992246452
0.06856581907163532
0.07020109401783071
0.06972609372515137
0.06817302698068176
0.0670440860684628
0.06859655064083874
0.07045581347799033
0.07012545408631388
0.068150918074102
0.06869575759984882
0.06707858621541274
0.0648630655770121
0.06474063322552731
0.06620123090971217
0.06895520339410065
0.07031628916138455
0.07008225834909612
0.06538783782095506
0.06735175857690215
0.06862861824016765
0.0679660527006666
0.06743014680181067
0.06646957510722942
0.06469757867145891
0.06867135177030768
0.07069735671197601
0.06954382173788991
0.06976631870461182
0.07025787596830162
0.06579477286840205
0.06601442369526592
0.06447991861180365
0.06500936846963003
0.060542556678377615
0.05874118930719143
0.054444768100814826
0.05344101943095817
0.05296517339981043
0.05504565435974812
0.05555827781460026
0.05804602188722925
0.06018357169308996
0.06002878118623158
0.06282688298352407
0.06407840028498998
0.061517585256097025
0.06166836974153724
0.060857362440149027
0.06034483190469752
0.05632388606250251
0.05059927933138799
0.05044616063769894
0.04928089167574352
0.04671561074118143
0.049085015908294276
0.04841182942629811
0.04806650468606877
0.04652513569171446
0.04695856320667651
0.050866072331812416
0.0527404079915532
0.05146486311758286
0.050559639147745646
0.04971715823222887
0.04623906779298665
0.04540740251338902
0.0441329395372329
0.04081093690792038
0.042673556815807305
0.04004204593683432
0.039277098947031595
0.046093230762617315
0.0443965423005389
0.04618263894816402
0.04499773861038781
0.04647730575722789
0.045848861241188074
0.04470111187009042
0.04468155683417855
0.047243871479332476
0.04480339341447776
0.04260380633110084
0.039203057312895966
0.03891430587572834
0.03549063649605273
0.03623357253048505
0.03554206628271092
0.03830990975973658
0.037829092641699674
0.04145848338600139
0.04186259731103663
0.041460463452114744
0.04368186838490873
0.04306855071444105
0.04494989507856863
0.04657490676762263
0.047776484513775794
0.04223280958450902
0.042606876692996724
0.04538773684466888
0.044781811346219884
0.044405099405721536
0.043920115828821084
0.041372418797983514
0.042906922515504625
0.04706888314024324
0.046608245759801735
0.045186833192574494
0.04516950182333593
0.044042734549448785
0.04243570857820826
0.045754277788802596
0.04648047274325826
0.04854032450989303
0.04982526746159746
0.048547119486129886
0.047834627178181
0.05018087586759411
0.05112581523523838
0.05351557839306176
0.05419488714203498
0.057737682166892894
0.05893514945466573
0.0601778736757255
0.06110335972231786
0.057891508486124045
0.05698075930859065
0.05856361560709722
0.05990592941074957
0.061608207091020765
0.06094350170751052
0.05990527002176276
0.05893581677489555
0.05986575527708719
0.05833860912683109
0.06061598984122609
0.0573281595864112
0.05664329953897135
0.056461123616224414
0.05601727487885198
0.05646596363999504
0.05570979337930148
0.05470597936409615
0.05609988510117244
0.056009957039939426
0.05644013027815611
0.05600395812629681
0.057347789447841614
0.05645048653643888
0.056535504400783185
0.05687012682854173
0.05608166023116133
0.05603293326382035
0.05537166523556653
0.0547826497856064
0.05458684064473753
0.05422472786415907
0.054358619630074365
0.05482893082060864
0.056051243442052964
0.057498179111267804
0.05733363987223995
0.05852458211848626
0.062244719917594594
0.06101303361627421
0.06097425827496052
0.06092440627151646
0.06025730875092037
0.06025730875092037
0.06102594769791436
0.060903494584115626
0.06307758866071658
0.06269731425415909
0.06344873199769328
0.06368132746467402
0.06469480943456156
0.06853861592100999
0.06854296337681334
0.06854296337681334
0.06888739943342709
0.0696181763234642
0.06979388119992867
0.07015663061304815
0.0679201927660982
0.06791622814448847
0.07432870550431037
0.07434787199792035
0.07448054616272466
0.0744088294245922
0.074173651015432
0.07447020888898988
0.07389621761833998
0.07408501019542597
0.07479844088314946
0.0748396998892049
0.07343914099376095
0.07287256786832595
0.07287381021356205
0.07224630041894951
0.06887974530470004
0.06909630317045061
0.0682664804284325
0.06803926507019081
0.06872199965806872
0.0695960752801166
0.06910623281560939
0.06942784591790174
0.06899620282852625
0.06994435393532361
0.07070595495103602
0.07069028073962307
0.06968662285581351
0.06934137689426781
0.06858995048364488
0.06936429342731487
0.06936429342731487
0.06957445191011731
0.06951850731060978
0.06901803985425374
0.06927122583342181
0.06792418217355722
0.06820161399122736
0.06956762301527969
0.06978888083476353
0.0696754278735511
0.06912873593265033
0.068577486550511
0.06736973117935387
0.06478535269569315
0.0660121033497388
0.06525530738967895
0.06525530738967895
0.06448606722693358
0.06457217206484434
0.06259543105745452
0.06220604611341303
0.06240940960558421
0.061980294038090585
0.05904709130052598
0.058958390674092635
0.05531838712948616
0.05531838712948616
0.055758960907958725
0.056226276007763115
0.05617620758888596
0.056296643377164106
0.05640598763313871
0.05647381812766838
0.05654956847079222
0.05336967933003365
0.05402953737380292
0.05381267678844512
0.056927012744715115
0.056925491830754
0.056976743736797605
0.05739098425387029
0.04967200112591563
0.05197121626843002
0.05226475641686118
0.05246635483411905
0.05258278843666444
0.051945511258998156
0.05047090480886307
0.05309628666733114
0.05245803809395006
0.05312259497903832
0.05312259497903832
0.05506816633002864
0.05505007982191766
0.055832249869277664
0.055832249869277664
0.055832249869277664
0.05531248705566048
0.05531331153223147
0.05527107420022572
0.05102180671204731
0.05197840601336247
0.05269818734156572
0.0529348707715317
0.046575119160929386
0.04653633460058642
0.04694374567139652
0.04696141710082506
0.043597800920689926
0.04347569122216792
0.04329580971711768
0.04351986886947324
0.044974474643882066
0.04454558754225959
0.044032216699600016
0.04681466162418588
0.048381848071349556
0.04818132088024068
0.048452544672993064
0.0484406666731318
0.048463961764548244
