0.0466667 0.06660218271063989
-0.0866667 -0.12209322345480483
-0.3733333 -0.44423151133428396
-0.1533333 -0.13944826794526904
0.0366667 -0.0006441827438394276
0.0066667 0.06687762712881556
0.7633334 0.7771308135022147
0.61 0.6082534894822695
0.3833334 0.35912922532052793
-0.28 -0.2688081738614292
0.56 0.5987750590472933
0.1633333 0.1390383612115953
0.1266667 0.14684763256043404
-0.71 -0.7700673991896615
0.9666667 0.9760262807789513
-0.86 -0.8258831603894645
-0.59 -0.6114730750415158
-0.2366667 -0.30013088145826083
-0.4033333 -0.34627320018727614
-0.7566667 -0.7432698129816813
0.7133334 0.7066526883934272
0.4233333 0.41072929092725696
-0.2933334 -0.32291743915333226
0.72 0.7300279593104883
-0.9666667 -0.9736476232521325
-0.9966667 -0.9928506392420636
0.9833333 0.9245549223727436
-0.6666667 -0.6710360183485357
-0.17 -0.2053441051294273
0.9 0.9219157228044553
0.03 0.052042497771143004
0.27 0.25319410838575584
