0.0466667 0.03822320868929596
-0.0866667 -0.055993676324566505
-0.3733333 -0.3917291370581904
-0.1533333 -0.14967401607667796
0.0366667 0.016603114832959842
0.0066667 0.007018490917464482
0.7633334 0.7571843376402005
0.61 0.5888742588891669
0.3833334 0.3952713307228006
-0.28 -0.3269230263144894
0.56 0.5553798930093135
0.1633333 0.20104718579855366
0.1266667 0.13447442284701233
-0.71 -0.7195818372001
0.9666667 0.9709498457404109
-0.86 -0.8542835996921125
-0.59 -0.6231043221429842
-0.2366667 -0.2889046637135515
-0.4033333 -0.38897935288656693
-0.7566667 -0.7481827963111227
0.7133334 0.7086097782472355
0.4233333 0.45532705020784553
-0.2933334 -0.2741576186408134
0.72 0.7091071562828616
-0.9666667 -0.9466228690397137
-0.9966667 -0.9964137567647707
0.9833333 0.9957577945368599
-0.6666667 -0.6811813864330578
-0.17 -0.20277275750745433
0.9 0.8834959495380865
0.03 0.05984654467447764
0.27 0.2855358331393857
