0.0466667 0.03157898440096818
-0.0866667 -0.0955486284157489
-0.3733333 -0.37798810449578946
-0.1533333 -0.17205325704638502
0.0366667 0.018148320119495465
0.0066667 0.02711872003182947
0.7633334 0.7620749345209722
0.61 0.5824531178293333
0.3833334 0.37336589957066574
-0.28 -0.2639409031197251
0.56 0.5480606175530862
0.1633333 0.18160808150349617
0.1266667 0.1355056531017852
-0.71 -0.7408375165604135
0.9666667 0.9951405010906043
-0.86 -0.8680806221480453
-0.59 -0.5992585717672467
-0.2366667 -0.2812420301051195
-0.4033333 -0.3806690910311773
-0.7566667 -0.7312505300534062
0.7133334 0.6969926997061406
0.4233333 0.4295277276412239
-0.2933334 -0.282321777714762
0.72 0.700302884459721
-0.9666667 -0.9521036801386259
-0.9966667 -0.9978832656736765
0.9833333 0.973547743643331
-0.6666667 -0.6682819041224861
-0.17 -0.1799327066873862
0.9 0.8924980283060115
0.03 0.03157684189837373
0.27 0.26318674607998366
