0.0466667 0.049942463890533695
-0.0866667 -0.07247345501582753
-0.3733333 -0.4171482883758153
-0.1533333 -0.17978845358540452
0.0366667 0.027466569497419824
0.0066667 0.038809309060922004
0.7633334 0.7972114224347512
0.61 0.6067832027872193
0.3833334 0.3722249458190391
-0.28 -0.32840958642335555
0.56 0.5472968746191321
0.1633333 0.16847381790374616
0.1266667 0.15757162528310914
-0.71 -0.7559343578170742
0.9666667 0.9707739994307545
-0.86 -0.8631072239306694
-0.59 -0.6047381861132071
-0.2366667 -0.24920349619088417
-0.4033333 -0.3889421595754699
-0.7566667 -0.7878618952351201
0.7133334 0.6981630791519333
0.4233333 0.43775883132793325
-0.2933334 -0.3465922614591072
0.72 0.7480636139120636
-0.9666667 -0.9177887414656121
-0.9966667 -0.999123230455106
0.9833333 0.9848980968597125
-0.6666667 -0.6918274030126679
-0.17 -0.1899665187771033
0.9 0.901884545954461
0.03 0.005896166261485203
0.27 0.2518253774741822
