0.0466667 0.022523393868386754
-0.0866667 -0.121325463786776
-0.3733333 -0.37603787723188703
-0.1533333 -0.150626758567733
0.0366667 0.014437313156199505
0.0066667 0.030000286629418782
0.7633334 0.7792533605106974
0.61 0.6173324546978638
0.3833334 0.38236121053466615
-0.28 -0.28385918065356935
0.56 0.5430428426424958
0.1633333 0.14892225320118543
0.1266667 0.11268027230204217
-0.71 -0.7388412812791472
0.9666667 0.9934075056671394
-0.86 -0.8771402437042758
-0.59 -0.5882170652074488
-0.2366667 -0.24446533372745405
-0.4033333 -0.38494207149812093
-0.7566667 -0.7281782028269483
0.7133334 0.7175179533341614
0.4233333 0.42016165261578164
-0.2933334 -0.29115365297019513
0.72 0.7460222470546043
-0.9666667 -0.9300312743449886
-0.9966667 -0.9919550795903184
0.9833333 0.9669609922493513
-0.6666667 -0.6833933599598675
-0.17 -0.15117844892657523
0.9 0.8789840329587838
0.03 0.03371636164720421
0.27 0.2746451058850723
