0.0466667 0.047628030433388036
-0.0866667 -0.09488478094607633
-0.3733333 -0.38693839543465236
-0.1533333 -0.17131318378236227
0.0366667 0.024955311201274644
0.0066667 0.044318233315976785
0.7633334 0.765764110849201
0.61 0.579875836526318
0.3833334 0.3704941131119034
-0.28 -0.3037330814990587
0.56 0.5667749418331288
0.1633333 0.17550871377917693
0.1266667 0.08967589974073192
-0.71 -0.7839296939587992
0.9666667 0.9683845798451737
-0.86 -0.8531304661269461
-0.59 -0.5835499328747014
-0.2366667 -0.24627418507451837
-0.4033333 -0.3554243701785763
-0.7566667 -0.7268862420179929
0.7133334 0.6916980722541999
0.4233333 0.4370972025704563
-0.2933334 -0.2953359566179993
0.72 0.7086002427279422
-0.9666667 -0.9429875416120109
-0.9966667 -0.9697580874980443
0.9833333 0.9849571035933599
-0.6666667 -0.6782368890165957
-0.17 -0.2213655535632913
0.9 0.899717199026792
0.03 0.048458626556041384
0.27 0.27628269219753493
