0.0466667 0.04048607134865201
-0.0866667 -0.06830668631704578
-0.3733333 -0.3680113278964118
-0.1533333 -0.15146213298829792
0.0366667 0.019094603543736377
0.0066667 0.041867546241528386
0.7633334 0.7413989576971348
0.61 0.5951350454540001
0.3833334 0.36558540785997723
-0.28 -0.32788473630714343
0.56 0.5966885278406695
0.1633333 0.17726474577002654
0.1266667 0.10099813874230781
-0.71 -0.749642913058733
0.9666667 0.9235851074476467
-0.86 -0.8626544944995667
-0.59 -0.5726459830889583
-0.2366667 -0.2798745893151582
-0.4033333 -0.35345728617770394
-0.7566667 -0.730571831821606
0.7133334 0.738050308358912
0.4233333 0.3927359914489439
-0.2933334 -0.3058891606729872
0.72 0.7280949059569578
-0.9666667 -0.930859786246276
-0.9966667 -0.9855545395874014
0.9833333 0.9990210698309295
-0.6666667 -0.6887205207367371
-0.17 -0.19443307727589887
0.9 0.890299425659939
0.03 0.0186525526530516
0.27 0.2703151925444226
