0.0466667 0.03926012195547485
-0.0866667 -0.10821251930636785
-0.3733333 -0.40565004316525555
-0.1533333 -0.15878182555617515
0.0366667 0.03638696088833543
0.0066667 0.05906728123410537
0.7633334 0.7430123175506269
0.61 0.6178295510993845
0.3833334 0.4002151389386001
-0.28 -0.24881411408689613
0.56 0.5800856931356475
0.1633333 0.11535683642122457
0.1266667 0.12601802523770078
-0.71 -0.7659133741740364
0.9666667 0.9723296623841283
-0.86 -0.84682694871511
-0.59 -0.5729049791725064
-0.2366667 -0.2858090422457657
-0.4033333 -0.38666216422827626
-0.7566667 -0.7504513351603661
0.7133334 0.7353922527467402
0.4233333 0.3913598191407256
-0.2933334 -0.3465148286495877
0.72 0.731601643613623
-0.9666667 -0.9355118534471358
-0.9966667 -0.9643724159967973
0.9833333 0.9851794119408765
-0.6666667 -0.6645281788954327
-0.17 -0.17368032002507994
0.9 0.9116995309118396
0.03 0.05343991555027083
0.27 0.25065989198039695
