0.0466667 0.018821150453414343
-0.0866667 -0.08149062768957493
-0.3733333 -0.36500192265328146
-0.1533333 -0.2169653919918541
0.0366667 -0.018371763482638914
0.0066667 0.06983278905768836
0.7633334 0.7434238044869955
0.61 0.571593537943782
0.3833334 0.38138701805941255
-0.28 -0.2760630729636803
0.56 0.517741819589175
0.1633333 0.325045137472175
0.1266667 0.18292005817347412
-0.71 -0.7435115453716389
0.9666667 0.9637542690703489
-0.86 -0.9370744842493298
-0.59 -0.5537841619139652
-0.2366667 -0.25985758880259213
-0.4033333 -0.37360826396558405
-0.7566667 -0.7839610323094376
0.7133334 0.6684388244618795
0.4233333 0.2465084690655429
-0.2933334 -0.16144063525922725
0.72 0.7599796778399102
-0.9666667 -0.8150209334538548
-0.9966667 -0.9621981201489408
0.9833333 0.9867914333808258
-0.6666667 -0.6764037932609355
-0.17 -0.12253261724846659
0.9 0.9502085519481589
0.03 -0.006107577340609155
0.27 0.25558739870655434
