0.0466667 0.037142804309218624
-0.0866667 -0.10856607764367543
-0.3733333 -0.45076921104150364
-0.1533333 -0.2468694900706698
0.0366667 0.04046979967837999
0.0066667 0.08216013293359054
0.7633334 0.7750871840980063
0.61 0.5591863842681423
0.3833334 0.39187410217872765
-0.28 -0.24943070479933221
0.56 0.5149429324586027
0.1633333 0.20010017679260506
0.1266667 0.20167876224209585
-0.71 -0.7355573189958364
0.9666667 0.9406984896744073
-0.86 -0.8646644948782815
-0.59 -0.6554189805789541
-0.2366667 -0.26579183880091295
-0.4033333 -0.40288767970211
-0.7566667 -0.6899243683404241
0.7133334 0.7590212387441468
0.4233333 0.4699967123057851
-0.2933334 -0.29181461087431826
0.72 0.7260457249832846
-0.9666667 -0.9264521461297185
-0.9966667 -0.9070947934989846
0.9833333 0.974707517054005
-0.6666667 -0.6004749058364648
-0.17 -0.22751684308304082
0.9 0.8593687923513469
0.03 0.00786866581547202
0.27 0.35335577641604077
