0.0466667 0.06749438389772533
-0.0866667 -0.09032805987987957
-0.3733333 -0.39195904014610067
-0.1533333 -0.16074367254484168
0.0366667 0.008155240173555178
0.0066667 0.04058507087832958
0.7633334 0.764144387104265
0.61 0.5977678273960438
0.3833334 0.34423096854379354
-0.28 -0.2766787917043153
0.56 0.5415070302748632
0.1633333 0.1530298936087055
0.1266667 0.12629954041213254
-0.71 -0.7557231637549936
0.9666667 0.9946850120428499
-0.86 -0.8945526488908317
-0.59 -0.5910518971065861
-0.2366667 -0.25286815172663757
-0.4033333 -0.41006745826430624
-0.7566667 -0.7503287384070002
0.7133334 0.6963846621578138
0.4233333 0.41217418805784284
-0.2933334 -0.29246027013365605
0.72 0.719881004503788
-0.9666667 -0.9410379676997012
-0.9966667 -0.9938748833223827
0.9833333 0.9968309879376214
-0.6666667 -0.704197770313313
-0.17 -0.2031131709793485
0.9 0.8979949423095506
0.03 0.035424147245274706
0.27 0.27924235237555
