0.0466667 0.020267796286135342
-0.0866667 -0.10899836177801558
-0.3733333 -0.3851022924832982
-0.1533333 -0.18677073089601187
0.0366667 0.0035815211707656003
0.0066667 0.02904083772206273
0.7633334 0.7974469574854607
0.61 0.6087228234377583
0.3833334 0.3509570266947113
-0.28 -0.3057762750289108
0.56 0.5493771152188156
0.1633333 0.15844529849016364
0.1266667 0.11487664976111109
-0.71 -0.7854340695989794
0.9666667 0.9850382040405743
-0.86 -0.9064051921237051
-0.59 -0.5960704415554461
-0.2366667 -0.26727013340751843
-0.4033333 -0.3860898564620752
-0.7566667 -0.74858770451584
0.7133334 0.7320919817971105
0.4233333 0.40434583299974397
-0.2933334 -0.28775200075684587
0.72 0.7306115873891117
-0.9666667 -0.9176402698387698
-0.9966667 -0.9996194252887526
0.9833333 0.9931495089733846
-0.6666667 -0.6832181411500542
-0.17 -0.1836352508707551
0.9 0.9108395442048227
0.03 0.022070541170040925
0.27 0.271185257410716
