0.0466667 0.033570094008073426
-0.0866667 -0.07773357312343038
-0.3733333 -0.4015369621939983
-0.1533333 -0.15517416913639298
0.0366667 -0.004612245537647663
0.0066667 0.024304051077417788
0.7633334 0.7506213217877844
0.61 0.5804381095913634
0.3833334 0.3934122855318341
-0.28 -0.2793071293946405
0.56 0.54506802262473
0.1633333 0.18009606964673897
0.1266667 0.1261949854731974
-0.71 -0.7562207540296739
0.9666667 0.9990851863560024
-0.86 -0.8805712041553201
-0.59 -0.6186675588464349
-0.2366667 -0.25304772682600324
-0.4033333 -0.382659048469394
-0.7566667 -0.7461529913819285
0.7133334 0.7035014476275805
0.4233333 0.42291321735649373
-0.2933334 -0.30993246997695256
0.72 0.6915260452712497
-0.9666667 -0.9201834645914381
-0.9966667 -0.9957012088230554
0.9833333 0.9952101746806807
-0.6666667 -0.6898688166712237
-0.17 -0.1996318113115279
0.9 0.8816404529290779
0.03 0.008064178221605323
0.27 0.2615773403138589
