0.0466667 0.2910257795664275
-0.0866667 -0.05908339875881938
-0.3733333 -0.36456295029563746
-0.1533333 -0.12232217732998318
0.0366667 0.19989046117446546
0.0066667 0.03937640036754514
0.7633334 0.5850066753884537
0.61 0.4188923917097703
0.3833334 0.17394466922360263
-0.28 -0.26847490301389115
0.56 0.379539165661841
0.1633333 0.20307742148764274
0.1266667 0.18521624031983672
-0.71 -0.6556613624112656
0.9666667 0.7460223362584497
-0.86 -0.8346524929755306
-0.59 -0.049302655672107426
-0.2366667 -0.3030309234770973
-0.4033333 -0.34098999186523454
-0.7566667 -0.765449768617892
0.7133334 0.7669412616346549
0.4233333 0.4870734595873636
-0.2933334 -0.33027051262236845
0.72 0.7241947565168957
-0.9666667 -0.8826984487527015
-0.9966667 -0.9320793738396407
0.9833333 0.7518631511513474
-0.6666667 -0.6994569102012403
-0.17 -0.18536408213442707
0.9 0.8835219735307696
0.03 0.0075809253620862105
0.27 0.20984055331536028
