0.0466667 0.06492502305741901
-0.0866667 -0.11205641338740185
-0.3733333 -0.36959812573285
-0.1533333 -0.15290672752152923
0.0366667 0.03209915534641733
0.0066667 0.017930299295128682
0.7633334 0.7593768236794651
0.61 0.6143055316173041
0.3833334 0.3846122376333693
-0.28 -0.3145985797226965
0.56 0.554627143503137
0.1633333 0.1803290590510382
0.1266667 0.1361676758208707
-0.71 -0.7692213076424602
0.9666667 0.9789536430546841
-0.86 -0.8837612949617258
-0.59 -0.5917554776995233
-0.2366667 -0.250766443812858
-0.4033333 -0.4030126870174437
-0.7566667 -0.7357834076186613
0.7133334 0.7018863062544505
0.4233333 0.4124725677749283
-0.2933334 -0.30698318233888533
0.72 0.7146594451730668
-0.9666667 -0.9324901993943538
-0.9966667 -0.9979626456994225
0.9833333 0.9868384858365251
-0.6666667 -0.6857473556002835
-0.17 -0.17509626204602585
0.9 0.9078094521915139
0.03 0.044488403395333276
0.27 0.26576051268111955
