0.0466667 0.030310182326354573
-0.0866667 -0.0787674552816971
-0.3733333 -0.3918984698193539
-0.1533333 -0.17049123752141404
0.0366667 0.0036903758516019236
0.0066667 -0.0055282271926040405
0.7633334 0.7443376989502383
0.61 0.5934162691218474
0.3833334 0.3662149508306915
-0.28 -0.29808925339943443
0.56 0.5447418483431844
0.1633333 0.17540332885256937
0.1266667 0.1533379779315711
-0.71 -0.7620819684367534
0.9666667 0.9884722287494163
-0.86 -0.8877422377504703
-0.59 -0.6085628536228442
-0.2366667 -0.257722670612288
-0.4033333 -0.3964089343095487
-0.7566667 -0.7316195130733087
0.7133334 0.6943094194447605
0.4233333 0.43177259544841806
-0.2933334 -0.2925480650497005
0.72 0.714846939452896
-0.9666667 -0.9419619911471792
-0.9966667 -0.9986350175750578
0.9833333 0.9841436957113172
-0.6666667 -0.6703712550982661
-0.17 -0.1774380314568209
0.9 0.9151145750497001
0.03 0.020850666339932267
0.27 0.2643879333827786
