0.0466667 0.015300018359045653
-0.0866667 -0.13468668226349184
-0.3733333 -0.34492093083805236
-0.1533333 -0.13911671868876363
0.0366667 0.011663175366945777
0.0066667 0.009235274282309858
0.7633334 0.7048752485504932
0.61 0.5675142717323266
0.3833334 0.4230884032040696
-0.28 -0.2927701015468902
0.56 0.562340927740621
0.1633333 0.15650495019825228
0.1266667 0.14930420851012294
-0.71 -0.753734926192372
0.9666667 0.9914195976759086
-0.86 -0.8557501416290385
-0.59 -0.5810876520718596
-0.2366667 -0.26959702392421386
-0.4033333 -0.4018982698475853
-0.7566667 -0.7618982249968191
0.7133334 0.6826652405581669
0.4233333 0.39291310349969444
-0.2933334 -0.3060496943377775
0.72 0.6852817334848953
-0.9666667 -0.9427590806772441
-0.9966667 -0.9936478947125326
0.9833333 0.99916989417086
-0.6666667 -0.6507084498997968
-0.17 -0.16388126201218206
0.9 0.9266467010797442
0.03 0.019765759489758672
0.27 0.2438092537816844
