1.4792706796532125
1.3173550418641493
1.3105933451126304
1.3119194144507873
1.3128504207929501
1.316442901663931
1.3162146642342063
1.314899146616709
1.3118181047300177
1.3255589174077331
1.3255589174077331
1.325662905916571
1.323066139624557
1.3231831916740722
1.3190381827855298
1.3196729020473068
1.3188081688497797
1.3177275589602562
1.3274846382055885
1.3361997780015666
1.3305893098726758
1.327861139470391
1.3326880102754277
1.327224544518538
1.3248155619077946
1.333379318630885
1.3267568030760097
1.3179132559441704
1.318039310161892
1.319027898708815
1.3256937116718912
1.3353484077027482
1.3372862603527067
1.3327445873444792
1.3347159573042546
1.3491070361488142
1.3414962926219676
1.3344149907794132
1.3351538814031596
1.3408990566031187
1.336434320619646
1.3251918156576559
1.3271865536900067
1.3214525439896956
1.3243176316973835
1.3235752708867208
1.3268650726262894
1.3215894119125993
1.3101836995084057
1.3142981696192138
1.3176712111317348
1.318806039361326
1.3185009292941292
1.319707816449958
1.3197814148985723
1.3284825634241233
1.325606894465954
1.32808628233685
1.3296067333910029
1.3441130186768724
1.3348484344384404
1.334427222624051
1.342019735472587
1.3445010778464512
1.346977508514898
1.3197461824601224
1.3193172180047672
1.3250441666057484
1.324731291211685
1.3186422743656585
1.3077774728383764
1.2994646987654535
1.3163754048983383
1.3236954879425993
1.3196227951151804
1.316716838756508
1.3149504934222225
1.3260155882405338
1.3185321429070287
1.3411842298784944
1.3344813073540043
1.3444484792141562
1.349381489340938
1.3340333702004377
1.3438602000391464
1.3412862829768033
1.3513946199359326
1.3372400091993435
1.3257207575294803
1.3192493115883643
1.313624682174088
1.3309941230645435
1.33134109540853
1.325011892774478
1.324471737424491
1.339879886552688
1.3223471248372418
1.3268724184108112
1.326225220724112
1.33502774560333
1.3369826247373227
1.3375200575896506
1.3370588499136724
1.3391614798984228
1.336719422290672
1.3378059991308464
1.3370712221127878
1.3448301377647773
1.3445935547575778
1.3544019213939598
1.3486586651066603
1.3433349603107827
1.33973811821575
1.3576775737452025
1.3511577110625979
1.3499633765495649
1.349393416415611
1.3577212776474787
1.3575097771205242
1.3618754229533028
1.367110815402179
1.3705747652515272
1.3706384150623738
1.3738649810324588
1.3672117366045173
1.3857176127496922
1.3862783544524369
1.3855200411612736
1.4074634834427022
1.4093896846708636
1.4098986472699022
1.4183236869017628
1.4358284354924233
1.436621080515184
1.436449569057142
1.4395151974471068
1.4307145667934054
1.404927753133387
1.4020422916858726
1.4064526077345694
1.421012630419271
1.4291085269911463
1.4230947828333058
1.4245027799368986
1.4278744459103008
1.4331256907081307
1.4414015379063454
1.4414564639329404
1.442082683829239
1.4423272305974133
1.433463853253086
1.4358880525705935
1.4322993290698276
1.4329788129202636
1.4468186679728943
1.444782636112487
1.450056904033724
1.454394014646119
1.4567045136633456
1.457427014600086
1.4542234630346438
1.4392130710035367
1.4420502060535958
1.438936153990548
1.4296023024057936
1.4349892543256328
1.4415465346197753
1.4411533852728988
1.4391389161033044
1.438838916911855
1.4392510267216705
1.4665709678449712
1.4617459431260962
1.44760950815118
1.4469395937808442
1.4402999136438976
1.4443437508833799
1.4431560478232364
1.453924644118264
1.4545551839432853
1.4533653216980824
1.4482925055186149
1.45939901457039
1.4594088714661966
1.4581087261272163
1.457754097033895
1.4581574322913355
1.4545175556229566
1.4467251652841875
1.4668908201234176
1.4930581867624542
1.4879459824202586
1.495109921245989
1.4962570435526832
1.5043981627786316
1.504495753638871
1.5183742068937578
1.5170563586035326
1.5153851222059944
1.513931896922251
1.5176382602133922
1.5178504475580044
1.5204980270652562
1.5244882129869064
1.5242926651127717
1.515329027661129
1.5126309522166614
1.5125985564111746
1.4935933091089129
1.4752128120493315
1.4707731251005545
1.463402605884395
1.4619613440308432
1.4622308605217398
1.4610197130629974
1.4610651396888028
1.4493288893283558
1.4272647819293258
1.4369148837134642
1.4381271512629685
1.4326568175255325
1.4322177443995487
1.4429453264606826
1.440199938638889
1.4464176987598836
1.451408711824111
1.4433050274271224
1.448042375721962
1.43906498918359
1.4354774015095717
1.439964607120313
1.4386461531081467
1.4403181883571237
1.4446192227887074
1.440862850406146
1.4440338569096873
1.4509039435994993
1.46103627625056
1.4754797531006423
1.4716423891743653
1.4807124006025942
1.4769520380931365
1.477193950074657
1.480129453412782
1.4699193021742551
1.4702301177589374
1.4692759295171973
1.4717497702542832
1.487481888958189
1.496880130556263
1.4966759768037086
1.4950334858481045
1.4907815292218483
1.4911944258603798
1.4897190619834364
1.4703258397484917
1.4701028844975188
1.4797321914658053
1.4813648066731073
1.4761599802487808
1.4761533294300397
1.4822648062869697
1.4821692822419326
1.4641452911180013
1.4568813486699224
1.453247644402132
1.4486678502197927
1.466898089534002
1.4908056904634135
1.4919960360819484
1.5088016598907994
1.5080763078342334
1.4974701197771743
1.4945847394080503
1.4898673162539955
1.497217459277362
1.4982861029801797
1.5091552176847949
1.4954375303810814
1.4921952031186205
1.4658773458839782
1.469158091633556
1.4685812748765603
1.4674596631662762
1.463981635233015
1.4656042648475416
1.485126215691221
1.4849912412422757
1.4848168001757915
1.4846284362831141
1.4876981272873118
1.469829004668096
1.4837195154605025
1.4836299892453415
1.4834046735337245
1.4841037898010707
1.466361278361578
1.456574780311789
1.4622649248799149
1.4600201524530676
1.4602289155739947
1.4617584103548915
1.4524984718940797
1.45322463920858
1.4529651879392378
1.4530328956313092
1.4557702860448352
1.4556910465850876
1.4574897590948297
1.4573559571058528
1.4753371937377222
1.484659754413365
1.4847893088976554
1.4848281177047777
1.485012775712191
1.4846325450897528
1.4831082848764048
1.486607705830023
1.506072054123853
1.5060334927215782
1.4942523045153924
1.499208067966573
1.4975706501704245
1.4974807244257886
1.5040808924133546
1.5040236426455829
1.4941461767840754
1.4940766035405582
1.4722062559104625
1.4720741387944367
1.475569332691625
1.475739191752752
1.4839454612571479
1.486739277439629
1.4711132318200304
1.4826412428460851
1.4812218054950559
1.4807156770428456
1.4807156770428456
1.480675764385999
1.4919018472528276
1.4921253614878458
1.4788808384934884
1.4777191031345132
1.4775762267192096
1.4797025125409289
1.4998167909608424
1.5025952207170599
1.5035912984419184
1.498245566586104
1.5027431774957676
1.5015555285547606
1.501178142042106
1.4989658349958963
1.501208476664988
1.4995166424954278
1.502576028104462
1.5063947457203666
1.4862192113492931
1.494522502394687
1.4961417738833858
1.5031726632492344
1.5013097495977896
1.492983148024057
1.5038569755836182
1.5176502637055627
1.5259937006425333
1.525988962681065
1.525616915262888
1.5234696017460698
1.519777736671046
1.5193555944157022
1.5040675378038275
1.5243649057117368
1.5261766370121113
1.5222785334436253
1.523316517249939
1.522817522912459
1.5201093267218535
1.5142864481226423
1.5204738982720811
1.5311812606095072
1.5319296445700996
1.5328214174923458
1.533246982696817
1.52024450803641
1.4972852961059582
1.5207210886909877
1.5225597878528012
1.5085575286584758
1.5154109600082772
1.5227592242951373
1.5136371021227226
1.5014046078249983
1.504015377123781
1.4981828296166566
1.4946979178661952
1.497050696293969
1.4978128055536954
1.4989223440775412
1.489815338711012
1.4830659462507996
1.4912211926728263
1.4954563429330208
1.507779011421823
1.5034143526221702
1.506088378480824
1.5064737077739927
1.5031796790194176
1.4916172085714827
1.4833353736459145
1.4851818621603883
1.4702258193980504
1.4568870104050924
1.4606336122742185
1.46172687390529
1.4596613942247325
1.4467913649141386
1.4584527757108248
1.455734679680347
1.452967801790044
1.4537822399625127
1.4534123338238303
1.4593795216051106
1.438691427277341
1.4655587480893444
1.4654370009517936
1.4654467425312607
1.4781945705333523
1.4787775454335133
1.476442632188499
1.4783147076730672
1.4776819430790604
1.4747248466375662
1.4733722345872304
1.4774312005074102
1.4835059324904756
1.486935793214858
1.4944945821055169
1.4922036016549414
1.4955779266164315
1.4686502815736766
1.4709919761943218
1.465869675764325
1.466314383169251
1.4655533717609013
1.4667092064799907
1.470305130300798
1.4482937445538706
1.4224435721232538
1.4023152476153207
1.4071325563462693
1.4153780096346416
1.3954163438696592
1.396223029611486
1.3955333418709799
1.3831206284572815
1.3816714299452677
1.3821594361204754
1.3840258252946105
1.363471381216672
1.3634923299845023
1.3635532276282152
1.3655605202465746
1.3686389428369752
1.3541193713448811
1.3649440268128956
1.3649440268128956
1.3672728039254722
1.3585662059489332
1.3623185434069442
1.360213410774035
1.3612804463055515
1.351241671494456
1.3628851888834943
1.361864088426903
1.3620496820083217
1.351259982750206
1.3449611417311533
1.334736815952606
1.3367680116435527
1.3340383301951086
1.3340383301951086
1.3335632713078092
1.3312058138998686
1.3340021379377032
1.3340021379377032
1.3222918295969273
1.3296346189427175
1.3292232752960529
1.3224810312669262
1.3225245176515863
1.3196093053256412
1.3266889781000757
1.3188446203878885
1.3192860764533156
1.3226407121597907
1.324162703838573
1.3215288815159916
1.3269411766801635
1.3542774476528239
1.3608412416767801
1.366394224694316
1.3664153397718657
1.3694351352385599
1.3701495677999505
1.364706298202547
1.3554879211824584
1.3480445454175034
1.3483451134074227
1.350138004185415
1.3499376914207646
1.3497116422764222
1.3626037760310683
1.387419691802708
1.3799991544043613
1.378563489186577
1.3774669337985859
1.3784709828029102
1.3732054821654331
1.3722708524389169
1.3676296200937845
1.367853138068641
1.3631726656271674
1.3577482879510676
1.3621265422981519
1.3621265422981519
1.3820339263427857
1.3942662656414542
1.394869082687927
1.3928968848206567
1.3737520490648703
1.3759796884298243
1.3708638607021253
1.3719593320145373
1.37130354230682
1.4033171328542775
1.4037185769860263
1.4051385222044668
1.4036549479579368
1.384582673516583
1.3852284003183346
1.3850114696968867
1.3782402663055422
1.3820129624461799
1.377924891651756
1.3430640347174054
1.3455389275873346
1.345663105004774
1.359503513945988
1.3590525017646826
1.349088427909469
1.3335111529240662
1.335600551257594
1.3378363223632335
1.3484725458440419
1.3495953839713006
1.349631766173228
1.3501944184641186
1.3599309981933378
1.3579519328008247
1.3542615104066964
1.3509822951192256
1.3230232894837415
1.3143496884905754
1.326153852579781
1.3211858718773462
1.3210722271158768
1.317434233342927
1.3039825563962917
1.3050561711706585
1.3050561711706585
1.3092288620651646
1.316099859068874
1.300436544973044
1.3075831644030351
1.3078255509418328
1.3048237454895208
1.3043548347163942
1.301354209050457
1.303205870965497
1.3275914081379698
1.327602967349619
1.328637756981605
1.3407492187474144
1.3368744914023838
1.336187120262138
1.3421064816943329
1.3394896998410197
1.3172167494894456
1.3152291101304756
1.308116892100593
1.3082114578861388
1.3057709595766123
1.3231679338135989
1.3101943860813592
1.3118479602930921
1.2965788292935025
1.278091690730966
1.29397443671297
1.2914023076444638
1.2975510237700587
1.2983551333186483
1.2996052424986433
1.299830739231011
1.298337399792548
1.2976662851285028
1.297926285073319
1.2979281782799525
1.2985282008389394
1.2892598809428346
1.2892598809428346
1.2888740921245032
1.282912939364422
1.2713240797990004
1.258345714169586
1.267599170118464
1.2677642465455436
1.2758181689305015
1.262456143930358
1.2617520930225665
1.2613505663113218
1.2810901401980606
1.2803250495766254
1.3031875116218479
1.3161211794526435
1.3147694423307446
1.3168966845724055
1.3169162003685788
1.3123809045517798
1.3101895256559513
1.3147765361867108
1.3147765361867108
1.3217212385064951
1.3359925554876122
1.3359925554876122
1.337790647783234
1.3386583340457165
1.3413937205921367
1.3418340915250757
1.3556016246582137
1.3508195666606473
1.3482689446441032
1.349307020514321
1.3497004156133108
1.3380393638656654
1.3362240619809966
1.3349891429197787
1.331233745218542
1.3305667809757922
1.308471441505249
1.28880929628395
1.2734836511417857
1.2545938277759823
1.2563255376286846
1.2669363053671536
1.267872084301106
1.2589847470658055
1.2583889252124623
1.2513890034722066
1.2513890034722066
1.250767154747966
1.253444970322513
1.2660990826086633
1.2669166755055428
1.2668786367037879
1.245564255845139
1.2523775079181967
1.2502890757648086
1.251314452852617
1.2374104016218477
1.2379534331907178
1.2362952569990329
1.2395905332927075
1.2422688109834759
1.2409565602099932
1.2339557955891467
1.2274598489956134
1.2217606574795805
1.2213632124516902
1.2213444233890298
1.2197797419780536
1.2243330048942345
1.2233826129702403
1.2243895205124267
1.2222208013293352
1.2120437632767618
1.2129942655443138
1.2114785710399214
1.2140740283359757
1.2072969894438415
1.217410140451038
1.2188064252783395
1.224498961942844
1.2237596325594278
1.2252548773359404
1.2210210502097778
1.2142003603354563
1.2160410741439653
1.229027771475017
1.2176586938467286
1.210276881875965
1.2119370074554054
1.239793347467023
1.230716839005939
1.2232578744172642
1.2206458482141858
1.2192611145677847
1.2209662089525963
1.2228474915126657
1.2121509305323337
1.2062538394053441
1.1969242130305684
1.1987074590184768
1.2021621087986336
1.1925915238568325
1.1696963010021844
1.1700899607207123
1.1690200384400715
1.1692381572250168
1.1688316360682498
1.1661984330622346
1.1684287295735871
1.1625965002124705
1.160606646236888
1.1626996282848736
1.1627933662395293
1.16213919745406
1.161493027802543
1.1522599441087706
1.150459467134694
1.1605109638558682
1.159525294696398
1.159680167034608
1.1629064329164138
1.1638799775273476
1.1656902784580143
1.1665990315928032
1.1717478739699567
1.1660253722174996
1.168751607712653
1.157300487484633
1.1562275431566145
1.1563161928530583
1.1563161928530583
1.155975988244936
1.139315306431095
1.139315306431095
1.155903407174892
1.1588838744939358
1.1745120950812147
1.1657000718996149
1.1528872602053442
1.1598394995709913
1.1534476460247154
1.1528502211272131
1.1524849501131904
1.1524849501131904
1.1469090502897987
1.1468283765382656
1.1528275407368649
1.1810791818563788
1.1862713209385103
1.1835827240694679
1.1788122626301187
1.1761226573617198
1.1718175225296996
1.172898242790631
1.1676823730417407
1.1533123348549452
1.1359980238348815
1.1276518879804625
1.1257995869094855
1.1236122936134465
1.1224111377507329
1.145800529576277
1.1475650040057523
1.1379567105775017
1.1524649565587048
1.149843624990674
1.1442489057651757
1.1438583110170488
1.1445152263267462
1.137135640696104
1.1401723107006136
1.1382517447578235
1.1386363648909072
1.1401037892480133
1.1456722279269165
1.1453311011802991
1.1484211673183218
1.1462473195768093
1.1535620823150872
1.165289388088624
1.167737881681627
1.168003879944793
1.1667050284138658
1.166608095106763
1.1640800930658513
1.1640800930658513
1.1622911693423383
1.1561909081649697
1.1315418595441054
1.133818783775423
1.1200438262879238
1.1159427002121596
1.134166326283481
1.1184401278318383
1.1101319585435427
1.107111404570928
1.107761688822495
1.097166756130577
1.097166756130577
1.1037794198082462
1.0934289541210886
1.0997085839179266
1.1042349245783094
1.0785540032698422
1.078417336127358
1.070947844963465
1.0687809045924475
1.048547157135119
1.0497421258882556
1.0376822806556902
1.0331714968120107
1.0446907043837739
1.0436379982220834
1.0444053469347647
1.0426015876021228
1.0355866154288536
1.041505645383255
1.0551762268812495
1.0503872453251248
1.0404132768780008
1.0403445709737411
1.0531589223101618
1.0537840190241201
1.0643949241638224
1.0671621107067812
1.06336462162898
1.0623266939780516
1.0612043630078187
1.0608555003172084
1.0610020998971832
1.0296116495041954
1.0235611322301439
1.0236966866671804
1.0295072703025412
1.0261372187743167
1.0246808427432232
1.0326066884725522
1.0432895752720353
1.0258955725780041
1.0267972227304503
1.0290621935642514
1.0112974352121342
1.0170609946532687
1.0108667048659208
1.0092979965597244
1.0099215364161056
1.0095646449756486
1.009258182367299
1.0122152394391597
1.0123261890022266
1.022806729076562
1.0222436717207166
1.0201094112727709
1.0154197889009562
1.0191679910623257
1.0204044936889471
1.0289940526078325
1.02902591978197
1.0285508507872567
1.0333522479973734
1.0320695030464022
1.0352398478743972
1.050184096530531
1.038041058701738
1.039964769174108
1.039964769174108
1.042177211749813
1.046351600765344
1.046744844388753
1.0427058988817617
1.0452068096841176
1.0491143319382394
1.049431590450476
1.046937481208954
1.0515434952991662
1.0515572042980543
1.0549136294121877
1.0533673976141638
1.0583386816534426
1.062240669053462
1.0604922238065655
1.0657341255817847
1.0629783169266696
1.0700930980293568
1.0737217381742612
1.0588006318070946
1.0546112847238927
1.050233597299982
1.0440149743768694
1.049375976185715
1.034565495403096
1.0320358420805062
1.0247891239685485
1.0145281598065963
1.0273686228408314
1.0386124691048424
1.035336040860122
1.0412000105309414
1.0586432757527005
1.08370966777653
1.0718729874888333
1.073831812646347
1.0828527934048058
1.0840787627516033
1.0861630324608755
1.0878790369424869
1.0832575260508053
1.0813197786652193
1.0818558646518237
1.07041895598578
1.0537942249072276
1.0611464708195555
1.0552477519829961
1.0590187222191567
1.0453735662397563
1.0431725201615079
1.0465489431707833
1.0438199862256543
1.043468161351662
1.0363802272779703
1.0383897394464712
1.041201591496317
1.0463765851240645
1.0472258393473737
1.070707848965606
1.0830393751277456
1.0739443513865492
1.07005757285939
1.0702088855473861
1.0657381556432435
1.0661778569855347
1.0565920718619675
1.055812361711726
1.0584269241554118
1.0569838824825029
1.0779984112888465
1.0754579364188777
1.07741658573731
1.0709378047648215
1.0567912726650237
1.054280131277354
1.0696379615857876
1.068806462242848
1.075671761899157
1.0802924478634996
1.0923130657352287
1.0949186977651548
1.089807784107815
1.0947225733489718
1.094617571281483
1.0968128761844824
1.096009928230346
1.1004946473691455
1.0895603533456508
1.0891689839174712
1.0798456848278242
1.0788544239386442
1.0819173881811481
1.0819173881811481
1.0830422387703793
1.099493704242379
1.0964535167540392
1.0964535167540392
1.096204337201275
1.102358490167239
1.1004628762105046
1.0928089714007116
1.100546869828846
1.0992133514903388
1.0989456788258904
1.0827826274797256
1.0833133934124577
1.1025102951153625
1.1152724479444043
1.0964566924419337
1.0886321259123157
1.0933462111599046
1.0916085110380394
1.0772678765904402
1.0793067383199393
1.0821051390327843
1.0821051390327843
1.0808278023065563
1.0782527323320674
1.0763608066599477
1.0768494596796534
1.0782355076670398
1.0723600667992512
1.0676496973986185
1.0692178803815937
1.0439925018927443
1.0503406282854715
1.0556163549827087
1.046458150601777
1.0461557933375287
1.0448659521922905
1.049949636497187
1.0436532830049672
1.043490669361499
1.0365614903015994
1.0348869623677748
1.0266634840806745
1.0166787975252396
1.0166787975252396
1.0380926247540943
1.037756371172998
1.0418307870958035
1.0418030582194282
1.0433165156331285
1.043288857372647
1.0380551062065408
1.0438647863689534
1.0368813908244987
1.0385931597142013
1.0322549741681768
1.029669376332509
1.028086773857376
1.0358164055614243
1.0320185559207953
1.0371585552636604
1.0326692177447183
1.0347832522670233
1.032319263780743
1.0418118301884114
1.0418118301884114
1.0531990788800198
1.0525690847327314
1.054988032099508
1.0474669765204332
1.0473952373170807
1.044318611459648
1.0452903674840834
1.0524527205788852
1.0485605752791574
1.0295469619427793
1.0452963549748069
1.0406895556063984
1.0421177837288556
1.0410252071068358
1.0362734114802614
1.0358055223238543
1.0385476407362046
1.036654255843296
1.0363722719290134
1.0339722581816797
1.0365430119815964
1.030843096320315
1.0251770294460831
1.0226409580483145
1.030721014629515
1.0295535840881056
1.0253645388257222
1.0256702435201606
1.0258172340845408
1.0232035291483073
1.0231765776935244
1.0279518663811211
1.0282681709231507
1.0226210160692981
1.0211393146155001
1.013703616456249
1.0285613667939921
1.0268121316789773
1.027873029332189
1.0256355453163346
1.005480323659709
1.0105003519695877
1.0144602852069327
1.0221640569879495
1.0228549944826215
1.0243461145572008
1.0266260004550527
1.0397505187933185
1.0362935314779664
1.0384932152469546
1.0455049006907569
1.0441682763794837
1.0226884459220482
1.0077906194171404
1.0062250962075283
1.0058454242308292
1.009855318867339
1.010464219381499
0.9969341704080364
1.0003177258259432
1.0029239858214563
1.0103212074220065
1.0089802121442553
1.016251312993348
1.0113256385400067
1.0077552931984703
1.0151878128062064
1.0151878128062064
1.001893981905547
1.0049185750325704
1.0041107326252614
1.0049719989152601
1.0076679548425598
0.9983853366060088
0.9982054978562268
1.0045937470705062
1.0154232320008982
1.0252847556757236
1.025745904547328
1.0248207377418783
1.0636982809667628
1.0665222963470442
1.0668945482946186
1.067943438767265
1.073825552612223
1.063557258790924
1.0707113745554475
1.0711622006006076
1.0705976206720456
1.0702804874145968
1.0738925548238147
1.0743948615031993
1.0875010830022827
1.0911705404819665
1.0848935593521705
1.0848935593521705
1.090814395677555
1.0901333993806448
1.0877288559862908
1.092629986062333
1.0787415706141787
1.0871989965493853
1.0937087456016963
1.0937087456016963
1.091287089457662
1.092995739118374
1.0707724329828487
1.0630110455524788
1.0596448119759918
1.0581564798598864
1.0620446510823216
1.0634474773487028
1.0596037407247654
1.0557018832577123
1.0531468920903746
1.0531468920903746
1.055429937978128
1.054765582782751
1.0588646434195148
1.0668375832630066
1.0677554860791794
1.0859141899471227
1.0742615555221122
1.0707458125535319
1.0935742529384023
1.1195624752908229
1.1053202582136425
1.0849312684895018
1.0660091680584685
1.0719539591835823
1.0685203436974833
1.0649131674018362
1.0650882408501454
1.0630904963783743
1.0588807181271056
1.0595276217341072
1.0601171038009733
1.0746081284741966
1.0602262435421566
1.0607034446483414
1.0621882211051996
1.0621882211051996
1.0601679770220045
1.0570250201200273
1.057290423558567
1.0571882387706142
1.0514089133636908
1.0553475430436143
1.0559715964136454
1.0594640473362664
1.0602283954301994
1.0404965749707478
1.0460719011924158
1.0447970759262288
1.0366370442736208
1.0332777118295278
1.0365095069304726
1.031028776371329
1.0305715828991062
1.025179786339072
1.045616486135022
1.045992538090835
1.0592087235693417
1.0474497861123975
1.0675301344525758
1.0601234070115557
1.0619803326436505
1.0599736721110968
1.045275715908066
1.0350452692713077
1.0386894570933602
1.0369580753423158
1.031107647560938
1.0434954261715421
1.0437523324881233
1.0417156341141884
1.0473698315832598
1.039720919204073
1.0475062860978661
1.0462933090724702
1.0288024424584172
1.0157937955677823
1.0165051248454051
1.020235863868602
1.0212928990777839
1.0197598087571556
1.0194388776198606
1.0110329756336578
1.023391313874496
1.0214847197724253
1.0224374883804475
1.0073693003908448
1.0248024564045104
1.0106869302986299
1.0106776708362695
1.0085975792461135
1.010375572221372
1.0109045875619749
1.0128779083629922
1.0127496228545156
1.0121957611648114
1.0146511731629506
1.0097432419440826
1.0108566479361418
0.9991528699641802
0.9991528699641802
0.9932817025467646
1.003742156606341
1.0041048348574722
1.0041048348574722
1.012170923869824
1.0270850825780982
1.0299331363512185
1.0307327699022686
1.0311382729785705
1.0301787207487696
1.0395298101976684
1.0365409852113316
1.0293902602795302
1.020604899723147
1.0165177832430963
1.0198374578430256
1.0231882407052368
1.0302739642085625
1.031156183694428
1.0218513820713806
1.0333848540530282
1.0285833286965556
1.0285833286965556
1.0345349330203797
1.034865904119472
1.0349352255259847
1.0251452054196744
1.0253027105444068
1.0260419217073558
1.0309056525100677
1.0242318449507715
1.0222378655999351
1.0245863369720178
1.038082793493982
1.0363151424584311
1.0351386720272397
1.023712826130808
1.034623145682154
1.0341932671553826
1.0495311064237507
1.0531275422604338
1.0524678801435492
1.0406917321545406
1.0337781131295287
1.0316182328422978
1.0378935672329888
1.0379700672622616
1.030935732060627
1.044262926266519
1.0436577505998668
1.0207474029141166
1.0447441278571086
1.0400980582398716
1.0362095946961698
1.0357588537266191
1.039127359510698
1.032148364280197
1.0340631730039014
1.0340631730039014
1.0340631730039014
1.0407210736298906
1.0431746047662276
1.0329980610219625
1.0311898966339719
1.0311898966339719
1.0311898966339719
1.0357544983164284
1.031125746354043
1.033591504069579
1.039251931846464
1.0383243069388595
1.0354261597087229
1.036233231429399
1.0357197058225367
1.0355388040125382
1.0546402824325105
1.0543561458008746
1.0431488849679058
1.0461000193252914
1.0461000193252914
1.0406661579412126
1.0415365738830265
1.047222580667989
1.0340951560272689
1.0341328544039343
1.033255140238478
1.022560992688343
1.0428185707012443
1.0427905612736021
1.045448823328743
1.0504391838647418
1.0516045871181101
1.0655094952918942
1.0353924405402117
1.041545068332835
1.0401342817677957
1.0237999988238726
1.0227337405225316
1.0047944847686525
1.006027424663855
1.0019797063417015
1.0209669212249084
1.0131849886865514
1.0040054635279443
1.0097735088979418
1.0038491061240364
1.0086725218181951
1.0085580126182108
1.0116792122471525
1.0142837278025296
1.0260696473400395
1.0138030913510825
1.0149605371455708
1.0176622925938068
1.0205717067850688
1.0157090649402676
1.0095955480123344
1.0095955480123344
1.024859247765733
1.0242434962114566
1.0108731067307175
1.0247864628267873
1.023513192335556
1.0219863277665306
1.0271466038054486
1.0271466038054486
1.021016204561511
1.0163129326348868
1.0170324849301609
1.0174010091878631
1.0239772868684853
1.0120792900020765
1.0181669116276217
1.0217274200958104
1.024693829650782
1.0189458950748471
1.0189458950748471
1.0189458950748471
1.0189458950748471
1.0177183484168906
1.003692179904543
1.003412516937241
1.0085926493753714
1.0031279824412371
1.0038619905311639
1.00128347548507
1.00128347548507
0.9985653770408429
0.9997567850997827
1.0105141239113367
1.0217285488020336
1.0220126529326001
1.020409649063849
1.0184167975960579
1.017650707309665
1.015206257707086
1.0348912238960024
1.034306614125646
1.0371316352391464
1.0480522964878711
1.0480522964878711
1.0344374533180558
1.0364256060831358
1.040321542810936
1.035759837329425
1.0353504683752761
1.03078800482906
1.0082837125947288
1.0079947209125726
1.007667703462031
0.9891782042869973
0.9903075517400742
0.9973120174521446
0.9920490841226459
0.9981958912453954
1.0065778485950856
1.0069025923989459
0.9892545021343941
0.9983602987904865
0.9978636977567547
1.0037324422893819
0.9967587682892068
1.008860263241852
1.008860263241852
1.0096872716788268
1.0094852944832928
1.009441757089173
1.0113938622562655
1.004865735517166
1.0093152067781648
1.0124860791510022
1.0216909194734802
1.0257426546766248
1.0284681028986284
1.0281348096425793
1.0379496203157588
1.028298925987202
1.0228741232877443
1.0200944278804105
1.0189587095197812
1.034316528335707
1.0408502287006571
1.0467296329774365
1.0428481571785788
1.0421518258035105
1.035900575881576
1.0379625314262628
1.0291948553952546
1.0442304333091108
1.0300715241604066
1.030349939870181
1.0345735337755764
1.034264771342648
1.0488118162369438
1.0488118162369438
1.0488118162369438
1.0418687876110042
1.0420285805787723
1.0403504255635052
1.0427266412897453
1.0438978236062095
1.0468075259167764
1.0468075259167764
1.0418907465274316
1.048232195921508
1.0442650838761198
1.0389974183080282
1.0394801550821278
1.040956128867701
1.0406034296093063
1.0235984776926026
1.0213835102794426
1.0194200457199039
1.0197053841104324
1.013187241637373
1.0170112360763195
1.0158992768072215
1.0176363746940278
1.0176363746940278
1.0251651830844213
1.0378565609529196
1.035235195930752
1.0366210170465562
1.0060017772239613
1.0023407451647668
0.9845658223333911
0.9767846375346554
0.9750753962807928
0.9773355595429769
0.9702452572478276
0.9641118604635401
0.9512394566079999
0.9515957498537646
0.9509349489938272
0.952228159892242
0.9577912433479663
0.9521509562333642
0.9439845232570191
0.9499207813436071
0.9511100509103017
0.9496043749366119
0.9551220754106273
0.9409997175962537
0.9358327988139631
0.9364889105781746
0.9372464580564269
0.9372464580564269
0.9372464580564269
0.9372464580564269
0.9225208446485879
0.9225208446485879
0.9227399597195273
0.92049148321204
0.9172739725968555
0.9165223621846568
0.9196230380633439
0.9102862063066722
0.910342766660618
0.9103068628887627
0.9113389820764303
0.9117719310888702
0.9112580010139372
0.9147811314281339
0.9113248341773461
0.9022938857279926
0.8980563755615274
0.90127156940471
0.9030526387495509
0.8828105433818324
0.8839064032058187
0.8707156012527285
0.867835734670724
0.8673985672173332
0.8732236744722057
0.8861431128773269
0.8857916449142103
0.8924653086136705
0.895601773391133
0.8889796445218274
0.8950366992948635
0.879156810616591
0.8812343326063528
0.8754004597983026
0.8771893886707689
0.8743882012645284
0.8845907960562294
0.8949252775208456
0.8910039526951589
0.8840544358159815
0.8817317590739054
0.8811227885092404
0.8810258533002266
0.8789701397271834
0.8789701397271834
0.8789629240992868
0.8549210940351764
0.8505725534618886
0.8500274373166098
0.85072492332177
0.85072492332177
0.85072492332177
0.854910892014021
0.8546854263982497
0.8628858049040586
0.8629070985241248
0.8717218967262814
0.8717218967262814
0.869895357305854
0.8654757176469938
0.857170093758769
0.8672501039774001
0.8658736169426244
0.862325578786471
0.8678045900529054
0.8677086407998048
0.8731041487218968
0.8784545648823268
0.8900192110273419
0.8903860533865756
0.8861127474266483
0.8861127474266483
0.8858622678860998
0.8867032286542423
0.8814722285276693
0.8814729634866778
0.880635362416155
0.880635362416155
0.8746178213373083
0.8746178213373083
0.8666342713025325
0.881334119490411
0.8833485151023223
0.8833485151023223
0.8851774388319971
0.8777685662840092
0.8909125879770357
0.8909125879770357
0.8817360735219614
0.8746955871032395
0.8731656122056851
0.869941040542855
0.8709207089416474
0.8709207089416474
0.8704776056308546
0.8704776056308546
0.8650713320824251
0.8718128444987477
0.8769959894395383
0.8606623311680203
0.867610640007284
0.8784819955081679
0.8645419260340288
0.8628441134947104
0.8666908817089295
0.8686241428828454
0.8672193119607617
0.8682477028062007
0.871587630323999
0.8691514790038252
0.859816205530049
0.8585950300783031
0.8593753633783187
0.8574783504266542
0.8510502090007492
0.8510502090007492
0.8515298224407608
0.8455183654831043
0.8444256237410402
0.8453529704471275
0.8499163233475784
0.8485286354942617
0.848765527647805
0.8435653063647952
0.8417653899290709
0.8425525520496936
0.8712626726362562
0.8714962141311864
0.8843919513371898
0.8772680611768766
0.8777260735218603
0.8792718077204592
0.8689405645706132
0.8672054987475064
0.8799781761027166
0.8631753323268834
0.8620101343460029
0.8572264422117452
0.8651937817498113
0.8640335525401424
0.860048946822318
0.8643512324215378
0.8639780077190253
0.8601902336731054
0.85486317415182
0.8500512516782518
0.8589172047987731
0.8375354578485185
0.8282916801967198
0.8223473509925372
0.8139231100359572
0.8090381992193545
0.8053800014352873
0.8053777998662269
0.8053777998662269
0.7994468440590605
0.8078708085181007
0.8109337014505544
0.8016321031094363
0.8242812986480899
0.8163794252154434
0.8163794252154434
0.8160580481606841
0.8171539560421509
0.8422171411071602
0.8422171411071602
0.8383471735036706
0.8279742645294204
0.8268171320002798
0.8268171320002798
0.8278274962786804
0.8278274962786804
0.8297042154311477
0.8321504767913848
0.8294742002543036
0.8298087804413712
0.8293839595169598
0.8382698877651725
0.8382698877651725
0.8402020846402454
0.8394309697376209
0.8512040268390924
0.852704250953787
0.85750585296214
0.8475156616106555
0.8475156616106555
0.847297557466662
0.8470583737008828
0.8461572050283341
0.8463864389543706
0.8440913950161227
0.8417899488664495
0.840937880292754
0.8359865574039087
0.8373285809008442
0.8440671244558132
0.8485021362674969
0.825612173553393
0.8377518228585933
0.8289797906177854
0.8294831645287699
0.8294831645287699
0.8349957188978322
0.8148751719911189
0.8173639801138696
0.8173639801138696
0.8109135041909663
0.8154135660941815
0.8202599977396249
0.8307770204953413
0.8280476912709257
0.8307863081637926
0.8126013981322536
0.8177956868182548
0.8197449149926079
0.8231565653661412
0.8308881726923292
0.8308881726923292
0.8317587393651816
0.8317587393651816
0.8327732158179401
0.8313165641671463
0.8303683778588626
0.8396065293466318
0.8515559302536121
0.8497098331065152
0.8408627448671185
0.8374581882146475
0.841929475799699
0.8419991487309009
0.8310894967537831
0.8310894967537831
0.8151802496680859
0.8151802496680859
0.8125501142692804
0.8188693094210293
0.8195659889028859
0.7933478024859469
0.8100111749330086
0.8124792635732417
0.823702973894731
0.8256180558435564
0.8256180558435564
0.8238529219740853
0.8215866069787171
0.8211532135672196
0.7871322898023718
0.7861415656666332
0.798291960343962
0.8046423545146482
0.8014122626135085
0.8068765572965502
0.806727292592173
0.8089807272761569
0.7926588271737548
0.7921300435449915
0.7962318846001998
0.7941410877046159
0.8132540608622202
0.8031479552458727
0.7930371288880818
0.7923364732768738
0.7892748942908598
0.7991098103745321
0.7974696593547674
0.7941039672342483
0.7967507598099428
0.7967989782350915
0.7953923649629181
0.7997842943520811
0.7953871734833523
0.7920687792206103
0.7876162582706805
0.7849906272559242
0.7773555944255242
0.7890362829296461
0.7893357435581192
0.8010451503492357
0.8010451503492357
0.8059796269249105
0.8041085763990548
0.805106542828184
0.8184383306843869
0.8149891063486202
0.803480948377948
0.8073963568994391
0.8132147962146427
0.8132147962146427
0.8132147962146427
0.8047619725883994
0.804428996128746
0.8072266642469207
0.8033929944644167
0.8033929944644167
0.8002956676744306
0.8113847947226708
0.8155736430848569
0.8157548174019631
0.8182731919953388
0.8121724442843908
0.8202151981785006
0.8128654436335025
0.8062518436341412
0.8106380047645376
0.8110630596777589
0.8110630596777589
0.8044407578227346
0.8138957142037824
0.810749819980336
0.8125306961380451
0.8125306961380451
0.8193384495883481
0.8336977196314053
0.830543978238984
0.8325324020389986
0.8541744889750427
0.8540689557786656
0.867039325199615
0.8680511345649651
0.8625760857456828
0.8600174575993489
0.8534830927704949
0.860588071929751
0.860588071929751
0.8619288108082125
0.8601538714558787
0.8601538714558787
0.8619239283512478
0.8449386013069363
0.8460063677325291
0.8434909490805415
0.8486891732060736
0.8486891732060736
0.8461614389325729
0.8531756535586735
0.8539706939587695
0.8585475277425065
0.8599339177734457
0.8604519638517425
0.8596297573142039
0.8616040603684625
0.8616378456607973
0.8814466180008467
0.891052449208233
0.8920313690593275
0.8932523137785361
0.8906453454790372
0.8896341858483994
0.8915325440919322
0.8888198329192347
0.8794624123907014
0.8678200054526959
0.8480541910696371
0.8398178109501249
0.8386673805085502
0.8435420810299757
0.8396633748939202
0.8430741457348672
0.8491135069372678
0.841272844468869
0.8197720690029263
0.8197720690029263
0.8141342989556432
0.8176815030078427
0.8145836099093761
0.8075604426940611
0.7857592887426037
0.7790481835850102
0.7794039027721013
0.7829558334846141
0.7829558334846141
0.7829558334846141
0.7829558334846141
0.779488351333965
0.7836076554925292
0.7798556891992782
0.7834562484230931
0.7968760388932293
0.7873910274809712
0.7862713310509875
0.78923608649447
0.7911106233051676
0.7926276641140796
0.7973539043642043
0.8025201422428645
0.8000088044946175
0.808026246111465
0.8017457992037096
0.7969889291816287
0.7995990596284485
0.799465573343934
0.8043024996490065
0.8043024996490065
0.8008924201103427
0.7925233133593644
0.7925165354696002
0.794482881493546
0.7928449680667955
0.7934779337102851
0.7924288804374593
0.7806095901790397
0.7806095901790397
0.7797706907277452
0.7811669339256007
0.7811669339256007
0.7695457851869584
0.7737543530518577
0.7778304009646562
0.7792648897400216
0.7812022159743579
0.7816327548010799
0.7839082319998363
0.7613887377129125
0.7608842633468567
0.7617838454734747
0.7555481038108224
0.7510940695045499
0.7512560042946679
0.7574263893696257
0.7408256289515528
0.7445564044821339
0.7429757111606144
0.7418670684255988
0.7474851323059
0.7468354065300183
0.7468354065300183
0.7468354065300183
0.7417934572321386
0.7426114735953318
0.7438500272762875
0.7442769411121355
0.7416591886736046
0.7443152106894512
0.7543922465443974
0.760314164931094
0.7636490798586457
0.7678886394059664
0.7678886394059664
0.7670638716570886
0.7670638716570886
0.7620492244895297
0.7650235155805033
0.7650235155805033
0.7629950997224575
0.7629950997224575
0.7490360874269952
0.747071990265117
0.7456707522845871
0.7452874821696681
0.7452874821696681
0.7361061094787845
0.7365936009468873
0.736560952225584
0.7602258923559972
0.7591921206164959
0.7697852279848885
0.7719095385816411
0.7671226377813093
0.7695078692529429
0.7782491621488979
0.7533632489995591
0.7483783646056477
0.7481477018533887
0.761205421794785
0.761205421794785
0.7631322458876842
0.771939067129504
0.771939067129504
0.7596678369114358
0.7561456907104487
0.7561456907104487
0.7596876147899004
0.7642318685259447
0.7670056204060193
0.7675644670524383
0.7574121361709789
0.7568066076879354
0.7624494653705309
0.7598123971916138
0.7834213956694708
0.7834213956694708
0.7844016720135167
0.7894684872521196
0.7939508772218349
0.7966048490547514
0.7966048490547514
0.7966048490547514
0.7966048490547514
0.8000660094321176
0.7977135835284856
0.7975768994979038
0.7953165750402331
0.7958481806777682
0.7949826274950241
0.7939251093110358
0.7939251093110358
0.7939251093110358
0.7921097794287097
0.7886426532926135
0.7824746646436445
0.7671508894513724
0.7637726176838641
0.7637726176838641
0.7637726176838641
0.7748288808169445
0.7780953373979037
0.7770457980688351
0.7737530113666539
0.7738405675920562
0.7746226944755827
0.7778917154482852
0.7852010143959697
0.793345464049463
0.7933463776860352
0.7926055886479517
0.7926055886479517
0.795032410748923
0.7993674320978252
0.8006932095531929
0.8006932095531929
0.801730214545983
0.8006195224014645
0.8005993829305522
0.7970907384456031
0.7970907384456031
0.8037627275937338
0.8037627275937338
0.7840936111957229
0.7845077422473878
0.7820091465924935
0.7840027596706135
0.7789756892149065
0.7835569648528108
0.7801449593088461
0.7775218644287525
0.7770663136082928
0.7671957220537071
0.7712551692280482
0.7712551692280482
0.7712551692280482
0.7637781178382514
0.7627844562835047
0.7627844562835047
0.7586187865284987
0.7586187865284987
0.7580020657864414
0.7623758664273663
0.7595326893813074
0.7540615518826473
0.7513860421436536
0.7733578383622562
0.7688740192981898
0.764073627635615
0.7676937706979196
0.76689937534276
0.7519291728173043
0.7519291728173043
0.7575836510796743
0.7425560489668596
0.7341356945269482
0.7382831789599661
0.7382831789599661
0.7312143719576898
0.7312143719576898
0.7312143719576898
0.7053303509175451
0.7053303509175451
0.7109220474828213
0.7086346959923618
0.7093638171837405
0.7074598735576597
0.704774107983869
0.704774107983869
0.7113236075243173
0.7067356598055566
0.7092369680818624
0.6897686804815337
0.6844221564510274
0.699295698792036
0.699295698792036
0.699295698792036
0.6918927664624654
0.6965166092921791
0.6965166092921791
0.6965166092921791
0.6973049937347822
0.6973049937347822
0.7121419126492756
0.6944819493451784
0.6955425899607103
0.6972543424838804
0.6987735019513022
0.6973812084950475
0.6907405454966353
0.6907405454966353
0.6899449371931993
0.687552508310728
0.7062538642986019
0.6882051696089805
0.690052073164011
0.6897943707851429
0.6897943707851429
0.7050680896058592
0.7049245563403096
0.7085666778876886
0.716889123643595
0.716889123643595
0.716889123643595
0.7055968238712834
0.7045863391225587
0.7040971284359548
0.7126074595059964
0.7194689554669099
0.7109498753342144
0.7109498753342144
0.7109498753342144
0.7080802977428808
0.6991274478523956
0.6991274478523956
0.7037689617702109
0.7181918509075734
0.7186763095957458
0.7183734013717147
0.7183734013717147
0.704209104470776
0.7139366020903188
0.7017214944591402
0.695113105186294
0.6908257504139843
0.6822727869565324
0.6822727869565324
0.6822727869565324
0.6990335952233548
0.6943714867348835
0.6943714867348835
0.6914266888813023
0.6880696650856412
0.6887216265974666
0.688236380196641
0.6890102017862959
0.679108645635374
0.67863058292526
0.696831789631652
0.6960747656240593
0.7040133655001368
0.7040133655001368
0.7040133655001368
0.7305464499267779
0.7198323955654164
0.7129887154661078
0.697759250777209
0.6978081909624008
0.6921206675321983
0.68833289540547
0.7002562859257664
0.7002422575964883
0.6954329370866303
0.6954329370866303
0.6954329370866303
0.6931459361427507
0.6917590636189915
0.6940283911335122
0.6953214002532556
0.6953214002532556
0.6953214002532556
0.6953214002532556
0.7060530203873385
0.7060530203873385
0.707406899837731
0.707406899837731
0.7076247021036384
0.7138161224669058
0.7138161224669058
0.7138161224669058
0.7068891923106244
0.7061445352554849
0.7077424960103588
0.7032379079774853
0.7110153709790646
0.7090719584085395
0.7149067305477651
0.702605158476697
0.7042157558069936
0.6888285797925641
0.688788883741743
0.6816333773813725
0.685972040714605
0.685972040714605
0.6933666801625286
0.6920955987196191
0.6892998359317212
0.6825812754485815
0.6836520612202432
0.6950165778428135
0.6950165778428135
0.696073080996682
0.6958204314771166
0.6736155429961544
0.6729800759211149
0.6754951018443386
0.6670090819659547
0.6560563451930999
0.6469013074131754
0.646303559330776
0.646215554622265
0.6535782851668218
0.6523469400659374
0.6421769458253219
0.6560454845116691
0.6518900158288333
0.6507554039736148
0.6282107894174823
0.6270978909069925
0.6281177287928436
0.6273826053767205
0.6227754826147388
0.6227348213063111
0.6227348213063111
0.6258921183570273
0.6184561977514587
0.6184561977514587
0.6170004687339128
0.6170004687339128
0.6100728123985975
0.5854802511734011
0.5658682470223446
0.5658682470223446
0.5672867488403394
0.5722256401036174
0.5487009763466233
0.5681995801757465
0.5681995801757465
0.5692811725237343
0.5692811725237343
0.5766896849091738
0.573513324798037
0.573513324798037
0.5666814902664304
0.5902297838690798
0.5902297838690798
0.5802360758669455
0.582809802203396
0.582809802203396
0.5800724000062587
0.5930485175078043
0.5811571736557363
0.58139164959073
0.5826386583561485
0.5824102478150559
0.5822559854946582
0.5805539524022373
0.5778244566020033
0.5680340805879129
0.5680513489656005
0.5687272301274713
0.5597328905182984
0.5515780376625382
0.5515780376625382
0.5519468694077552
0.5519468694077552
0.548608948671928
0.5566945617328224
0.5564362296785129
0.5550709561920245
0.5543555118055605
0.5542668551325454
0.5613818518946591
0.5621012429189975
0.5634865176464724
0.564260470381786
0.5583577321951383
0.5622136529993057
0.5480475461093769
0.5440392530053464
0.5436060077946926
0.5471986497055629
0.5467118090809893
0.5467118090809893
0.5447500861474109
0.523299274827997
0.5175997350619747
0.5164354798836753
0.5237364845370909
0.5245333305928418
0.4959102919016014
0.4959102919016014
0.5003322785678186
0.5023055213350435
0.49884998313662143
0.49884998313662143
0.4922458172502474
0.49493365214154816
0.49384855966512664
0.49250417212750663
0.4920924553132158
0.4966191535166332
0.4966191535166332
0.49454551517480666
0.4982114124132126
0.4963654732848327
0.4962363528883325
0.49770702528262745
0.49425075323883283
0.49386672705813073
0.49386672705813073
0.4939972723004248
0.49856636634503715
0.49856636634503715
0.4973682411561823
0.4879252245753623
0.48862809137912433
0.4897687602089093
0.4888864529562627
0.49437935052363013
0.49939211513992987
0.4846724368815057
0.49261365108292465
0.4933843778356973
0.4933843778356973
0.49136702106954594
0.493480842393484
0.49264353431819835
0.5222600557308852
0.5222600557308852
0.5230326963939996
0.5071196852014888
0.5108590724668182
0.5093201786312026
0.4817979321187861
0.4816054560044153
0.4857131955578163
0.4964577556204309
0.4942948099173644
0.49277212417920313
0.48772162647243256
0.48772162647243256
0.4837198128146749
0.4800938361197703
0.4800938361197703
0.4747752538579222
0.47495881960905395
0.47183192663340356
0.48135409536934143
0.48135409536934143
0.4788497699394087
0.47881202671581274
0.4800546255625647
0.4800546255625647
0.48612228075354025
0.48612228075354025
0.47621110202403333
0.4767011573693789
0.4767011573693789
0.47939228125981737
0.47997695576163957
0.47997695576163957
0.4721264294417233
0.46218872107224773
0.46216508665219014
0.4593979456459492
0.45831523478806063
0.4583846575808549
0.45966078733523763
0.4595998187309989
0.4595998187309989
0.4628179585129903
0.4628179585129903
0.4628179585129903
0.4834057015263657
0.48913040022057164
0.5026438570608627
0.504811609200772
0.504811609200772
0.5051937723921618
0.517457997085057
0.5107484998184726
0.510251010558187
0.5077269527563996
0.5080645361390068
0.5136346554034781
0.5201153965762971
0.5201153965762971
0.5091857266997084
0.496576031378794
0.49483916266082106
0.4928279615253273
0.5027226269938737
0.49401164093956396
0.4940207379110415
0.4948339433892848
0.4948339433892848
0.49413295503345844
0.5056274883322158
0.5056274883322158
0.5047993356035081
0.5033946459916899
0.5033946459916899
0.5197228606806911
0.5189812685619377
0.5270615938941083
0.5271011063999386
0.5251992062614446
0.5310704241501671
0.5296484796895805
0.5284412056263141
0.5388364084942421
0.5345473568794655
0.5347347236377354
0.5314701840221939
0.5337332451296755
0.5411778587483178
0.5411778587483178
0.5362278235347733
0.5362278235347733
0.5362278235347733
0.538373961350031
0.5453071230749786
0.5453071230749786
0.5462219075993531
0.5467153726348741
0.5450766223544762
0.5404337821296864
0.5448049323057058
0.5466631346194342
0.5449892002822561
0.5493912392681155
0.5582202200628945
0.5582202200628945
0.561893480594425
0.561893480594425
0.561893480594425
0.5589166620180006
0.5592227021626964
0.5566452787141708
0.5567205414111422
0.5593412393096144
0.5593412393096144
0.5496505151296975
0.5424334176766216
0.5424334176766216
0.5424334176766216
0.5370499765220403
0.5394397413238246
0.5359252777016563
0.5415161965442287
0.5359455450809181
0.5396805200944916
0.5350496150970631
0.5340714997917101
0.5307883882543099
0.5305156527419195
0.5313507729706438
0.5295972972771595
0.5343454293956912
0.5344701100921452
0.5259935465193493
0.5259935465193493
0.5259935465193493
0.5161733887048117
0.515445668483396
0.5154838110837008
0.5154838110837008
0.529963998752615
0.529963998752615
0.528213788256745
0.528213788256745
0.5286198034329929
0.5441045811831802
0.5441045811831802
0.5441045811831802
0.5468350852925769
0.5466004475186533
0.5392733707737206
0.537300398351209
0.5372898339745839
0.5390829517327118
0.5392237525119193
0.5392237525119193
0.5392237525119193
0.53922110655866
0.53922110655866
0.5346911290255668
0.5369803718317329
0.5338366889291503
0.5298000205854629
0.5241277385740548
0.5239339001530983
0.5067327643325513
0.5019118710627577
0.4983905592059142
0.4963073733105474
0.4963073733105474
0.4963073733105474
0.4958794178169008
0.4958794178169008
0.49373283479531904
0.49373283479531904
0.49805200056053195
0.510151957682151
0.510151957682151
0.5024958108735283
0.5024958108735283
0.5024958108735283
0.5024958108735283
0.49928302536823027
0.4883943972744077
0.4932096084699682
0.49826251321176757
0.49826251321176757
0.49821250531379946
0.5023188376663427
0.5110368598133689
0.5110368598133689
0.5251589882709103
0.5251589882709103
0.5231159986843312
0.5170796898577447
0.5170796898577447
0.5167243236003681
0.5142531971420797
0.5142531971420797
0.5131346284360686
0.5052905128254738
0.5052905128254738
0.503742262690471
0.5073452283180653
0.5139349745104649
0.5132108313437247
0.515104191966335
0.5169682407044047
0.519278236807895
0.5193289235471508
0.5194009003130101
0.5132128440764643
0.51798756540243
0.5205908881808621
0.5194665847121197
0.5194665847121197
0.5213145138933933
0.5213145138933933
0.5456364679516916
0.5456364679516916
0.5445702942768961
0.5499192537523513
0.5531761138942962
0.5557435526680922
0.5541787257143509
0.5706396868819014
0.5675284501286576
0.5622166356254643
0.5622166356254643
0.5622166356254643
0.5594331588242931
0.5614777418990954
0.5506211837072685
0.5506211837072685
0.5509471390634454
0.5509471390634454
0.5509471390634454
0.5529681731028432
0.5529681731028432
0.5555229391768164
0.5427159898749806
0.5427159898749806
0.5374947380731933
0.5328943168026857
0.5431638534537117
0.5422549186316915
0.5408721387023138
0.538672156812648
0.5406766005088373
0.5389750688461846
0.5389750688461846
0.5385730128314569
0.5402576648594193
0.541232535363729
0.5411838061394951
0.5396027924705435
0.5379173600054491
0.5284561006814613
0.5254999124834423
0.529143786162981
0.529143786162981
0.5352411010831257
0.5361553138256908
0.5338205281084506
0.5407267795736778
0.535139617570161
0.5527800900483949
0.5527800900483949
0.5540900927727896
0.5551111764230471
0.5386301395832964
0.5453478432486761
0.542092578988661
0.542092578988661
0.5411690854896936
0.5382231466079775
0.5409077644680574
0.5491376024297597
0.5491376024297597
0.5468644965157197
0.5504349652764812
0.5583810899804857
0.557433877545501
0.557433877545501
0.5501781904208214
0.5539853394197027
0.5473371918672831
0.5430560960296059
0.5431863383081683
0.5431863383081683
0.5460849335836262
0.5460849335836262
0.5460849335836262
0.5523754823114418
0.5568103690458853
0.5550125339765271
0.5550125339765271
0.555082211065016
0.549775815725929
0.5433278681059087
0.5433278681059087
0.5433278681059087
0.5414015022413324
0.5374316406613888
0.5375089780602608
0.5375089780602608
0.5375089780602608
0.5375089780602608
0.5318059777416337
0.5371814962200935
0.5357045751146916
0.5341558211919941
0.5297695016639594
0.5297695016639594
0.5243672936618757
0.525669140618176
0.5255803497789097
0.5274950497482197
0.5281025409915605
0.5302008495208709
0.5302008495208709
0.5321458334691961
0.5349586321968849
0.5387430590606448
0.5387430590606448
0.5386941614168196
0.5386941614168196
0.5373635877248951
0.5351257972993135
0.5344961708797263
0.5344961708797263
0.5324886080270544
0.5333877615616085
0.5364009299496444
0.5323972624883658
0.5289603072996556
0.5290273636430418
0.5293652270138384
0.5351939117720844
0.5353831865914559
0.52894627736673
0.52649155966892
0.5273714829904735
0.5273714829904735
0.5119888130064785
0.5083882780264382
0.5072920894962216
0.5064404155805412
0.5064404155805412
0.49585515190972373
0.49585515190972373
0.4943854066544447
0.4998255788008154
0.4780289250588371
0.48441524028842037
0.4919586325730889
0.4919586325730889
0.4919159962434145
0.4919159962434145
0.49245855527990695
0.4976044741935337
0.49850833209072304
0.49850833209072304
0.4972357825025345
0.4972357825025345
0.5012050234782333
0.5035217050774827
0.5025088647354214
0.4960782976986702
0.4960782976986702
0.4871984862312824
0.4835628657335327
0.48261289699192106
0.478925816906279
0.47724829710080174
0.48097515373142213
0.4774632829466615
0.47813196364595456
0.48234300385148143
0.47951689950954
0.4762734110570131
0.4697473446046807
0.46961078574172227
0.4536127321090474
0.4536127321090474
0.4535770533063148
0.4535770533063148
0.4542865287499131
0.4542865287499131
0.4542865287499131
0.4465737096938438
0.4518348873796687
0.45067652283858595
0.4446460954220429
0.4452039035222653
0.4456789016726239
0.44210344532342316
0.4299447441186998
0.4299447441186998
0.4424023225592286
0.44127106494257634
0.44200231928805217
0.4455527706681083
0.4470839358184641
0.4537947481061609
0.45350428477705923
0.4539224107185103
0.4443150631320884
0.4154851342379219
0.41293962601522294
0.4093316624691431
0.4093316624691431
0.3957379010265697
0.3929442031436346
0.3929442031436346
0.3932280927759035
0.3963990844702533
0.39811434279018004
0.38489170949011153
0.3910557509378981
0.39244470030311
0.3927131623726106
0.38858553567843757
0.38858553567843757
0.38321142985861095
0.3806029846450895
0.3806029846450895
0.3806029846450895
0.3781872742112289
0.3737752346061068
0.36325286142745994
0.3626749299925943
0.3644661711171913
0.3677629126918299
0.37493278420579745
0.37560707498205864
0.37560707498205864
0.37667947580360506
0.3718757381832654
0.3716668234502319
0.37150092983306177
0.3712265238241533
0.3710817293841827
0.3710817293841827
0.36685064048304405
0.3669163483605359
0.35685480877010145
0.3663155779705647
0.3663155779705647
0.3663155779705647
0.3408039205825834
0.3408039205825834
0.3408039205825834
0.3408039205825834
0.3408039205825834
0.3420206707187404
0.3420206707187404
0.3485374297402068
0.3486611359568754
0.3486611359568754
0.3486611359568754
0.3486611359568754
0.3486611359568754
0.3486611359568754
0.3512269224902384
0.3517781226347797
0.3475164766932942
0.34678436086609393
0.3462574364120497
0.3474469625446861
0.3520154503789477
0.3673129738405628
0.3616837515071542
0.36197872303001977
0.36142851909978563
0.36142851909978563
0.3652231079250708
0.36268892114082785
0.36268892114082785
0.36273545085286935
0.3619392551221142
0.3610706653801011
0.3656770516358287
0.36572454414514655
0.37047978856373687
0.3779056677133362
0.37952405937880446
0.3840433066389706
0.38588649119823776
0.3908812391287435
0.3908812391287435
0.3902587413011016
0.38664107179501556
0.387325959000671
0.387325959000671
0.38367737860041756
0.3941666796776302
0.39333478152758056
0.39333478152758056
0.39057407616745565
0.39163451039430974
0.39163451039430974
0.39368575438611575
0.39368575438611575
0.39592337896183205
0.39592337896183205
0.40033121341286554
0.3982565856445931
0.3825039427858422
0.3737036300821465
0.3737036300821465
0.362623485434431
0.362623485434431
0.3589011824824092
0.3524026016958735
0.3524026016958735
0.3407425734203191
0.34586032447949694
0.34446634110240915
0.34446634110240915
0.3386327011119198
0.34007824780458457
0.3429954287528588
0.342238565314176
0.36581742104439313
0.3761182449893477
0.3757750415050941
0.3774671599482163
0.3772299742500448
0.37761642143285573
0.3748473619708119
0.3846980764176415
0.3863888780426684
0.38439538807059503
0.38155078415056776
0.38697509829931603
0.38828644869204454
0.39757598856455334
0.3896105922981039
0.3984281104333625
0.3984281104333625
0.39892850872988933
0.40021426011114297
0.39926110453709673
0.3386327011119198
0.33366962899463637
0.33366962899463637
0.33366962899463637
0.33366962899463637
0.32959142831915644
0.32959142831915644
0.32959142831915644
0.33005427203474047
0.3265144154776013
0.3265144154776013
0.3265144154776013
0.3265144154776013
0.3265144154776013
0.3194035635423032
0.3194035635423032
0.3194035635423032
0.3194035635423032
0.3194035635423032
0.3184133065912356
0.3184133065912356
0.3156368842576344
0.30660912858386485
0.30660912858386485
0.30660912858386485
0.30660912858386485
0.30660912858386485
0.30643085798238673
0.30643085798238673
0.298741028642933
0.298741028642933
0.2842886181926131
0.2842886181926131
0.2842886181926131
0.28374059888451886
0.2824308165017937
0.27731012864577975
0.27584441664100584
0.27584441664100584
0.27584441664100584
0.27584441664100584
0.27584441664100584
0.27759656355617623
0.27759656355617623
0.27759656355617623
0.27560860411206134
0.27447131921732587
0.27290699328352364
0.2693703923675366
0.2527772325139041
0.2527772325139041
0.2527772325139041
0.2527772325139041
0.24734047461421813
0.24734047461421813
0.24734047461421813
0.24734047461421813
0.24734047461421813
0.24335979462620191
0.24231099855789628
0.24231099855789628
0.24231099855789628
0.24231099855789628
0.24231099855789628
0.24095470642772027
0.24095470642772027
0.24095470642772027
0.24095470642772027
0.24095470642772027
0.24095470642772027
0.2400941118194552
0.2400941118194552
0.223798369844048
0.22338187953745528
0.22338187953745528
0.22338187953745528
0.22338187953745528
0.2115227178769051
0.2115227178769051
0.2115227178769051
0.20970866248442138
0.20970866248442138
0.20970866248442138
0.20970866248442138
0.20970866248442138
0.20970866248442138
0.18639528030723998
0.18639528030723998
0.18639528030723998
0.1858997580335461
0.16931381091743042
0.16931381091743042
0.16931381091743042
0.16931381091743042
0.16931381091743042
0.16931381091743042
0.16931381091743042
0.16931381091743042
0.16931381091743042
0.16931381091743042
0.16931381091743042
0.16931381091743042
0.169309790183188
0.169309790183188
0.146909420454776
0.146566892193199
0.146566892193199
0.146566892193199
0.146566892193199
0.146566892193199
0.146566892193199
0.146566892193199
0.146566892193199
0.146566892193199
0.146566892193199
0.146566892193199
0.146566892193199
0.146566892193199
0.146566892193199
0.146566892193199
0.146566892193199
0.13212737412478584
0.1323677268785157
0.1323677268785157
0.13210147412210005
0.13210147412210005
0.13210147412210005
0.13210908868602758
0.13210908868602758
0.13210908868602758
0.13210908868602758
0.13210908868602758
0.13210908868602758
0.13210908868602758
0.13210908868602758
0.13210908868602758
0.13210908868602758
0.1305569826908609
0.1305569826908609
0.13051898895274783
0.13051898895274783
0.13051898895274783
0.13051898895274783
0.13051898895274783
0.13051898895274783
0.13051898895274783
0.13026022656453023
0.13026022656453023
0.13026022656453023
0.13026022656453023
0.13026022656453023
0.13026022656453023
0.13026022656453023
0.13026022656453023
0.12714920722639292
0.12714920722639292
0.12714920722639292
0.12714920722639292
0.12714920722639292
0.12714920722639292
0.12714920722639292
0.12714920722639292
0.12714920722639292
0.12714920722639292
0.12714920722639292
0.12714920722639292
0.12714920722639292
0.12714920722639292
0.12469306739664557
0.12469306739664557
0.12469306739664557
0.12469306739664557
0.12469306739664557
0.12469306739664557
0.10932350765048318
0.10932350765048318
0.10932350765048318
0.10932350765048318
0.10927051823005265
0.10927051823005265
0.10927051823005265
0.10927051823005265
0.1098894386844626
0.10568854858404643
0.10568854858404643
0.10568854858404643
0.10568854858404643
0.10568854858404643
0.10568854858404643
0.10568854858404643
0.10637438423569483
0.10637438423569483
0.10456187969817232
0.10456187969817232
0.10456187969817232
0.10456187969817232
0.10456187969817232
0.10456187969817232
0.0985700931827447
0.0985700931827447
0.0985700931827447
0.0985700931827447
0.0985700931827447
0.0985700931827447
0.0985700931827447
0.0985700931827447
0.0985700931827447
0.0985700931827447
0.0985700931827447
0.0985700931827447
0.0985700931827447
0.0985700931827447
0.09564983327767299
0.09564983327767299
0.09564983327767299
0.09564983327767299
0.09564983327767299
0.09564983327767299
0.09564983327767299
0.09564983327767299
0.09564983327767299
0.09564983327767299
0.09564983327767299
0.09564983327767299
0.09564983327767299
0.09564983327767299
0.09564983327767299
0.09564983327767299
0.09564983327767299
0.09564983327767299
0.09564983327767299
0.09360478483571401
0.09360478483571401
0.09360478483571401
0.09360478483571401
0.09360478483571401
0.09360478483571401
0.09360478483571401
0.09360478483571401
0.09366537901883114
0.09366537901883114
0.09366537901883114
0.09579223994607615
0.09579223994607615
0.09579223994607615
0.09579223994607615
0.09579223994607615
0.09579223994607615
0.09579223994607615
0.09579223994607615
0.09579223994607615
0.09631144866572854
0.09631144866572854
0.09631144866572854
0.09631144866572854
0.09631144866572854
0.09631144866572854
0.09631144866572854
0.09631144866572854
0.09631144866572854
0.09631144866572854
0.09631144866572854
0.09631144866572854
0.09631144866572854
0.09631144866572854
0.09631144866572854
0.09631144866572854
0.09217454380508866
0.09217454380508866
0.09217454380508866
0.09217454380508866
0.09217454380508866
0.09217454380508866
0.09217454380508866
0.09135871946100395
0.09135871946100395
0.09135871946100395
0.09135871946100395
0.09135871946100395
0.09132487230843234
0.09132487230843234
0.09132487230843234
0.09132487230843234
0.09132487230843234
0.08795375280219335
0.08795375280219335
0.08795375280219335
0.08697482745637572
0.08697482745637572
0.08697482745637572
0.08697482745637572
0.08697482745637572
0.08697482745637572
0.08697482745637572
0.08589195036499095
0.08589195036499095
0.08589195036499095
0.08589195036499095
0.08589195036499095
0.08589195036499095
0.08589195036499095
0.08589195036499095
0.08589195036499095
0.08589195036499095
0.08589195036499095
0.08589195036499095
0.08589195036499095
0.08589195036499095
0.08589195036499095
0.08589195036499095
0.08589195036499095
0.0845032882083073
0.0845032882083073
0.0845032882083073
0.0845032882083073
0.0845032882083073
0.0845032882083073
0.0845032882083073
0.0845032882083073
0.0845032882083073
