0.0466667 -0.08912076484398775
-0.0866667 -0.04865362848182858
-0.3733333 -0.4366828763319879
-0.1533333 -0.3150983504889392
0.0366667 0.02244959175606165
0.0066667 0.040089599252900565
0.7633334 0.6036990082288602
0.61 0.5774714522273646
0.3833334 0.2240019345851316
-0.28 -0.2734716102100465
0.56 -0.17857811917340288
0.1633333 0.15999637802656091
0.1266667 0.20489615350365134
-0.71 -0.7438553850691036
0.9666667 0.9752420117246177
-0.86 -0.7493520757975548
-0.59 -0.5871781463509304
-0.2366667 -0.2448447247053792
-0.4033333 -0.2647104257250916
-0.7566667 -0.7146985114371774
0.7133334 0.7201850021185372
0.4233333 0.39962302685427353
-0.2933334 -0.15031951635038043
0.72 0.6340132988469133
-0.9666667 -0.8412928882979513
-0.9966667 -0.5547558236951751
0.9833333 0.9434493514089186
-0.6666667 -0.48289607268578166
-0.17 -0.18655946492637687
0.9 0.7505649553758555
0.03 -0.019983688836370694
0.27 0.17852119823943152
