1.449426618415844
1.3698839951933048
1.3745194818933646
1.372569964676687
1.360739439912483
1.3646317514450537
1.3666270873952566
1.3599265263127167
1.3579017777893196
1.3576066059728678
1.3746302238633366
1.3754973693293249
1.3714513387330634
1.3711221295023897
1.3693524598143854
1.3733503807889733
1.373957604303544
1.377358335612942
1.37362098646179
1.3736077798462503
1.3767478134471136
1.3844984870494803
1.3835358137433127
1.3841892376763836
1.3787686960934562
1.3791054040057626
1.3824203082825608
1.3801477469677337
1.3707549170583786
1.3729700225053167
1.3740169568256608
1.371787455226804
1.3765312913209895
1.372741993103106
1.3727511210939956
1.3610014687877379
1.3593382953431945
1.3631835841181474
1.3641205796860232
1.3639536345122625
1.3704064720241986
1.3688021330729079
1.367525198285929
1.3709328298848424
1.388614222894629
1.3849664956319667
1.381773991316197
1.3765919352574776
1.3747891431296007
1.3725688962285256
1.3766906225262132
1.3621168632981053
1.3614578053497737
1.3543104002757564
1.3543526074475252
1.3257195424317254
1.3368532338434445
1.3370082494433304
1.3265446090082973
1.3166982919727466
1.341114437294659
1.3415267323797913
1.3365493279685212
1.341239184555468
1.3430781728759214
1.3394943988247947
1.3531861019463216
1.356352959882546
1.3500254505646399
1.3500524167785224
1.3489783897053065
1.3489783897053065
1.3470506410239982
1.3479126515794602
1.3489959403536367
1.3317936790861105
1.3250407263760213
1.3336071801292293
1.3217698766403234
1.3130925419773938
1.3176877662018394
1.3143830343000849
1.343606951953537
1.343358556766936
1.3434150579655872
1.3354430641434736
1.3511026350023776
1.35432618792923
1.3525764478408828
1.3541749912888859
1.3547863381193075
1.3474546606277642
1.3318865848171508
1.3128042731585394
1.3124677351668426
1.312762899606561
1.3148179502660167
1.2998574463584027
1.3032223220278212
1.2891853735045258
1.2777742308546187
1.2721778340819043
1.2669957806640262
1.2735505857426834
1.2729671130454527
1.2751110046245981
1.2733302360978536
1.2733587739766559
1.273088141948454
1.2731687087142411
1.2635741454961564
1.2630797127555702
1.2646751439601165
1.2671805917622165
1.2676604449821227
1.2675780548848705
1.2755827364649153
1.2791722286839124
1.2881418695414184
1.2889256589157656
1.2909833420226622
1.280359820329303
1.281535519915052
1.2660985471251673
1.2694288957654025
1.2705957996666042
1.2707295127469875
1.2702291760597906
1.2912450500876613
1.2888182269944828
1.3024658288600381
1.3025609867887908
1.305450291760715
1.3242369863249246
1.3254428119691082
1.3210738143621183
1.3134692636186058
1.3202513953972836
1.3212732911398706
1.3284066089121325
1.3201630743106365
1.3394663882775286
1.3380443139701448
1.3321254612360607
1.3308236169556682
1.3376036953748573
1.338813809489276
1.3377489614188485
1.323034274559966
1.322892917290336
1.3168651838845802
1.3170524154341359
1.3226124777639794
1.3226700226062968
1.3210146336317297
1.3193425948238253
1.305787144374588
1.3008506014246235
1.2997648945356846
1.2973671752531013
1.2772095099840224
1.265785242655622
1.2651046030357778
1.2664148868757599
1.2739140010896668
1.275604599802421
1.2779416965808488
1.2706022999626279
1.2718414043382367
1.268600423592689
1.2653450213048967
1.2659387431052302
1.2479538960766938
1.244921043166248
1.2475515022999264
1.2444141698396025
1.247486240373981
1.2731000943481148
1.2714891599952844
1.2671441715281533
1.2663124994505428
1.2706095067223784
1.2731328263440207
1.272417784919114
1.2614698125621577
1.2674374833968947
1.2635051463943054
1.2678930766426988
1.2731587747928426
1.2637709049978116
1.2570718657486653
1.2570718657486653
1.254222711203523
1.2541605757133358
1.2542196486244783
1.25202652477158
1.2631732357646002
1.2639809410785892
1.261157868064884
1.2628576233594586
1.2645390141522481
1.263123961050659
1.2623287518602642
1.2631472455393165
1.2762175901750572
1.2830566251772397
1.2893985784643982
1.2874593446345415
1.2837980110083713
1.2821070743174439
1.2813035988802277
1.2818497351977112
1.2755618087280216
1.2780786605830197
1.29988651446103
1.3017594414347804
1.30192528435686
1.301275184643355
1.3042278150259259
1.303873827405697
1.2835241057896203
1.277555934252997
1.2869433991373158
1.2816440464910335
1.2807602118534895
1.2850450870969383
1.2812120959171438
1.2835350825026068
1.2815840470296855
1.27841686477355
1.2638900443397851
1.2594597102221614
1.2663466531288554
1.283218008200761
1.2930515904463404
1.2907246649837678
1.2872260952203425
1.2885463238528576
1.2890943183636003
1.2835102579191022
1.2871531643490788
1.283311368607964
1.278925450867565
1.2779717655380274
1.282954590783185
1.2735756344019502
1.2859484944425026
1.2931101970363048
1.3093007674054453
1.3086839005689703
1.3093705774763644
1.3021673304937391
1.3099753989728233
1.3358949207426636
1.3220170427633078
1.3224735949589208
1.3287568864066286
1.3288497199470581
1.34646039039372
1.3334709271755014
1.3369413815653595
1.3448286743195899
1.3439785188124131
1.3456122820075183
1.3582254782393761
1.3659522645872204
1.354079534044026
1.3364645601308844
1.3408128358217721
1.330096621269659
1.3345538612525842
1.3378708992196797
1.3410364961115333
1.338942759159
1.3252136957593716
1.3183770224458498
1.319025981469353
1.3023834543275155
1.3021519054569077
1.3157245911782114
1.288707232634304
1.2882450609679068
1.2849498380983513
1.2916973472705953
1.2966044451630212
1.2937281394314908
1.290384661114786
1.2847217329071243
1.2777291443562657
1.2742251852641877
1.2694599121480132
1.2893546071573356
1.3078093995136058
1.30404655767254
1.296347779719381
1.3074971670063382
1.3309429001575968
1.3359662319737313
1.337460879233511
1.3401917407750965
1.341108181820256
1.340798883435106
1.3235210325049225
1.3287177857389598
1.3274444199015845
1.3295094023560656
1.328346501020976
1.332349124659398
1.328460460158337
1.3388177434150008
1.3347341336509513
1.3346333727396864
1.3410819805087115
1.3455525925778975
1.366284024423558
1.367678464198512
1.372859173256884
1.377938702116178
1.3754580863019628
1.3939131426485236
1.3975699772469028
1.4164487248237252
1.4150421954990708
1.4158956662991624
1.4218998627733443
1.4212067352853117
1.419764218851924
1.417809373433636
1.4075554287191947
1.4128589816784645
1.4265276572573522
1.4250456380310756
1.4208691747810933
1.4239898170553948
1.42379407080002
1.42705438854749
1.4243954722647023
1.4179071539934855
1.4161184874416184
1.4161616476022143
1.4144890331878348
1.4143881239270641
1.4148447962659059
1.4155379571880062
1.4008078886122544
1.4051593382525616
1.4284997885300417
1.4396596709333922
1.4388210389848484
1.4434575117251156
1.4440983820351503
1.428970249872479
1.4292197864793499
1.4157246127383696
1.4183616851172525
1.4160752345545478
1.4146258115533141
1.4327496358556977
1.4322069824829593
1.4306839307423473
1.429472969296215
1.456081762110669
1.4577510681760903
1.4581283080959893
1.4412976247464442
1.4411732694467065
1.440267713890131
1.4131975211486068
1.4153946571049734
1.41311309144708
1.412248868282802
1.4028657568885736
1.3830089852051883
1.383706909877378
1.3846160364703184
1.3817755268434502
1.3557169634012773
1.3557540203893943
1.3597057188957846
1.3713831571859054
1.3715057209688848
1.368094679892626
1.3594449145390732
1.3586793702439728
1.3667880750908419
1.3676120755482568
1.3674696463170524
1.3714416215720118
1.3734551550551923
1.3802419113782354
1.3772351269403882
1.3808763081668405
1.3703244323635797
1.376351109880447
1.3795518569793503
1.3608846067009852
1.3854102846220557
1.358634839931965
1.3378453757115014
1.3352559235928414
1.3289500747819178
1.3339622137922809
1.3310528080122819
1.3622311696362448
1.3612623240826363
1.3593618627511395
1.348075731457279
1.3524638343902369
1.3526443361817624
1.3400690958135058
1.3335431090757324
1.3364808117676485
1.345082638811141
1.3497720227267194
1.3489820403268842
1.3477389653826366
1.341350100047408
1.355372817493473
1.356848490917239
1.354248044812659
1.3657293089520488
1.3702947360248499
1.3719560740479793
1.3810258124525023
1.3892750880742832
1.4189653001755487
1.4184444956782378
1.4321264817692054
1.4342114595760538
1.428038454839078
1.418489047605173
1.4185016517041842
1.403895493684714
1.404343738146849
1.4008830896742286
1.400116046568303
1.3921737957658205
1.3900461370649764
1.3902084245949204
1.3906881524860235
1.3940981861247852
1.3983234423178017
1.3983414708415027
1.3930574217338711
1.3874302960531084
1.3901437410943145
1.386456976550663
1.3769997859167817
1.3811759508599248
1.377539906358642
1.3805123443651974
1.379637701179012
1.35975885297146
1.3614603980312234
1.3801060418961366
1.401507040301175
1.4000222361370447
1.3774473377120726
1.387224352039309
1.3884510961070036
1.3918434448614179
1.3914992555168402
1.3763380781916164
1.3515525873385787
1.3536412179990602
1.3409441354318914
1.3316082626939922
1.3360568718011636
1.345147026639957
1.345147026639957
1.3484799960770297
1.3494451806848455
1.3472906900016584
1.3325170227517955
1.3297152724656072
1.3293896408063035
1.3485518617603494
1.3241939656271517
1.319158065462229
1.3185989462907863
1.3141892460116942
1.3177316601929654
1.3188973478252086
1.318997076290497
1.3199673216833132
1.3269269829703334
1.3274848137988031
1.325834139398843
1.331321210114129
1.331539777780174
1.3366541834393277
1.3595569867254913
1.365174413110329
1.3648868712785076
1.3648868712785076
1.3670370814219586
1.366922268308643
1.3574902466422016
1.350172123180711
1.3513066159359781
1.3441614418722108
1.3569192078402836
1.3498513440472997
1.3514687233066327
1.335167444087758
1.3330573199159075
1.3046155071969565
1.3229444192253406
1.3347642904525556
1.3275790957387414
1.32861077877212
1.324443504846763
1.3235924946042712
1.2990055196316792
1.2978275176268472
1.2822389460119954
1.2686206488977185
1.266355169173675
1.2724269576291936
1.2791983144824612
1.2764835631637674
1.2787276169185466
1.2657694416616883
1.2608364842638249
1.284599334304823
1.2865366433469372
1.2853670565760476
1.2706999437385973
1.2637712352295252
1.2593202724589119
1.2711974461596718
1.2477980743925463
1.2306354177933114
1.2292826290165346
1.2353793264304056
1.2325181882928848
1.2426602254575967
1.2438525108960365
1.2445965887997172
1.2646302328572832
1.2615883938650634
1.2634474736656551
1.2634474736656551
1.2609469045277644
1.2451402619972067
1.239861619042731
1.2441532141574196
1.2467113413302167
1.2457807529340028
1.2269235393178195
1.2403325155765044
1.243362540414019
1.2469158693130515
1.2575409289556874
1.2814427228254943
1.2819826654362207
1.2806351547431665
1.286188059994039
1.299870442880301
1.3088506081618976
1.2947934212580912
1.293034101540008
1.2742254460145321
1.2752661004596029
1.287742180273383
1.2961640467103153
1.2955055211167212
1.3115776050703127
1.3035804731827196
1.303517802587342
1.3000543475788895
1.299479502965199
1.3082297577792528
1.3080941679744185
1.310413933597776
1.3106016082501803
1.3092291015170765
1.3053004659615113
1.3089659192714609
1.3181073662611495
1.3150315510672224
1.3131501276488522
1.3173589671613546
1.3133438250928395
1.3290477216108205
1.3267611277422606
1.3272684743616254
1.3281262607897086
1.3165521373227311
1.3003497805309463
1.2983506995852485
1.2983973195532665
1.2986053816343488
1.2940135579391838
1.3127226385875053
1.31353470022464
1.3189012231575565
1.318396374545799
1.3419455776932108
1.329882819895495
1.3310444096775438
1.3267109816500897
1.3187481495211342
1.3127721586643775
1.3072155135738204
1.3167285702384284
1.3187234719018268
1.3179798517716834
1.3059958752975085
1.3036720949246863
1.3181711292126956
1.3181711292126956
1.3149877417330549
1.315226421338151
1.3191171026965167
1.3255674743387962
1.3254384177478966
1.3313599748495049
1.3410279170638515
1.3448949485673125
1.3668401119742182
1.3590190403827571
1.3616236646591768
1.3575621218934342
1.361920734918592
1.3667507301243524
1.3555981665070733
1.346578167391447
1.346586209164589
1.3445764315825837
1.3418638032724008
1.34632651511379
1.3373257595231245
1.3312080512804363
1.332102008681939
1.3300883421525724
1.3257918676639457
1.3344614140871929
1.335714400577491
1.3127272926594005
1.3070653385140145
1.3056443296382165
1.3131199093133057
1.3278730033081618
1.3162664120555225
1.3239912116517785
1.3149986946340404
1.3150400551005594
1.326150452692614
1.3311085489077015
1.3155890836676443
1.2988451458391757
1.2945431461036139
1.292201733637314
1.27004408604119
1.2719817427350077
1.272606711996313
1.2752820021437978
1.275439649468275
1.2551001988461035
1.2489942087692754
1.2315383361822625
1.216777143435667
1.2008035462012057
1.2123740187407157
1.2113612647313072
1.2068946958952549
1.210259557123047
1.2130831487983218
1.2130831487983218
1.2159790992092812
1.2159995154932686
1.2041517049878716
1.203831275662812
1.2071831307297598
1.1906047437093783
1.1970556627909317
1.200090280221478
1.200090280221478
1.2082532085198223
1.2006196625674517
1.1938061160287508
1.191218408848946
1.1954789794150766
1.1939912602631635
1.2126789195940835
1.2122551685147729
1.2166558586797183
1.2247670394073547
1.2283424320874874
1.2275476846614901
1.2015538872895646
1.2055830164797212
1.205492892032499
1.2124063745161566
1.2002652498993533
1.1995601416255985
1.2171251957450753
1.2299756281242744
1.2339859786102327
1.2305077459265874
1.2217984813255174
1.2187577029203562
1.2064813007636799
1.202867407229607
1.2067106076565668
1.2080144317190655
1.2079944419906727
1.2130258716497335
1.202125604892751
1.2017714460123903
1.2025849697943984
1.201355269171904
1.2194178517018497
1.2210538250664973
1.2213016660474814
1.2005950007237047
1.186927627751733
1.1873533626831816
1.1812131606008098
1.1760048885243302
1.1978487552600325
1.1978646955742032
1.1980079438502116
1.1981610729881826
1.205657181228691
1.2074910487531463
1.207406266734938
1.198711795910049
1.1905266362027997
1.190034858194077
1.190034858194077
1.1811583277596986
1.2032183988950884
1.207115984318334
1.206824369816821
1.201707477187353
1.1992611367640584
1.182311600107343
1.1821526157439628
1.1961016230834194
1.1961016230834194
1.196714814357676
1.1942794009293933
1.187428193837185
1.176177095654604
1.1661017572711165
1.1721983281865953
1.1661956388395507
1.1682818831519666
1.1830721868366545
1.182621597635767
1.1879204864760768
1.1835550305737987
1.1760150464065453
1.1653300936616326
1.1683862413753032
1.1598038830624706
1.1598732310637483
1.1624337957140847
1.1682544908223413
1.1616685492163095
1.1622781654129517
1.163916602451697
1.144731023182628
1.154631154764
1.1562653367930449
1.1570597832146214
1.1582746084822546
1.1657335105710458
1.151975424744982
1.1486818518014823
1.1487459235735837
1.1486491663451457
1.1491740650444895
1.1362494577959132
1.1362494577959132
1.1289632853938056
1.1289632853938056
1.1395608802364183
1.1283572654984697
1.1366938651456393
1.1367354563450756
1.1362136553743687
1.1384194785955428
1.1574816832439843
1.1481699682845734
1.145380983407537
1.1362142978988705
1.130408811405642
1.142008208491712
1.1628616031571126
1.1612815515527193
1.1649544113746018
1.1649544113746018
1.1509013721506647
1.140179345745954
1.1453020286279263
1.1458786771528664
1.1463042528653136
1.130345359889374
1.096060582987405
1.0966127470879576
1.0930019333502063
1.1033761568406841
1.1095220663101828
1.1060973378428098
1.0811638488728017
1.0821566621004526
1.0927613432256331
1.0651742402314615
1.0698150829799595
1.0715004253230156
1.0682074512005608
1.0906346732758598
1.0961758431164146
1.1242898098718273
1.1264718630534178
1.1303570076107554
1.1365650431495107
1.141967005769248
1.1416259825923654
1.1415921683406194
1.1409520763062497
1.137386711858736
1.1481241726270746
1.1372307937733197
1.1186429758216059
1.1265280458444327
1.1075186825799652
1.110450479389291
1.113680993188029
1.1167397730210373
1.1167397730210373
1.1119990213449313
1.1139958209282659
1.1225045186612
1.1266433385515526
1.1287470085907116
1.1306553476746546
1.1309673136069902
1.1239465745910424
1.0963184539478101
1.0904339078882141
1.0894876449899287
1.0907349933257395
1.0907349933257395
1.0959932299110786
1.1006982756122436
1.0965199780505746
1.1113103031882203
1.1136850193388677
1.1117466186706526
1.1065280254357628
1.1065793375129316
1.095350595649444
1.092255219150347
1.093224964406005
1.097803221164838
1.1100589181765683
1.09643240806745
1.094800301891481
1.0770105474504823
1.0679706774285753
1.0679706774285753
1.0815604936950756
1.0787887348203835
1.0632134605496506
1.0631687686484461
1.0560248611731664
1.087802177947307
1.0990862376898602
1.0926853385569337
1.0892753600078833
1.0861930146241654
1.0906200748521995
1.105616743344931
1.1144006895702154
1.1123479466990638
1.1117557554563648
1.1176161857513873
1.1255248517572345
1.1283911132477513
1.1305087204971362
1.1349237192498873
1.1334599000536891
1.1448609056109074
1.1459284776199463
1.146340053387782
1.1480904958029383
1.1532813096154526
1.1521327859336425
1.1358529916898839
1.1358529916898839
1.1625619847306286
1.1714755636488745
1.1757681976859224
1.1746179977596232
1.1845868902357874
1.2031346047397413
1.2035412901064237
1.206466632551629
1.1893468143886412
1.188677565646929
1.1964392566524833
1.193786055786213
1.1925231913017358
1.1921853574180146
1.1861578063872795
1.1829104536395456
1.183146617750682
1.181148719553029
1.1796931944905322
1.1765958474018856
1.176140008365099
1.16475989978936
1.1824135775343168
1.1824135775343168
1.1836734470155157
1.1798298839471228
1.1791105956456982
1.1791105956456982
1.1830913729993604
1.1830913729993604
1.1803739922780483
1.1880814426656423
1.188247368216951
1.188282817772474
1.1876626148463096
1.1894033530493096
1.1995574799821551
1.2122355568413412
1.248514856656617
1.2566893243133888
1.2580513115488485
1.2429946140725956
1.2326643994989377
1.2250523140280396
1.2222519259115991
1.2170745494527728
1.2206262553792444
1.2160560566001035
1.2218608877901274
1.2243265584568623
1.231623078286586
1.2375380332416697
1.2576841277908228
1.2550850391073543
1.268707376017926
1.2756272174786154
1.2780410199334766
1.2823060673599107
1.287400073892841
1.2973359286109958
1.2931658910098727
1.2939851355950387
1.2920864032714692
1.285559373482756
1.2772507781232425
1.2666710561068122
1.2663981048177784
1.2629501901966667
1.2726589688297452
1.2697636845352747
1.268780420178626
1.268736222629682
1.2703705424781464
1.2541404921480173
1.2596851415547756
1.253913278024907
1.25711167777847
1.2565004529686927
1.2537151064610912
1.2538171249234242
1.2572912934516947
1.2573868939471173
1.2549371427627076
1.2641797775379202
1.2674818743067466
1.2674327127571041
1.2688393904542237
1.2544385059017158
1.2558056223163754
1.24346298811895
1.2494939626675794
1.237311372247459
1.2619767035059717
1.2502915448550365
1.2502508808405353
1.2480572982620175
1.2474570707487955
1.2461762490243782
1.2465866270119388
1.23231292489964
1.2426890127893826
1.2425042897947214
1.252611556830824
1.238725877374577
1.2389897656004107
1.2431758210225954
1.2457390358380742
1.2518148178349005
1.2420210174506845
1.2439321867397044
1.2398435470368832
1.2317371424216188
1.2273354919777415
1.2233957623014111
1.2185661908864442
1.21815464649437
1.1885028575233902
1.1882705479982405
1.2026264586759199
1.1812277362701966
1.174396633775442
1.1737511824208917
1.1666090036473609
1.1664624563266544
1.1600637120782835
1.1643927010948212
1.1664501900490374
1.193999765816782
1.1959197328716196
1.192160635778719
1.1967435861200275
1.1967435861200275
1.1847296940763457
1.1893869972965243
1.1842901398851726
1.1868895098239944
1.1835161489198844
1.1917165308866515
1.1932344826084744
1.1782112448357849
1.175133505829625
1.1805132396421014
1.1875507602586197
1.1851101946542069
1.1940900262578888
1.211342723577901
1.222702499527644
1.2199513129391104
1.178503034178871
1.1688300379967234
1.194712064012233
1.194712064012233
1.2059998905801907
1.2196069879838296
1.2210684564896621
1.224107935093057
1.2115677207044806
1.184781907766319
1.184781907766319
1.2015046054564302
1.1997559123865262
1.1978090979590985
1.1975292364650025
1.1673471625824088
1.169850011248005
1.16712206765492
1.1784465139092417
1.1822473632868618
1.1827349883542928
1.1829128583415858
1.1743632635312329
1.1755056747718784
1.1756180855222749
1.1729405693679305
1.1780966552546122
1.175917155760631
1.1782459591948635
1.1876009579851512
1.1876009579851512
1.1932550313128731
1.1877085641319902
1.179970758951951
1.1803100320515072
1.167412362696698
1.171494644459067
1.169674355014497
1.1818080000390685
1.172686888305181
1.162010890865273
1.1599841912939375
1.1599841912939375
1.1294269228863265
1.1365629776587667
1.1462084766408929
1.1462084766408929
1.1464449318755416
1.1633712632776878
1.1664612459913137
1.1447836365540447
1.149949385321757
1.1501449696002504
1.1521419644392863
1.1505422971620438
1.140046373276836
1.1398088074562354
1.144144248380999
1.137578780587208
1.1428640584485346
1.1371443492291131
1.1296945345723146
1.139915873877103
1.1402840062398882
1.1443698484512461
1.1504660984293904
1.1604437235796765
1.1647258784791807
1.1625095357290551
1.1638972294640313
1.164451499178378
1.169635915450818
1.1697950862452393
1.1697950862452393
1.1659004046705246
1.144411939444743
1.14882526621055
1.1425656381687754
1.1450452833966316
1.1395514191475693
1.1395514191475693
1.1242502433536743
1.1150816208519245
1.1110927797914505
1.1189992482545363
1.1073461966568718
1.1010791249912038
1.0995521773423569
1.091635359682191
1.0925739605147848
1.085779672861805
1.0861037750830573
1.0873673658482337
1.0913193126573748
1.0975078171148154
1.086317865620288
1.0897235430119148
1.0837769779147677
1.0785805325018085
1.0804223007423983
1.080449066203214
1.0894854281259008
1.0856900173005635
1.0856900173005635
1.0872137094340326
1.0829950035529594
1.0951608453443613
1.0951608453443613
1.1060413271929619
1.0996342152880585
1.087770476993739
1.071184339558591
1.0669594972913183
1.0516821036716653
1.0441407133043654
1.0481045300717653
1.028581952526639
1.0324176263828193
1.0359599159552775
1.0508834304714763
1.0551050704237213
1.04403163697054
1.0425257399635903
1.0384920402677675
1.0358635924537134
1.0149212675430415
1.0241276722420947
1.0208711711474157
1.030248714055566
1.0324381848764577
1.0344080804159537
1.0274585629698956
1.0133707575149544
1.0117084062331454
1.0208614011465553
1.0166517286339676
1.016574120775733
1.0145634347621786
1.0113365542623263
1.0113505422560436
1.0060373246636498
1.004436124765422
1.004436124765422
0.998159483298001
0.988418377966106
0.9865452356919607
0.9924930244688639
1.0034418535307958
1.0153582566924033
1.019233145966656
1.0215423188909447
1.0254817409591417
1.0227680810137973
1.020160601307269
1.0389787231556322
1.0522629613322403
1.0547464670141704
1.0611759208109175
1.0581316287979572
1.0570258941539337
1.064744124339086
1.06736750300682
1.0814537095712857
1.0711174330425717
1.070909887202141
1.090348091529169
1.0825244567938617
1.0812831664117528
1.0812831664117528
1.0856552349303972
1.0875245718384199
1.0834985435339608
1.0834985435339608
1.082190838689247
1.0825649912502757
1.072585326362515
1.0798559900005138
1.0680505308922228
1.0620647511889747
1.073532937965533
1.0682843620291285
1.073724088282013
1.0635248781536084
1.0707585965511384
1.0776534783948182
1.0779594807710473
1.0786948584701634
1.078831407324376
1.0790237336545532
1.0776212246927233
1.0761577853177267
1.0843457558609941
1.087078221505027
1.085986242331474
1.0775147659442277
1.0775462803192577
1.0730448167324589
1.0704115020618274
1.07259604601102
1.0719318395444195
1.0723899075628407
1.08421673788151
1.1001544908003393
1.0976291919328558
1.09669072888021
1.089014683551067
1.0891318251975264
1.0792421413729345
1.082139471477707
1.0843943402416294
1.0843943402416294
1.0896181054221428
1.0887927140889706
1.0949518204654691
1.092612799611007
1.0700152287237978
1.0751243421212169
1.0757768787306972
1.077160045616015
1.0721752310871906
1.0700018438942889
1.081092039285651
1.0952453502694477
1.1061660090953938
1.1061660090953938
1.1050372682690255
1.0792922557972808
1.0857838348953663
1.097737414235052
1.1051076946187344
1.1079759744254618
1.1029650022520163
1.1012322758040793
1.1012322758040793
1.0891624500459067
1.107929494579987
1.130254586795278
1.1453383126909171
1.141505064057549
1.1406255134048122
1.1159417701004122
1.1138842588429174
1.11246986336633
1.1160413386332213
1.1135246585995815
1.1236797227163227
1.1315314989635006
1.1342957755428413
1.1395415960766042
1.1339308503492678
1.1168391522604915
1.1197927798950402
1.1289639993650105
1.1347369652532229
1.1462573997170282
1.1446795417873785
1.1436331227973802
1.135890489009649
1.1372010570532551
1.1338669284086202
1.134701461673338
1.134701461673338
1.136010457197954
1.1492962594951703
1.1481962636979814
1.155963780077251
1.1437767737504856
1.1458917917044784
1.1457206669261348
1.146834134435301
1.1517654840567262
1.1584441641181018
1.1599057877341776
1.1631189572554177
1.1529964271478397
1.153503926455065
1.1526133438037747
1.1516176239539577
1.1511048897071496
1.1420919017576885
1.1453271823797626
1.1453271823797626
1.1453271823797626
1.146720263369753
1.15131793100172
1.1455000841665033
1.1456001485039458
1.1484161303839533
1.1332842636993021
1.1387718396273896
1.1403838218771973
1.1357954894576685
1.1365386648286695
1.1413867777916895
1.140283566656281
1.137581722337512
1.1375815191215737
1.1436334798237484
1.1362321667023823
1.1429087097644839
1.14024068848452
1.1311518791375372
1.1320105071067341
1.12539072611287
1.12539072611287
1.1252650949395644
1.124143579989601
1.1362750833415727
1.1308235243470381
1.1335806793009031
1.1429768511999907
1.1451347039819575
1.1451347039819575
1.145614578668131
1.1517273729974777
1.148477067250627
1.1286569022932684
1.1348503096310774
1.1348503096310774
1.1219659568833218
1.1093283508194063
1.1082174672513854
1.10348467768786
1.10348467768786
1.1236971584667865
1.1235186718252668
1.1272855773697092
1.133643836151717
1.1332396161756708
1.1373001346978435
1.1388498567539347
1.123856453452967
1.1181407494735205
1.1197280229101354
1.1139996857415277
1.111220489077672
1.111220489077672
1.114369539341585
1.1153844615072817
1.1134077294442863
1.1050118531606896
1.1041129322949166
1.0911649841347832
1.104447366706432
1.0909984553711614
1.0861048658814
1.0700679631546566
1.076251895215907
1.066932936842212
1.052899257313541
1.0598424174537864
1.0560465910958559
1.0560465910958559
1.0519897230799862
1.0502693769757174
1.0509539040192306
1.0563282512040229
1.0568951313413608
1.0491965522112088
1.0524747132047245
1.056431191094216
1.0446864604433534
1.057333199382886
1.0685453506997118
1.0709531288582732
1.0849963134136642
1.0736085838835097
1.0722216705926533
1.09708041464139
1.1031689423373705
1.1042339702498718
1.1042339702498718
1.0884736361332632
1.0992789560712382
1.0954879818675842
1.0929379818644689
1.0941618268669582
1.089805702561783
1.0827385967261831
1.0766855346367907
1.0649891618454084
1.0664208137345148
1.0632061189883688
1.0611541487282368
1.0587119945747299
1.0766943388011851
1.0630529407427591
1.070286302143908
1.0788181339902017
1.0872770270344703
1.0887423197225459
1.0837587688957437
1.0936206031482478
1.093831350137166
1.099046604676243
1.0938558537819387
1.0876183257114387
1.0884907352322233
1.0842500958268182
1.0890619147610732
1.091684441730054
1.0978986225670702
1.0978986225670702
1.1145413025683957
1.1180919564301979
1.1351140766513832
1.1379821922564282
1.1379821922564282
1.1386088862109052
1.1483852838504482
1.1424572672624407
1.1432031868410693
1.1433058393689326
1.1433058393689326
1.1549122750185652
1.1443368316186187
1.139025979040929
1.137264991540464
1.1371846759636683
1.141815027808917
1.141815027808917
1.1520837857078365
1.1512095150822605
1.1530608938866511
1.1470150801916186
1.1538931251744995
1.1567150811221596
1.1436801368601166
1.1436801368601166
1.145095536096692
1.1316060668237964
1.1246275565480814
1.1227031292146517
1.1227031292146517
1.1227031292146517
1.1355523881930258
1.12730980431294
1.1218278209040198
1.1267320358637563
1.1358195539301816
1.1348824520306975
1.1348824520306975
1.132220738011043
1.130024575924
1.1403627551793227
1.1382587376712774
1.138506030310806
1.1342889694871376
1.1348587778802415
1.1308263176411457
1.1315973250314673
1.128834513845786
1.1339772788276528
1.133712972698757
1.1338998391116357
1.1544868463230957
1.1484980992167249
1.1537729238438277
1.15353638436116
1.1525213159858891
1.1531394074525962
1.1481552673940707
1.1468811479481749
1.1444901150898998
1.141289619825779
1.141289619825779
1.1473595414799012
1.1559185928969689
1.1560219675829029
1.1571170470267564
1.151989962414593
1.151989962414593
1.147985294724241
1.153312480762165
1.1478072390003775
1.1478072390003775
1.1437718589645802
1.1133964802458518
1.1193047771335467
1.1180920815089281
1.1217803816161245
1.1219499289822814
1.1175146864482002
1.1232720311330697
1.1253778419002667
1.116442012656742
1.0932081918070553
1.1013480055203346
1.1130736116151414
1.1093354370024746
1.120829531388249
1.114496779750062
1.113211000616389
1.0980898067408789
1.0980898067408789
1.1022506127974687
1.0963519391044778
1.1104735584698198
1.1138578883803583
1.1178055462378538
1.1264181983741033
1.124839828108835
1.115700228985134
1.115700228985134
1.1070866408665583
1.1064435687220482
1.1013209283119816
1.1162157600530296
1.1177055711211599
1.1152745896905663
1.1152745896905663
1.121413487580703
1.1264405835735423
1.1192149539988552
1.1000012776538737
1.1007156135879435
1.1106046644051955
1.1106046644051955
1.1131090365745666
1.1099175528318155
1.1104686530113965
1.109726262400785
1.1049711500776087
1.0930295919101023
1.097678538773936
1.0939064261526654
1.0893678277486718
1.0956912722231973
1.0822811297987354
1.0842750779741845
1.0842750779741845
1.0817193544839483
1.0864554638231076
1.0799095814100954
1.0798620161856072
1.0820808136997337
1.082034371806291
1.082352254788427
1.0815431245727052
1.0827689532920959
1.0873154573033808
1.0873154573033808
1.0870255082877238
1.0788077998940844
1.0788077998940844
1.0749312868436105
1.0749312868436105
1.089370445794271
1.0931378362791797
1.0931378362791797
1.0861189830271392
1.0881176796262109
1.1025870388750378
1.1023378782205389
1.1078575270406616
1.110935614503185
1.1150136912191861
1.115592404103561
1.1156013616585998
1.1070031691740723
1.108800460631673
1.1090379638453016
1.108638970084931
1.1151816483735906
1.1136403113135596
1.1100824557422744
1.1099614116844883
1.1160939905567155
1.1156780013832532
1.114908168259389
1.10937554794474
1.1159262943611383
1.1172411419493442
1.1104094744172817
1.1104094744172817
1.109013154432838
1.113212744005561
1.1024105988857213
1.0856565827857108
1.0864171796185444
1.072868579966426
1.072868579966426
1.072868579966426
1.0704753930856687
1.0511806410710212
1.0535814352484065
1.0535814352484065
1.0545925074117313
1.0547046423646036
1.0555851953392108
1.0533413092022992
1.0702681346322278
1.0719254760547376
1.0645991098827357
1.0654354373833728
1.0654354373833728
1.0509123894074326
1.0499726943465377
1.0621418551190702
1.056565193871805
1.0728347468289972
1.0829107784569763
1.0792863534917512
1.0792863534917512
1.0792863534917512
1.0737372024819714
1.050301779774163
1.0421450600911786
1.0418355973179256
1.0418355973179256
1.0418355973179256
1.0609602588837728
1.0554811036804075
1.058065715076053
1.0573733830700922
1.0432348980880424
1.0393275725463085
1.0249030747642613
1.0283028585286327
1.0314691081911938
1.0314691081911938
1.0350152724876711
1.023678075262804
1.0256731499314025
1.0249598844312446
1.0249598844312446
1.0287907459909715
1.036978349362279
1.0234110374660579
1.0277136149133377
1.043567429558206
1.043567429558206
1.0415052267604923
1.0415052267604923
1.0403915227886058
1.0303720186499858
1.0300960046866394
1.0266236297633677
1.0266236297633677
1.0266236297633677
1.0191584980953148
1.0129733803402687
1.014157041247524
1.0288063567136865
1.0316306659886552
1.0285451119589277
1.0474214804988746
1.046805082018736
1.044170192451402
1.0282168824344957
1.028215071513787
1.0231094342433187
1.0231094342433187
1.0247299994270878
1.0260840123844204
1.0273936092908362
1.0299458586202341
1.0198453451084226
1.0178304444845967
1.0163890304656047
1.0176824064106822
0.9914942442031613
0.9766022619933729
0.9749117920294967
0.988787951971301
0.987542604243742
0.9931206875163572
0.9945478313700136
0.989091374999597
0.9950098902171124
0.9950098902171124
0.9952631395816292
1.0048011897485445
0.9887742864043856
0.9772372687510421
0.973498861484044
0.9734954595869019
0.9734679302360361
0.9648797723985708
0.9645478856434249
0.9636530901449495
0.9727395774011315
0.973795808966946
0.9741634014337573
0.9721609439192676
0.9717410852447793
0.9716869466027687
0.9757066749960198
0.9795422709269087
0.9725207335371542
0.9734243037430218
0.9710308318633036
0.9783665544723336
0.9781159913658171
0.9799407634148943
0.9809361973221734
0.9799568107191181
0.9799568107191181
0.97823743668417
0.97823743668417
0.9752298492286535
0.9768378480793701
0.9937988893896857
0.9937988893896857
1.0049819893961198
1.0001304724090034
1.0007113221215167
0.9879262199595451
0.9796998971163432
0.9796998971163432
0.9892676155212696
0.9830708838258477
0.9830708838258477
0.9928501417231155
0.9953908979430798
0.9949044810450016
0.9934860414266552
0.9938520535456413
0.9964976685586008
1.0089055063753563
1.0089055063753563
0.9885064643689374
0.9885064643689374
0.9967723344273867
0.9968363033280152
0.9980052875403045
0.9970093075351958
0.9974706878223193
0.9926532029000004
0.9900794358824291
1.0056682507889139
1.0077123850746563
1.0077123850746563
1.010305471368823
1.010305471368823
1.0027856663277785
1.0027856663277785
1.0122483364265384
0.9952405204921293
0.9820626019630918
0.9820626019630918
0.9946132136952545
0.9940000788785055
0.9934022310610785
0.9893725514883531
0.9697954407358994
0.966419177723797
0.962258112419475
0.9676073343641054
0.9672453930162019
0.9672453930162019
0.9658755611251422
0.9812257230676098
0.9801493106086908
0.9842673271634789
0.9862813566450829
1.004907532459009
1.011027828580613
1.0088238617258487
1.0118257206779757
1.0128853291496367
1.0019401310447995
1.0103686110107148
1.0103686110107148
0.9782426820921876
0.9760814600251666
0.969530236658377
0.968713119405988
0.9711396880101552
0.9603540585330205
0.9653122248050291
0.9653122248050291
0.9653122248050291
0.9669199054579835
0.9847316750913812
0.9710536367595483
0.9695239457673553
0.9722109513645699
0.9717158962212102
0.9472112344139687
0.9488102172006752
0.9487118589713813
0.9596955347652538
0.9465350988748558
0.9568941421200499
0.9542641692495185
0.952186089038177
0.952186089038177
0.9666881243788006
0.9694451394311691
0.9619981900974457
0.9619981900974457
0.9530516144019503
0.9553612000090379
0.9485544507961076
0.9485544507961076
0.9429949176631243
0.943395862012981
0.9523476950821794
0.9523476950821794
0.9483427538404351
0.9483427538404351
0.9461145708839899
0.9400082603155788
0.9360208407511941
0.9322597382213283
0.9163738757678987
0.9057356478346408
0.9057356478346408
0.9214879540196896
0.9424056853345782
0.9232412568738168
0.9230674508914037
0.9185996767327484
0.9120409868325076
0.9037469750397168
0.9037469750397168
0.9035746345668837
0.900250681643329
0.9090343003677444
0.9139276382840649
0.8991519591474296
0.8991519591474296
0.8986245375397149
0.8985568806464713
0.8972387661625902
0.8972387661625902
0.8910681860430919
0.8928788966739145
0.8823567757564482
0.8811002354107568
0.8846150379092229
0.8928394365383616
0.8826075812551688
0.8823229758459338
0.9134516051544151
0.9109629839511204
0.9218626344359768
0.9257604893073977
0.9283631293400587
0.9296004093367305
0.9300215463484379
0.936258785432225
0.9305187410452482
0.9176056066640595
0.9179647744342752
0.9189066911174322
0.9220076426591399
0.9210920028383969
0.9166213812001127
0.9166213812001127
0.9103398767684827
0.9103398767684827
0.9061912281897276
0.9071592910016926
0.9115306116456787
0.916876488382545
0.9168942423885623
0.8897823135575735
0.9041132111108373
0.910650348332034
0.910650348332034
0.9086017961442372
0.9081701221983256
0.9100384689579003
0.9069496968054059
0.888115223655809
0.8889469761977299
0.8889469761977299
0.8900628721892616
0.9117406198075385
0.9119603599575039
0.9036502072134711
0.9054626969008376
0.9075205241690596
0.9070911330003892
0.9070911330003892
0.9070847274877698
0.8990991487893791
0.8998674152524782
0.8848739007143599
0.8939026430105975
0.8922688162252561
0.8783707212638282
0.8914996050148346
0.8972061550950111
0.8993833706141738
0.8924768404082647
0.893711504067689
0.893711504067689
0.8923381096040395
0.8964409279636284
0.8964409279636284
0.893686013861885
0.8717908895976726
0.8759499646500017
0.8759499646500017
0.8574102769873607
0.8615414169853954
0.8560878506911269
0.8560878506911269
0.8320863215141491
0.8321923242118903
0.8320164728699224
0.8360184598829364
0.8311640777115492
0.8513333572838097
0.8507071156007808
0.8446745994127723
0.8358132137771891
0.8267203760750391
0.8273799446669479
0.8273799446669479
0.8273799446669479
0.8292860552622036
0.8220758794938346
0.8349740820448971
0.8390582416268944
0.8625327367830655
0.8489107975354206
0.8447245938505207
0.8447245938505207
0.8494175895483724
0.8494175895483724
0.8494175895483724
0.8441640545109066
0.8441640545109066
0.843567669672083
0.8597632760849376
0.8643124164356278
0.8573412686896553
0.85793740371352
0.85793740371352
0.8616155290587422
0.8614381971319612
0.8744840878351272
0.874028870325382
0.8700424046728384
0.8740580351795011
0.8740580351795011
0.874470362551899
0.8877998270684971
0.8914393592492661
0.8904533998506694
0.8933434840374591
0.8933434840374591
0.8933434840374591
0.8933434840374591
0.8979554099919068
0.89725795444786
0.89725795444786
0.9028131709761091
0.9026540337616031
0.9033265556768391
0.9127471681789739
0.8995793732074254
0.8995793732074254
0.9166776847120959
0.9166776847120959
0.9166776847120959
0.9185094290378526
0.9193538240963368
0.9255250209418826
0.9291597881617387
0.9342274459533295
0.9400236940015901
0.9416133536932921
0.9408770605345167
0.9275753145827859
0.9275753145827859
0.9297700213434261
0.9151906692661577
0.9087274484492406
0.9108083054408583
0.9225580488610723
0.9276516362411165
0.9375329125467924
0.9514703920647987
0.9514703920647987
0.9514703920647987
0.9588227850207325
0.9586436137611947
0.9568393998694029
0.9554590954293618
0.953399236242622
0.9629811130565891
0.9493722407421537
0.9364404884390958
0.929874244419869
0.9329558478237734
0.9290261750149612
0.934955885990243
0.9366516996047993
0.9459336483466579
0.9504230569702232
0.9504230569702232
0.9474988913675281
0.9474988913675281
0.9474988913675281
0.9474988913675281
0.9471758214473897
0.9484615690105208
0.9475627021192556
0.9371634952886576
0.9371634952886576
0.9259481109314104
0.9269689328205871
0.9248579434775754
0.9247779903175565
0.9239035553905828
0.9231133814874154
0.9231133814874154
0.9118324748050688
0.9005649995946441
0.8931939729962441
0.891500355077856
0.8891702601604047
0.8936073486833133
0.9023602094674525
0.898819927887126
0.898819927887126
0.9054002299680319
0.9049011180546029
0.9165256797202587
0.9206778251134237
0.9235736557081315
0.9235736557081315
0.9235736557081315
0.9235736557081315
0.924073378890797
0.924073378890797
0.9226228984675873
0.92289656018721
0.91678559114291
0.9186254739795995
0.9226718611906686
0.9226718611906686
0.9255202451824999
0.9230721830248781
0.9232064442300638
0.9287501022351751
0.9346882179317665
0.9254305939919462
0.9055986435834205
0.9047606998327582
0.901400311510654
0.9189288198541783
0.9152174336536785
0.9135262730075254
0.9089861399167208
0.9115698625508124
0.9176796352041539
0.9265090687726986
0.926385843197227
0.9256279635270509
0.9256279635270509
0.9313042890664593
0.9313042890664593
0.9180880522625803
0.9193209609513068
0.9176930557133676
0.916757892853537
0.9074271378517432
0.9074271378517432
0.8968014468261405
0.8856132594850472
0.8808010215271491
0.8909634764524951
0.8836466899974713
0.883489722345853
0.8845892562390334
0.8875906842318779
0.8874470996110254
0.8874470996110254
0.8841268441393009
0.8840325677212835
0.8838605742438793
0.8786639502210448
0.8727624890643769
0.8677360538712028
0.8736122594928434
0.8736122594928434
0.8771805972307781
0.8805390266436692
0.8805390266436692
0.8755460676479306
0.8691968805876662
0.8742349999995016
0.8742349999995016
0.8742349999995016
0.8705927608555819
0.8705927608555819
0.872213731816727
0.872213731816727
0.8731170401814727
0.8731170401814727
0.872616540303545
0.8509883144982413
0.8604914260710441
0.8553281003552712
0.8559152278220102
0.8550405968973588
0.8550405968973588
0.8561131327269117
0.8555961800744292
0.8482877239341806
0.8476022155350382
0.8406708680602341
0.8288652752395289
0.8304398285287219
0.8304398285287219
0.8370641367575209
0.8364822385516274
0.8371436069129836
0.8365918890984817
0.8302725501455529
0.8179067158372286
0.8191776221378411
0.7885823015304835
0.7916223602602742
0.7916223602602742
0.7876594217452385
0.7874415657450169
0.7706240320080434
0.7608449731147867
0.7594123032832025
0.7575662956967155
0.7575662956967155
0.75765714517574
0.7578035521170138
0.7588803732776661
0.7452716676786173
0.7369371381505578
0.7340041243657454
0.7336659848359834
0.7250676247967613
0.7242570680709071
0.7286143074268208
0.7286143074268208
0.7275928735836891
0.7320624354868046
0.7320624354868046
0.7320624354868046
0.7325358043658587
0.7286254215275092
0.7323785574443402
0.7338972736500868
0.7153128394044119
0.7036652869619183
0.7023991579156524
0.6868284698763759
0.6870891291648641
0.6935773960291466
0.6925101237801932
0.6909461349060204
0.6909461349060204
0.6913242867958519
0.6913242867958519
0.6834949124790669
0.6834949124790669
0.6875605309801718
0.6663000621881825
0.6663000621881825
0.6607944425784752
0.6544226355849212
0.6450106764159518
0.644701816853832
0.6491455227818771
0.6492401981716296
0.6492401981716296
0.6486175068885432
0.630003262889615
0.6341677679383478
0.6337847726763881
0.6418098101727173
0.6418410037732353
0.6422624751224408
0.6422624751224408
0.6422624751224408
0.6422624751224408
0.6458325621329896
0.6458325621329896
0.6539224420956191
0.6588670187597867
0.6653047570585602
0.6656988361182586
0.6703288824514894
0.6617272236270334
0.661033909736598
0.661033909736598
0.669922092920696
0.6690004882896783
0.6635437762956234
0.6635065087821749
0.6635065087821749
0.6692755329983014
0.6790623131321648
0.6848473285098156
0.6848473285098156
0.682087670977238
0.6812425008740163
0.6747547864600713
0.6760409670132325
0.6760409670132325
0.6760409670132325
0.6733852230585501
0.6701169861306985
0.6674549702678917
0.6522963721946716
0.6549592965927687
0.6549592965927687
0.6464120379313133
0.6464120379313133
0.6456350362285455
0.6456350362285455
0.6422328497133095
0.6422328497133095
0.6450756196393621
0.6140457518470742
0.6140457518470742
0.6185652120576477
0.6185652120576477
0.6177376365709103
0.6169815395764036
0.6169815395764036
0.6161119229574445
0.6160471601373113
0.6138183566188081
0.6184391989481233
0.6183540337113796
0.6183540337113796
0.6089702260995731
0.6151742210006529
0.6151742210006529
0.6151170268001162
0.6150271528042478
0.6155296693714425
0.6151641154106938
0.5999603172452311
0.573854513977664
0.5632125506373895
0.564425310789917
0.5606534020620468
0.541671345835456
0.5517385571136736
0.5500263282184722
0.5622542707768463
0.5799559822207913
0.5936132101015327
0.5939560948510753
0.5992969886448993
0.5995196900572735
0.5996663684959289
0.5980839483217419
0.598251433249225
0.598251433249225
0.598251433249225
0.5966671840157742
0.5966671840157742
0.5979179993787913
0.5977014440709494
0.5977014440709494
0.5937346260781187
0.5937346260781187
0.5937346260781187
0.5937346260781187
0.5937346260781187
0.5937346260781187
0.5692745026879946
0.5692745026879946
0.5584625195287907
0.5433353351255708
0.5254969124222038
0.5238600984231047
0.5116326529259003
0.5116147648906243
0.5059619332805069
0.5058718925761154
0.5058206681767221
0.5058206681767221
0.4997398256110988
0.49954500251532874
0.502411456672439
0.49346689654497594
0.4901836478804002
0.4902316282491047
0.4881956106735503
0.5105721074855748
0.5150197080336902
0.5131962265458331
0.5132211651017765
0.5132211651017765
0.518229335290198
0.5185622880597932
0.5225209498024178
0.5223672850898385
0.5223637609204277
0.5234110661348474
0.5238270134621924
0.5283733317288847
0.5290269729088793
0.5242291097246209
0.5237705062335456
0.5237705062335456
0.5332886388106688
0.5332886388106688
0.5193580791236584
0.5169207501043872
0.5158106479355926
0.5226425062286892
0.5226425062286892
0.5237383317633469
0.5113633333604045
0.49483121978262085
0.5010343369103561
0.49496034418924456
0.48220905678047465
0.48220905678047465
0.4928058184024354
0.48889734153077563
0.4851799632872252
0.4923176833954268
0.4923079955791009
0.47656301747851054
0.47140773522053486
0.4652860873224423
0.4652860873224423
0.4492514956810094
0.44635706628302335
0.45124233845169803
0.45124233845169803
0.44559232159414747
0.4475132775877029
0.41827363740480245
0.4183157379343189
0.4183157379343189
0.42907898923790483
0.42389824315307845
0.4239077872068507
0.4239077872068507
0.42458213709961035
0.41735583492646744
0.41735583492646744
0.4228529415041916
0.42505859037673327
0.42627221887831906
0.4298431545188927
0.41768420699324205
0.4256235452488508
0.42506884195658456
0.43976715330395344
0.43976715330395344
0.44067744788656094
0.4413092771482171
0.4408783744021904
0.4408783744021904
0.4408783744021904
0.44180876649554685
0.4581954400446004
0.46161960861725926
0.46794682689956607
0.46794682689956607
0.4667688445103389
0.4667688445103389
0.46643138448829
0.46643138448829
0.47168663747481393
0.4788674488934304
0.47871774654634475
0.485881157699194
0.485881157699194
0.5048044800478295
0.504585694053831
0.5032814950428491
0.5074878658652191
0.5009478408074861
0.5019609529020601
0.490427680047915
0.4697842154626525
0.4697842154626525
0.47394879819859814
0.48361907300120915
0.4835318289323815
0.47574374748357307
0.47617808226312414
0.4695404200844103
0.4603694708443363
0.4687198114534756
0.4722849563166408
0.4722849563166408
0.4621978173200784
0.44829335377586904
0.4553883903266461
0.4553883903266461
0.4643514540845595
0.44845743402950333
0.44845743402950333
0.44845743402950333
0.44695099186301157
0.44586005763760345
0.4386076203765233
0.44146856642819826
0.43687950325491787
0.43687950325491787
0.4438276173171099
0.44451581716123584
0.4188736808529437
0.4207613957269654
0.41994092652524345
0.41940882834445953
0.42166133617697904
0.41998997041597846
0.40848794120866666
0.4021662247997573
0.4095934438026455
0.4095934438026455
0.4095934438026455
0.41448722105364927
0.4144310285573104
0.41617949211142236
0.41960439226965945
0.40217254466769287
0.4023462167376774
0.4023462167376774
0.3926298967675115
0.3926298967675115
0.39494713558171884
0.39130767288528495
0.39130767288528495
0.3924341514373023
0.3924341514373023
0.4097108144784891
0.41118394727017815
0.4121863696454902
0.42819960558011344
0.42666079546701396
0.42332365902305374
0.428527631673767
0.4311309232459342
0.4193831603337526
0.41827299833750786
0.4198008641650647
0.4197626883766039
0.4197014684318048
0.4236787172196088
0.42847698707730425
0.42847698707730425
0.42847698707730425
0.4297140283355825
0.42466270258900873
0.45134510446824105
0.45134510446824105
0.44749594515634045
0.44137329468711173
0.43374511351709333
0.43374511351709333
0.45288214703595464
0.44278801188752753
0.4394552117170006
0.45655847412783307
0.45655847412783307
0.4565617231148879
0.4565617231148879
0.4544320071972369
0.4544320071972369
0.4544320071972369
0.46211284033269734
0.46540801809573806
0.46540801809573806
0.4799112950089548
0.4746444361703135
0.4764336186190144
0.4770703870793411
0.48138392972214056
0.487139653037417
0.49034330205312004
0.4901260776964479
0.4901260776964479
0.504043490860363
0.5067280415032699
0.5025752707176946
0.5019874533162952
0.5013214505693611
0.501358789727382
0.5007301605587594
0.4946657323717317
0.5028686849223089
0.5023432836801823
0.4860141122656564
0.4860141122656564
0.48604969172751317
0.472552195520024
0.47197791093094715
0.468753046167313
0.4800679234413747
0.4660901002112932
0.4660001757254829
0.47045908660480973
0.4722174992158178
0.4716857333502232
0.47550016125321093
0.47663170280576644
0.47663170280576644
0.46993029084946103
0.4814978075207923
0.47464974893344786
0.4753690947696181
0.4753690947696181
0.4756081558714913
0.4756081558714913
0.4756081558714913
0.47801339455279773
0.47838530284554615
0.48783078934567603
0.49547715615864857
0.49547715615864857
0.48735420462576445
0.4792714638278131
0.4813550267973159
0.48028016061611073
0.47445526341076877
0.46881245994813064
0.46881245994813064
0.46311290181126114
0.46311290181126114
0.4599438425600855
0.4628240162894675
0.4603975699989835
0.4593609975437239
0.46928938658928004
0.46321903895035743
0.4612035361413747
0.4612035361413747
0.4612035361413747
0.45100167448906414
0.4508876368907966
0.4491344946434408
0.44815714819945246
0.45942906475548617
0.4664700784555543
0.4664700784555543
0.4694408254920989
0.4581124142427189
0.4529591606535206
0.4536042125999884
0.4428431552824536
0.42956858787275665
0.4479306128989775
0.45160360084385337
0.44221612173533137
0.43497650087750805
0.43557624826638025
0.4295505790717503
0.42757582441703545
0.42757582441703545
0.4270862572524924
0.42681424168598125
0.4275361753755911
0.4275361753755911
0.4249564522929175
0.4260658796320377
0.4232149027702786
0.42493805552386843
0.42573236824075256
0.42573236824075256
0.4357081373906272
0.4327493114284503
0.4423951474702934
0.4445479818067086
0.4445479818067086
0.44105009759538566
0.4427888993515858
0.4435213533624355
0.4435213533624355
0.46009297694387663
0.45037765823367987
0.44871007401356616
0.44871007401356616
0.44913878261089607
0.44913878261089607
0.44714369956441513
0.44714369956441513
0.44627911707670614
0.45414140829123845
0.45150067139320865
0.4403356460830397
0.4411394679333492
0.4411196185423251
0.4631283435429956
0.45110507274871176
0.47993570162476484
0.47993570162476484
0.4655561352218437
0.46578571340993646
0.4614968650943503
0.4512759040288379
0.4275608801039577
0.42999276437429307
0.42999276437429307
0.4260103350396226
0.4260103350396226
0.42593644563017946
0.4270768171282867
0.4270768171282867
0.4347956289545253
0.4323657825639223
0.431506063174594
0.43141973756977914
0.40541807670091284
0.4053564571950818
0.407066705043892
0.4042939642429969
0.41213360566843227
0.41453763588219605
0.4077507682402108
0.3964831587937584
0.39775955595751333
0.3950660686743055
0.3950660686743055
0.39374989984924574
0.39374989984924574
0.4044742230026692
0.40515861565911704
0.40780380209953543
0.4073991752360276
0.39841667327666025
0.3988847506786661
0.3988847506786661
0.39934075968683824
0.4160077951519241
0.4160077951519241
0.41575039806534314
0.4235438244098321
0.43134063772899683
0.43134063772899683
0.4360692991327835
0.45294479167735574
0.4602009516133606
0.4608945777271654
0.4608945777271654
0.46749489392101745
0.46424673472996275
0.46424673472996275
0.46912236575669236
0.4691329738231794
0.47150465556320337
0.47045097531900537
0.4770150219589933
0.48497687908291237
0.4859143938732089
0.48665870756004564
0.4829905679746317
0.47857244268656207
0.47619616890172195
0.48005435058794904
0.4800423937801507
0.48556603863889053
0.4720654444318603
0.4762870625979759
0.46921380589551365
0.4469706889201178
0.4469706889201178
0.4469706889201178
0.449344060786797
0.4382616976248591
0.4347821598755757
0.4412516248347657
0.4412516248347657
0.4412516248347657
0.43594031988605353
0.43594031988605353
0.44733561355697954
0.44646274760815746
0.44646274760815746
0.4434509994012007
0.4456599590668276
0.4389338555584794
0.4389338555584794
0.43752070377921287
0.44043222241387053
0.43806761554990015
0.4405085689782536
0.4478598414068295
0.44868881954073486
0.44241800368389367
0.45601785255975485
0.45601785255975485
0.45092930078517335
0.44817424152990565
0.44817424152990565
0.44817424152990565
0.44804269646743333
0.44804269646743333
0.4517016557947836
0.45210102359981164
0.45210102359981164
0.44408093873203913
0.44257199761341315
0.43067440938788754
0.43373338456974414
0.4328796346335227
0.4328796346335227
0.42756883552783786
0.4281948991129539
0.4285180102155784
0.4398932880635484
0.43519205286615703
0.4304087865220166
0.4299681720113275
0.44139799859006595
0.4370628707192122
0.4378313030841035
0.4453787099107939
0.4471968951392306
0.4471968951392306
0.43754101854497546
0.43513324861160524
0.42762582701170737
0.42762582701170737
0.42535622852737864
0.42110107147568376
0.42110107147568376
0.42110107147568376
0.4215065379803885
0.42064065866615746
0.4357072393660475
0.4357072393660475
0.4375160484212732
0.4277484692317537
0.4277484692317537
0.42818114255262485
0.42818114255262485
0.428495044528893
0.4290594381531661
0.4268234870137269
0.4268234870137269
0.4260665353371347
0.4082147096186285
0.4082147096186285
0.4082147096186285
0.4082147096186285
0.4130365393478312
0.4121627463841402
0.4121627463841402
0.4121627463841402
0.419213743677187
0.419213743677187
0.419213743677187
0.419213743677187
0.42016292175927306
0.409459998729684
0.41761141238041444
0.41761141238041444
0.41761141238041444
0.41336907258855893
0.4168160721310141
0.4205701523485314
0.42277208082065343
0.4239455290009178
0.420552486121639
0.3994137413879845
0.3994137413879845
0.3986704304645532
0.4037614750243508
0.40462849226082886
0.4059118195134437
0.4059118195134437
0.40547548887901064
0.40788008975609413
0.4063948343968211
0.4050688500586774
0.40572725762840023
0.40572725762840023
0.40659696902319226
0.4051733596171023
0.39818961377819134
0.39818961377819134
0.39818961377819134
0.38802795764473846
0.38802795764473846
0.3877510206859711
0.38821648815363463
0.3862288816626235
0.38639975949017913
0.3864061194742394
0.38627977774365835
0.3811903570413567
0.39116064906959586
0.37570257833786364
0.3745460471988448
0.37562226622133843
0.37611995413055244
0.37705187217227537
0.3830935661689883
0.38277901630780725
0.38544151498510487
0.38168303786439106
0.39761845615600716
0.39808255689452254
0.3974785642459433
0.398353300236305
0.3978089452953033
0.3941229424908655
0.3874692991882505
0.39076845846365993
0.38770192192139863
0.3856786423454315
0.3833544788605221
0.3851684866023719
0.3884265654136959
0.3884265654136959
0.38921900023858474
0.3963868402914734
0.39766093830397015
0.4029352571684639
0.4027634034912726
0.38765304052972904
0.3727421103275898
0.3756545669654913
0.3744102462981972
0.3725257390935022
0.3731238694296482
0.3644157526265364
0.36013826217594125
0.3555517229145195
0.3569543247584512
0.3556667396635162
0.3516656818521579
0.34242512908274425
0.3544293182035949
0.3521058975951991
0.3521058975951991
0.37255586192657386
0.37208345406370613
0.37208345406370613
0.37208345406370613
0.37002435350632884
0.36956288510687035
0.34242512908274425
0.34242512908274425
0.34242512908274425
0.33523948532942643
0.33523948532942643
0.33523948532942643
0.33523948532942643
0.3355893746650868
0.3355893746650868
0.3352781691848185
0.327380683301909
0.327380683301909
0.327380683301909
0.327380683301909
0.327380683301909
0.327380683301909
0.327380683301909
0.3225938191306011
0.3140361960023535
0.3140361960023535
0.3140361960023535
0.3140361960023535
0.31131043487040105
0.3106997970372545
0.3106997970372545
0.3103068965683001
0.3103068965683001
0.3103068965683001
0.3103068965683001
0.3103068965683001
0.3103068965683001
0.3103068965683001
0.3103068965683001
0.3103068965683001
0.3103068965683001
0.30712250833574395
0.30712250833574395
0.3048711040957755
0.30773268468806636
0.30773268468806636
0.30773268468806636
0.30765842615583844
0.30765842615583844
0.30765842615583844
0.30765842615583844
0.30765842615583844
0.30616990041842806
0.29742980652789586
0.29742980652789586
0.29703704225043837
0.29653602082516095
0.29658388868955005
0.29658388868955005
0.29741023525151966
0.2966807395141036
0.2966807395141036
0.2966807395141036
0.2966807395141036
0.28242387656279444
0.27798445788598325
0.27798445788598325
0.27391714090974806
0.27391714090974806
0.27391714090974806
0.27391714090974806
0.2715562142411778
0.2715562142411778
0.2710912758287491
0.2710912758287491
0.2710912758287491
0.2710912758287491
0.2710912758287491
0.2710912758287491
0.2710912758287491
0.26231686373806334
0.262045051510266
0.24746367757677193
0.24746367757677193
0.24320192879222474
0.24320192879222474
0.22963117967139282
0.22963117967139282
0.22963117967139282
0.22963117967139282
0.22399012423730058
0.22399012423730058
0.22399012423730058
0.22335135324903982
0.22335135324903982
0.22285939882332503
0.22285939882332503
0.217978893446535
0.217978893446535
0.217978893446535
0.217978893446535
0.217978893446535
0.217978893446535
0.217978893446535
0.21792480753001925
0.21792480753001925
0.21792480753001925
0.21792480753001925
0.2148275994013728
0.21449963501939548
0.21303444784023273
0.21303444784023273
0.21303444784023273
0.21303444784023273
0.21303444784023273
0.21303444784023273
0.21303444784023273
0.21303444784023273
0.21303444784023273
0.21303444784023273
0.21303444784023273
0.21314447803163802
0.21307745285078977
0.21307745285078977
0.20954248711190104
0.20954248711190104
0.20954248711190104
0.20954248711190104
0.20954248711190104
0.20954248711190104
0.20954248711190104
0.20954248711190104
0.20954248711190104
0.20954248711190104
0.20954248711190104
0.20954248711190104
0.20879592523459342
0.20879592523459342
0.20879592523459342
0.20879592523459342
0.20879592523459342
0.20879592523459342
0.20879592523459342
0.20879592523459342
0.20879592523459342
0.20879592523459342
0.2086420674058079
0.2086420674058079
0.2086420674058079
0.2086420674058079
0.2086420674058079
0.2086420674058079
0.2086420674058079
0.20848572021165326
0.20666929069293322
0.20666929069293322
0.20666929069293322
0.20666929069293322
0.20666929069293322
0.20666929069293322
0.20666929069293322
0.20666929069293322
0.20666929069293322
0.20375442280096084
0.20375442280096084
0.20375442280096084
0.20375442280096084
0.20375442280096084
0.20375442280096084
0.20375442280096084
0.20375442280096084
0.20375442280096084
0.1745774675093074
0.14502455008929577
0.14502455008929577
0.14502455008929577
0.14502455008929577
0.14502455008929577
0.1426685149857731
0.13911611971250692
0.13911611971250692
0.13911611971250692
0.13911611971250692
0.13911611971250692
0.13911611971250692
0.13911611971250692
0.13911611971250692
0.13911611971250692
0.13911611971250692
0.13911611971250692
0.13911611971250692
0.13911611971250692
0.13911611971250692
0.13911611971250692
0.13934285946370192
0.13115985876997105
0.13195792159577585
0.13195792159577585
0.13195792159577585
0.13195792159577585
0.13195792159577585
0.13195792159577585
0.13195792159577585
0.13154674886796783
0.13154674886796783
0.13189468600878815
0.13189468600878815
0.13189468600878815
0.13189468600878815
0.13189468600878815
0.13189468600878815
0.13078390790308692
0.13078390790308692
0.13078390790308692
0.13078390790308692
0.13078390790308692
0.13078390790308692
0.13078390790308692
0.13078390790308692
0.13078390790308692
0.13078390790308692
0.13078390790308692
0.13078390790308692
0.13078390790308692
0.13078390790308692
0.13078390790308692
0.13078390790308692
0.13078390790308692
0.13078390790308692
0.13078390790308692
0.13078390790308692
0.13078390790308692
0.13078390790308692
0.13082729315723052
0.12595877733600933
0.1265853632715107
0.1262107931464192
0.12504976165170364
0.12504976165170364
0.12504976165170364
0.12504976165170364
0.12504976165170364
0.12504976165170364
0.12504976165170364
0.12504976165170364
0.12478816744625496
0.12442286431095806
0.12442286431095806
0.12442286431095806
0.12442286431095806
0.12442286431095806
0.12442286431095806
0.12442286431095806
0.12442286431095806
0.12442286431095806
0.12442286431095806
0.12480793368233102
0.12480793368233102
0.12480793368233102
0.12480793368233102
0.12480793368233102
0.12337111943872328
0.11000563140597612
0.11000563140597612
0.11000563140597612
0.11000563140597612
0.11000563140597612
0.11000563140597612
0.11000563140597612
0.11000563140597612
0.10965864027432279
0.10670731041912551
0.10670731041912551
0.10670731041912551
0.10670731041912551
0.10670731041912551
0.10670731041912551
0.10670731041912551
0.10670731041912551
0.10670731041912551
0.10242501530897592
0.10242501530897592
0.10242501530897592
0.10242501530897592
0.10242501530897592
0.10242501530897592
0.10242501530897592
0.10242501530897592
0.10242501530897592
0.10242501530897592
0.10242501530897592
0.10242501530897592
0.10242501530897592
0.10231724584855192
0.1014444251590693
0.10111822864038764
0.10111822864038764
0.10111822864038764
0.10111822864038764
0.10111822864038764
0.10111822864038764
0.10111822864038764
0.10111822864038764
0.10111822864038764
0.10111822864038764
0.10111822864038764
0.10111822864038764
0.10111822864038764
0.10111822864038764
0.10111822864038764
0.10111822864038764
0.10111822864038764
0.10111822864038764
0.10111822864038764
0.10111822864038764
0.10111822864038764
0.10111822864038764
0.10070176456749745
0.10331830050747527
0.10331830050747527
0.103274536140884
0.103274536140884
0.10280111006441076
0.1029686327421656
0.1029686327421656
0.1029686327421656
