0.0466667 0.027022899043479987
-0.0866667 -0.12451160091090852
-0.3733333 -0.3570915980204222
-0.1533333 -0.13749314572678717
0.0366667 0.03350638125196992
0.0066667 0.05969500155809693
0.7633334 0.769345124511337
0.61 0.5913762746192208
0.3833334 0.3992619915057776
-0.28 -0.2863926179615641
0.56 0.5579496713895573
0.1633333 0.1803500891402241
0.1266667 0.1168760344434579
-0.71 -0.7629439982671882
0.9666667 0.9849116975547062
-0.86 -0.8668881644356466
-0.59 -0.5967793263639238
-0.2366667 -0.256946017030255
-0.4033333 -0.38594732394698983
-0.7566667 -0.7390718913350112
0.7133334 0.7257310525372398
0.4233333 0.4362323103385834
-0.2933334 -0.2707491648397836
0.72 0.7350051374703637
-0.9666667 -0.9633683452830889
-0.9966667 -0.9846305222867118
0.9833333 0.9964233810941325
-0.6666667 -0.6682157703686342
-0.17 -0.1643258670038802
0.9 0.9294248094545788
0.03 0.03541340545891386
0.27 0.2660672275172459
