1.5044918452289822
1.343307635882485
1.3540358199388378
1.3436302813122905
1.349852138067366
1.360015187704703
1.3663800816519671
1.3549101649493998
1.3516568784524452
1.3455306512520657
1.3447367691350403
1.3426460469742347
1.343416820137287
1.3330444297194284
1.3355339268209458
1.3291677333310254
1.319434272962542
1.310131539327906
1.3193418529603236
1.3312348774633753
1.3315337550799213
1.3190837244435405
1.315037558081247
1.3134909482790045
1.312672717019762
1.312701942758092
1.3057274495543294
1.3056139124877881
1.296512913115407
1.3176857555412018
1.3114997536899229
1.2868581868443194
1.2728501231225666
1.2665072416794925
1.2677058268482602
1.2675772254180055
1.2676239062218089
1.285538653520212
1.2854240587293246
1.2874915782729208
1.2897105935143731
1.2841192357313023
1.2825864890487182
1.2793840376075147
1.2718948511274903
1.2726587921460712
1.271896040373123
1.2720038490100443
1.2693115759639053
1.270710649203791
1.26909581212473
1.2500950446112755
1.2456762948894602
1.2374604253977581
1.2279657583854064
1.2146692310017262
1.2147071634421074
1.2097843723408823
1.2088506278416569
1.187915496796673
1.185354127600016
1.1853743088923263
1.170564863032871
1.1707075659474204
1.1584749681889697
1.1591983677103028
1.1666620040977134
1.1672958499738493
1.1530920596352736
1.1555713218216064
1.1533427738169026
1.1526435027141448
1.1546009397653914
1.1366886867438744
1.1234753909509154
1.1285213623321446
1.1314901641101318
1.1392275517791066
1.1330833026788194
1.128818750253567
1.1293592773046732
1.1268678323296675
1.1220883029340751
1.1332940670174398
1.1356371091602648
1.1396730028215416
1.1428503734418087
1.1275737368232888
1.1135583919291898
1.1039606686283279
1.1028519887907209
1.1040777421569616
1.1073531454842678
1.110839847751187
1.1119160448693308
1.1120472232521896
1.1117407958327394
1.1213661455254678
1.1177106543085045
1.117666409809911
1.1175119735037466
1.1253252878507727
1.1171839617156314
1.119879947281415
1.130551197398006
1.1360028126415287
1.1300981473645453
1.1260998334347068
1.1264999840185075
1.1302461156777808
1.14049945333251
1.139997488346269
1.1486829305996173
1.1696665709160652
1.1799515883130558
1.1941592601511763
1.2150522566857893
1.213598812854166
1.2087071989206208
1.2041614136618526
1.2219978673576157
1.2269872760431808
1.2311968067204053
1.2229003997059333
1.2185236560676878
1.2185075557414953
1.2138836689708692
1.2138809219939999
1.2153292451834532
1.1890769767498541
1.189733174292862
1.1956220058540339
1.20143496316662
1.1964754621171563
1.208511864864224
1.2093267656138686
1.2066523754037377
1.2110799901380942
1.2047951504124175
1.1951726926084705
1.1739625693325093
1.185420540429125
1.1796360229334886
1.190654110881987
1.1995031915398084
1.2088491281983793
1.2035033277945189
1.2062919643038417
1.2094681515711014
1.215053854334735
1.2148006716184812
1.215352052343517
1.2138027224837198
1.2228414971406303
1.2223879819532761
1.2325527111451755
1.2346587547934158
1.2261644619837715
1.245449767390669
1.2334234392216108
1.253328104580486
1.2486389011541117
1.2506184369355164
1.2629067298599181
1.2687243731998255
1.2679453635478202
1.2679615799556114
1.2702800889783428
1.2647636885225053
1.265236324550542
1.2554055493297933
1.2354754753063761
1.235357991075272
1.2442907272704964
1.2345392917261804
1.2345451176489155
1.2459992426981785
1.233392455176837
1.232460210146266
1.2448564609920745
1.2499912830681805
1.2506220858235537
1.2431913765951337
1.2361820403827986
1.2365330346158523
1.208688039625226
1.2065844213102888
1.205195143996954
1.1983765784500124
1.2048996265857936
1.2203646938236703
1.2260083106732003
1.2312330569913097
1.2351028136024362
1.2472482164643088
1.230817345338549
1.2415335010387234
1.2474145816473903
1.2461292578320875
1.2532530258064918
1.2518179305697281
1.2518179305697281
1.2631149434780773
1.2642171994290008
1.2652916819947813
1.2620869417894998
1.2627313245965952
1.2577485362149823
1.256028120058124
1.272801919839651
1.2660183536169842
1.2710334664531937
1.2953215651160506
1.2957299566454556
1.2978223822027062
1.2875406840889212
1.3026418808760363
1.293456877163557
1.3048490194416227
1.2982253660806011
1.2909495262725557
1.2916782429775955
1.2868000338741263
1.2918931156791325
1.2858177766414607
1.286409904454743
1.285988252925313
1.275964294575459
1.2718860595237296
1.266829404270054
1.2698967903690919
1.2818718201364852
1.2743251389816017
1.2638961324546965
1.2654593118375428
1.2795278743614733
1.279853484796269
1.2901715692451254
1.2874940050374424
1.2866728516480026
1.2602932659424502
1.2511402101535662
1.250804098079726
1.2591793619460854
1.2558540239357665
1.2564629689428757
1.2538153614275123
1.241161587970657
1.2521037528980532
1.2543640005838126
1.2532799784627322
1.260411596572781
1.2604728904196438
1.2578830546575734
1.2575325684276915
1.2570457871414458
1.2579707769651052
1.2534388361402564
1.2474183407559805
1.2756376023235476
1.2802778941824133
1.2800470541142808
1.2888472012335588
1.28759292277141
1.2975971749842556
1.2809585069824532
1.2635933893234252
1.2571133748085008
1.2563838946342722
1.2655692179813185
1.2756858494900278
1.2773137384433115
1.2781524284491999
1.289299651177125
1.2890548871856862
1.2869143804122036
1.2685302595796173
1.2612017325940783
1.2575046021464495
1.2545519200339277
1.2528760382755038
1.2550252468272747
1.268037957199434
1.2795930634205217
1.281431121439998
1.280807142056413
1.281130883176578
1.2786512212888725
1.2681447229386287
1.265274123535405
1.2623495700439906
1.2655818111739359
1.2541665223528973
1.254021859101294
1.2572460274510064
1.2534613866121695
1.2694513397412521
1.270672540623034
1.2765466352691803
1.2741123657342117
1.2728104379545178
1.271881452519841
1.2711623990221086
1.268501390329601
1.266267105941714
1.2616055831420125
1.2623192918429451
1.2642707696486528
1.2655509378946543
1.2727443322412744
1.2748997019827548
1.2777185689247827
1.2767404493696175
1.288639094871297
1.2798451717967265
1.289781122952507
1.2873797367188637
1.285911376333376
1.2951615435113812
1.3083913089557198
1.3061532697138072
1.3062717996108135
1.3065956919710338
1.297225716367999
1.2910200677078973
1.266274271124874
1.2700412020366385
1.2457994702731845
1.2455627440444395
1.2771154580601267
1.2800106176810409
1.2667032053285843
1.2704780172857921
1.2632302694644955
1.2683379204453757
1.2619280166774078
1.2739202396479057
1.271727343829787
1.2717470407393179
1.268414882814754
1.2728339745035868
1.2780117273008036
1.2726638224212867
1.2728352193736316
1.2787953958449862
1.251440229234362
1.2661230177607306
1.276784166846933
1.270058028680499
1.2919134956790352
1.3137540701102057
1.3124130573259658
1.3255851696960057
1.3254915723556449
1.3219987708757155
1.321908758437491
1.3212884973163905
1.3379180675422828
1.3406081986223661
1.342878268107151
1.344880281683137
1.3410161344373275
1.3408830656740733
1.3441574882399776
1.3380462103715018
1.3362780821491151
1.3535443023479932
1.3494668686219013
1.3575252002992695
1.3599821641201684
1.3594148600386853
1.3568536001118954
1.3446793926892577
1.3415233049775852
1.3604200533407171
1.3604200533407171
1.3604200533407171
1.3485965345198665
1.3640191241985522
1.3585890989762626
1.3463304024713798
1.3517217108782358
1.3483598961142982
1.345367870199861
1.3599257833864218
1.3712496619575243
1.3690157195224517
1.3598040234236943
1.3665584131493635
1.3688644664049108
1.3645584332718808
1.365113027178006
1.354872334118758
1.356208335175503
1.358797062436577
1.3587949922977198
1.3498067613624618
1.3500181884321594
1.3500181884321594
1.3467449237346123
1.3344518735379824
1.3458474845420798
1.3420047161921647
1.339678303523005
1.3374189009991015
1.325519261917229
1.3265799330996604
1.3175027312545446
1.3449079485692976
1.3449079485692976
1.3519620117306594
1.3546590639602771
1.353388730660404
1.3579990613152275
1.35650490622045
1.365617095054579
1.371989855475152
1.3665703721272997
1.3711692185095858
1.3719470817573711
1.3625653090668826
1.3671139038772784
1.3611226399553011
1.365279694429747
1.3479571719729477
1.3531218920223387
1.3565620359747674
1.3624191619015562
1.3631358352563359
1.3584528417735133
1.3556140243966455
1.340020204058444
1.3370252592248137
1.3361393706887015
1.319419781821391
1.3218046235412035
1.3336179606438308
1.3325479432285152
1.3278653921532488
1.3255733940279222
1.318307107167451
1.3133959920286336
1.3358387315210187
1.3326489693084609
1.35085368532186
1.3493481100702818
1.350815786484225
1.3467805591096114
1.3672426268064533
1.3672426268064533
1.3615158840601722
1.3660084918470627
1.3663130652990576
1.3616954431441766
1.364676729111749
1.3647408084228632
1.3647304945030398
1.3690486677462155
1.3793195670888243
1.3847103283953526
1.3798754813417236
1.3909790038803445
1.3795639548978422
1.3958347409783165
1.3799197205191724
1.3769885128381916
1.3868426666271498
1.394470978898883
1.3987955130451257
1.3955136385325095
1.3979013441465762
1.3978968258001474
1.3857634433443178
1.3857634433443178
1.3774973894957143
1.3770067174718554
1.3851586068384114
1.3770287889814583
1.3770287889814583
1.3840131837841732
1.3873912366366317
1.3871371146697904
1.393335804133583
1.393980195294916
1.4002232820781697
1.3907871591083492
1.3933337815223588
1.3986592575507384
1.399127239844815
1.396971688320121
1.3853531338817642
1.377907241375468
1.3805833481242813
1.3724169187127613
1.3723565392807293
1.3559946622405468
1.3594402301183537
1.3675905420975818
1.37032900091177
1.3637250775353793
1.3607738233543587
1.3631980772245142
1.3550735001713488
1.3610739804627807
1.3559826280208749
1.3504861540907278
1.3492788687233879
1.3557078633010902
1.3460742922466242
1.344540777032618
1.3453458420414501
1.349809663190869
1.3398170000938425
1.3486979287660426
1.3235500235516113
1.3048043327271583
1.3053394787391686
1.310959403975134
1.3127860143777674
1.3087459614391925
1.306934132798453
1.3135407003054362
1.321763718154869
1.326565120074595
1.3185142541020645
1.3309763309145424
1.3148745857977007
1.3095896634486166
1.3095896634486166
1.2977055886114246
1.3047801645229953
1.2817334851959217
1.2865836681420257
1.284544853125398
1.284544853125398
1.292132228253469
1.292132228253469
1.2946786240403576
1.2973626791812942
1.2977701322966868
1.2757171820881634
1.259029625651462
1.273189348039107
1.2887413709336386
1.2890089839563408
1.2896735596151352
1.28512061353682
1.2738620949744428
1.262258907588163
1.261305847231893
1.2442114241824778
1.2395290560455197
1.2440305329548282
1.2624903454585177
1.2543844013135501
1.249763504175049
1.223494474583136
1.2183968234322795
1.2244832795406808
1.2197984189687483
1.2220576902985743
1.2232590537823758
1.2248565466775394
1.228509514082595
1.2286796542115717
1.2215564713024976
1.2243096408231584
1.2080087868974054
1.20343182053747
1.2287057856227657
1.2485590715179238
1.2440935061772673
1.2425788546780236
1.2440646976257663
1.2555892454984212
1.2559744825140806
1.2696140262098532
1.2707330706597995
1.2713495672400708
1.2687181881491845
1.2496246707061116
1.2313868780006356
1.2436632546549324
1.2386786201267272
1.2314660663343822
1.2566477203896023
1.2545337022477612
1.2452683381341167
1.2237055620049728
1.2222517802411772
1.215129308659089
1.2125391743447458
1.219054260638503
1.2026767110418255
1.2030635069634914
1.1956912970524731
1.199549017027914
1.1906103271261386
1.170034594780799
1.1584980619888934
1.1614978325683316
1.1654362770665352
1.1531888029360422
1.1517390516231538
1.1435041229923355
1.1382922487345832
1.146920233236266
1.1531131954420966
1.148603766720869
1.1487011550533979
1.1599346084478597
1.1635114067473893
1.1649466815985536
1.1336991474793614
1.1258811619355256
1.1313819554663718
1.1370411015808188
1.1423328010908473
1.1442026315791891
1.1498263975180363
1.1504466200831323
1.1402360324930745
1.1604530109242028
1.1800131155567875
1.1658435046251177
1.15923923189295
1.164652346761925
1.1664560914271382
1.1497715745147
1.146965092212526
1.148855838398044
1.1622682346405742
1.1637861679647112
1.1635523091621216
1.1635523091621216
1.1429649024607047
1.1503584238361833
1.153246878863238
1.1586868512317683
1.1683953460037946
1.1673773164441972
1.1643137917404245
1.172963490642741
1.1698273561370838
1.1707555319766814
1.1764671663793027
1.1821779208902037
1.1838517845586807
1.1846930354793286
1.180077865308382
1.1792714373349185
1.1792714373349185
1.1751815445870197
1.184133675401357
1.1784613291580028
1.1727787101522578
1.1714708257205715
1.1770750483986654
1.1768154261129875
1.1692814113881276
1.1723324461531925
1.191509749205021
1.1817565726849177
1.191528665393658
1.207839251100916
1.2001132519003848
1.1892182842620829
1.1883834800882225
1.176094637625516
1.198733875026596
1.2089390535130782
1.2094631986037474
1.206735171981484
1.2174524701046614
1.1978363246151007
1.1935859306610135
1.1851688547008095
1.160389945107514
1.160911347589538
1.1575092303901553
1.1590738848458684
1.161164591012968
1.1609278848701547
1.1714683820663097
1.162589343705616
1.1553266128473578
1.1638902298842653
1.166161296392141
1.1553269019744563
1.151291571673175
1.1568159851972994
1.1671590885238636
1.1645116387588623
1.1645116387588623
1.1640300891056619
1.1529712062797604
1.1436126688617423
1.1515220684731697
1.1451745455842566
1.144651080965816
1.1447338085572194
1.1582622851219266
1.1773742397699405
1.1748418413092059
1.1844068719591843
1.1854979420427636
1.1890314537264417
1.205514260067581
1.211538560947153
1.2008523553265433
1.1972212289008612
1.186189260293768
1.1821056283682692
1.1712669107947218
1.1673985972866214
1.1545298239310575
1.1486681221337038
1.13398277337909
1.13398277337909
1.1309092007959658
1.1332080029342617
1.1351488700767052
1.13382332684031
1.141922346012362
1.1424809546532897
1.1412298062674062
1.1327835927599583
1.1428724823555518
1.1599662584678188
1.1593017845458085
1.163635420811482
1.1468341727592508
1.1489074007665592
1.1501880855829816
1.1466110119049964
1.14851235055142
1.149145586602095
1.1609646845744452
1.1645603695919442
1.1650363533198975
1.1647422370243161
1.1645255149318008
1.1646642840241577
1.1667243342683329
1.1649752179572166
1.1562266441693745
1.1483121042331779
1.1472692713611736
1.1383734860701586
1.1390823619665966
1.1165785869825777
1.1190630047133296
1.1170827340231635
1.1221977626008264
1.1330929392471831
1.1258962264275296
1.125504234532124
1.1421515559603066
1.1379647204991927
1.1387442370056942
1.1253957916827486
1.1413376071182264
1.143241131702303
1.143241131702303
1.1403332446432215
1.1258188523790036
1.1295263949776753
1.1258905745266106
1.1324296231297362
1.1279381863367752
1.115176266311349
1.1146799244705747
1.114729050769756
1.1249270291317224
1.1315738467484402
1.1334042454367823
1.132482719105901
1.137378746038504
1.1451537448750535
1.1436097265913658
1.147390753474009
1.1545799536401022
1.1546059827385602
1.1533582875532806
1.1522995435159862
1.1608405239889066
1.164530128858121
1.15791276008317
1.1635043083608174
1.1848990532913533
1.1768494197342587
1.1821284438195063
1.1731809017924677
1.1794350236832818
1.1865750684118102
1.1809232042943356
1.1809232042943356
1.1776245605701214
1.1680285320138264
1.1864705471306494
1.192473298655049
1.1936775035085048
1.1938920330258516
1.1802029879923452
1.1750335601255446
1.156888607372179
1.152277002352749
1.1485072511333827
1.1433268609246259
1.1509925249145212
1.1526381080246784
1.1525083623266377
1.1498693844604553
1.1507956368413104
1.1554496470343851
1.1659813678049695
1.1759690725001917
1.1810044941763833
1.1984504743444395
1.213297950241058
1.2096713665211956
1.2161103859614821
1.2167724805066589
1.2060033367906837
1.200323274042052
1.2011756773018418
1.2138535440302738
1.2138535440302738
1.2098825781616782
1.21024484244956
1.2080365505774104
1.2158971455220935
1.2064530169318384
1.2067324120582001
1.2170219948116046
1.2272886885565182
1.232437489631791
1.2339040147625608
1.232096262952048
1.2337800584260323
1.2259414537155793
1.2192140598970385
1.2136994112055335
1.2129719577895497
1.2107860026192898
1.1918342048834898
1.1635837147404173
1.1623785831661118
1.1618719669983846
1.1570213042044737
1.146484207847547
1.1448212524320225
1.1438406052500543
1.1452108254002418
1.150711570234094
1.1514491893934597
1.1553543910495117
1.150629868109219
1.1470652049378134
1.1401489212667961
1.1452255913935385
1.1546468112177115
1.1243858093533836
1.131280663744497
1.1294660819969828
1.1211452018987582
1.125836503434149
1.11946144821735
1.1264135056877729
1.137462309504653
1.132571027706357
1.1446440765039865
1.1441905178342073
1.1187378525530827
1.1198803076319674
1.1310314343176182
1.1439936296583988
1.1432157454601284
1.145381838568883
1.1416743945528165
1.1475283293083869
1.1413411512375375
1.1425166587307114
1.1428269656675885
1.1505081754938304
1.1582546324375356
1.1506003362353976
1.1497038916314197
1.1497038916314197
1.1326102669184515
1.1381937369230806
1.140547073609268
1.1342326972040706
1.1450839378501882
1.1455680868613856
1.1398206551364471
1.1493943171375276
1.137590815459821
1.1554704034234569
1.1486413002353468
1.152917705819641
1.146193593414335
1.1303285433386678
1.1358711447630325
1.1140534439122023
1.1221871113385096
1.1097064539494226
1.1132651173693695
1.1132262621559241
1.1134835608689702
1.1145933929564242
1.121325816969301
1.110419848923079
1.110419848923079
1.1054530902363544
1.089026228371685
1.0869022090526625
1.0747451447665837
1.0751198904173083
1.0800077939231905
1.0746024165256338
1.069210766219305
1.0690051928155693
1.0690051928155693
1.0605281361167405
1.0506900471245424
1.0530488097504545
1.0536489958277093
1.0522079998436062
1.0410513844015532
1.0443934489759819
1.053182708815317
1.062271671805146
1.062271671805146
1.033884437710457
1.0271859456786976
1.0352595625385865
1.0346786559653187
1.0273094283363085
1.0263748619450013
1.0214299267979339
1.0198011109749587
1.029623777017242
1.0331405524137476
1.0184407538298288
1.0093249748144406
1.006884345797549
1.0104325592283767
1.0050786921953518
0.9859483060520949
0.9859483060520949
0.9845871795353389
0.9795199968317353
0.9717544876339388
0.972788433166622
0.9732736215540304
0.9656477799154234
0.9683225286305814
0.9585632864962957
0.9716741128793757
0.9920463507335282
1.014908384941901
1.0198429574704537
1.0269695224545468
1.0417578330799686
1.0392292971653794
1.0471955754992737
1.0506768441825622
1.0337511720643473
1.0256317761357119
1.0248273751422057
1.0286520212252532
1.0405244295870983
1.047536078169893
1.0351093481625582
1.0483907934684287
1.0496774657001724
1.043622994059538
1.0358072996940018
1.0356489353654754
1.0342016872804152
1.0390590728211437
1.0406510364502848
1.0258961599972578
1.0271169393668211
1.0298759172446652
1.0191496591452451
1.0160341515503646
1.0207430105298345
1.0288151391979283
1.0188836453579406
1.0242791094803396
1.0556344111674199
1.0476423814493587
1.0342673785862826
1.0417954176045976
1.0265407230425714
1.03310196699878
1.0294703335337156
1.0283598671686072
1.0178897648800034
1.0343677538167348
1.040523265007204
1.0538837050948389
1.0585532966887203
1.0585532966887203
1.063758791378172
1.0676223312100797
1.0635791058005477
1.0812192054377197
1.0669495970422902
1.0668165698277048
1.0706592464239053
1.0606332579237205
1.0785155388399537
1.0736850278880914
1.0697944365476142
1.0756443255176356
1.0764897682679984
1.0764897682679984
1.0764897682679984
1.0873223533297418
1.098422655625237
1.1049226124771006
1.108429428126343
1.1125129874081359
1.123780639535261
1.1297102281525782
1.131361386913762
1.1312901695936348
1.1317410730182018
1.1334750160378955
1.1381426820127833
1.1381426820127833
1.140846739645162
1.1441814025089239
1.134141071198135
1.1465460218181855
1.1507857247973377
1.151309841430923
1.1552377120303312
1.1552377120303312
1.1416321547118864
1.1275315601851688
1.1395706817199305
1.1347776799038758
1.1347776799038758
1.1405615849368198
1.1510742008526256
1.1520986787515453
1.1493618173037863
1.1549541892376902
1.1705212227330704
1.173064315696817
1.1640474466311816
1.1563866932219233
1.1605494241158212
1.1605494241158212
1.174312657655443
1.1727077761061375
1.17235163504359
1.1721474343668448
1.1784046076904249
1.1876620595551595
1.168402696793043
1.1484798553079845
1.1587829545449269
1.1596546926700717
1.1557241414515123
1.167877520783449
1.1738565754113908
1.184332133456591
1.1922996585160333
1.1979936392507282
1.2102611673217851
1.2233788348728387
1.2190172706823086
1.2410458901101142
1.2410458901101142
1.2336685087910593
1.2295897719472468
1.2133482295398959
1.200843247042191
1.2116838120261353
1.2059967916601253
1.2059967916601253
1.2026106847123044
1.1923803983255092
1.20733481236736
1.1881322381793828
1.1765725045638125
1.1741514448016392
1.1713933771590124
1.1712988208669923
1.1567780339594889
1.1505771768674302
1.133178543454979
1.1397414033513484
1.1379839006220154
1.1379839006220154
1.1442517526402887
1.1508204259435264
1.1446751940149538
1.1428711818580193
1.1513508251551552
1.1537366781364615
1.1588245108296336
1.1591148723564555
1.156581455813944
1.1544147816865373
1.1544147816865373
1.1533585737267256
1.1457907334418278
1.1539442354182907
1.1672843101532597
1.1743947341042733
1.1743947341042733
1.174337322388311
1.1929348740311354
1.162327725221887
1.144303106869248
1.1542677008013718
1.1459924530823016
1.1529205826044153
1.164768933313644
1.1592960122686438
1.1667966854401972
1.1792473142957918
1.1817202107407436
1.18256878666524
1.1705330072022573
1.1858669905277857
1.1775282583647981
1.1831358836173478
1.1820828483318946
1.1719923547063018
1.1641561811676033
1.1555475390057834
1.1557534033530361
1.1699010332021866
1.1537038435079991
1.1425780053960999
1.1425780053960999
1.1389433995584153
1.1495062489294248
1.1506206593246422
1.1568608754376122
1.1539414809706845
1.1503032680586884
1.1429387775120676
1.1412458129793979
1.1374285431639746
1.1464506343123446
1.1464506343123446
1.1351399873984676
1.1172937467840702
1.1088300198177663
1.1098435391574801
1.1179599676679322
1.1170803964412657
1.1066846886120907
1.1114803245519698
1.100995347104277
1.1011671527565727
1.095126327564503
1.0986907712505043
1.101491147370309
1.098369157562359
1.1027330380353546
1.0995205218217914
1.0896916430528854
1.0913385151161297
1.084899056441594
1.0969513104358757
1.1028235772770336
1.1125207008767641
1.1148802437073364
1.1193579834215266
1.1178938386099515
1.1164904990389128
1.125030111883212
1.119130973682227
1.1203972183030353
1.119076750376133
1.1182745427980374
1.114216204682191
1.114216204682191
1.11829709756535
1.1163326765133001
1.119049820526167
1.119049820526167
1.119049820526167
1.119049820526167
1.1075902842813845
1.1050854487201769
1.1074369659847882
1.1046712059205168
1.0942839271911617
1.1142851562400127
1.1118089148424886
1.1159495456766308
1.0971966363558259
1.0954403903212013
1.084645494876247
1.064909530794895
1.0699308822414544
1.0699308822414544
1.0744920143531014
1.0744920143531014
1.0758670901289298
1.0757360926210906
1.0724116337012275
1.070187375995687
1.0621028428983652
1.056491758011449
1.0566656726372408
1.075676948607279
1.0818458446707857
1.0888049248863276
1.0884060052963869
1.0813826395557544
1.0693266007270523
1.0683434767165767
1.0683434767165767
1.083657384022088
1.0811974244601459
1.083553642663044
1.083553642663044
1.0841117964859532
1.0830211124901188
1.0841630473444435
1.0964132780931115
1.0988858251795468
1.0832403777500372
1.0794442413084158
1.0733759344201796
1.0531053745492185
1.0544120277122397
1.043841126298626
1.0437899329910438
1.0447529237464357
1.061928438920201
1.0594813407295172
1.063390853448847
1.0626158836608204
1.0584151540983737
1.0444593043433084
1.0454432872198072
1.045911057158699
1.0465731185126368
1.048031524627556
1.049190003921885
1.0421798847784653
1.0435500599029592
1.0398226350307815
1.0398226350307815
1.0574791999217978
1.0660973042950197
1.0660973042950197
1.070509657596245
1.0676367860250495
1.0611119589014768
1.0575186478239815
1.073084806085026
1.0726183665618598
1.066516755052509
1.0667712861523975
1.0521127151230159
1.0559392858709595
1.0793127680247168
1.0769077300870993
1.0737331016874778
1.0970654186016333
1.1002081390967984
1.098796766503508
1.0976932048938082
1.0945743409001771
1.0946593359571195
1.1007828608458128
1.1004813425033295
1.108862690573344
1.0964079299317258
1.124749747733478
1.1344942320023506
1.1534390340958065
1.1701076769004457
1.1701076769004457
1.1529391877231099
1.1345581173967614
1.1305189168452388
1.1213972512440753
1.1177402760175614
1.1153353363148775
1.1152802102653754
1.1174065153486554
1.1090144638508947
1.120808764260568
1.1209817415267318
1.1291375888612212
1.1394586604357642
1.1395426898588503
1.1365290464438025
1.1365290464438025
1.112684443524806
1.112684443524806
1.085582974252198
1.0854789195839136
1.1135670086157017
1.1141212231401951
1.1211646275707807
1.1096013297655554
1.1096013297655554
1.1200589909915248
1.1206350277782728
1.1064472867046795
1.1064472867046795
1.1064476318840282
1.103176571171405
1.10333549233447
1.091797794045464
1.1048527227519673
1.1087701766176814
1.0865579290097775
1.089782486234841
1.0897705855325799
1.081311410619044
1.081311410619044
1.0691028473469077
1.0849237511883516
1.0620832932608313
1.0759879627485218
1.0659035514541464
1.0607890083138514
1.0607890083138514
1.0671523185793146
1.0501495108844705
1.0493760964746979
1.0650229970835496
1.0436738984307645
1.036409376592978
1.0393537359687095
1.0395671162991367
1.0359230501501429
1.035843386111824
1.038924721103372
1.0363774843482754
1.0171870128536185
1.0278777145752056
1.0115883868729807
1.0115495787647375
1.0131403795420442
0.9937413186892964
0.993870452248833
0.9937007370710358
1.0050815461837035
1.001788678332786
1.0062663145878936
1.006479434880001
1.0164684825194725
1.0056914820125822
0.9995246621801184
1.0056506355748185
1.0052872684212204
0.9893194449315759
0.9893194449315759
0.9914581380301015
0.9828602343043096
0.9873971547391737
0.9682394462668246
0.9699483255437173
0.9730004390055987
0.9731862480802138
0.9683563825007395
0.9679573100411735
0.9632550208678552
0.96478862101203
0.9746049107173094
0.9644969061920957
0.9635529737500474
0.9625421283657798
0.964885711744219
0.9592993524002519
0.9607180706390555
0.9590597385853067
0.9352152331692816
0.9398151523013685
0.9392175789084461
0.940415468961285
0.9404176513281256
0.9418902833407478
0.9354423228945846
0.9615704746212275
0.9678047747857733
0.9446360525548095
0.9447703398552477
0.9433591389841897
0.9449229404969769
0.9472202823521827
0.9498506271004393
0.9516081924928183
0.9507102760323809
0.9441204611313506
0.9428237539619037
0.9465366610320796
0.9464649736826267
0.9492393633128763
0.9488259791754802
0.946259428444394
0.9591535892162524
0.9648714451745853
0.9786039273882907
0.9903371052961767
0.9919777652983912
0.9882686244294577
0.9921890373968378
0.9953388169305114
0.9988355286716377
1.001376288999649
0.9983672061376149
1.0082538402337533
1.0119691758123508
1.0360048103669848
1.0290317232146888
1.0344503916222558
1.0304759490275985
1.0360778862101716
1.0268094724945818
1.0268585852064958
1.020033346432916
1.0092759471267354
1.011802494296977
1.009717329443154
1.008226694614921
1.008226694614921
1.0088072387548037
1.0067903553587882
1.0017014060938638
0.9933706181072238
0.9910377801699902
0.9785146937680586
0.9640484681230099
0.9677417268241802
0.9761099176771636
0.9793066412724364
0.9804341858598217
0.9811070126442122
0.9798983394826662
0.9872251263361594
0.9821223832959445
0.9546381114066281
0.9428607545332416
0.9376407029681768
0.9376407029681768
0.9276643908097709
0.9273619700851276
0.9353660043557966
0.9217263964673248
0.9076755799237789
0.9070491726600379
0.906465332623201
0.9064551646768804
0.899784703073463
0.899784703073463
0.9121064885405112
0.9189412389665579
0.9188083962727479
0.918791419239649
0.9248810123096114
0.9353885823790279
0.9224076811243838
0.9223735324543371
0.9223735324543371
0.918261577210232
0.9060911001480022
0.9347587710202628
0.9240421202091927
0.9191771206235053
0.9165167228581582
0.9242767056677169
0.9248228209039345
0.9259739621297146
0.9322497732259519
0.9354146857488627
0.9400738011031545
0.9418700875752378
0.9489708477849436
0.9414409875513248
0.9680084267508537
0.9702515901441487
0.9761794041069143
0.9761794041069143
0.9990397783692944
0.9913197811866304
0.9685863458182744
0.9603853170898836
0.9603853170898836
0.9544018786777392
0.9557245782481895
0.964034895042507
0.9622182334666184
0.9601065049252892
0.952812634940946
0.949250678623959
0.949250678623959
0.951818183405692
0.9529018115609308
0.9538226071381368
0.9523840693753122
0.9466795666095378
0.9330288887147652
0.9342225088065385
0.9333998091429182
0.932946820239454
0.9345232855680989
0.9338654917536745
0.9275908197770861
0.9274149091162981
0.9183511197092925
0.9260209673506432
0.9195349001590427
0.91650164113912
0.9150877441620969
0.917999236105223
0.9180330198225846
0.9185471501022454
0.9173116548805709
0.9211945643190372
0.9296084530512283
0.9370902050751198
0.9427365641070036
0.9480901246494919
0.9616403930298292
0.9559347542467422
0.9645998307956665
0.9633324430043763
0.9691094806066083
0.988860966427783
0.9882188338605391
1.001200209595024
1.0002383623403845
0.9840765439346846
0.9857080859867353
0.9915951702293657
0.9710120728913137
0.9711403450257021
0.9501327149613563
0.9500787907926209
0.9551299759592706
0.9552198609923881
0.938668049583366
0.9415717777405717
0.9411148890328023
0.9102493135874614
0.9050289691611033
0.9050289691611033
0.9037611694711958
0.9021013246412765
0.9020919763198079
0.9049755069101842
0.8824963519790421
0.8768409546789466
0.8763912442149917
0.873414029047132
0.8676179168024553
0.867527914420657
0.8468785165184778
0.8491441855385496
0.8484857902909266
0.8485378874649109
0.8613336569181539
0.8623732407158264
0.8656173600680375
0.8658840380283994
0.8779614353868882
0.8757760187290656
0.8893205736458721
0.8824942355152197
0.8823901003545658
0.8819780640117023
0.876521915957892
0.8784016106122841
0.8792188033172761
0.8664644813196895
0.8512859477793777
0.8564982244582089
0.8584181882545181
0.8677501878807053
0.8677501878807053
0.8766700448011883
0.8792432505419543
0.8799792381971496
0.8721847478558994
0.8829839452949332
0.882651965036411
0.878261946406915
0.8771389155304726
0.8559269952525163
0.8578165627202294
0.8577759944403286
0.8557622361835664
0.8539476304379967
0.8441742698391596
0.8587389333362312
0.8688904908609404
0.8682956791642831
0.8684584009567494
0.8687333903752805
0.8710857294648722
0.8711012270042024
0.8772294554148372
0.8776730146252077
0.8648828417286979
0.8639232500682305
0.8608315205476028
0.8662914032750908
0.8660629800909513
0.8643043126475953
0.8535271122381437
0.8449837902536858
0.8480419434460635
0.8462045761877262
0.8574576263733107
0.8574576263733107
0.8574576263733107
0.8579292645683216
0.8583480501197776
0.8586609427808624
0.8608863010969896
0.8594388986640608
0.8594388986640608
0.8546139114316252
0.8543063071594594
0.8414000956654432
0.8414000956654432
0.8331510347283461
0.8396334076629622
0.8452282159599168
0.847898256408995
0.8463723400076295
0.8463968297091471
0.8225385354438314
0.8322738609772344
0.8310183461116591
0.8337521621499023
0.8359353070627765
0.8461258119975879
0.84667532847365
0.8470312283030969
0.8470676793724533
0.8447968094230236
0.846210584856116
0.8441452738696201
0.8436118263946109
0.8535153094525751
0.8535153094525751
0.8535153094525751
0.8473092170274731
0.8487549699186008
0.8485283068011144
0.8473861794836627
0.8342214502138119
0.8332310607909409
0.8332310607909409
0.8376361445700515
0.8634282135713554
0.8512889505083256
0.8521443123652782
0.8484799005932692
0.8524387962542321
0.8516476318329925
0.852217510381823
0.8535732887706223
0.8442731651224955
0.8482238750259542
0.8373327484928292
0.8336195198819512
0.858140797773099
0.8735462799016561
0.8735462799016561
0.8730538906136959
0.8762042971305719
0.8854414818072002
0.8787885357222965
0.8780071278988324
0.8798600115182827
0.8800841744404891
0.8765496501991182
0.8757592143057171
0.8842435189381121
0.8842435189381121
0.883126604034603
0.883126604034603
0.8907482437862774
0.8907482437862774
0.8879708664086007
0.8913019450634411
0.8896384631941664
0.8896384631941664
0.8975345980604832
0.8944177696804197
0.8966484981744778
0.9001441139239897
0.9034290299205113
0.8928518368618139
0.8844974343016766
0.8845357976943012
0.8855281858986084
0.8851805185314617
0.8720336186997718
0.8630375070556222
0.8618020110662848
0.8627121498144885
0.8697807643468728
0.8706802002176393
0.8706251162916173
0.8706251162916173
0.8741881451277402
0.8702349504104309
0.8906985550837037
0.9027900812283507
0.905085580124966
0.9351356010687788
0.928971858680016
0.9269169208114804
0.9281656328057013
0.9299756477771179
0.9305016133645366
0.931121886942436
0.9397676269478722
0.9389525029904542
0.9342059674533404
0.9354943439982408
0.937465639985604
0.9153620625223852
0.918974245813467
0.918974245813467
0.919731674294316
0.919731674294316
0.9202077424741908
0.9192937148200636
0.9192515340267788
0.9214743486136946
0.9090978315778182
0.9169559331552838
0.9142723612353397
0.9139836330829697
0.9139836330829697
0.9137406413007173
0.9124894602685438
0.9171815607567192
0.9135421357235681
0.9108771598706842
0.9190620616643753
0.9105557262685348
0.9184874552647273
0.9114968783393971
0.9082595173040181
0.8978053463010153
0.8939397757771422
0.8890049291381042
0.8905234117076689
0.8914665313448594
0.8909664549781188
0.8909664549781188
0.8893870612523136
0.8858853483348021
0.8850953821981346
0.8731499790465721
0.8730329399672537
0.8554949345663806
0.8492710001129989
0.8625168063334913
0.8551873457601641
0.8613067544778148
0.8696278977298015
0.8577845998002324
0.8553808927184077
0.8476319794208852
0.8502592792300091
0.8476557280960432
0.8483996273685187
0.8484904444949857
0.8581782546603096
0.8582754287297307
0.8592481890127844
0.8592481890127844
0.8592179735886915
0.8592179735886915
0.8592179735886915
0.8537664484702905
0.8535718779629122
0.8535718779629122
0.862418570422072
0.8584236304563604
0.8577193407848445
0.8606048500431358
0.8606048500431358
0.8786336039760321
0.8753395441567765
0.8699341091279562
0.8699341091279562
0.870116518201679
0.8533660895330555
0.8518382011100963
0.8515510229296975
0.8600999568171928
0.8665453674661843
0.8665386805467465
0.8619352931758932
0.8603696595930906
0.8603696595930906
0.8445557780460026
0.8507662399769901
0.8507662399769901
0.850051954347155
0.8652219607832007
0.8585620011107276
0.8585620011107276
0.8605966025431366
0.8543205138860418
0.8507194057917037
0.8511642703278631
0.853611968840382
0.8385192132289506
0.834504097055506
0.834504097055506
0.8372426978760215
0.8401111342826963
0.8402457251972519
0.8359838269665152
0.8359838269665152
0.8314078630115146
0.8350690244484639
0.8423428008743803
0.8424970145544315
0.8430559489495685
0.8524252606888393
0.8524252606888393
0.850872179099401
0.850872179099401
0.8518832381253517
0.8656310867623005
0.8627918773650406
0.8731682367349716
0.8710698134337237
0.8776153703323837
0.8913141752460157
0.8918985251439574
0.8972864661227583
0.8966481899349522
0.9105410895925147
0.9106030261243053
0.9007695573285452
0.9048487977373469
0.8907270705728186
0.8926103106152276
0.8867303434622072
0.8868662617183819
0.8848396715920452
0.8846162532028573
0.87279574135444
0.8794401668977174
0.8654587571581275
0.8590104256245856
0.8605284859559182
0.8688271581023177
0.8684555932914765
0.8610859396268128
0.8566380149113416
0.8561380276835407
0.8493343780099616
0.8682697692215228
0.8716161493829053
0.8760936747723812
0.8760936747723812
0.8556927722837708
0.8556927722837708
0.8496775463724806
0.8496775463724806
0.8524303384113135
0.8518705665047228
0.8416807389045101
0.8555742731546266
0.8544411363073373
0.8577295115016922
0.8575208558839642
0.8855819813312432
0.8855819813312432
0.8892456139302003
0.9018670822923688
0.9376897384374147
0.9342512631270948
0.9283208683552706
0.9294502916612302
0.9372040756063202
0.935327593233854
0.935327593233854
0.9378090133237283
0.9226268700981738
0.9163957451075732
0.9163957451075732
0.9169139846632091
0.9169139846632091
0.9166024109108173
0.9237425387671706
0.8984840717409281
0.8983831563698028
0.8805981823054856
0.8805981823054856
0.8805981823054856
0.8854788483115785
0.8804344255799369
0.8599308966567086
0.8599308966567086
0.8625102754767142
0.8555231168241532
0.8428399777501556
0.8441115585619681
0.8441115585619681
0.8441115585619681
0.8441390647028644
0.8477690189373407
0.8418761721338247
0.8481125502403173
0.845364723919378
0.846599315248117
0.8447509938401168
0.843264753297583
0.8432722633077802
0.8463985539516694
0.8414301086212842
0.8414301086212842
0.8414301086212842
0.8569093134116833
0.8586474035888632
0.860009460264432
0.860009460264432
0.8440330853974619
0.8439854219290259
0.8441031093969431
0.8440062682680128
0.845454161266262
0.8150783456400545
0.8164952297741743
0.8129817548403844
0.8070024838399399
0.796021129267231
0.7956446640940783
0.7928987972920207
0.7916173413441683
0.7818771579865178
0.7817311887031715
0.7773830458464998
0.786998266488672
0.7846877372643954
0.7835320925615108
0.8069475203125002
0.8170576018122457
0.8184301614691075
0.8178290177443883
0.8178422278460727
0.8186077383543421
0.830317318134521
0.8246940646720137
0.8247100695193901
0.820757035714839
0.8189902710296767
0.8154626275289809
0.8020636517880396
0.7861309283588223
0.7860565949751843
0.779484258244542
0.7833552287221774
0.7644798607850086
0.7728699616979786
0.7728699616979786
0.7735370422791619
0.7746334274847005
0.7764299326362223
0.772244679812756
0.7722363254475295
0.7722363254475295
0.781218248061007
0.781218248061007
0.7799050631445054
0.7799050631445054
0.761034524054747
0.7670627896604924
0.7670627896604924
0.7680947079858513
0.7709354026534845
0.7704293817803107
0.7606573455577694
0.7594288911044045
0.7505757709746573
0.7449036339506511
0.7449036339506511
0.7530627668106943
0.753139505304812
0.753139505304812
0.7438946951039886
0.7447565804044641
0.7536675348619718
0.7542624150419553
0.761207972408199
0.7574611458978959
0.757693191388451
0.7568650343792559
0.761655348732823
0.7615031000072869
0.754462949709324
0.7547036348219208
0.7482805214255762
0.7403355021700192
0.7438879468621189
0.7438879468621189
0.7428512730051787
0.7429448302139405
0.7429448302139405
0.7393584608262199
0.7381518498012648
0.7316399008728042
0.7315319122873101
0.7353002281238374
0.732998732370729
0.7113360679643839
0.7024386246110078
0.7024386246110078
0.7024386246110078
0.7030051364224159
0.7033984197203726
0.7131007089246971
0.7091731891200765
0.7030633489085656
0.7000734264276496
0.6935007332542027
0.7014446131340744
0.7078893493169671
0.7078893493169671
0.7021157108876624
0.7017174319628501
0.7044185139765037
0.707872503837235
0.7102042534908118
0.708632165118013
0.708632165118013
0.7103342009841133
0.7131695659907383
0.7063371153628237
0.7068890265118256
0.7081160775589196
0.7081160775589196
0.7111577994941319
0.7115501680613209
0.7136967244697193
0.7136967244697193
0.7145326096706309
0.7123728782406469
0.6859443462567725
0.6743269378100116
0.6735420596112797
0.6799298252016749
0.6730965321218422
0.67211853468406
0.6743043677675876
0.6745871254775992
0.6745871254775992
0.6735282012582384
0.6388165851528426
0.6388165851528426
0.6458072223199193
0.639174320118099
0.6391978057536379
0.631613030967664
0.6177597875823986
0.6177597875823986
0.6191507042486868
0.620759501960571
0.620759501960571
0.6183824335037077
0.6168162735815338
0.6157500110712223
0.6173450083503219
0.6165848366608448
0.6146355657270319
0.6150856918416789
0.6086837053068813
0.6106339409426867
0.6106118549339747
0.6102254010624115
0.60971121327495
0.6102905694646976
0.6132335510882041
0.613724261940327
0.6065402127749273
0.6065402127749273
0.6064330976214051
0.6064330976214051
0.6159466421201693
0.6123851874743795
0.6123851874743795
0.6147652540876275
0.6189617424506804
0.6186485144381638
0.6171206243583132
0.6176232786652627
0.6219602534304682
0.628433136765977
0.6273984005818402
0.6233384843854324
0.6294791267690669
0.6303269206375843
0.6183399850731325
0.6454688433655973
0.638192591639935
0.6345172764351293
0.6244033711494358
0.6228272564171702
0.6344597738587807
0.6390448939750023
0.6429304661044988
0.6408450046901635
0.6321845137996005
0.6278387662287257
0.6249654095706786
0.6253228020218526
0.6254640238606352
0.6149367982098441
0.6147530295589211
0.6152587685082528
0.6156814680265311
0.6156814680265311
0.6200635921907685
0.6186965582094884
0.6468080736967872
0.6471008933447314
0.6471008933447314
0.6517073356149431
0.650404429332217
0.650404429332217
0.6513651569754606
0.662939947198503
0.6625751481971225
0.6625751481971225
0.6633258862539909
0.6672852437003335
0.6672852437003335
0.6626608629259889
0.6338708480851962
0.6312987575393179
0.6312987575393179
0.6262067768758403
0.6186901447244687
0.6197900976532035
0.611592066353879
0.6059575519469838
0.6061948445505492
0.6167079425960771
0.6050261530447341
0.6050261530447341
0.5842704599264705
0.5894154395474699
0.5883874515299498
0.587788743278126
0.5845462716484756
0.5742623492723905
0.5804059506879351
0.5804059506879351
0.5786453735643854
0.5780290481030471
0.5761254045409249
0.5841986995346669
0.5841986995346669
0.5805020869065156
0.5821592133931859
0.5821592133931859
0.5821592133931859
0.5821738252352516
0.5859440185758746
0.5860350731625945
0.5837719151330973
0.5841187360487782
0.5841187360487782
0.5846558238536818
0.5798817396059385
0.5687328622535323
0.5771930463766102
0.587726674757336
0.5887622169493709
0.5870614039652992
0.5913545077961969
0.5959917550079018
0.5849982876477441
0.5977921857334749
0.6010157905599939
0.5918573257816699
0.5904855554739157
0.588577462181394
0.5882228365870732
0.5836210376643789
0.5836210376643789
0.5790670048521036
0.5710136327237918
0.5710136327237918
0.536109923735407
0.5332060663397836
0.5293959048202
0.5293959048202
0.5309572744644679
0.5309572744644679
0.5288939520328382
0.5299284940662463
0.5304071797951915
0.5292700157683986
0.5329832525631014
0.5290572513625086
0.528653321292973
0.528653321292973
0.528653321292973
0.5342320636298958
0.5449942160260881
0.510916450301573
0.5260594003957997
0.5225243531540753
0.5173189175495166
0.4770842196167028
0.4773624263361554
0.47993749627463683
0.4796592316988412
0.47901915078002605
0.47901915078002605
0.4790775580593369
0.4777021745634909
0.4777021745634909
0.47296432564137
0.47417869654508027
0.4751957616330373
0.4881142167463943
0.4887444077878702
0.4887444077878702
0.48779769731989614
0.4948997921602309
0.48951689101957285
0.489788512805899
0.48894539458444675
0.4869809298835789
0.4921695783383496
0.49712063365547654
0.4922927330004718
0.49508420738844405
0.49508420738844405
0.49313332013256767
0.49300333770251403
0.4920901793054731
0.49495977577693856
0.49387704584968245
0.4999053237961099
0.4947695018351197
0.4947695018351197
0.4947695018351197
0.48502322183006324
0.4790815097839441
0.46224507113933905
0.4624836771729973
0.4585954953972649
0.4587546011794494
0.4432699220229799
0.44203243699425643
0.4391984378269489
0.4394944768761462
0.43966225244841245
0.43960140707699247
0.43960140707699247
0.43960140707699247
0.4312576385634587
0.4439587133917985
0.43849173331245955
0.43816737470653505
0.4378449709899152
0.4245459964364775
0.4245459964364775
0.4234343085106899
0.4283140311592579
0.4283140311592579
0.435220132827238
0.44266767037799654
0.43758695424894556
0.43282994766592514
0.42852960899848447
0.42852960899848447
0.439443868973155
0.4395280446547986
0.44625951514920564
0.44647837348701586
0.4491575864060873
0.4592187782749283
0.4566928956938919
0.45986016893998416
0.4582584400287256
0.45720934821032083
0.4618036358884512
0.4404837072681549
0.44041829376815317
0.44293292560068326
0.44711701251496083
0.44711701251496083
0.448154884705284
0.448154884705284
0.45105798395509633
0.45105798395509633
0.45275537667784793
0.45178584329439514
0.4655889238515554
0.4666419552378602
0.4790885458832843
0.4741941018806621
0.4711655146409362
0.4681634143946181
0.4649477824972528
0.4679634083530262
0.4679634083530262
0.4679634083530262
0.4665788644828901
0.4665788644828901
0.4638635805603707
0.4658678785912938
0.47344186629662327
0.47344186629662327
0.470281286471731
0.45485729814201786
0.45322121973224055
0.43755622602118543
0.4550098443805882
0.4470298405809923
0.4519760113075054
0.43530687229384113
0.43530687229384113
0.43530687229384113
0.4205814837228662
0.4167995862774814
0.4158736382528523
0.4162749859196099
0.4202353123786158
0.412803946283032
0.4173384587066213
0.4095513508775894
0.417711460560727
0.41777141310414806
0.4215664441869378
0.4207737242722679
0.413798626169333
0.4276090026354294
0.42663137625616465
0.42288281596747695
0.42570268594401406
0.42570268594401406
0.4316456412803521
0.4268161709938897
0.4225281485705386
0.4274876228141088
0.4274876228141088
0.4274876228141088
0.4274876228141088
0.4238405529273424
0.4223915996692118
0.4273759314739638
0.42501714860728534
0.42501714860728534
0.43042819071801197
0.42303955970260687
0.4170074389090777
0.41639056559054105
0.4208362026694427
0.420014844802639
0.41649164722128196
0.3907616411524879
0.3907616411524879
0.3907616411524879
0.38760324864992773
0.38760324864992773
0.3885736543392065
0.39613872050331794
0.3931930830106687
0.3858008659157123
0.3858008659157123
0.386589738068706
0.384618400304099
0.3877430651121309
0.38655728620810276
0.38675509882227066
0.3981695079035766
0.3989173715514437
0.4114914245223067
0.40117283879734567
0.4071366926168841
0.41113617243727163
0.3971171409339984
0.3970122430629496
0.3970122430629496
0.386066549471817
0.38704626132389297
0.3846889072101467
0.3777344527179722
0.38832715692659936
0.38547754344557844
0.39036688113372564
0.37647929948698877
0.3716934561552827
0.369104250164204
0.369104250164204
0.3439837796655163
0.35234516403154925
0.34733478666971934
0.3437232625760242
0.33631195945709863
0.33134340677643315
0.3301148079651892
0.3301426339528503
0.3301426339528503
0.3301426339528503
0.33027570020606534
0.3319359491608841
0.3319359491608841
0.3319359491608841
0.3326726315770561
0.3327101264568908
0.32893017633291677
0.3422831022141277
0.3272175674952829
0.3272175674952829
0.3306148693487648
0.3347938700954881
0.3347938700954881
0.3347938700954881
0.3413563611519985
0.33912467284689635
0.33912467284689635
0.33912467284689635
0.3336784777960903
0.33703131179391743
0.3240077035479033
0.3240920526229249
0.31858369801998215
0.31858369801998215
0.3185802907545515
0.32165586737932983
0.32165586737932983
0.322835726555404
0.322835726555404
0.322835726555404
0.3163309085119795
0.3168704036571209
0.31339320279094307
0.327381642067601
0.3372498553346741
0.3372498553346741
0.3372498553346741
0.3363287005831245
0.33841666039452883
0.3298414059555292
0.333617027109713
0.333617027109713
0.3486358668183815
0.3486358668183815
0.35773921676562287
0.34886039024654003
0.34886039024654003
0.34644560762314935
0.3423143274110931
0.35632972904696003
0.3669332616239378
0.36925942854195337
0.3720032155692766
0.3747584450651484
0.3754762207361812
0.387632615304523
0.39689794459822375
0.39689794459822375
0.3806622101849112
0.3806622101849112
0.3823949421649189
0.3693399113932195
0.37165996079168917
0.3729016413393048
0.3699272997816318
0.3699272997816318
0.3699272997816318
0.3695704925695147
0.3700264146609005
0.37307003086084045
0.36801599178293054
0.36801599178293054
0.3697512377038844
0.3697512377038844
0.3756825080186302
0.37605517635268876
0.37964899341879904
0.379794062339835
0.36958837895107366
0.37462597666257347
0.37462597666257347
0.3744604195462595
0.3821071262869992
0.3789017939802667
0.3789017939802667
0.3789017939802667
0.3809018275787716
0.37904647846407574
0.37624887765802517
0.37983687856104154
0.375953701283744
0.37494865355461354
0.3709892165644909
0.3729265529589782
0.36843497587364094
0.3598092350841895
0.36127333241293025
0.35740864752375134
0.34611937616731614
0.34591326573401626
0.3440277186982739
0.3440277186982739
0.3398693118385036
0.3389521507740934
0.32806072164468075
0.32889397074835935
0.35240330940020503
0.3579812576964961
0.3567289362704559
0.3567289362704559
0.3618026994522541
0.3618899169904737
0.3698527862237645
0.37377466533099685
0.37377466533099685
0.35910614556081877
0.3562312143062882
0.3340033046314653
0.33143240432358295
0.3500246389845554
0.3500246389845554
0.3500246389845554
0.352295820918127
0.34843678263973515
0.351422594521764
0.34602994805638704
0.3453299234364002
0.34559982519529975
0.3463024611303353
0.37575007649705794
0.37833054341685574
0.3771535855147652
0.3756045821473683
0.37196552023310986
0.3716405767350761
0.37992361147752945
0.38019917514575874
0.38019917514575874
0.3743745608680006
0.3746603959861241
0.3718191443796992
0.3730049676369828
0.37010253217045086
0.37010253217045086
0.37010253217045086
0.3665495464642131
0.340472861014089
0.340472861014089
0.34053322603001274
0.34053322603001274
0.34053322603001274
0.34407650553992514
0.34428173211180374
0.34428173211180374
0.34428173211180374
0.33886740970113877
0.33886740970113877
0.33867504822142286
0.31698183397304447
0.3170191464711329
0.31700199062337675
0.31160907340145866
0.309922905060977
0.3109006627421555
0.307472646917294
0.31100457115681557
0.31741998359560686
0.3215173667600348
0.3215173667600348
0.3215173667600348
0.3118073110956798
0.31093559871051946
0.33195048126233284
0.325791759584742
0.3380493339877693
0.33713741323742996
0.3278685461486169
0.35092548559610415
0.35531767276865134
0.35531767276865134
0.35755291737850864
0.356630780134418
0.36335332137678067
0.36593203511760564
0.36593203511760564
0.36145279343402953
0.36145279343402953
0.3607755349711773
0.3607755349711773
0.36457181922331894
0.3596733696722952
0.3497823507053019
0.34998668822354134
0.3534835262955708
0.3534835262955708
0.3675535363348919
0.36260347394339193
0.3616922657455929
0.3559606841243094
0.35207526999355204
0.3541570844642595
0.3541570844642595
0.3541570844642595
0.36298496136952024
0.3637658588873997
0.37353872578940567
0.38248981163528323
0.3853199250322927
0.3853199250322927
0.3854255267834239
0.37136176860857384
0.37322082117640354
0.3731718708633642
0.3731718708633642
0.3731718708633642
0.3837709024808138
0.37574769046477563
0.37720343310296184
0.37720343310296184
0.37720343310296184
0.37720343310296184
0.38524508757700265
0.38253799919901155
0.37298145647363323
0.3876458266808495
0.38102672905435647
0.3815569185336092
0.37898437274496605
0.37604978737309397
0.3795129100706111
0.3803756979431588
0.3742508920431563
0.37448371004847986
0.375641608259607
0.37437088342331837
0.38638171455478154
0.38638171455478154
0.38700821034495203
0.3881785771628753
0.3881785771628753
0.3898496845450495
0.3898496845450495
0.3933433285550786
0.3933433285550786
0.3933433285550786
0.3963447535861469
0.3963447535861469
0.401102496858624
0.4016269437035075
0.4016269437035075
0.41314024806040406
0.40739190340291026
0.4131485540276573
0.4145911640757835
0.4145911640757835
0.4145911640757835
0.4145911640757835
0.4145911640757835
0.4156817108680158
0.4156817108680158
0.41638287629129456
0.41691699639726043
0.41838768283507183
0.40825262919254907
0.39842190393613897
0.39842190393613897
0.39842190393613897
0.39842190393613897
0.39842190393613897
0.3980557675663081
0.3980557675663081
0.3993996945899152
0.3993996945899152
0.40079008894499507
0.40079008894499507
0.39436752940847036
0.389324686347017
0.389324686347017
0.38994161990912707
0.37702320197640843
0.3724556303865146
0.3774835676222956
0.38764408868114547
0.38797382430586114
0.3874335921750612
0.38289779521812334
0.36514702899224927
0.3619771785808259
0.3619771785808259
0.3505608414963817
0.34742453782195654
0.3379411728128949
0.341491379735518
0.340473219072261
0.34381886643986553
0.34381886643986553
0.35534619049346167
0.3591033767022708
0.35683212551938986
0.3639368092074148
0.3639368092074148
0.3639368092074148
0.36552198761876803
0.36552198761876803
0.36699476659592006
0.36902757130541736
0.367803754339258
0.367803754339258
0.3670622066561895
0.3658449246831284
0.3658449246831284
0.37065172250630085
0.3722673069383837
0.36278397417928626
0.36339770442285924
0.36443081878556915
0.34995980637823526
0.36965257858887024
0.3693268142102563
0.36920465498834865
0.36920465498834865
0.3690371148759528
0.369142186109207
0.369142186109207
0.369142186109207
0.36928711087677946
0.37001453353692076
0.3682710182765473
0.3846320516606825
0.3837334369762953
0.3837334369762953
0.3837334369762953
0.3860640732807186
0.3955153466512131
0.3955153466512131
0.3952574307367165
0.3952574307367165
0.3820034866344877
0.39055049263878877
0.38675348799798187
0.38675348799798187
0.38675348799798187
0.38675348799798187
0.39723808817792344
0.3963696517470715
0.3963696517470715
0.3952138039592991
0.3952138039592991
0.4028723006263843
0.4050704315386708
0.40431899008919786
0.4050203156397737
0.4050203156397737
0.4054877374898596
0.4054877374898596
0.4046708313968256
0.40907827860787643
0.4016083243297323
0.4016083243297323
0.4016083243297323
0.40647258225245936
0.4082762564276991
0.4082762564276991
0.4045699925752799
0.40584360361049787
0.40582402955915353
0.4050794922952675
0.40597191055682214
0.4128012829653869
0.41296379539977923
0.41296379539977923
0.4126403145182861
0.4126403145182861
0.41389113381497233
0.4096409973467869
0.4061452017250002
0.4061452017250002
0.4061452017250002
0.40607786870885126
0.40607786870885126
0.40724556912364673
0.4140050207003025
0.4140050207003025
0.4179589040368807
0.4198653696657765
0.41505516080965793
0.41505516080965793
0.4157671890720097
0.4168204429497845
0.4168204429497845
0.41413439398967355
0.41381530693558305
0.41381530693558305
0.41381530693558305
0.41381530693558305
0.4193602327716363
0.4193602327716363
0.4237565807453795
0.4180648041977792
0.4114229920889058
0.4060745897660273
0.40097846774126944
0.40168091908837505
0.3962786747382395
0.3962786747382395
0.40904178811184805
0.40928880478219154
0.4113040127906741
0.4116948430418175
0.4102778753459697
0.4105532044728063
0.41129473292936264
0.4101419475467405
0.40723433190992897
0.391932808838302
0.391932808838302
0.391932808838302
0.3837685593384628
0.395892490711955
0.399830505428873
0.39995194805049605
0.39024575706696013
0.39024575706696013
0.39040921668944534
0.38759461672468914
0.38759461672468914
0.37491188704147793
0.3769605911352602
0.37693919194038034
0.37693919194038034
0.3745433984055712
0.36945791891074836
0.3670335315443074
0.3677138816158764
0.36397697964291315
0.36397697964291315
0.36397697964291315
0.36273411735169486
0.36302918814032725
0.36447423175621535
0.3644455414642928
0.363030114641855
0.371457615739377
0.37065749680286775
0.37583037113762935
0.3650395143025051
0.37236292986319364
0.38521724304124044
0.38439621291738446
0.38187232999863935
0.38440873232734984
0.3786552762997572
0.3793112190069783
0.3793112190069783
0.3932556451364814
0.3827160069412192
0.3827160069412192
0.3779186265392875
0.37595916796194256
0.37595916796194256
0.307472646917294
0.307472646917294
0.307472646917294
0.307472646917294
0.30661712745973185
0.30661712745973185
0.3087760809875575
0.3087760809875575
0.30494590039694514
0.30494590039694514
0.30494590039694514
0.30494590039694514
0.30494590039694514
0.30491117819310776
0.30491117819310776
0.30491117819310776
0.30491117819310776
0.30491117819310776
0.28703459014110094
0.28780732768948825
0.28780732768948825
0.28780732768948825
0.28780732768948825
0.2865446768792406
0.2766585382342764
0.2766585382342764
0.2766585382342764
0.2766585382342764
0.2766585382342764
0.27550763043683546
0.27550763043683546
0.27550763043683546
0.2752746763939089
0.2752746763939089
0.2752746763939089
0.2752746763939089
0.26399916432618087
0.26399916432618087
0.26399916432618087
0.26399916432618087
0.26399916432618087
0.26399916432618087
0.26399916432618087
0.26399916432618087
0.26313669267354994
0.26313669267354994
0.26313669267354994
0.26313669267354994
0.2375232851650344
0.2375232851650344
0.2375232851650344
0.2375232851650344
0.2375232851650344
0.2375232851650344
0.2375232851650344
0.23731306471959657
0.23731306471959657
0.23685392519699372
0.23685392519699372
0.23325112095034886
0.23325112095034886
0.23325112095034886
0.23325112095034886
0.23325112095034886
0.23325112095034886
0.23325112095034886
0.23325112095034886
0.23325112095034886
0.23325112095034886
0.2150308500107244
0.20175261517710033
0.20175261517710033
0.20175261517710033
0.20175261517710033
0.20175261517710033
0.20175261517710033
0.20175261517710033
0.20175261517710033
0.19863837464978773
0.19863837464978773
0.1984087796594467
0.1984087796594467
0.1984087796594467
0.1967651839855746
0.1967651839855746
0.1967651839855746
0.1967651839855746
0.1967651839855746
0.1967651839855746
0.1967651839855746
0.1967651839855746
0.1967651839855746
0.1967651839855746
0.1967651839855746
0.1967651839855746
0.1967651839855746
0.1967651839855746
0.19490425414315812
0.19490425414315812
0.19490425414315812
0.192639699223963
0.192639699223963
0.192639699223963
0.192639699223963
0.19254856163970238
0.19254856163970238
0.19254856163970238
0.19254856163970238
0.19254856163970238
0.1869565864690711
0.1869565864690711
0.1869565864690711
0.1869565864690711
0.1869565864690711
0.1869565864690711
0.17425657236519682
0.17425657236519682
0.17425657236519682
0.17425657236519682
0.15770370448944276
0.15770370448944276
0.15770370448944276
0.15770370448944276
0.15770370448944276
0.15770370448944276
0.15770370448944276
0.15770370448944276
0.15770370448944276
0.15770370448944276
0.15770370448944276
0.15770370448944276
0.15844913961411822
0.15844913961411822
0.15844913961411822
0.15844913961411822
0.15840562651512913
0.15840562651512913
0.15840562651512913
0.15167769989948832
0.15167769989948832
0.15062567807435887
0.15062567807435887
0.14686737097486902
0.14686737097486902
0.14686737097486902
0.14686737097486902
0.14686737097486902
0.14686737097486902
0.14686737097486902
0.14686737097486902
0.14686737097486902
0.14686737097486902
0.14686737097486902
0.14686737097486902
0.14686737097486902
0.14686737097486902
0.14686737097486902
0.14507214097319276
0.14507214097319276
0.14507214097319276
0.14507214097319276
0.14507214097319276
0.14507214097319276
0.14507214097319276
0.14507214097319276
0.14507214097319276
0.14507214097319276
0.14507214097319276
0.14507214097319276
0.14507214097319276
0.14507214097319276
0.14507214097319276
0.14507214097319276
0.14507214097319276
0.14507214097319276
0.14507214097319276
0.14507214097319276
0.14507214097319276
0.14507214097319276
0.14507214097319276
0.14507214097319276
0.14507214097319276
0.14507214097319276
0.14507214097319276
0.14507214097319276
0.14507214097319276
0.14291557426728088
0.12162802175291054
0.12162802175291054
0.12162802175291054
0.12162802175291054
0.12162802175291054
0.12162802175291054
0.12162802175291054
0.12162802175291054
0.11650056691578538
0.11650056691578538
0.11650056691578538
0.11650056691578538
0.11650056691578538
0.11650056691578538
0.11650056691578538
0.11650056691578538
0.11650056691578538
0.11650056691578538
0.11650056691578538
0.11650056691578538
0.11650056691578538
0.11650056691578538
0.11650056691578538
0.11650056691578538
0.11650056691578538
0.11650056691578538
0.11650056691578538
0.1147792237762112
0.1147792237762112
0.1139315794506973
0.1139315794506973
0.1139315794506973
0.1139315794506973
0.1139315794506973
0.1139315794506973
0.1139315794506973
0.1139315794506973
0.1139315794506973
0.1139315794506973
0.1139315794506973
0.1139315794506973
0.1139315794506973
0.1139315794506973
0.1139315794506973
0.11392402771443481
0.11392402771443481
0.11392402771443481
0.11392402771443481
0.11392402771443481
0.10950422724910168
0.10950422724910168
0.10950422724910168
0.10950422724910168
0.10950422724910168
0.10950422724910168
0.10854295006162107
0.10854295006162107
0.10854295006162107
0.10854295006162107
0.10854295006162107
0.10854295006162107
0.1085548152525825
0.1085548152525825
0.1085548152525825
0.1085548152525825
0.1085548152525825
0.1085548152525825
0.1085548152525825
0.1085548152525825
0.1085548152525825
0.1085548152525825
0.1085548152525825
0.1085548152525825
0.1085548152525825
0.07621469910962976
0.07251009800198985
0.07251009800198985
0.07251009800198985
0.0723963124293897
0.06593116733089334
0.06593116733089334
0.06593116733089334
0.06593116733089334
0.06593116733089334
0.06593116733089334
0.06593116733089334
0.06593116733089334
0.06590274147423968
0.06590274147423968
0.06590274147423968
0.06590274147423968
0.06590274147423968
0.06590274147423968
0.06590274147423968
0.06590274147423968
0.06590274147423968
0.06590274147423968
0.06590274147423968
0.06590274147423968
0.06590274147423968
0.06590274147423968
0.06590274147423968
0.06590274147423968
0.06590274147423968
0.06590274147423968
0.06590274147423968
0.06590274147423968
0.06364285556759305
0.062152350346612796
0.062152350346612796
0.061262243411861865
0.061262243411861865
0.061262243411861865
0.061262243411861865
0.061262243411861865
0.061262243411861865
0.061262243411861865
0.061262243411861865
0.061262243411861865
0.061262243411861865
0.061262243411861865
0.061262243411861865
0.061262243411861865
0.061262243411861865
0.061262243411861865
0.061262243411861865
0.061262243411861865
0.061262243411861865
0.061262243411861865
0.06072018698079386
0.06072018698079386
0.06072018698079386
0.06072018698079386
