0.0466667 0.029301972129321174
-0.0866667 -0.09505353851934151
-0.3733333 -0.3775604766783781
-0.1533333 -0.14520242063110017
0.0366667 0.006283006620368126
0.0066667 0.01673253912028544
0.7633334 0.791991127273817
0.61 0.6102299497792096
0.3833334 0.40302645949790417
-0.28 -0.30037997114145437
0.56 0.5496026506552334
0.1633333 0.12514949187319865
0.1266667 0.12705277013873953
-0.71 -0.7106736478651894
0.9666667 0.953573968367351
-0.86 -0.8359225674970746
-0.59 -0.6265116639350605
-0.2366667 -0.31171170563142225
-0.4033333 -0.3728784088590884
-0.7566667 -0.7282824006933577
0.7133334 0.7118324831853409
0.4233333 0.3926841986066243
-0.2933334 -0.31797740446862827
0.72 0.7035743126503375
-0.9666667 -0.9173677176573966
-0.9966667 -0.992558153425536
0.9833333 0.961752666703857
-0.6666667 -0.6755470032903008
-0.17 -0.17083972465780004
0.9 0.9111511420777225
0.03 0.034955606261737715
0.27 0.2537717431860245
