1.6074505078436978
1.436418695975993
1.4304146034542706
1.4322487488130222
1.4438722209589894
1.4336850884284116
1.4350786375288336
1.4223036933561628
1.4231437210354279
1.419283022745533
1.4188917677872415
1.4202459473950704
1.3998418143370632
1.3998608140198097
1.3997974967908107
1.3978430214453093
1.403257918074267
1.4053722083278595
1.4053937564364416
1.402199579104326
1.3953334576381577
1.407054983864076
1.4052291616342871
1.4182818294301065
1.428024950878218
1.41452035617704
1.4354662089378065
1.432089354052687
1.4335815915512051
1.4449739858360202
1.4487487078266725
1.4414900955125658
1.4573655318438454
1.4679268422775793
1.4717265946327909
1.4784627127074799
1.4782357035815883
1.491627218096462
1.4914324700679553
1.4982747854711873
1.4877692864395993
1.48069853313126
1.4802757711038392
1.4833587424625405
1.4814871149186635
1.479202312973495
1.4766277538807226
1.4796398171612264
1.5064774620245163
1.5044105111741288
1.5203789059253134
1.523996459957968
1.5266051186054528
1.5287862753091592
1.5297832832834515
1.5343360927422456
1.5431296646750614
1.5398126387753872
1.5464050170939383
1.5462905223198389
1.5455969488138737
1.5399711350048526
1.5194426338975815
1.5103409657017324
1.513471745635869
1.5103784299151133
1.5095865949494875
1.5019035398786091
1.5137807396655547
1.5098410463220233
1.5089395702302355
1.5117778016503145
1.4995584191582454
1.5050494998028183
1.5163570429821585
1.514012349535467
1.5050455639726008
1.5049114127142318
1.518491918891167
1.5093272532275572
1.5030622377013312
1.5036316275856458
1.5019982200133328
1.5064390064248114
1.5146316095332046
1.5154682002470445
1.5165398245334145
1.5175142488567752
1.5136821316770057
1.512571723213575
1.5114302567027944
1.5151161781858846
1.5096410200852053
1.511479575260715
1.5107776865040483
1.5120021797881928
1.5058809263023376
1.5069258045337734
1.4982530477488907
1.4689559401639631
1.4749988624778725
1.4759952745694842
1.4697070488676591
1.4746449242966007
1.469224937211044
1.4702304087143447
1.4670853757660947
1.4579181735677313
1.452156052510839
1.4563373457679707
1.460663420870461
1.4593508538013957
1.4378660692254823
1.4341511209211772
1.4370410366620996
1.4274137570662568
1.4262507468965984
1.4286918309790897
1.4272223824850472
1.4306812576033137
1.4299071711820375
1.4299071711820375
1.4312600284086912
1.423639357369062
1.4229453978352102
1.413659381093696
1.4146570820464572
1.4133240587456841
1.4133240587456841
1.4163610563269224
1.4250020168027888
1.4282255090051823
1.4302847912329992
1.4291360163038909
1.447490700261064
1.4471320815686672
1.4376136509275133
1.4314364650554523
1.4412385483920152
1.4428782546492738
1.4330669907153952
1.434251948612856
1.4353122623694337
1.4252171718063755
1.4418341658558043
1.44176011382294
1.4510072819465527
1.447197209904116
1.441101897418135
1.444342303532781
1.4517780130040066
1.4527956281494094
1.4466213213441728
1.45942007666209
1.4618619650109315
1.4494796163099315
1.4521436513456196
1.4403995816567488
1.4289499524382636
1.4071925671185306
1.405724615938657
1.4008415441597655
1.4002011652253963
1.3979369974808058
1.3882448587003133
1.3994841253093235
1.3762519929237318
1.3712981980119485
1.3658806965072527
1.3652060543082118
1.357097670644867
1.3586158423526722
1.3674121911501518
1.3590075270303879
1.3590253787975584
1.3545262258086175
1.3561350456365062
1.3549403649229739
1.3523478588735183
1.3450428686479665
1.342075301336874
1.367381469456644
1.351627776129871
1.3611329006729374
1.3737207317830613
1.3751934444929659
1.3828149552319347
1.384807879117231
1.3849834406893964
1.3827270415369588
1.3965868422356875
1.3969195830564594
1.3936331381062732
1.4001757989528145
1.398001824859451
1.406772202202915
1.4023273523853248
1.398214618009656
1.3941092129461439
1.394059427345244
1.3954037509212993
1.3953363830362977
1.3877995959442235
1.3885114991669898
1.389937806973972
1.3778313447952013
1.367200306089995
1.3868657766732102
1.3736136704041921
1.369927290989903
1.369425375895716
1.3665610478910548
1.3764117582016369
1.3712775417625485
1.3784420417280623
1.3969588779852364
1.376593853667967
1.3787112589262636
1.387087445265936
1.3695552157639777
1.369580529738751
1.3630760036816318
1.3788207111020914
1.3763567506446537
1.3626943477865858
1.3516968601289348
1.3514234458411092
1.3446785972672475
1.3352997988353223
1.335469114199614
1.3341267441600484
1.3293900669663334
1.3406853724096097
1.3473831372649692
1.3693646831701964
1.370811553626863
1.370773205326702
1.3702905552831794
1.372275022540929
1.3673673460774651
1.3675145171537189
1.3743964223258516
1.3906561389635614
1.3924808683372152
1.391837308897062
1.391660696222188
1.3889033141189804
1.3992487577274775
1.3997159867311406
1.3871734291864974
1.3871734291864974
1.3648727614073362
1.3508497194417353
1.342426587574937
1.3502760058054066
1.3517550843926378
1.3361139108265738
1.3371375144504314
1.3444003340272532
1.34534381883387
1.3469824311355303
1.3466776205952695
1.3505209414806223
1.3611667562380074
1.3610739891883001
1.3637045407038242
1.3643348081527762
1.3591037776440293
1.3509466389956228
1.3682622278497851
1.3711265343915546
1.378434225544014
1.3968984007468739
1.3964160442275206
1.3970423407200236
1.384197559691725
1.3885916068896829
1.379786993112197
1.3823818279991342
1.3769119248577955
1.3756294951291814
1.3839395003315813
1.3899708478923802
1.3801148462237833
1.3769530553718583
1.361594106726944
1.3575920731806188
1.3388014915349722
1.3501349348171752
1.3554728676075587
1.3609298977859512
1.3670429891187095
1.3699128482285754
1.3978489080279166
1.396709266958409
1.3833652643756826
1.3617193849194673
1.3617054978951424
1.362085173969763
1.378884996215101
1.3766042059470815
1.3822948446140098
1.3859597244791282
1.3859597244791282
1.391132420159932
1.3824204454684055
1.3531849058504741
1.3522290883173937
1.3378008918901634
1.338489639004143
1.3572318525391442
1.3499511325104392
1.3397378839896283
1.3425419620610866
1.3424655902872173
1.3354330378839834
1.3370556983517132
1.3359636022955979
1.3428058111051722
1.3513262006604654
1.3734064566854072
1.3788997806934018
1.379051557244269
1.3871576902366463
1.3862696800077383
1.3871537014151232
1.3791866670430286
1.3791866670430286
1.3793504580710905
1.3821299698913505
1.3855252133458547
1.3812132310460175
1.4010635634459845
1.395340936590329
1.3948786126929464
1.395641860295437
1.4005783187147012
1.3855085652309227
1.3791073321116005
1.3736419973065028
1.3762954752737144
1.3771158587969825
1.3703172082130415
1.3704771606580248
1.3787436558026105
1.3741130285745828
1.3663142608797567
1.3636143638944436
1.3636143638944436
1.3653707801476562
1.3656691316199243
1.358354414908378
1.358744201012189
1.352827816120156
1.3510245017872125
1.3528756728681506
1.349595790302197
1.3424548546737873
1.3357651833027835
1.3192741424253869
1.325847052106953
1.32210508201713
1.3310103105239721
1.3310103105239721
1.3287597011641274
1.3372806224599731
1.3133906122061232
1.30946992658874
1.313368303214969
1.3129176241686242
1.2835929815048976
1.2962005787240005
1.2986937329562223
1.2985546109155588
1.2986941246382337
1.2977876707367426
1.292740979364891
1.2901437503026334
1.2890735496034307
1.2860377974157082
1.2896823318728645
1.298119032022423
1.3191177340906581
1.3168516987221128
1.3201099648687071
1.3324678060351658
1.3164776117244192
1.315744879479282
1.3175621980353809
1.3262179672170973
1.3076011782421608
1.3083913283497706
1.3099318553059696
1.309751992160702
1.3112582891851186
1.3151001081090428
1.3189453313766828
1.324985607361332
1.323581482177667
1.3436712970310194
1.348814323517749
1.3504917648013548
1.3570206645549248
1.3390866833385888
1.3306970685649577
1.3377137741517462
1.3362662080079974
1.3413861639324385
1.3351361403049993
1.3356261799756506
1.3313533070384027
1.3212210850923012
1.3268143843282179
1.336292593783517
1.3375857114318392
1.3387068036169163
1.3316322257210278
1.3303428959334558
1.330914543646969
1.3134139790187407
1.3170560594159737
1.3232711650789741
1.3180357973864525
1.3142598381674615
1.3081052004988318
1.3263695730406098
1.3299772756036536
1.334597439254082
1.3291182712299554
1.346364641150542
1.3521514134131662
1.3508299212241495
1.3499819385738843
1.3460560429413024
1.3549369975700714
1.361387482281788
1.3567578223792631
1.338929069659295
1.3379647526647782
1.3471600056268331
1.32950233821657
1.3261647730500075
1.3249246439908522
1.3169548279230563
1.3158249743809851
1.3117788191356456
1.3096021447208719
1.3153966194599513
1.315437711058575
1.3098585092963246
1.31350693247899
1.3094310995371097
1.3135437455227905
1.3009434338380081
1.2905401913107566
1.2871622782544196
1.284454497891723
1.2865712344474438
1.277520294372358
1.2688476135687046
1.2667125901906013
1.2717229790314235
1.2689839610194955
1.2732272418822872
1.2750841242211242
1.2773977127314022
1.269335356497233
1.2744175830941156
1.284043797359791
1.2781661404039197
1.2695987318245585
1.2737205824034774
1.2684667118003672
1.2685879378434672
1.2669826886258904
1.2828010282021123
1.2869715114919538
1.2839723942634593
1.285071055094691
1.2787356018285765
1.2805044365781428
1.2989624740825594
1.2837809406277318
1.2793258971943164
1.2868193364251819
1.2862335699828313
1.2787933173126098
1.2782649683165228
1.3068864042078598
1.3211317529011561
1.3213126037135314
1.3213126037135314
1.3333755220512291
1.3323638243248255
1.3258487088066857
1.3287571707111892
1.3097721341750628
1.2929901978888845
1.2943565731330262
1.2958655293230958
1.2931895526973394
1.2863461156795561
1.2810410345347987
1.2853560366179526
1.284390923921791
1.284390923921791
1.265770998322309
1.2665305102548492
1.2732218342185715
1.256323155317576
1.2556393935581414
1.2547439585126474
1.2546641816291089
1.2547663624715422
1.257042582292826
1.2651770290861961
1.2681396170073878
1.2584761229663841
1.2559169274788704
1.24803736877231
1.246157073284481
1.2547434141406775
1.2459880733572535
1.2475075085213387
1.2699256525050115
1.2701376960495927
1.2631410832943815
1.2631410832943815
1.258583415373308
1.2587745931858423
1.2530899136924745
1.251648580456493
1.2568036192960517
1.250366120146878
1.2491008368912564
1.2487904205926297
1.2540896263477121
1.2298903505295111
1.2259966974204688
1.2300776652922645
1.235273694837167
1.2335285854168119
1.2351313331643998
1.224808127117536
1.2294010816107337
1.2289139676870575
1.2369572698411744
1.2342955361706736
1.214446844304932
1.212597472226181
1.2105027074833974
1.2108060846117235
1.2095459682261016
1.2182321084094294
1.2140241502090954
1.2088005645755475
1.2075778587262243
1.2075778587262243
1.2077239513611346
1.2010105115381584
1.2015630097418384
1.2017667751978547
1.2018378941263537
1.203265167382951
1.2016509025106412
1.2109971413196214
1.2060349912706094
1.2072008058815196
1.2053489839495781
1.2076150208992862
1.2065910601844474
1.2076155545358036
1.205932585985187
1.2004714443015558
1.2005850521285202
1.1900166540562833
1.1859403447804902
1.180664015290471
1.1935777434892554
1.1935777434892554
1.1927984591201284
1.1907916668206053
1.19000265710915
1.1799818625988394
1.1839033742350684
1.1925784647861541
1.1963135321030594
1.1954426486367782
1.2088735288527679
1.2117652406792137
1.2188457116716094
1.2216122339704112
1.2217759895199338
1.2432242142223926
1.2505125725568962
1.2506414479120644
1.2511350501854492
1.2419670489369043
1.2385250070521907
1.2375627405337835
1.2451598342869634
1.2255488214477595
1.2271187239750145
1.227752599807135
1.2304976002928723
1.2341807515844037
1.2347853592157767
1.2266945989731715
1.232229536405543
1.2329024758862128
1.2322391113890832
1.2432909604009772
1.2536971233288947
1.2427296189942791
1.253471120646122
1.2408698265555609
1.2205111589615298
1.2194698284417098
1.2189512761582344
1.2156480923597768
1.2249189749847385
1.2147040695366431
1.2205522002492266
1.2092423846879168
1.2249038372647583
1.2227428380880114
1.221858425808953
1.1979660985739091
1.2018359268179613
1.1918443457987669
1.1987955396138037
1.1977006220956916
1.1933372860788882
1.2003778781786834
1.1997140426475879
1.201253365931784
1.2078097664350742
1.2208228150223597
1.2140367479265157
1.2140367479265157
1.219142828031958
1.223424252978824
1.237916072685748
1.237183326815726
1.220361238304533
1.2185243696930028
1.2387443072862832
1.2285074075810822
1.2247494826236036
1.2239323452126165
1.2189250262612588
1.2290151594050451
1.2250119660175125
1.2257394139419715
1.206906016642174
1.2076366481441851
1.1987829770212766
1.2034496211057162
1.2239851728802293
1.225826563423052
1.220132007284917
1.220132007284917
1.219262075983744
1.218604093797083
1.2036410853834016
1.203712706703183
1.1945494083608146
1.203900220527353
1.2044348738663673
1.2073549256700786
1.1882810716373298
1.180856685475265
1.180856685475265
1.1801090145698196
1.1694905940504705
1.172003794674127
1.1717468977724435
1.172388544339302
1.166007927838017
1.1663547707084365
1.1595226397750729
1.1657112372580543
1.1511599885578803
1.1604252151008723
1.1611183527640665
1.1792371710859126
1.1774606169188375
1.1758602160100873
1.1946462178414587
1.1952157713160685
1.1952157713160685
1.1952896520126857
1.1922693706109735
1.1922693706109735
1.1918925398733202
1.1894147962221921
1.1901256990805131
1.1912063777847832
1.1926722449908203
1.1935583087514507
1.1871370885791563
1.1868463805062286
1.1869546220964309
1.1869546220964309
1.203899928739288
1.2118854482323775
1.212397051585583
1.2069462608138544
1.208721105787956
1.2065111500579258
1.2065111500579258
1.2115783381479355
1.206323398327468
1.2069522425651602
1.1956148363277124
1.1900784560449453
1.1823011416715998
1.1893213393179736
1.184667276660762
1.1720805691331804
1.173009798509328
1.173009798509328
1.1708001493582254
1.1718563402153286
1.1604283882536885
1.1604283882536885
1.1619222127746582
1.1619222127746582
1.1598085666169278
1.1546190832253387
1.1602452338486595
1.1564175270433874
1.16895391082327
1.1539708279272445
1.1528084213720087
1.1527903384009763
1.1690573682829617
1.1636005171477837
1.1584968052844233
1.1584047685476708
1.1605568106646933
1.1495470409671973
1.1562647113902556
1.150287776730371
1.1604829617753623
1.1529128567047326
1.1518547923217106
1.148754809489942
1.1518672768134504
1.1578062641755307
1.1578062641755307
1.1538990255621948
1.1577239259081973
1.1617547219660145
1.161265316722949
1.1798060836600393
1.1843126497381105
1.1925270750157009
1.1980897348477284
1.2157541754480867
1.2148953931486661
1.19019654947704
1.1889686581539602
1.1876732351839285
1.1882312388115364
1.1772993522788189
1.1772563905945335
1.1588755519807905
1.160346236405
1.1587959018053828
1.1587959018053828
1.158637379512646
1.1536706824085152
1.1502605363158083
1.1560913918539002
1.1545393881437562
1.1479222363692954
1.128044576285839
1.1280569663467452
1.1281610076850361
1.1281610076850361
1.137689776165768
1.144253826923255
1.149263434508594
1.1543117816824184
1.1566736705168803
1.170847740821687
1.170847740821687
1.1497847649142263
1.1493696242868174
1.1442186156930871
1.1524534743967008
1.1541096872207126
1.1526097935317734
1.1567805520297703
1.163604499254322
1.1746382118192398
1.1659214865360235
1.14134752783492
1.135239067806896
1.1283297839751538
1.1278665358994657
1.1278665358994657
1.1064185878348425
1.0993708545299026
1.08804956886827
1.0878669551877314
1.0843300579152482
1.087460655045144
1.1045635612136353
1.1062820736266685
1.1135981059721705
1.1128790917184217
1.112735459629877
1.1126531412971898
1.1126043904128162
1.1117924742810639
1.1042358149346123
1.1014538235354099
1.1014920026326347
1.1014920026326347
1.0816257578584159
1.0816257578584159
1.0983949600448322
1.083537674636962
1.0941351409386801
1.0921142950371499
1.0921142950371499
1.0926024849219838
1.0926024849219838
1.0999732071909627
1.0981137893543031
1.0914331745401595
1.089933246978642
1.0915065567023992
1.0908899477681249
1.0844410169885559
1.0824419723680963
1.0847885341470505
1.0884339705342942
1.0894308062502478
1.0855369402132402
1.0855369402132402
1.083399103142081
1.0698374183629316
1.0732288770662683
1.0731157020121538
1.0675448770925682
1.067201399832983
1.0587860338048143
1.0589556152123087
1.0594749455027752
1.0428034526198144
1.0374082663232325
1.0456890411419337
1.0465039964260885
1.0514848591544337
1.0395827449888277
1.038242177605686
1.0433752229266733
1.0433752229266733
1.0400111856327698
1.0331789213194882
1.0207953003506134
1.0207953003506134
1.017825861882505
1.0209293854450836
1.0211731678641303
1.0261649284899683
1.0244993689361022
1.0244993689361022
1.0251188510800109
1.0242217198587458
1.0241652791415286
1.031871125418034
1.0286807445253123
1.0347472305055825
1.033148654083614
1.0193352475806863
1.0183604005209743
1.0209203020100763
1.0196149025468668
1.0192035224374718
1.0192483332012865
1.0192483332012865
1.0204693307202906
1.0392165778876727
1.0404132842856946
1.048183370534485
1.049937978070318
1.0488758844882047
1.0509597062721499
1.0509597062721499
1.0625215188727408
1.0640104827527184
1.0640104827527184
1.0555561532952051
1.0585440463211033
1.0652063916971908
1.0669944856781466
1.0669944856781466
1.0702633122022434
1.0702633122022434
1.0841726104000933
1.0824748515933673
1.0720271421394092
1.0618660658887036
1.0616618776936892
1.036619619488898
1.030225271730949
1.0136690368230248
1.0118100064871702
1.0240135961966796
1.0315760708002246
1.0334677876975802
1.0276785065808027
1.0265379821842333
1.0317550353946663
1.0317550353946663
1.0282137637581883
1.0282043959444123
1.017336560746987
1.0082968579496807
1.0135671594236064
1.0160996402691413
1.0208728202785744
1.0160542554856442
1.0160955352163799
1.0160955352163799
1.0078767620922373
1.0008308155920964
0.9937915072944368
0.9919259603532161
0.9921893012765415
0.9661833885429513
0.9528265315452313
0.9525194886089614
0.9474551052708375
0.9483132555380118
0.952619521655685
0.9508088141850258
0.9508088141850258
0.9508088141850258
0.9446706498664477
0.9454216814030082
0.9454216814030082
0.9397226957767023
0.9429320790423005
0.9407609988241085
0.9446047847406417
0.9357504396677396
0.931227675617051
0.9366503549354289
0.9387549951268606
0.9376188451659372
0.9435830248243914
0.9435830248243914
0.9506569857461523
0.9518972731517603
0.9478178581830068
0.9481166194228072
0.9423702072900884
0.9273626027759811
0.9273626027759811
0.9273626027759811
0.9273626027759811
0.9362548171887608
0.9354811322808435
0.9285740587424682
0.9265421449714928
0.9279450715989964
0.9351649567423872
0.9329594626962143
0.929847319095378
0.9303067569591658
0.9303067569591658
0.9311450055858518
0.9295238356942757
0.919824325377906
0.9196457647899894
0.9205149791856458
0.9160637645701838
0.9160637645701838
0.9162843393130716
0.9099262972974833
0.9103174154297693
0.9103174154297693
0.9207075032684192
0.9147307544933405
0.9166124215737752
0.9166124215737752
0.9172045318711854
0.9172045318711854
0.9175077676728983
0.9175077676728983
0.9202282646576448
0.9202282646576448
0.9107976761206453
0.9156476150168813
0.9156476150168813
0.9143607695605752
0.9133434883285666
0.8937320570653013
0.9048270381725724
0.9156473911845521
0.917867269120247
0.917867269120247
0.9167307071138834
0.9218100642698871
0.9276054460025619
0.9276054460025619
0.9276054460025619
0.9348197165316184
0.9352145717797256
0.9227927415593711
0.9176076087703908
0.9146582842589278
0.9146303432786504
0.909226065085519
0.9101406641039507
0.907128636818454
0.907128636818454
0.888920551785477
0.888008847991469
0.8860828551046925
0.8860828551046925
0.8828009542850092
0.8828269506927999
0.8750082057339407
0.8761686574287576
0.8762310705761933
0.880547277507745
0.8787576039293499
0.8788766794502635
0.8787430567893868
0.872914889165331
0.8748262747928776
0.8711041594753111
0.8788860671877475
0.8796949891604173
0.8608395781632951
0.8477893520199782
0.846786005604222
0.8486673557500783
0.8642340775221443
0.8608210649183811
0.8714097311862765
0.8681453625138555
0.8681453625138555
0.8649140427277361
0.8626448505963271
0.882994168069387
0.8859334563506824
0.8511823195849689
0.8476581794536673
0.8329012978041644
0.8310016976664059
0.8310016976664059
0.8312007476625618
0.8310359918242148
0.8388128365713537
0.8333438770753686
0.8314469803116412
0.8328629120139432
0.8310845969362622
0.8285518299516512
0.8212528290144524
0.8207072583170648
0.8212708130924491
0.8231318281077605
0.8149812845550999
0.8135758550160722
0.814468022920123
0.8141438184094075
0.8156566028783616
0.8156566028783616
0.8156566028783616
0.8017146363898364
0.8036502054037243
0.8015881379323447
0.8015881379323447
0.8012487231987776
0.800717036596543
0.7963732172583841
0.7894992608362776
0.7894992608362776
0.7894992608362776
0.7894992608362776
0.7895372830558846
0.7855600855336915
0.7855600855336915
0.7855600855336915
0.7717426403329091
0.7717426403329091
0.769018027623148
0.7737300402892793
0.7746535826625476
0.776492674911816
0.7728834477406293
0.7746887460504339
0.7747571701479948
0.7663954889700045
0.7651207477629023
0.7651207477629023
0.7653085392696484
0.7566160825998188
0.7551053570449799
0.7270272690844494
0.7305781056065664
0.7264462621145464
0.73859525622288
0.735835157795019
0.735835157795019
0.735835157795019
0.7407357406692676
0.7407260473572863
0.7408986569886674
0.7408986569886674
0.7408986569886674
0.7475246895243172
0.7304535961489131
0.7325534226902781
0.7317461929471665
0.7321043706829065
0.7321548586700994
0.7321548586700994
0.7335820948429422
0.7336734584787763
0.7348988727611083
0.7405651114972963
0.7556568624660873
0.755863631825791
0.7482668541072464
0.719937581077643
0.7037162040593774
0.7022031529183437
0.7022031529183437
0.7013888630787856
0.7071166695845245
0.7084859459795011
0.6856372334637607
0.6871065213493801
0.6869178709015109
0.6878708846484983
0.6915716109176119
0.6927949566606117
0.697101356121997
0.6984823387118761
0.6984975933746306
0.6959868343154446
0.6966142847266347
0.6976704478218932
0.7042854510287361
0.7035478742543084
0.7035464882609332
0.7186197823564255
0.7152574809563587
0.708067544395174
0.6954640001206783
0.6888746661156089
0.6926714188837684
0.6943431874767839
0.7058735966832066
0.7122226576631031
0.7229443624823039
0.7059894041535447
0.7099500191402993
0.6995509490401406
0.6854331408871841
0.6878031925874932
0.6878031925874932
0.688467411718496
0.688467411718496
0.6863324156748749
0.6863324156748749
0.6819705978412429
0.6819705978412429
0.6799331901866715
0.6676899113269159
0.6815356365946152
0.6815356365946152
0.6695245994352044
0.6695245994352044
0.6681821335138327
0.6681821335138327
0.6610396519866794
0.6599684229612152
0.6573678881557526
0.6300752664821819
0.614706771126187
0.6132186891992335
0.6072733388354433
0.6013811719846751
0.6062064414071334
0.6107619036102147
0.6132610701244537
0.6089840579464527
0.6091630208143515
0.5957048063976177
0.6028177998759512
0.5949546875257624
0.594804955649306
0.594405969908304
0.5967939835527766
0.5967939835527766
0.5948600500397477
0.5984966334933419
0.5972702866293936
0.5978853854397563
0.597997185775427
0.6007875355408862
0.5989242584599213
0.5985497621042466
0.5833451352660108
0.5849196382066342
0.5804049640760846
0.5804049640760846
0.58304527664474
0.5679415422938553
0.5731639731462725
0.5696500292239679
0.5738588042855232
0.579023920145971
0.573855128282331
0.5718666492294364
0.5718666492294364
0.5693476373087615
0.5694669203996364
0.5666032142825099
0.5489723584564467
0.5489723584564467
0.5379975498513221
0.5389791482598345
0.5349105687361531
0.5308255021962283
0.5288730200128973
0.5341870498438276
0.5341870498438276
0.5177929480374868
0.5250690498895965
0.5225770251674822
0.5225770251674822
0.5225770251674822
0.5224429118947927
0.5240294950304015
0.5325183242275885
0.5325183242275885
0.5205772084312288
0.5227815140835494
0.5263983159730297
0.5229113889006246
0.5211279522196438
0.5176760404715989
0.5332113646552411
0.5332113646552411
0.5299204604787098
0.5310369416574136
0.5312467900533844
0.5312467900533844
0.5319605789762052
0.5303458569100338
0.5305004799229449
0.5305004799229449
0.5305004799229449
0.5313716097911484
0.5327453269437313
0.5327453269437313
0.5377277485289854
0.5371263967961928
0.5371263967961928
0.5375094975369371
0.5375094975369371
0.5375094975369371
0.5363245148213411
0.5350226872723002
0.5367890649622868
0.5440633134954281
0.5440633134954281
0.5440633134954281
0.5440633134954281
0.5440633134954281
0.5413151905646468
0.5413994575207602
0.5400874634650046
0.5408551754651368
0.5398534025767694
0.5425189485250038
0.5436931029013637
0.5444585639635635
0.5417856806875755
0.5420742800474039
0.5435355744839674
0.5410822613282735
0.5376485538832839
0.5281414924705252
0.5347901623067578
0.5319830134459812
0.5312601062975546
0.5321270242860924
0.5321270242860924
0.538041501804169
0.5409386879650708
0.5450711462195693
0.5449472954563495
0.5548267648036569
0.5564281591096617
0.561323555405392
0.561323555405392
0.5550086322352221
0.5558040168041661
0.5493088269382742
0.5445831511809002
0.5398808964614711
0.5381114084078813
0.5381114084078813
0.5314356912671974
0.5335959750131019
0.5335959750131019
0.5317668263828322
0.531033168315048
0.5372387014984003
0.5353260135171408
0.5253132505173099
0.5244081420903598
0.5366178043816217
0.5366178043816217
0.5314134273586789
0.5314134273586789
0.5220393445610664
0.5215979252340883
0.5155530069694112
0.5136534994441457
0.5097011115341423
0.5097011115341423
0.5116825337822863
0.521156745427207
0.521156745427207
0.520179512273484
0.5215554218629115
0.517819896317857
0.517819896317857
0.517819896317857
0.5042887733029481
0.5038266265751031
0.5038266265751031
0.5038266265751031
0.5041372969805096
0.5041372969805096
0.4974885436033319
0.4974885436033319
0.4974708333474692
0.4978996007915676
0.49847461405965837
0.5100369917685408
0.5100369917685408
0.5100369917685408
0.5069487014687816
0.49472649459246365
0.5020954673405262
0.49891391684499253
0.5017485369197094
0.5017028516545526
0.5022877468592623
0.49812578743274205
0.49594319049285174
0.4955174545681034
0.501808719012975
0.501808719012975
0.5034713041480849
0.5004607231244708
0.5086442945761341
0.5060692987987774
0.5090858053991661
0.5090600950628263
0.5090600950628263
0.4640248600858674
0.4681973040196602
0.4656509704672906
0.47048501657473674
0.46544490001453304
0.46544490001453304
0.46544490001453304
0.46544490001453304
0.45547283572597835
0.45154107001281163
0.45226491792557283
0.45226491792557283
0.4528662149057799
0.4760234535507512
0.47805861032407115
0.47805861032407115
0.47866737604556414
0.47140874888061235
0.46402543110262645
0.4640222461981583
0.46402958378948
0.46402958378948
0.4644286489699859
0.46670997762036404
0.47091057611828885
0.4737772409649818
0.4737772409649818
0.47394384928261946
0.46792939970563424
0.46664535234638355
0.46148205778131135
0.466593289996364
0.466593289996364
0.466593289996364
0.428735097237967
0.4269614421087786
0.42935365126466
0.4321654200629072
0.4323721698896919
0.44001507300652365
0.4273061129714658
0.4300618894107659
0.4252734491971217
0.42881511964467556
0.4297702302294311
0.4312002122202834
0.4224505654174923
0.4224505654174923
0.4118462605508325
0.4138500045618125
0.40654203839610875
0.40726295733101026
0.4070885300616849
0.39962138242898576
0.4035741550033192
0.40389014594612743
0.40389014594612743
0.40118799339165767
0.3993362270049255
0.3993362270049255
0.40113226391134693
0.394477922559294
0.39212617864245736
0.3933171108904905
0.3933171108904905
0.394477922559294
0.394477922559294
0.394477922559294
0.394477922559294
0.39262770737251096
0.39279448516078364
0.38480699779082544
0.36683252350522766
0.36683252350522766
0.36683252350522766
0.36683252350522766
0.3589892709271237
0.3589892709271237
0.3589892709271237
0.3589892709271237
0.3589892709271237
0.3589892709271237
0.356845697261521
0.356845697261521
0.356845697261521
0.356845697261521
0.356845697261521
0.3532577545184903
0.35031291624012745
0.34678024908642496
0.34490879819514275
0.33956562757114644
0.3175328733020532
0.3175328733020532
0.3175328733020532
0.3177154589592338
0.31711070989894286
0.31711070989894286
0.31591877570100346
0.31591877570100346
0.31544757907977333
0.3139313533366265
0.3139313533366265
0.3139313533366265
0.3133048179680935
0.3144236781599536
0.3144236781599536
0.3144236781599536
0.3144236781599536
0.3144236781599536
0.3144236781599536
0.3144236781599536
0.3144236781599536
0.3144236781599536
0.3144236781599536
0.3144236781599536
0.3144236781599536
0.3144236781599536
0.3106101543237474
0.307056890626425
0.307056890626425
0.307056890626425
0.2999473882952108
0.2999473882952108
0.2999473882952108
0.2999473882952108
0.2999473882952108
0.2999473882952108
0.2999473882952108
0.2999473882952108
0.2999473882952108
0.2999473882952108
0.2938748471693007
0.2938748471693007
0.2938748471693007
0.2938748471693007
0.2938748471693007
0.2938748471693007
0.2924761731384727
0.2924761731384727
0.2924761731384727
0.2924761731384727
0.2924761731384727
0.28462440931952954
0.28462440931952954
0.28343604412732915
0.28343604412732915
0.28343604412732915
0.28343604412732915
0.28343604412732915
0.2811560838788422
0.2811560838788422
0.2811560838788422
0.2811560838788422
0.2811560838788422
0.2811560838788422
0.2811560838788422
0.2811560838788422
0.2811560838788422
0.2811560838788422
0.2811560838788422
0.2811560838788422
0.2811560838788422
0.2811560838788422
0.2811560838788422
0.2811560838788422
0.2811560838788422
0.2811560838788422
0.28023758661191334
0.28023758661191334
0.28023758661191334
0.28023758661191334
0.28023758661191334
0.28023758661191334
0.28023758661191334
0.2791698714666474
0.2791698714666474
0.2791698714666474
0.2791698714666474
0.2791698714666474
0.2791698714666474
0.2791698714666474
0.27921444286220093
0.27921444286220093
0.27921444286220093
0.27921444286220093
0.27921444286220093
0.27921444286220093
0.27875455895219264
0.27875455895219264
0.27875455895219264
0.2775174942361088
0.27692663885291907
0.27692663885291907
0.2639891624707895
0.2639891624707895
0.24612910352003256
0.24612910352003256
0.24371445236540265
0.24371445236540265
0.24371445236540265
0.24371445236540265
0.24371445236540265
0.24371445236540265
0.24371445236540265
0.24371445236540265
0.24371445236540265
0.24371445236540265
0.24371445236540265
0.24371445236540265
0.23929877083977005
0.23929877083977005
0.23929877083977005
0.23929877083977005
0.23929877083977005
0.23539329688705513
0.23346177045784483
0.23346177045784483
0.23346177045784483
0.23100381860418887
0.215639912738395
0.215639912738395
0.21375207506157934
0.21375207506157934
0.21375207506157934
