1.498227623562613
1.341855451868003
1.3441411344124874
1.3435977626096045
1.341453958915683
1.345007696128167
1.3470191972159127
1.3439932835890023
1.3422102426445792
1.3414764818673182
1.3438055545179286
1.341555934442857
1.3408866495365346
1.3413323520103098
1.3402581390958905
1.3422354773647542
1.3411912582340535
1.3406727788897757
1.342454958066257
1.3478283965812834
1.3471132789918285
1.3452256097433524
1.342878870080973
1.342648982267262
1.3413163570753137
1.3382724303849651
1.3360498796914322
1.3348435957335079
1.3320959838068487
1.3328348934553393
1.333523523189436
1.330500599699647
1.3311833462662874
1.3308344276748716
1.3295446775793835
1.3329297659410388
1.3314459988286662
1.332020826830624
1.3320414646722984
1.3306981883036892
1.332492605627516
1.3282954643172462
1.3254616760947555
1.3262503073818408
1.3321653965766078
1.3334063425134024
1.3292837143772216
1.3265555149772967
1.326037592341208
1.32958429857917
1.3299380275201393
1.3312136635662468
1.3299296894541217
1.3287096609869686
1.3289498159063824
1.3252832710514917
1.3239771735171584
1.3205556470223794
1.3213369003317148
1.3202035608793525
1.319515609009429
1.3209215819111095
1.318543448241884
1.3191276588504306
1.3168449776763271
1.3149856135422915
1.3136997014010892
1.3127700002831975
1.3135006966210594
1.317145127382704
1.3154375768469733
1.31417627066723
1.3185966258545716
1.316510505030794
1.3131385144809196
1.3141207819198666
1.312567063550277
1.3173720904733623
1.3115967238740458
1.316516701098798
1.3160090970828924
1.3204861044715759
1.3243170829847761
1.3225296363425687
1.3203358811881514
1.3212924362548304
1.3255679682527917
1.3228953190109123
1.317412380189062
1.3162705952614033
1.3188748738807163
1.3191112222313917
1.3185155622115268
1.314763648277591
1.316759288893771
1.3172469689823365
1.3127095567692078
1.315221898852537
1.3143519210637655
1.3152286092310688
1.3164636057667116
1.31528276429284
1.3161004730519488
1.3179623823874473
1.3181575596345303
1.319689591307275
1.319289810634124
1.313220415391156
1.3109678164621255
1.3134950065335507
1.3126395680403946
1.311382057579797
1.3128351750760832
1.3177096162760331
1.3210885351246469
1.3225876216505648
1.325919240819499
1.3286817408503744
1.3282018122885493
1.3290990390975839
1.3321364267060092
1.3297064513042458
1.3303818180414873
1.3243564467487912
1.3212321416478514
1.3267156682689838
1.3252007166046214
1.3218677566835166
1.3248104285150284
1.3214278162282944
1.321932067542362
1.3210505559789891
1.3197291418811936
1.322628993529561
1.3209757968684717
1.3250895126265683
1.319962578913078
1.3192395996020951
1.3117693363194347
1.311531956212924
1.3107719567646543
1.3131224704709614
1.3134464572539166
1.3148776654693912
1.3158251110123482
1.319693473431287
1.3228573674229045
1.3237195835548956
1.3192156608836778
1.3199887272376658
1.318634281562347
1.3202535894772673
1.3184921334522537
1.3228094940538653
1.3246903279123126
1.3258279039339693
1.3252100972936196
1.3209250543994258
1.3176046800644097
1.3166085473812967
1.3147666438476444
1.3129111122154948
1.3107499286979833
1.3151846929103574
1.3205072739023085
1.3173928058634041
1.3184509569625154
1.3188438324853613
1.3147527267164625
1.3140309382758182
1.3148994514228336
1.3150475249237168
1.3127564853378588
1.3123240200024777
1.312150018378031
1.3092044592840817
1.3090578042818453
1.3137444439441666
1.3118515276042824
1.317217565509963
1.3131705253999606
1.311852262045877
1.3136203697987257
1.3137637339172907
1.311788960436182
1.3109602432488594
1.3124430259690718
1.3122904013991987
1.312574793713964
1.3176691403507834
1.3229066902111133
1.323931014971354
1.3225062660512605
1.3244026488096305
1.3234350642508643
1.3210656224944122
1.3261794160386544
1.3317304537992336
1.325795426714184
1.326359427557011
1.327903002012972
1.3280270226771183
1.3278976546681724
1.3317534933563466
1.3302564875070602
1.3290288432595627
1.3311193394972716
1.328176699939214
1.3274322650124706
1.3251177617335756
1.3246904243304995
1.325905207078614
1.3254800617310696
1.3241789613272785
1.326295778324115
1.3296328856747055
1.3333179381362437
1.3350031918090906
1.3365769248542845
1.3326357167067946
1.3283018874416666
1.327348880755142
1.3285975825536285
1.3281130434727895
1.32763854612511
1.3295812088978145
1.3285933890215975
1.3254172702386504
1.3255139347029743
1.3258478464610786
1.3242277710152088
1.3256650032591815
1.3240624674023054
1.3238683740391326
1.3249116418020463
1.327304940246235
1.3286687613807566
1.3350642284317584
1.3356432749567453
1.3380075366064994
1.3318566024994332
1.3336815591497364
1.3360767277411907
1.3342665792413435
1.3302323433267167
1.3280592928830783
1.329661630680417
1.3273007307101294
1.3263871520669759
1.3264963135956835
1.3299120986728323
1.3251829762349308
1.326816734042747
1.3291391767634173
1.3288063056326636
1.3200404035402449
1.3175600274176724
1.3156543171775723
1.311898624599727
1.3147129652713685
1.3164095671527631
1.3179545336207474
1.3174775082436976
1.3216647559290235
1.3251887145399788
1.322013251123011
1.3195034510060064
1.3183234419997365
1.3200895756144626
1.3198063321920999
1.325219133720681
1.32626033801844
1.3220817103752691
1.318993945356397
1.3148268359627122
1.3131348865131494
1.3109694776620446
1.3101882950232162
1.3061120893079958
1.3042950220925893
1.299689284647469
1.3031355784802798
1.3044807688019855
1.3047081327682857
1.3068376916707707
1.3085033394858634
1.3096774160814035
1.309182879584701
1.3095472377173158
1.3102085018391652
1.3099487277206796
1.3109627460623865
1.3128910526987587
1.308437815257695
1.3081319580216932
1.3076865597549743
1.3064079828263087
1.3077141873096387
1.3121174805450975
1.3108219706784012
1.3074569990796152
1.3082905280432877
1.3042420555869163
1.3060224705815184
1.304677741462045
1.3044684201495735
1.3006254726299158
1.2997617660316432
1.2979862705786975
1.2995202015798988
1.3020112969097748
1.302547910843675
1.3057985579658122
1.3057301339066325
1.305520237264313
1.303045030054938
1.305188252736517
1.3038393584539487
1.3067555002108757
1.308821212952068
1.308196664219638
1.3091329304415176
1.3091839999509591
1.310192882283307
1.3139587744740975
1.3116492584115655
1.3160692263615417
1.3124272378099169
1.3134443226342745
1.3173695339974425
1.3198133256253826
1.3176769741460008
1.3196517011256184
1.3176588250531782
1.3176825584189769
1.3166129275277398
1.3159893385336177
1.3190869340283662
1.3174305573364493
1.3160228065764505
1.318099287040445
1.3159403891986527
1.315532089916971
1.3176458634449335
1.3184385569564814
1.3143805408113978
1.323051532259705
1.3262206010413347
1.3266470613185615
1.333221731576876
1.337793055312451
1.3395578263313095
1.3394859673909547
1.337727980744898
1.3376179288415275
1.3338675074778163
1.3309322016721021
1.3356208264039844
1.3317807020479735
1.3265945616519708
1.326979923004862
1.3287091739970533
1.3310966538649653
1.3322897969408725
1.330312225801449
1.3294575221895544
1.3309814121456647
1.3280803000199317
1.331736764057523
1.3310430731308605
1.326759482720178
1.3259767314408353
1.3163048418723093
1.3181980980918386
1.3196086748277094
1.3220193338056023
1.3185544360621262
1.3178621401624788
1.322236769625626
1.3208171476428714
1.3193630203047246
1.3176305713805667
1.314723499531668
1.3153671766837995
1.316024462883696
1.3167565124867069
1.3134911323909422
1.3131884877585436
1.3141627933949434
1.3158951785346222
1.320575002032881
1.3178882911877856
1.3144952233735068
1.3130014754601875
1.3139576222365486
1.3105011942226392
1.3149622490957775
1.3150829051126482
1.313275065200291
1.315206358347298
1.3115434867870355
1.3109018580394878
1.3141376594420706
1.315878379251576
1.3163719622303693
1.3156835315420783
1.3166903442842524
1.3153998386070251
1.311345015068166
1.3104336714652725
1.3111863802328818
1.3132323942435806
1.3168717766077849
1.3158870911174398
1.3166784830776825
1.3142940744194898
1.314053343001495
1.3099871591511874
1.3072951403813702
1.307767807278346
1.3094320994731654
1.3127996169178293
1.3124274794345354
1.31583489326742
1.3142566027863953
1.3243327680718513
1.3249909793279708
1.3262038046947136
1.3311251152995047
1.3306761574294257
1.330966080882241
1.3321813175362878
1.3335894120364569
1.3336415189556694
1.3331196100467528
1.3300846717673216
1.329520636696143
1.324759250780416
1.3248454271425874
1.324404183352531
1.318750355557429
1.3146509020569532
1.313678676682876
1.3089687716597813
1.3101444941947809
1.3117145298151096
1.310213076468122
1.30863989535973
1.3087757216872276
1.3072739491552485
1.3025233473000182
1.3039259785522719
1.3009247891058409
1.3002363302143727
1.3011843143459565
1.299848918615467
1.2990240714885792
1.2974943442353193
1.2977620521693738
1.3038411102229175
1.3007719520749292
1.299547760403282
1.293740055274019
1.2969176074992717
1.292933030802031
1.2925630172880793
1.2975190092907074
1.3014587523699115
1.3061533922724036
1.304442766350358
1.3074020594246991
1.3051970881344706
1.3057112908304338
1.3064308977833823
1.3121902592598989
1.3141156242435383
1.3220638302097356
1.318148082583873
1.3199867773100182
1.3156068460716754
1.3161435561452364
1.3195359608192396
1.3213808815115704
1.3201071535509807
1.3173754768531667
1.3177711621989836
1.318980645969404
1.3175449599921636
1.3177206216311783
1.3186512752612871
1.313379072125305
1.3181062541493522
1.3214424401974783
1.3230870867156184
1.324064512181495
1.319409257113383
1.317842906916218
1.3160623979434154
1.3154766448456177
1.3153415347914417
1.313995262743885
1.3147459582307344
1.3122876586396681
1.3158711426348368
1.3118930997457543
1.3122184609943963
1.3090608826177077
1.3088130634180235
1.3061319180046862
1.303068657016502
1.3029731125715016
1.304029055544439
1.304221241805014
1.301719383022004
1.2980696828239011
1.2958224971488894
1.2875923520866333
1.2853111472820804
1.285086694390269
1.2859706726219375
1.2867444984396639
1.288524814254446
1.2895797238779498
1.2935989874386307
1.292199887171915
1.2912826095524912
1.2909568068748514
1.2874410099370261
1.2861948529923017
1.2858529010446058
1.2845511944072876
1.277183167844749
1.2757186792893558
1.2734035290604857
1.2720663314537624
1.274100388901875
1.2776817616049732
1.2846325347221013
1.2868704277931324
1.2851491196464546
1.2849799728753213
1.2850486498530156
1.286262352448412
1.2886973855594723
1.287441083378414
1.2870186586030765
1.280998175774188
1.284615306284829
1.2773047534907809
1.2769556209227764
1.2751039148409238
1.274524097011809
1.272339840183752
1.2734583719437826
1.2760508565483533
1.2774549828138582
1.2736980122236796
1.2743883427463492
1.2747129093516685
1.2714814043238771
1.2715538266390858
1.2728326015707245
1.2737776779936154
1.2765900345001209
1.2763380368640396
1.2791883262561679
1.2773599572412713
1.27195985778882
1.2665109445126919
1.2662451102646417
1.2639613764007138
1.2607697860918148
1.2626068967155109
1.2630629398269537
1.2588099025431592
1.256098332307097
1.257554290433883
1.256842081499453
1.2592297297110266
1.259701652564626
1.258356907884576
1.2567676791897109
1.2579348122271494
1.2559129382046128
1.2604544763352126
1.262853357455215
1.267757297626373
1.2690138337400516
1.2651930146503367
1.2618283800363967
1.2634678679591886
1.2654591725245212
1.2646304293397717
1.2625242504695526
1.264739545739917
1.2615683838657905
1.26308109183026
1.2610940395619854
1.2603417823381489
1.263832579134604
1.2629989418908054
1.2643936950429298
1.2609972960125169
1.265284145232505
1.265483832414024
1.2644899603175737
1.2625500071049216
1.2603404071608384
1.2597861329184485
1.259409536192293
1.261687978364031
1.2561625812159307
1.2594208265593232
1.2549459321998568
1.2529636296074442
1.2516609227083113
1.2526623320501742
1.2524659904728281
1.2588994610130086
1.2568996543877171
1.2564658394470043
1.2579658002075436
1.262725318843146
1.2671171446393668
1.270046536612384
1.2712149271962367
1.270050751453627
1.2702371033886175
1.270326425907532
1.271358147987115
1.2728508066657356
1.2767184582136166
1.2735020962643913
1.2733378480227417
1.276970275775738
1.2709420974748404
1.2742232705815528
1.2750808348623983
1.27851303041719
1.2756790620746958
1.277776631148118
1.2756220655897201
1.2774769698410289
1.2784369887823555
1.2784952341972637
1.2759823326512219
1.271401609314713
1.2729589024972734
1.274656787087492
1.2744596160879826
1.2710646754373542
1.260381189479932
1.2570032765866022
1.2542819852512126
1.2508362882280943
1.2484114758909555
1.2476243978089687
1.2492393771269268
1.2515074625806508
1.2483490262303856
1.2473059135709883
1.251168118676155
1.2500825548920629
1.251142714048377
1.2568687104089058
1.2567596416364082
1.2535225899290237
1.2535841926577784
1.251550834086664
1.2526971727895837
1.2542969000125581
1.2538665261328985
1.2556295893328546
1.2588615099902853
1.256473922611544
1.2534686496914342
1.2485302152463604
1.2482941038744053
1.2483157981299264
1.2464893119236915
1.2477967629288513
1.2453338117920656
1.2432946875734168
1.2449468476268915
1.2448385947398026
1.2454884180704562
1.2448981796440304
1.2479922278629636
1.2476971135261068
1.2426804769211421
1.2410254500661597
1.2424852727875932
1.2424355387229273
1.2450755188595022
1.24628121661272
1.2418686971295672
1.2410192546130878
1.2420032662518161
1.2357658997006107
1.2366454576213175
1.240740587128943
1.2402711571216674
1.2404335889051339
1.2396150650719255
1.2363571048344832
1.233727152721997
1.2330328916692292
1.234081868403575
1.2377906386699058
1.236232568314621
1.2286791658891523
1.2290603280761982
1.2304124908026104
1.2294286617833448
1.2327850988126967
1.228338632197739
1.2273058316634393
1.2230263922214515
1.2258102514313722
1.226375823926393
1.2267808505835454
1.2293901053715346
1.2296061568039267
1.230219213912731
1.229052676792702
1.2287523144927965
1.2300820440099338
1.2305685032129483
1.2325510519903973
1.2324959588307594
1.2320935896185563
1.2308754979280867
1.2316475023543532
1.2364847630077098
1.237294626485395
1.2405399137280315
1.2430669947858675
1.2412909147744515
1.2404649836875106
1.2391762311965215
1.2403825321056112
1.242111665559116
1.2400128325953657
1.242847932720076
1.2422127075210876
1.2409774116387868
1.2386769571466094
1.2392475412041979
1.234545457851632
1.233084246550426
1.2331899038113416
1.2338014278550549
1.2348318191884713
1.2365161347164872
1.2376137370756308
1.2354437909486562
1.232463774491125
1.235018762105636
1.2352703074033542
1.236349005177351
1.2360812360100737
1.2406544230766248
1.2401435088101112
1.242124288639591
1.2359533590755591
1.2358250730650464
1.239569052176266
1.238475916314033
1.2371647389768263
1.234820421116764
1.2371407051782122
1.236438852947511
1.2347258814359814
1.2377568308883915
1.2390888603741024
1.2381230519012447
1.2337904130520632
1.2327548764440572
1.2351264546171103
1.2348573248729817
1.234831916884737
1.2339533352635816
1.2369847786890535
1.234008951587723
1.2362209915587112
1.2368608130536431
1.2393058576108846
1.2369458123111712
1.2375151828005329
1.235529014062965
1.2357456334133623
1.237692748725428
1.2339587969250363
1.238205149247769
1.2443145195454597
1.2397922671533759
1.2404044512935486
1.2416194695094722
1.2358204615843689
1.2358777543405988
1.230673655918546
1.2307027286370498
1.23276153842823
1.2322490539263244
1.2308058266890423
1.2301326497883707
1.2303751241001035
1.226783105072648
1.224172227761422
1.2204032111732483
1.215205607580633
1.2153594361810247
1.2131721561143471
1.2154183616458156
1.2145843581040143
1.2193018260523725
1.2199571436846375
1.217530452911783
1.2196102733990943
1.2205893270409944
1.2189486019632754
1.2185551046578402
1.2225031573379832
1.219098189875599
1.2194619118984729
1.2233964710683751
1.2232013579348866
1.2219480344897655
1.2258040919524997
1.2240060766475505
1.2270927921530443
1.2292015891010337
1.2263101939781458
1.2207485560863458
1.2214531443201835
1.221999245661896
1.2242689831468454
1.224246232650921
1.226957371130667
1.2277197521386412
1.226604308393883
1.2211011651531485
1.2167931103102176
1.2197266991507711
1.213960882649096
1.2114474715580932
1.2056855002540283
1.2084267584545743
1.210366004096452
1.210619768402815
1.2131530406396374
1.2119484483314709
1.211296403675826
1.215916951963934
1.2158261073931331
1.2116414871515813
1.2136025912595212
1.2162689389802606
1.2190862793592447
1.2173797505785804
1.218422559929853
1.219907930431631
1.2134057015624797
1.2156026368364
1.2088646687020284
1.2100699652821507
1.2123272786326307
1.210689828581017
1.2104244760240224
1.2121550334381286
1.2159437136161575
1.2197302697861563
1.2145296689204252
1.214163318874099
1.214284944197193
1.2154282455268028
1.2192664038547796
1.2173131843801077
1.2171196611687818
1.217670505763164
1.2209440474660802
1.2240807772828255
1.2243170482946923
1.2274395263054942
1.227934230724523
1.230936622411106
1.2290674125995815
1.2296197273320497
1.2286834844430612
1.2272606503087626
1.2274709175620226
1.223382706167572
1.2200928761396752
1.2193956165706983
1.2215700150800453
1.222494398066891
1.2238280420809302
1.2210301489028983
1.2236007322426512
1.2239577378594375
1.2206133442331266
1.2173616616646599
1.2128079072020757
1.2146248372251485
1.2108500706521474
1.2131810063912485
1.2089316272873865
1.2057850217797288
1.2116685746430436
1.2121501804411863
1.2109218659446408
1.2105639916890443
1.2136271632567248
1.2182003709753806
1.222161841620254
1.219764728096631
1.2206820375068463
1.2176872758060675
1.2160683927829767
1.2154883375069412
1.2134437287263269
1.2101762359653627
1.2099559089417735
1.2121473506564693
1.208219259119759
1.208959102339857
1.204841180898771
1.2078608461098992
1.2081421002697121
1.2090563395109366
1.2091299583285056
1.208780658987373
1.210120784202456
1.2109402283612267
1.202965117497444
1.2007469049295572
1.1997720413120363
1.2029525116384432
1.2012760080140923
1.2014152121449202
1.2026961155209899
1.1977087501680617
1.1995176780586192
1.1999038772349357
1.199361215460684
1.1985861877687478
1.1988044444146053
1.199636702581402
1.2048153155310752
1.2057998916782087
1.204052841740024
1.199668905416162
1.1968540920152975
1.1940893975135762
1.1953338763604153
1.1959812735456126
1.1960889661892697
1.1962433066342786
1.1981856583013262
1.2001824269791652
1.2029113999995023
1.204349002726078
1.2090597902928981
1.2112621740176919
1.2126653513171515
1.210802191047007
1.2125418469286493
1.2132973598876502
1.2114493297805746
1.2090410014480928
1.2089249950344085
1.207694168514066
1.209729118274294
1.2090208770424589
1.2076318564528834
1.2086617557784893
1.212301854934753
1.2158049239573903
1.2171628473332683
1.2136631920057614
1.2095702296766009
1.2086427957260397
1.2052657701490008
1.199654532181801
1.2031072005190269
1.1998033288112366
1.2085645665139375
1.207675457820952
1.2054288951104783
1.2073154771104755
1.2085560092592116
1.2087281615917917
1.2117105221893942
1.210595946824048
1.2110968740504422
1.21440025225645
1.212963732059205
1.210734815688532
1.2090760773249887
1.2110808638514494
1.2085915355895291
1.2121986293676543
1.2105433689765877
1.2125958484181472
1.2102342297526996
1.2128399413852091
1.2116222771260232
1.203998412719987
1.2032219644685003
1.2046931425784266
1.2008180909753818
1.1990791244370018
1.2031410176260553
1.2019409288007776
1.2035331201603037
1.2024563574043046
1.1989818810406927
1.2014805356517957
1.2058963703980086
1.206830994790929
1.2059339940914853
1.2122663475432531
1.2168574048168979
1.2173393921113012
1.2202701632246309
1.223041123880045
1.221347822197359
1.2232508210113437
1.2229600691179403
1.2227810603697435
1.2203978921916794
1.223292993110429
1.222490478048204
1.220079537324302
1.2176693523714954
1.2198687609727858
1.2210027609206189
1.2192552634777518
1.2194729006700589
1.2199631638628206
1.2198338636727695
1.2197663469968008
1.213179271295983
1.208784015991917
1.2088707691036573
1.2093297294042422
1.2165831406323402
1.2152973202567585
1.2116470166285513
1.2146774489403094
1.2128166359515682
1.2113598971964612
1.2150781904730217
1.2172023757776835
1.2170211227536858
1.216834868264722
1.216608266390047
1.2150870853504487
1.2175709136588435
1.2173163271114085
1.2129635517484587
1.213516157466971
1.2163152033931564
1.218492659318631
1.2129935981453008
1.2114502224165526
1.2119303494335711
1.209380849330036
1.2097403848945263
1.2135400185370844
1.216014662619026
1.2185596307084663
1.2198454729759027
1.2200362132682163
1.217419689960409
1.2172565299309641
1.2169378973252036
1.2205260249290342
1.2229931154803473
1.21464937837585
1.2165887627285368
1.2108930371494302
1.2097045681279077
1.2131184010673193
1.2137169321747514
1.210458681396435
1.2123743905499311
1.2122480796482273
1.2148679339511874
1.212726094392324
1.2138331244164744
1.2133422432181695
1.2095655919303234
1.2075681484772214
1.206418088510261
1.2065206614156756
1.2021790047795076
1.1991381481444057
1.1974922210659487
1.2035720463396564
1.2038809406866375
1.203364611250514
1.203569270878716
1.201290750895644
1.2027038433334942
1.2039678696694591
1.200627040407051
1.1955897674133849
1.1943778365900797
1.1965966640058876
1.1963506653711289
1.1977642547160356
1.1980544312088441
1.2009386361781877
1.202315375030092
1.2047417551732449
1.206388466285793
1.2041700329007892
1.208767046368726
1.2103921264364907
1.2065321546688277
1.2028323992357524
1.203119829185756
1.2027587466714316
1.2038806539936915
1.2033579753585641
1.2058825997022957
1.2065015460620552
1.20580331342442
1.2052923651753624
1.2022606349219562
1.2047421625251356
1.2010810663534037
1.2052820029857723
1.205885353030493
1.2098493329677287
1.2070809268221079
1.2044897485451251
1.2018913488895129
1.1975237354155455
1.1927676147817143
1.1923129583279064
1.1901050740336676
1.1924815780580258
1.1954722566151523
1.1894267916432395
1.1917275335783326
1.1865031013892637
1.1852365123919966
1.1867540975273074
1.1899589981109275
1.1932582292953016
1.194969539665825
1.1922185225205577
1.1882864672042093
1.1859122888098836
1.180107226423941
1.1814123040460445
1.1837654298812104
1.1809777529916814
1.178247498449272
1.1775075911298103
1.175900691360091
1.1809553144301188
1.1834759581002472
1.1795342506566773
1.1750764066608266
1.1712913247086747
1.167351871577316
1.1654667866146817
1.1647449167727406
1.168142048112788
1.1669248382949449
1.1662974862086906
1.1698868077275546
1.1747996971560164
1.1715851799621233
1.170011667437166
1.1695249827445584
1.1684308767650873
1.165847175629359
1.1646802136495857
1.1620737212659942
1.1604890265215637
1.160021788687363
1.1590813793494248
1.1585191239828045
1.1592256237807677
1.1586338338312205
1.1585338155531706
1.156022744884512
1.156318932494474
1.1570922329996522
1.155793531620329
1.159539969979372
1.156575827368943
1.1583399354059352
1.157625412983938
1.1599160908375825
1.1625084316276908
1.1595096242677374
1.1607982304075475
1.1630517337134574
1.164815169256961
1.1640957368659808
1.1631823245358728
1.1616772448344665
1.1590989146783688
1.1548443896919298
1.1553633458174046
1.1560008565372641
1.1581534116719137
1.1585019587041336
1.1549478048953337
1.1550402151296992
1.1563235003832195
1.1579452616313817
1.159592449543855
1.1611223755480538
1.1521916145262314
1.1502099604802507
1.1510407705082932
1.1516918965882355
1.1562872212414335
1.157254200389272
1.156827807976527
1.1584309838275746
1.1614453552728539
1.1613633919592836
1.1605214363411245
1.1614213687736226
1.1669274322563354
1.1658127374633602
1.1650861124118517
1.1657183514131442
1.1634189393499281
1.1608662579003384
1.1583097849781503
1.1552343140969425
1.1573689755337866
1.1585875320293308
1.160015955934233
1.155189653108378
1.1561907500026416
1.159587061025164
1.1591708978544824
1.1584874803999652
1.1617963033171679
1.1608909638898754
1.1651859106025315
1.1680352454247402
1.1721364962688738
1.1730429158827709
1.1755985991051328
1.176374919431294
1.1784934694034246
1.1771906156526621
1.179861972132866
1.1784195289948118
1.1783294215597633
1.1819471942438202
1.18201939598107
1.1800477565794931
1.1798044883543484
1.1799015081223725
1.182775958535188
1.1788446966020714
1.174333041246744
1.1723254743517326
1.1746480828003638
1.1758216536233035
1.1759805397180982
1.1801301740830112
1.1800103765530587
1.180085598969088
1.1777349487546362
1.1755041011521032
1.1799962042684053
1.1844542595578136
1.1862074134393028
1.1853039837355173
1.183268263692496
1.193425406481854
1.1969961646933434
1.2005299160544443
1.2066986942228937
1.2068410578777222
1.2048521621080117
1.2052601632784974
1.2051545988094485
1.2046205537030732
1.2083807890383857
1.2060661866365145
1.2079531929434848
1.2047375626472734
1.2027644168809388
1.2095629758546722
1.2075025549372436
1.206143779007975
1.205951053422393
1.2016194418947617
1.201636352386768
1.2028095468368327
1.1995841991869398
1.1995835081018522
1.1979547924817533
1.198432435967594
1.2022703456321282
1.1968628996609723
1.1981324255287071
1.1959356821301017
1.201696953986231
1.2039818655651102
1.2044265981309774
1.2059130986783297
1.2057820705277067
1.204809184071724
1.2017244331799004
1.1982560579491743
1.1977540327571237
1.1998779403002566
1.2009526369718024
1.19250054541173
1.1914443683201528
1.1919540872180128
1.19031499623265
1.1873501527868977
1.1842672869349133
1.1843971649299978
1.184546496793443
1.1858099261354855
1.1845131130031876
1.1876846470986546
1.1859380663934516
1.1860610865438996
1.1843046012201293
1.181172609212026
1.1824011706184145
1.1765545628038567
1.1740737817045408
1.1729714959073567
1.1711935531512823
1.1722998438836827
1.1694116574848625
1.1698180156152946
1.1671967776366672
1.1676563215939844
1.1660425209378313
1.1603200632669894
1.1596915823745526
1.1587327786628019
1.1565341730824403
1.1594108846781306
1.1545750874332086
1.155578827041586
1.157741757557436
1.157361849655436
1.1549062369158616
1.1542172126284425
1.156227313952525
1.1548174681883794
1.1522726649079431
1.1481830900695906
1.1504712003311917
1.1504253154680637
1.1475785755487105
1.1503105569746377
1.1479123563004205
1.1473382574399644
1.1484030249510515
1.1512329115804767
1.1498037143749318
1.1466563864770745
1.145822766945318
1.144527401264387
1.1484999431102167
1.1484135723430702
1.1453478090127747
1.1448933592066188
1.143400611704805
1.1428709053474144
1.1386932439950903
1.1354379552618186
1.1329499643824266
1.1257656189891887
1.1263953776681945
1.126857816089164
1.1247383576486478
1.122484667025234
1.1231959724470604
1.1231143351906616
1.1202111842710774
1.1211428752939014
1.1160119922455953
1.113770735849757
1.1161851187839718
1.1184676474876543
1.1175695378190913
1.1165150261034102
1.1151046813314056
1.1147344613078334
1.1159655075661032
1.1159006447423565
1.1147130319931535
1.1155310457275682
1.1214292996636417
1.1230509398759427
1.1224902050764942
1.1257884068320032
1.127489127716609
1.12692266178072
1.1303483190048513
1.130629122648207
1.1307348012017602
1.1303094113319805
1.1303333250572183
1.1308720695193368
1.126737823706134
1.1248686266367005
1.1261962731525401
1.1269786002549924
1.1272962314450292
1.124498941205519
1.128505420289343
1.1257645482244423
1.1252459712310872
1.1249772447278488
1.1290831536524617
1.131058498244434
1.1336522779188303
1.134700338027723
1.1329777081613481
1.1325406341528266
1.131178146635626
1.1346260770660153
1.1318414085834854
1.1326227932230823
1.1314596310486693
1.1332907478167615
1.1317563978552727
1.1330529066542963
1.1370022767712942
1.1371210660417785
1.13501812163314
1.1319746458541173
1.1383373037238658
1.137234161532374
1.1418974899173926
1.1421215975257968
1.1370986560675926
1.1324073887975767
1.131547781641158
1.1310680907351653
1.1284822759491056
1.1274891065666695
1.1292376749532402
1.1277798179613105
1.1269733059206397
1.1285384302512154
1.126878214138639
1.128687286625842
1.1309381970664916
1.1280518136125777
1.1288655494025286
1.1268301056694425
1.1260911733124783
1.1258629674502767
1.127557010310768
1.1281903673011986
1.1243250313842637
1.125059371436918
1.1233294303898242
1.1193409801560337
1.1154167999305176
1.116931979520825
1.1132463759397904
1.1145168588654744
1.1114877157991958
1.1124176643839137
1.1067093796799472
1.1023709958506271
1.1062474046386712
1.1075995163630696
1.1064827361639795
1.1033750958220587
1.1044051892218305
1.1004678989295438
1.1018140895117738
1.1016121904380256
1.101514424466822
1.10193578678053
1.102931850117373
1.10031600161601
1.0912390950737434
1.0895147382703503
1.0950714252763203
1.090673742331263
1.0954907179950286
1.0956125567440014
1.097474047323797
1.0955212583511176
1.0921085014641212
1.0885867603318597
1.089615851109928
1.0917047172874543
1.0922627514888656
1.094090675030078
1.0915813144654227
1.0918847247652637
1.0897479034790147
1.0902634375895286
1.089468314222034
1.0898809623543628
1.0883650395916475
1.0866015037128807
1.0871931350588144
1.0831133938557729
1.0829985597105605
1.0827089122540452
1.0821412308894587
1.0814821213243426
1.0797671148459165
1.0778131621652725
1.0769943092570153
1.0714700757289128
1.074447526706004
1.0735325401184874
1.0700580280037841
1.0646393128280185
1.060858206172193
1.0599323483715999
1.0611034756822613
1.0668951556822737
1.0647096970694654
1.0671936262557093
1.0653158875974573
1.0658315243659269
1.067076656949532
1.0658475480848524
1.0661942301969058
1.0622970514685797
1.063738980078512
1.0663675473884457
1.0607741908190047
1.062028695525711
1.0588802768025851
1.0596011025774599
1.058421829912699
1.0561609494714217
1.0550321446262205
1.05443516391754
1.053574091614485
1.049266356853676
1.049315425402461
1.0485670649177696
1.047410038727883
1.0444064384097085
1.0439101034551816
1.0480503769384142
1.0467247685637153
1.0417102342212428
1.0373352978419657
1.0324882541959584
1.031657048472423
1.0295185079140141
1.02500038667637
1.022326571784228
1.0206706938596668
1.0215401696676893
1.0262414927183447
1.0272089767105133
1.029419890325379
1.0273458755797982
1.0283750892570844
1.029951659159909
1.028327986726293
1.028506874970655
1.0278183487155625
1.0285381987287172
1.0281180009557134
1.0303259878940083
1.0350173951163835
1.0335133303696205
1.0322082458577109
1.0351386529037117
1.0332750550028802
1.0319641133949558
1.031536158813808
1.029186275014958
1.031333424375633
1.0284892273337285
1.027137479451144
1.024351690477272
1.026277694575313
1.0262426438564447
1.0264882133819158
1.021944262484102
1.0222318613301709
1.0193975061624403
1.0163214202163493
1.0203748098313394
1.0165455787231468
1.0181386979528795
1.0137857281211475
1.0130232533803873
1.013381753500575
1.015861150951655
1.0169373212243726
1.0192227461512566
1.0219463143569196
1.0221938981648173
1.023353485749902
1.0225901707649627
1.0212851951669604
1.0216683025236684
1.0215065634153062
1.0169180689740707
1.0187161135350038
1.0192299338038506
1.0175821247364976
1.0197550864781217
1.023064905919201
1.0220983331341387
1.0178599776872377
1.0190877284862803
1.0127164008812524
1.0122415487528902
1.0110559225331217
1.0115400329505095
1.0085027686235322
1.0073865023684507
1.007673914637458
1.0079932114284256
1.013363559593386
1.0158394621319644
1.0165455521624833
1.0149332765696648
1.011342462186771
1.006315206760481
1.0085282688172625
1.0104231528227008
1.0148269756388975
1.0186863322463044
1.0191445115458764
1.0180328227016415
1.023438416958837
1.0212808511236602
1.0210542225017936
1.0192842180842479
1.0166306991892495
1.0152263311922143
1.012235407606417
1.0135480579552147
1.0157819577652285
1.0155743309753327
1.0167843649311308
1.0166632427021491
1.0142235191337297
1.0097764227546016
1.0082882001385247
1.0093933885832855
1.006288965587486
0.999333072687978
0.9934300448775556
0.9938955702492551
0.9925167761805141
0.9917372892834304
0.9921261938027554
0.9950191822457233
0.9936014549727883
0.993524963907471
0.9954083885412569
0.9929036942450082
0.992779925505235
0.9957305666415609
0.9951659499160808
0.9973801260157268
0.9982484898713837
0.9908825571044023
0.9876676587314757
0.9892936033182839
0.9903008854343559
0.9884596750036359
0.9871034542576886
0.9878182984683346
0.9897222523132093
0.9900832616523771
0.9888313640847366
0.9932969595328608
0.990702785073059
0.9918639216662605
0.9924504556264809
0.993435558563473
0.9909126320425784
0.9933780550349244
0.9960184860638208
0.996428495856121
0.9972378962151811
0.9956472939509149
0.9953617260592746
0.9931542076257891
0.9912568847921005
0.9910950201514659
0.9862218939900913
0.985190813160919
0.9851263898273801
0.9850596348101053
0.9861462727803323
0.9853443970700828
0.9859263371806245
0.9836364603697207
0.9839930917651468
0.9847684982091195
0.9813825697877622
0.983384078694846
0.980879827956926
0.9781324834762943
0.9747477586399196
0.9771982458656397
0.9767176280664369
0.9769331306562249
0.9788697904930123
0.9791661444126156
0.9804840729892105
0.979599343560744
0.9800948090656234
0.9749163485260379
0.9753621792287683
0.9765127344323241
0.9750665111865644
0.9765288693229994
0.9771094510419693
0.9751747305519787
0.9744105786054001
0.9732755575264465
0.9700799485609434
0.9690310869428698
0.9713431910043886
0.9701527521477511
0.9681057958298653
0.9664678604950723
0.963343168876899
0.964523055372253
0.9653940009018882
0.9657665432752374
0.9662560758270669
0.9661326618496385
0.9647468383869772
0.9649158792229999
0.9650221385889916
0.9638553356410702
0.959136113953918
0.9612935389044777
0.9601593463835909
0.9576851740584902
0.9595615014926073
0.9599592976257441
0.9567980281487378
0.9523476648897162
0.9485938988868441
0.9442473707884498
0.9429079713868218
0.9423349085999613
0.9395752976622089
0.9428950564654273
0.9415544432053868
0.9402431471810921
0.9374823319361978
0.9337217180054281
0.9311225780359944
0.9294111517226268
0.9278081181149924
0.9282615811082922
0.9271301943694998
0.9279081858999104
0.9234552538385822
0.9240051060869969
0.92290632661194
0.9172725405687514
0.9174202213393107
0.9162288740760065
0.9130622274528202
0.9194039152125868
0.9202253585418374
0.9196433111127819
0.9162281460470725
0.9152243469045042
0.913589692803882
0.9119770819576344
0.9111393190506373
0.9142366859731066
0.914623367314743
0.9158192749340216
0.9117681694439547
0.9140178784480444
0.9113367489568344
0.9120430659026493
0.9167850355995212
0.9162311768716138
0.9125060994318609
0.9119361626183486
0.9100589597036726
0.9068587332987272
0.9068467624193308
0.9045355533468795
0.9046363245818027
0.8997515556461873
0.8988866775087242
0.8982001017471483
0.8982889816122445
0.9014303337798228
0.9012253930060382
0.8997436935358731
0.8963529491711004
0.8988762635840081
0.8991911690020812
0.8985156777049156
0.8997783655623552
0.9003998653573175
0.9001794431296173
0.8967564593472039
0.8984720511760662
0.8981578232784575
0.899673290531679
0.8981657088595766
0.8981603798021046
0.9017107739665473
0.9005902400452068
0.9007773736391897
0.9023780110730918
0.9001462171680865
0.9006281331065669
0.8984551891346453
0.8982788923069333
0.8956657965579812
0.8923802408373211
0.8950926944148392
0.8929261148276332
0.8925530187624716
0.8939779476541181
0.8935720390490897
0.8952515555252634
0.8951355994948432
0.8968354618899477
0.8960914091092382
0.8938006538233008
0.8950263988346905
0.8961731622068955
0.8959397651304414
0.895154776509588
0.8938042975403887
0.8970638927499042
0.9007726672042408
0.897928119491246
0.8918365705313958
0.8931196818639942
0.8925150811063653
0.8855146517250223
0.8822788459990318
0.8838194496368083
0.8821421870540117
0.8839369980346717
0.8796070558990683
0.8792761589281894
0.8790810866730387
0.8779886159002078
0.8703996539343232
0.87029282708544
0.8682968521329448
0.8693102021033121
0.8672144170150652
0.8659046097293255
0.8680020347070802
0.8632794387626724
0.8590594988217568
0.8552111611805475
0.8528582566599715
0.8567406314256811
0.852890444879781
0.8545141080781375
0.8499852086614448
0.8464082804851873
0.8503605367947162
0.8474984979679375
0.848646134776395
0.8493301050602703
0.8463557907074881
0.844807560309244
0.8413007926992846
0.8390331782746893
0.8413026513169953
0.840582712279361
0.8346571134054187
0.8357625987453912
0.8363128072801388
0.83245664232655
0.8346134437618702
0.8329439594487728
0.8324144623389337
0.8344153595805175
0.8339127459522316
0.833649337494243
0.8314562585481156
0.829102060120299
0.8273306330180376
0.8194192923112016
0.8191122699056222
0.8146882162505029
0.811394881233262
0.8139963268906232
0.8131478558108224
0.813373690259535
0.809153890234718
0.8098886534634362
0.8092887273194824
0.8095984354451394
0.8062589947491731
0.8076748794772273
0.8055316008347655
0.803797647319632
0.8020879831623727
0.8029738625737263
0.8012201596667188
0.8010914954348701
0.8022317222855756
0.8020550068039295
0.8020895828691366
0.8053380828183172
0.8058243807871172
0.8056362386925727
0.8040290441468729
0.8025903530873988
0.8053485349062937
0.8103843765867793
0.8166672434237979
0.8170760082238411
0.813166251937027
0.8107131632713017
0.8080483097762519
0.8047162863313796
0.7998269419917905
0.7995086698272669
0.7958750670288665
0.7935465088754408
0.7916967681249113
0.7905589239176277
0.7931127172197936
0.7896378557440551
0.7903210199561942
0.7897186932679611
0.786219963684141
0.7858117242245906
0.783689534561242
0.7815645024003527
0.78166247649342
0.78092588230555
0.7851169546623245
0.7835738278892032
0.782976981833311
0.7834188721496103
0.7862423626548488
0.7839551053023126
0.7829767100624603
0.7825381712137
0.7814839459554781
0.7820910205403321
0.7813110341724722
0.7831539929383359
0.777596991007285
0.7781372402591111
0.7811546297731373
0.7794774755515992
0.774902939526209
0.774668687398165
0.7750064393718211
0.7738547528869407
0.7729353380052816
0.7774684599313598
0.7781841236183678
0.7782049011387685
0.7773821516406336
0.7767094201491298
0.7740565729830863
0.7744940636102293
0.7724508464123694
0.772433346747796
0.7714268288470156
0.7734687041516537
0.771199107998129
0.7706859835523655
0.7717514876600896
0.775434092839214
0.772848216143144
0.7752104682256057
0.7750848048108979
0.7739245049570861
0.7738949361821366
0.7734494551372902
0.7734499882171691
0.77565883868653
0.7732057112600749
0.7718580801700557
0.7747665288676858
0.7729977532660274
0.7731372270037203
0.7737436461557248
0.7716312410486345
0.7735345060100839
0.774212473303517
0.7750927476410981
0.7718817582272683
0.7722117111136365
0.769621363091163
0.7664254843004851
0.7635263979533672
0.7649538007315563
0.7660431657268283
0.766408917425783
0.767333868671592
0.7641154254474566
0.7627763671519994
0.7603827389746972
0.7605261189824757
0.759542545614326
0.7585048560862189
0.756578012172293
0.7549107619635244
0.7598958921020971
0.7573492643356424
0.7554641065747065
0.758144246646235
0.7618174511763453
0.7623127749272373
0.7626717530936062
0.7609910117846561
0.7591390779050721
0.7596952097185163
0.7614105072268812
0.7617854040160876
0.7595700460952501
0.7595569272880651
0.7556396786424817
0.759843303328924
0.7613514921544131
0.7621506285530761
0.7597953856083374
0.7612134694210566
0.7611132086666337
0.7585315415847556
0.7557242122439168
0.7543846964207829
0.7523491643816022
0.7518228197709627
0.7514624707612599
0.7493283862481916
0.7434878475552221
0.7429750887161688
0.7395013694258763
0.7356642478448845
0.7339160459856051
0.7369029185015312
0.7355220980522544
0.7347936720253703
0.7342736981079414
0.7367258498148861
0.7376575269746064
0.7334505007504473
0.7307249263265875
0.7274232807309191
0.7253482456587854
0.7280108223974195
0.7283803424484102
0.7252190902282711
0.7256941424489247
0.7248114115152947
0.7243658749889892
0.7238716562951354
0.7256595923726782
0.7262942412009251
0.7213313203402134
0.7201343900534669
0.7205849113261412
0.722928661121119
0.7225375759378682
0.722309322900534
0.7187503200429921
0.7144841827837703
0.7133453384487536
0.7143145953107944
0.7153448216883651
0.7157749703867713
0.7174302212499041
0.7194083877610106
0.7197786040489131
0.7179666162134406
0.7168048924963845
0.7173095943348669
0.7171544764751892
0.7184902180473117
0.7166100055947002
0.7171909091923137
0.71812157808371
0.7173442499184973
0.7170652927795225
0.715762174447939
0.714134006537654
0.7150549133094125
0.7153498608434947
0.7153980122662293
0.7163228058643615
0.7144438885647463
0.7152482221902996
0.7077433082959981
0.7071826747395019
0.705506819276657
0.7064413828190763
0.7085642903761566
0.7076410783336187
0.7096640717221213
0.7104861789923876
0.7086949000233058
0.7021490830976019
0.7017175885448034
0.7008606989845435
0.6988542671110092
0.6997134843961754
0.6981236660155722
0.6956889178099434
0.6949580203201418
0.6964012222759762
0.6961395332407443
0.6945501665231927
0.6958637404975783
0.6949118188254959
0.7014403900420566
0.7020034996432197
0.7030202879211104
0.7045003233266652
0.7007376012967945
0.7011406826774322
0.6993191028770512
0.7027837046099992
0.7000254669166923
0.699044831147501
0.700372917399455
0.7003231796670638
0.6999356374297331
0.6991515849679637
0.6963638253068297
0.6927361548794
0.6900376145897393
0.6909850411211399
0.6894602115033319
0.6894890836083636
0.6861163471124979
0.6862649805917096
0.6854859934081491
0.6886638962130761
0.6869174578376698
0.686848713582617
0.6813960124881558
0.6874650991154313
0.6863360676262015
0.6831862497704746
0.6818531432268591
0.6800774754601706
0.6787613269695297
0.6783163510329763
0.6771452586137491
0.6764434857501985
0.6755193126392678
0.6776306425221731
0.6780558570039319
0.6752956174003093
0.6761448711545499
0.6770057176050819
0.6768334346772537
0.6771858200836698
0.6800785210324704
0.6791720367823505
0.6792914726613205
0.6797422822235227
0.6779971995612277
0.6770043168640796
0.677116731026755
0.6761288971681635
0.6767660420197548
0.6775549042204844
0.6790088458632824
0.6777857670413521
0.6774807455522822
0.673491896024911
0.6707202846178435
0.6723600305514588
0.6724147210710683
0.669572779983055
0.6647792370327777
0.6633710100209649
0.6635403299190428
0.6620412766494668
0.6612089789507908
0.6603446368001893
0.6606654040528832
0.6590195069245084
0.6564303254266238
0.6549962226076336
0.6542740751980591
0.6571523337889553
0.6569012263249833
0.6576049301296275
0.6567088233259328
0.6548543188544962
0.6563677199477607
0.6531799114589174
0.6516342360787377
0.652071925999321
0.6495744854142286
0.6495578266746688
0.651597385070245
0.6518575229323657
0.6538856576928701
0.6514813611390575
0.6554577689478791
0.6525684210357998
0.6512309221917959
0.6440818489262392
0.6446614589156702
0.6471575969761374
0.6519401594023518
0.6477923697504291
0.6473904471318245
0.6443023272361315
0.6437582489439138
0.6436562154210806
0.642640144015076
0.6407818088366575
0.6416260684374043
0.6437895349930626
0.6420418065190481
0.6410644188257184
0.6389005612009362
0.6362124515852349
0.6366211830488857
0.6319336657888452
0.6344989722440207
0.6346099297289193
0.6353695959808264
0.6319835087635234
0.6301689871804064
0.6291708109001956
0.629250577485246
0.6257851339481583
0.6289672964424003
0.6261583411718747
0.6249114366648721
0.621714451460156
0.6256561083954484
0.6232990635300355
0.6257647329970355
0.6246822403414609
0.6193979611046913
0.6195340898357924
0.6185841814080838
0.6173953153129155
0.6148663877587193
0.612697723313336
0.6094418699859598
0.6073561031974924
0.6069218872343376
0.6069758312026668
0.6040836142016296
0.6072874036372944
0.608281682121204
0.6088303845837
0.6077737574008191
0.6105944304902068
0.611265417664557
0.6119156750486497
0.6124866678772137
0.6074320717711312
0.6059956858710038
0.6018943037161864
0.5985957124747896
0.6005478340935534
0.5994535004084725
0.5982575820089352
0.5966156129853518
0.5942760485220939
0.5953477692123286
0.6018137962822026
0.6030976154800249
0.6042835627548498
0.6041143782034927
0.6025691726035375
0.6002424964222792
0.6009702277201935
0.5999384605495286
0.601397029647528
0.5962579464139937
0.5963699994227638
0.5964113757904033
0.5960929752381059
0.5952587658476032
0.5945041896681147
0.5905531288463202
0.5906667763431289
0.5922506407116594
0.5886779609418363
0.5912368125341942
0.5905464200112116
0.5872706258856982
0.5879988237926558
0.5900303620170788
0.5859836750159365
0.5891667564336167
0.5929234643210104
0.5939867509470286
0.5933015310301389
0.5941809159940914
0.593404908837143
0.5951789758322823
0.5916109469019124
0.5929367642802674
0.5896838106543961
0.5895867424991041
0.5896848340740088
0.5903576173500455
0.5904626073836814
0.5897562573265374
0.5906629864496795
0.591125141477207
0.5886549662271606
0.5937351724395319
0.5854615490189147
0.5858751586709223
0.5852100227465367
0.5893489655705746
0.5890454244039983
0.5897974085121348
0.5889593563359605
0.5884876592794328
0.5894241002923284
0.5881591730719704
0.5881950272366041
0.589190062816807
0.5902735042597808
0.591107638915702
0.5909206838652988
0.5839651095744536
0.5782173955760922
0.5770468598436198
0.5779937675746432
0.5772582149193968
0.5773824911654389
0.571463231558416
0.5699060164222595
0.572064140823801
0.57239625448881
0.5691195449291379
0.5704210643342964
0.5703053421090992
0.5717948784932643
0.5731546661886636
0.5715537880637274
0.569623016514383
0.5679061305580702
0.5685828311681214
0.5655256513615392
0.5641954759493817
0.5606408525020787
0.5573476426090691
0.5566459916440059
0.5538985983168447
0.5541591814157429
0.553221378149811
0.54844451775131
0.5483554614782209
0.5468688370538882
0.5469234075728676
0.546111285082336
0.5407304896280082
0.5415281071830489
0.5454227423499369
0.5478023121717547
0.5487900432372819
0.5491270194057304
0.5485771383905761
0.5482550208368323
0.5504624886765107
0.5484526331465034
0.5499299498325747
0.5496365172136439
0.5530404573808816
0.5537869372011703
0.557260798755489
0.5590001607600092
0.556907938066449
0.5552078253736783
0.5533394072056939
0.5524601541650693
0.5532913967032995
0.5532675624746155
0.5523188939863413
0.5566591336528905
0.5553935783692012
0.5557333735407375
0.5560613482306817
0.5555146962265686
0.5559209867391572
0.5546321543341415
0.5501889449935902
0.5488285916671611
0.5503316956461387
0.553822565062799
0.5546126360784783
0.5524572571148079
0.5533275398487031
0.5524323798608615
0.5505128654753412
0.5508289524533441
0.5490099175904379
0.5464851757195142
0.5463057611787783
0.5487852944765821
0.5498415128353804
0.550463065799329
0.5492681939208938
0.5484531423068435
0.5443850795312628
0.5437343750174702
0.5437243964461118
0.5422198062056804
0.5394102538589363
0.536999154731178
0.5378113350831055
0.5373135455107768
0.5386928806688427
0.539494773108552
0.5389683038341627
0.5374359622338518
0.5336577386416064
0.5340653047939301
0.5309969051113776
0.5322676784488058
0.5306669857605639
0.5293313625626486
0.5275511365625231
0.5257460358535063
0.5233584077477558
0.5219642868154646
0.5178865088745861
0.5179632057240473
0.515833041892613
0.5166724197417402
0.5183120678798419
0.5174322564065574
0.5198393151275705
0.5188593675162205
0.52098057266693
0.5193775043789861
0.5227733329219473
0.5172597716878413
0.5185247472957039
0.5135828011467556
0.5144900412729153
0.5160565607851384
0.5129709549576609
0.5136265385785339
0.515389566658659
0.5154255493267651
0.5167171826476988
0.5140742685146205
0.5091281729857486
0.5095184566578569
0.5097771433689405
0.5103428181151967
0.5132614686348514
0.511335683843767
0.5097186932613478
0.5039798938743074
0.5062438631474926
0.5091977317470405
0.5084445897333872
0.5089320085490942
0.5105985758183186
0.5105870108485288
0.5125173334391381
0.5127411652453312
0.5133324146606817
0.513712075833971
0.5138620445368782
0.5139178536916701
0.5157583901029963
0.5152071981641586
0.5151396762830348
0.5132196083179879
0.5120359193054994
0.5108170491164541
0.5126099134077953
0.5116980290193618
0.5138286482229357
0.5140341889165724
0.5136768670454771
0.5135381068353115
0.512626429552523
0.5109094256532483
0.5105735567770145
0.5112202176445073
0.5109520368923309
0.5093995672024856
0.5084888521967437
0.5099874238680421
0.5085569654114577
0.5076544791552581
0.5066846891228187
0.5038370875504105
0.504279665896111
0.5059471359598575
0.5022513607442276
0.5013280512182485
0.5024186387317668
0.5028803307932933
0.5031615802142757
0.5037874983715622
0.5028600803043841
0.5024891208098706
0.5048749936876774
0.5045920529022433
0.5068671302846037
0.5059729639809354
0.5009029054527303
0.5004193469331621
0.5019330233552648
0.5039988850095317
0.5019988947153529
0.49856857909462277
0.49966431828061186
0.4927551901355381
0.49084855285723733
0.4907150096319248
0.4947134345985207
0.4921466080043645
0.49159704728511366
0.4914648108970211
0.4929993084331931
0.49031539616560016
0.49581084591750624
0.4970448216359616
0.4968740135177153
0.4996628424885266
0.5001879546780145
0.5005624242688274
0.5023040350929506
0.4995301234838806
0.5050323035858111
0.5044474978917197
0.5038299522463556
0.5047020362573819
0.5058307245417201
0.5064190936850353
0.5087134107218231
0.508479979520385
0.5065310907057621
0.5061841509387979
0.5047862030226331
0.5056646737925585
0.5008801923378804
0.502227423538079
0.5032582265737666
0.5010559335644358
0.4970566567606487
0.4992991646313955
0.4969989568065321
0.49926323025629066
0.4969435077703439
0.49405662072626894
0.49128524977366944
0.49165781115985796
0.4850856247119249
0.48632196150193296
0.4897175065225571
0.4863925332375668
0.4833998488607613
0.4817935060100943
0.4804627769763704
0.4831877562616863
0.48625198711339135
0.48469774457849574
0.48393373808266216
0.4857667101257781
0.4849839636456482
0.48397326714842065
0.48509961851097944
0.4850125142209382
0.4852562373903807
0.484210094359692
0.4837332137172258
0.4872616418404214
0.4895163025808912
0.48901834416197076
0.4954088619290884
0.4942307418147519
0.4959744747596589
0.49755080895371623
0.4983127006263336
0.4994593989273185
0.4931409005072398
0.49435042202983437
0.4921746335822171
0.49120073985026125
0.49072015640142486
0.48938720697257576
0.48881706055530183
0.48860739144484544
0.4894032644632861
0.4888928086081843
0.48899135604559146
0.4866922166939734
0.48698817039108
0.4864127728617464
0.48635597788026325
0.4870091080100812
0.4857748626605233
0.4865991981877064
0.4852483463320194
0.48806539915786384
0.48762385055850677
0.4876746169300107
0.4891937234730325
0.49019362324564214
0.49353644437407257
0.49214835663289475
0.48972850567606463
0.48942647256193783
0.48950678843700957
0.4906599518992184
0.4865344420486334
0.48540870937089037
0.4826835750650516
0.4809924964990545
0.4813869013515605
0.482492716281667
0.48083182926999257
0.4791206958734528
0.4795711633507763
0.48069221749200014
0.48362561610908844
0.4825655307354101
0.48015854874342834
0.4795549456995289
0.4763580005768838
0.47515925431876715
0.47538922809914685
0.47497994576730473
0.47441149687855494
0.47562569111464903
0.4755219628016699
0.47466120080282437
0.47469315366161047
0.47446961441478297
0.4716490750335427
0.47149603175123983
0.4714971888714715
0.4717956645746463
0.4713787645023289
0.47204836951690626
0.4728581025504958
0.47222041638344914
0.4713435908230933
0.47535901530195696
0.4764754104802075
0.4745232805194009
0.478035851913783
0.47753902450880126
0.4774394784852727
0.4775785102778151
0.47626765253143744
0.477367570258024
0.47859549585504463
0.47706119703670347
0.47469445129337356
0.47529489748941145
0.47542845708395054
0.4742836997152315
0.47382629686600586
0.47291834131544
0.47587245007416384
0.4752768357747933
0.47581390608993795
0.47367483852472986
0.47339158534823367
0.47498683486420096
0.47404369434966054
0.47341143480289105
0.47251086856263197
0.4697884773325788
0.47135405070198166
0.47098455612807066
0.47084510095064597
0.4689153378857542
0.4694732194828502
0.4683484852598715
0.4663789010453714
0.46623933572975124
0.4661698110669601
0.4643625996451858
0.457297813773323
0.4576552710338122
0.45801140120728034
0.45969257556497034
0.45920033053102277
0.4572289451462992
0.45694601197183166
0.45706513868456267
0.4521903515232507
0.4484024244391578
0.4471068077499195
0.4424391511384084
0.4365534800189349
0.4346203713151297
0.43323266978468356
0.4325852335291728
0.4311635600245415
0.43229869013994426
0.4329709500269209
0.4326423817286515
0.4315205983666062
0.43427983119440167
0.43678867724934667
0.43347445600461487
0.43261539821095046
0.4330266706150557
0.43289510842753554
0.4305719204846893
0.43196486349314733
0.43294328972606133
0.4288698567734691
0.4285287423082501
0.4285896456877743
0.4285274960051072
0.42505157913589875
0.4247926313055202
0.42608822957017284
0.42257043017099355
0.4180736692332633
0.41712315992196236
0.4166110235735793
0.4175657753419785
0.4160775968830011
0.41625179162025405
0.41613842488641284
0.41811637487297515
0.4185266666333133
0.41786211483557656
0.4134401726129221
0.41556676092584777
0.4169804828745097
0.41555803521836354
0.41389329332889185
0.412670547540972
0.4114266814570458
0.4125795924372958
0.41188191518783
0.4135067152744233
0.4113437676574422
0.41346168230306884
0.40774155442584287
0.40853251315679373
0.4089995917085725
0.41078995005175784
0.4102002751207567
0.41105773568035764
0.4117907824212387
0.41018540302339235
0.4103663109005054
0.4085674542068204
0.4089620783032036
0.408053014283423
0.40782646555527363
0.40733141862262423
0.40719108425467415
0.4101850617386664
0.40979280099844173
0.4144907309720571
0.4139650760627419
0.41171196446703656
0.4088395484706945
0.40962017351196744
0.40757045788877555
0.4055008841766927
0.4047191566836572
0.40242682036756233
0.4034322253084527
0.4051988529813421
0.40287182080769535
0.4028345985599205
0.4025806481505877
0.4030464596436607
0.40235937147825973
0.4033512737087248
0.4027084047741972
0.4059619392726387
0.4017382878068802
0.40206825645499605
0.40264387739738317
0.4048885666333034
0.4083617355409914
0.4102122590392122
0.41378222200682674
0.4145994617742626
0.415667600348342
0.41548951382349397
0.4153455952353278
0.41529443669256133
0.41493291797264975
0.4142333966602364
0.413625124397189
0.41487184460305515
0.414233702108461
0.4137199604418532
0.4119045532151067
0.41201177688986323
0.4103573487842378
0.40705481167730645
0.40807173714620504
0.40977225103136483
0.4103431795682367
0.41022085616241266
0.4090934538586642
0.41265240511755386
0.41063475737996297
0.4116890695119775
0.41598520909792713
0.40995519392331214
0.4061938855235783
0.4074147412875603
0.40780088089519495
0.4080383449286661
0.40834594466643914
0.407323054287181
0.40622345822273703
0.40315317717659865
0.40132567959945453
0.4001459291616885
0.3962335639391029
0.3947180759554343
0.39291533992703015
0.3902300983861484
0.38894734272957476
0.38770176258488626
0.3906459890988444
0.3896671831120452
0.38905977018619314
0.3911355056454633
0.38938065149500023
0.38425178880638944
0.38567298221125557
0.3862365646111749
0.385424986425731
0.3842917879712342
0.38738870075760984
0.3891021907793357
0.38679417536330735
0.38602958440805796
0.384927924247238
0.3834855424453769
0.38074234759543135
0.38103685609634863
0.3821298644088761
0.3772005888751906
0.37725980138794285
0.37950472683843045
0.3770894181459095
0.37342381994012663
0.379037339789838
0.3814923873458532
0.38079306096012866
0.3805188256737241
0.38107884255076174
0.37867292048653134
0.34313205559537163
0.3372758429258417
0.3349836445136234
0.33271711238290147
0.331583213995538
0.33068401014254695
0.3308018194787277
0.3268652255588432
0.32501721556399954
0.32316109362046425
0.3223713450321733
0.32221601843857844
0.31995005522010933
0.3166459964183122
0.31593491122478234
0.31237096748351006
0.3124506981445852
0.3117359766550596
0.30865155616176193
0.30798245011200465
0.30598251691961825
0.30537087033410454
0.3036022432788341
0.3021836935965282
0.30082364820252366
0.2989535773020588
0.29904544130794253
0.2988156101533427
0.29851858293470224
0.29600406543689584
0.29480243736554224
0.2931196193886931
0.2923758968419336
0.2923099841626731
0.2912986012757901
0.2890541359215756
0.28724660082409265
0.2868748891996184
0.2843993067520946
0.2790626965495644
0.2788677605324539
0.27753144413613445
0.2757988464734302
0.27496808475560885
0.2748818375903458
0.2740794216514541
0.27113413542309445
0.2694461713455037
0.26662189715874385
0.264622795854695
0.262286301982139
0.2591120780365476
0.2588483430144318
0.25775203858259144
0.2574162138996253
0.25705529044992814
0.25525642210691085
0.254776288703592
0.2503191032364338
0.24868691123572334
0.2464118004417219
0.2460050687440984
0.24546200254034237
0.2443716388081938
0.24423600959517616
0.2424522753051633
0.24224502379372712
0.24147549356775003
0.24145872019432782
0.23947766191373748
0.2380637789695486
0.23779468327156178
0.23646433454565785
0.23310396768866104
0.2319613017626271
0.23193412053984735
0.22982942684255056
0.22864351067649552
0.2276323215591909
0.22689552599984783
0.22412481441715948
0.22330630234171034
0.22324838807497174
0.22299626445658652
0.2213212107660804
0.22126176515460214
0.218930426936884
0.21886654983805798
0.2177671139820959
0.21754011930044478
0.2158815245888332
0.21523017068287045
0.2152255836182518
0.21488392151448296
0.21488392151448296
0.2148145574496648
0.21435577611883025
0.2136533074176655
0.2128234422421013
0.2128234422421013
0.21245265389424617
0.2115794827858064
0.2086452978336492
0.20857674872563484
0.20590071242294877
0.20585534822673673
0.20585534822673673
0.20581014009686097
0.203517751608617
0.2006603685210721
0.19739031763240883
0.195609716047588
0.1953560053769154
0.1953560053769154
0.19358711891505526
0.19107404788498336
0.19076809512136567
0.1873298347250694
0.18697358204403078
0.18498989674673832
0.18492545806503582
0.1834815062581945
0.1835055415335675
0.18330675318173717
0.18326898157217947
0.18231708526119586
0.18226337300447362
0.18162975666023215
0.18118450333321845
0.17941503195757447
0.17934037576984369
0.17945259544691175
0.17939517531157562
0.17845326337397632
0.17841525051832405
0.1782881751802781
0.1782881751802781
0.1755351385350004
0.17426808440683594
0.17330935108034956
0.17318876311495807
0.17310153609192572
0.17272570538197668
0.17233035325025095
0.17232985917163574
0.17232985917163574
0.1722899382603989
0.1712106707456638
0.17102902779379178
0.17049665577802303
0.17046198150261374
0.17046198150261374
0.17041757623012938
0.1700745438248601
0.1656342926173084
0.1656342926173084
0.16551242449554981
0.16504141470618497
0.16504141470618497
0.16505040745316096
0.16508449302065958
0.16452177379603197
0.16452177379603197
0.16295639270279755
0.160794207003695
0.16076745391206868
0.15744763020024505
0.1544127806223341
0.15416716663935937
0.1539082133465448
0.1539082133465448
0.15232071789551846
0.1521983798461832
0.1518431403188566
0.15030618434424034
0.15011645203649399
0.15003560768074148
0.14942671141861988
0.14917804468872436
0.14922637971946462
0.14684783121375378
0.1459951757079918
0.1460570677534328
0.14489859652335318
0.14489859652335318
0.1435704796974765
0.1431923956853442
0.14106364043390718
0.14011975770436721
0.13930145763499413
0.13944984748273945
0.13944984748273945
0.13926318924622186
0.13913821415591673
0.13900174028965298
0.1375595621763695
0.1370595651226592
0.13701453099672825
0.13641535234518548
0.13645014605926753
0.13612000574666663
0.13164901784060262
0.13140265967553855
0.12946521436223749
0.129426567741783
0.1296491258925925
0.12941542732280986
0.1292547932741669
0.12911432072605397
0.12897411062504444
0.128866776238793
0.12885633913675026
0.1285643131462431
0.1285643131462431
0.12839217883228565
0.12838926395108777
0.12830449951853637
0.12830449951853637
0.12830449951853637
0.1264817260566788
0.1264817260566788
0.1265533948619854
0.1265533948619854
0.12536176308321004
0.12535850856333558
0.12270178333117612
0.11960987688805644
0.11966560897528304
0.11782899414626069
0.1175422520372521
0.11750375277049493
0.11718238960320124
0.11518437799489463
0.11501971580723074
0.11501971580723074
0.11451074635105227
0.11406876630451897
0.11406876630451897
0.11392219847284842
0.11402190957709595
0.11406672709647696
0.11323022181048277
0.11317458985070047
0.11317011492016942
0.11274959690402217
0.11263513025999135
0.11246381907206235
0.11246381907206235
0.11164945161495302
0.11174336787362929
0.11178187481076658
0.11145080435516548
0.11145080435516548
0.11109164726308174
0.11105691489457867
0.11092475803041768
0.10898040947753132
0.10897060078466374
0.10858785084453408
0.10858785084453408
0.10849773807248217
0.1052637264581869
0.10424791107025633
0.10442937820487726
0.10439467909171193
0.1040881675489322
0.10324389148931827
0.10283020100325428
0.10283020100325428
0.10283020100325428
0.10283020100325428
0.10271055025734746
0.10271055025734746
0.10269692882817776
0.10216595589708921
0.10115716102908803
0.10100554048840038
0.10072810090675192
0.10071287704526158
0.09762248351261334
0.09762248351261334
0.09761301956870042
0.0934731585243072
0.09345125438778612
0.0931141424371622
0.0931141424371622
0.09302090079681491
0.09289428962979182
0.09281254940700011
0.09268247000403873
0.09268247000403873
0.09266581397679756
0.09283935162928277
0.0926740341939473
0.09233975789414417
0.09194448633273203
0.09194448633273203
0.09168067115038991
0.09160502920225448
0.09174668434918884
0.09173748816082976
0.09173748816082976
0.09164157278057414
0.09147225154060776
0.09147225154060776
0.09147225154060776
0.09132165211855525
0.09132165211855525
0.09121441136488244
0.09121441136488244
0.09121441136488244
0.09076495650613339
0.09101404681660959
0.09101404681660959
0.09080567587162777
0.08834821617358786
0.08824666792283373
0.08809904143842484
0.08808764190802058
0.08816356883971004
