1.4396693481709195
1.2600917390210666
1.274215705429114
1.2797672079350486
1.2787770861369028
1.2792222518558398
1.2789220016444636
1.2956214533993848
1.299558256294915
1.3008424981256825
1.303085068754729
1.300970482699902
1.30289746821638
1.3018902042457743
1.311801002879133
1.3038715172740438
1.3033986292751787
1.3033986292751787
1.3011959923865957
1.300926936151378
1.2872505417003755
1.2727809943342507
1.2738258667148745
1.267997359410904
1.275412398492041
1.276932531718905
1.277371443245298
1.279483799482275
1.2800822955566673
1.2796906686658305
1.274298394769443
1.269451620804681
1.2835392249960795
1.2896361149582451
1.271879993669483
1.2567249906848852
1.2423441363596095
1.2356452884951201
1.2320896044681715
1.2305209527862868
1.216574433367095
1.224124334242081
1.2269014587126443
1.2263987257769315
1.226056045813156
1.2280961092432907
1.2116116899434088
1.2119264770453397
1.2217302270887864
1.2235110717067779
1.2242686917449743
1.2438186433750296
1.247411904528559
1.2470225993011406
1.2450385985806527
1.2450385985806527
1.243923679480782
1.244253512054207
1.253181879597014
1.2694512964915363
1.267711690105184
1.2727632761771102
1.2726123916572216
1.2931168723412731
1.2828577604001854
1.2824832580933367
1.2721769767356068
1.274762119808722
1.2757661115677492
1.2625346983924257
1.2615558284415265
1.2593709357720504
1.2671106428621188
1.253590394170742
1.2426012874902692
1.2424592693293628
1.2414334495972466
1.2483169388388695
1.2379629791807165
1.2377557168057973
1.2283999032429456
1.240283094284276
1.2504960491942503
1.2516987805849173
1.2327081077540698
1.2410055653426497
1.2439089085580817
1.244609279261288
1.2257201471889474
1.2348796854003403
1.2348972201044446
1.2346892281018673
1.2455678951200853
1.2443266846477676
1.2497454267774963
1.25049295567556
1.2499950638855006
1.2412407740997105
1.239783818768869
1.2429649015959527
1.2634466605597583
1.2649820368578226
1.2649820368578226
1.2632140844418045
1.2664231052187533
1.2697060732755665
1.282077665571533
1.2703841841276693
1.2842910163440548
1.283971017882166
1.2945607164136361
1.2945128379784847
1.2941863854209115
1.3008690371715026
1.2930779766738552
1.3081585952920798
1.3092332677946175
1.3114207683228276
1.307298659802197
1.3010120169757025
1.301025290966603
1.3018405184953987
1.2967621708897223
1.295603947752002
1.293564284538367
1.3252868138895741
1.3244958470934867
1.3170910054393636
1.321076873090137
1.3305459672644873
1.329468164527072
1.3184594420560634
1.3181644880356833
1.326510983411374
1.3256558526557056
1.3223313632233533
1.3168911987385146
1.3054959609007009
1.2739943177239954
1.2627791569441937
1.266352889482406
1.2565181036535813
1.2505840811593474
1.2621600897651248
1.2635856774410246
1.2633960814542582
1.2630854691293674
1.2547664100733258
1.2445735922846886
1.2433415477733807
1.2578523183015113
1.2760756194118639
1.2800311872469516
1.2796286581906875
1.276481783664173
1.27399391183594
1.27739631233546
1.2764192230631837
1.2729010993193093
1.2555526220376858
1.2603237139851726
1.2601255345742568
1.2527807413420844
1.2596002041052765
1.279408296705063
1.2612657981948951
1.264972679183869
1.2799359667229724
1.257332652489279
1.2528833576007876
1.2525499231280885
1.245626336471376
1.2445243856418489
1.2477477058360278
1.2511739901232537
1.2611404507677504
1.2624962810090947
1.2617417808612823
1.2436536087810524
1.2453736433477207
1.242670300767425
1.2413776649209762
1.2409781997964342
1.2361667862329517
1.223630475604376
1.224179625022056
1.224179625022056
1.2481550403099062
1.2533278254952422
1.2535211741066987
1.2504498356358462
1.2459770972115223
1.234952442827076
1.228620685242855
1.2287266316320136
1.2300576451127245
1.2323711458798607
1.22084317940187
1.2146543375256802
1.2148007210393996
1.2157176484704595
1.212403200514125
1.2145292877596925
1.2249619828300649
1.2215205347834932
1.2169085295701463
1.2154329960271466
1.2170911708262129
1.222568233733105
1.214467353619377
1.2172084071103617
1.2140625689067843
1.226431980334309
1.2265760117949271
1.2018145616635671
1.2219326473554348
1.2209380368164582
1.243407671216341
1.2447724349470117
1.225622174362898
1.2181760737541998
1.2127047540062124
1.2132643443478401
1.207442958102527
1.2075634013277552
1.209703589245887
1.2103097863574022
1.2270016888836122
1.2274835009386147
1.2293456771538926
1.2283112573512949
1.2249813662453153
1.2237741742540245
1.2146868271174824
1.2170909979679732
1.2183023547233098
1.2169414928124969
1.2322828707524722
1.2234791217819414
1.2303515902700577
1.2092929573998596
1.2131187318335817
1.2321618116421735
1.236091486304892
1.2190026645718626
1.2199042727979132
1.2228367742574873
1.2223625105828952
1.2257463788785496
1.2272623939079188
1.2364412074228595
1.2332986326577369
1.2244481916792915
1.2249537506969879
1.224156212454271
1.2195813340051187
1.2217263706930444
1.2165239251250157
1.2092821298902556
1.2027045577525999
1.1957115159039229
1.2000275603701012
1.1954327239864126
1.2339313536081415
1.2258409560520143
1.2244327076334058
1.2095432327770443
1.2095487919585322
1.2157632745733098
1.2072737515542433
1.2043241490934413
1.1980926611714033
1.206519531490967
1.2003127183165434
1.1948414963748728
1.1904094847243258
1.1912074894448674
1.2006599486182297
1.1966286487027005
1.1767976167976633
1.1764523309526667
1.1837709844752264
1.1769478636434925
1.1774865033013187
1.1730413372493267
1.1679713716519953
1.171149144746399
1.1689404008423843
1.1517341719079068
1.154277102879696
1.1541051808203484
1.1539686155565294
1.1546695114382133
1.15137898683426
1.150580193429332
1.1505826259691536
1.1482961627809518
1.1486471625560033
1.1548848258586704
1.165715581279104
1.145158044497744
1.148143844407395
1.15083967089015
1.1543820368760067
1.1460471393968734
1.1467038172658777
1.1378383947240336
1.137446043806127
1.141241397490793
1.141733647845155
1.14248588868146
1.161578979515674
1.1615279969087808
1.1629461904050695
1.163611958751233
1.1457519991950817
1.1448778862138738
1.133685725373893
1.1337469772482454
1.133692289559242
1.129266668754776
1.1266034054494671
1.1287582720154374
1.1259320004939388
1.1223792034602147
1.1143323834194427
1.115152077171427
1.1218703252170104
1.1408474035008411
1.1412785364365694
1.1432152375745188
1.1455781757444523
1.14191821467579
1.141476753434871
1.147167144325887
1.1479731797300947
1.1477819600504457
1.1531443201588352
1.1718648626925645
1.1671296848564112
1.1702889317694762
1.1739901025716635
1.173662766489925
1.1736698945203976
1.1815879949328734
1.1666723592497947
1.1658036526839366
1.1662916175017215
1.1663287086813878
1.1662695894401853
1.1648492306010076
1.177618132986708
1.17093320474935
1.1787388003623362
1.1789626490009257
1.175125382506119
1.1754612996517244
1.190306514861123
1.178565862288865
1.1814107243091938
1.17691655295652
1.1765731579486574
1.174710570324029
1.1879272682546478
1.175601487883177
1.1752963031897972
1.178005795206956
1.170711486867459
1.1733970036664847
1.1725365589015813
1.1649111735114634
1.1647707234629814
1.149366488467076
1.1487359710987948
1.1456481161795558
1.161649422444757
1.1658936805113511
1.1771429495110084
1.1878874398082995
1.1903697316742219
1.1898057019084234
1.1767308693329122
1.1787487432059898
1.1813034251259107
1.1812919072103534
1.186213591382281
1.1860712777673619
1.1862137786409022
1.1907055836328464
1.1892325729245836
1.193264873636535
1.1874544327276424
1.1900429439170568
1.1973190774712197
1.202067989249187
1.2027445325187398
1.2103643594594455
1.2057835870107045
1.205181612961525
1.2116737709101346
1.2059059763961006
1.2007319274153534
1.2007319274153534
1.1987200195412968
1.2119682575720532
1.2132611584420325
1.2201765454677647
1.2168797580712138
1.2003055811928007
1.222023127949216
1.230277688290334
1.2461973432406614
1.2564063051995005
1.2562484768084112
1.2635143526054877
1.2379782869707296
1.2398367212623214
1.2285670719310753
1.20070536405514
1.2004892306704829
1.2012981735915378
1.2046470119612949
1.2017074440255584
1.241291235500356
1.2406771796133782
1.2350499033650635
1.2424451915435493
1.2363528728710405
1.2345535713007743
1.2276607191731757
1.2279858686081926
1.228461476437908
1.2338712074874438
1.2220364706413958
1.2298823341631198
1.2254696448980578
1.2154038449217848
1.1967801713563229
1.184265631362739
1.1840487174643983
1.1746150746426434
1.1763504852532434
1.1780932867110208
1.174300421852907
1.1739576234708464
1.175923622961573
1.179066039674
1.173335001776972
1.1733915345417574
1.1795610228375848
1.2008235584242357
1.207846602170986
1.2060696635344947
1.2070129582684261
1.1912899508257133
1.179349820508701
1.1788716572795614
1.1669196456726048
1.1633296064858034
1.1594643836535996
1.1610335013446116
1.162178357413969
1.1555564947059114
1.164024120012832
1.162981505739745
1.1797358571317762
1.206799355535969
1.2051142663674772
1.2057644358416155
1.197486928861811
1.2124723267330901
1.1997112573001627
1.1911244842831794
1.1974627809760927
1.2028080358591298
1.202710355562984
1.2111917461857151
1.207059104613991
1.2015540521452532
1.1965209234463725
1.191412211197782
1.188710818133115
1.1849885524443506
1.1864616758002788
1.185995862376016
1.1773392785137855
1.1779055679532746
1.1722250344171223
1.1765072947421393
1.1810386960604737
1.184727973268175
1.184457974994598
1.184579211666966
1.196510196970193
1.1951427165736206
1.1725643506148102
1.159390728616279
1.158310154075859
1.1637778950809403
1.164635458586171
1.1665848612414103
1.1668418780741912
1.16581739207044
1.1654011068185277
1.1732456643207916
1.1738839645773864
1.1736458045791054
1.1890193851408204
1.189021183999289
1.1878210642021199
1.1869366986476881
1.1839443182213618
1.1931781416313116
1.1926393336521721
1.2047243229673543
1.2105439554749315
1.2105439554749315
1.2099795713152697
1.1981137633666696
1.2008257499117811
1.2010178223195551
1.2020572811314487
1.2139021064043682
1.226247000595921
1.2239451125394234
1.2243421967076127
1.2243421967076127
1.2228070713034005
1.221024368273984
1.2217672185106176
1.2144421938841468
1.2187511836519627
1.2187511836519627
1.2185197123537164
1.1978808996951524
1.218864016688349
1.2079138660427282
1.2381343495280124
1.2276307354265028
1.230550053734142
1.255647715821419
1.256102891472424
1.2580569852376808
1.2580175796022914
1.2593648453813027
1.258077108119423
1.2606270843245964
1.2627959432524414
1.231263383733838
1.2208354714784841
1.1893635125779924
1.1906081652926397
1.1868872712463867
1.1868872712463867
1.185311914492549
1.187363730734762
1.1859778274176704
1.1862577851890426
1.1887217312078193
1.1787613863484439
1.1824484136465183
1.1938098575080667
1.2059769311168835
1.2160406233320962
1.2160406233320962
1.2412981788286044
1.2374419379500328
1.2379175935803073
1.2373066988164458
1.220772950739206
1.2353308248636121
1.238714593342688
1.2429444416999638
1.2429983627740004
1.250909428995917
1.2478289984540916
1.247863993064565
1.2345075184998653
1.2427526757145821
1.2421665103906725
1.242159989219204
1.2347194891751168
1.2395726776078058
1.2462357383500362
1.2483540630049565
1.2468989000683288
1.2568025807224006
1.2517971412354219
1.2429439335199113
1.2448798246651573
1.2465864938836098
1.247277686074226
1.2471930923744852
1.2460749693012925
1.2487103781878994
1.2474079098131703
1.2487510922371647
1.2581023044706894
1.279177771300465
1.28286755264879
1.2929393112657044
1.300017111139061
1.3006039503589022
1.308254928263315
1.313691227674922
1.2915232449831915
1.283772714511886
1.282796842564758
1.2900164991105045
1.2796702973966507
1.274860695758704
1.2732255256156058
1.2813118745232763
1.2812407923650169
1.2725347958140618
1.2710391598941082
1.2665137988562012
1.2677071536627929
1.268213010522738
1.2653933124800965
1.2613716702430715
1.275120116839974
1.2749844807718185
1.2773017242633162
1.292127482879801
1.295814513300951
1.2948324356380005
1.2945680530736021
1.29521971687807
1.2939580694850625
1.2891352774227467
1.2851937194066143
1.3076268789399057
1.3073003997521822
1.3301413453992752
1.3309788020394855
1.336894328129877
1.3280245831216833
1.326128437447493
1.326128437447493
1.3251255258789147
1.3251032328965928
1.3197638641467033
1.3206960628310906
1.320695788149814
1.306897055998856
1.292144790660116
1.2927372105065336
1.2849264344617866
1.2844478703681932
1.2838305163854675
1.2798582744516787
1.2826420835887877
1.283673885229179
1.286976434719473
1.28681332990777
1.2629482185348158
1.250331504367375
1.2519554724406934
1.2517956155203884
1.2514382140513827
1.2603864747615412
1.2463913953775922
1.2463913953775922
1.2496842117741906
1.2481651289987923
1.251409175798626
1.2512678871352194
1.2442197941262196
1.2420984127486954
1.2487801538697594
1.2293521720990426
1.2197451647260644
1.2168981305613242
1.2237845103169425
1.223619757382036
1.2238161276783732
1.2110330205148374
1.2103195276671364
1.2010636741864076
1.1984323298029622
1.2012884454375383
1.2031875960464187
1.2046515724009463
1.2032278852372649
1.197326298442507
1.1989341646609748
1.203814010111681
1.1987696313784222
1.1906769040635838
1.1832795557487927
1.187418516184525
1.2057091454566797
1.203165175566374
1.2047465799948163
1.2045871803857446
1.2085356624155417
1.2141227724618149
1.1961345972146022
1.1963326356251234
1.2069614121871937
1.2066841704645612
1.20158988435209
1.1891007156659348
1.1891007156659348
1.1794015533308204
1.1794015533308204
1.1749262567811103
1.1901827620114096
1.195852856842675
1.177539036419759
1.1817737324060786
1.1834232712894979
1.1810845909736678
1.17754085346027
1.1781678612295963
1.1987139742958715
1.2027282044809116
1.2083136180611413
1.204003210679488
1.2169158275907888
1.2163878819299172
1.2233700549764557
1.2270462322307516
1.2132577304669108
1.2116160271532634
1.2254223922670806
1.2204202619348812
1.220752996543935
1.203420854435851
1.2032590191271522
1.199977995174207
1.2021928892120077
1.1987400352710627
1.198653344785652
1.2011462881321882
1.2011386945316715
1.1893939662688076
1.1927891730311337
1.1945432850888822
1.19121549185485
1.200418358359215
1.2009107204405858
1.1962595268625646
1.199475428526217
1.2049466135735012
1.2062736489658783
1.2042596555245997
1.171204833201086
1.169238459018099
1.1692081170127924
1.1699308931064125
1.167941103213667
1.1633140722180344
1.1617023902804657
1.1686513735329225
1.1688408162639776
1.1641738846073881
1.1633847125777343
1.172092275282486
1.1670374337936391
1.1715868813481605
1.1691168521614355
1.1649525782462813
1.162865539894836
1.1838634188570414
1.1893204114549267
1.1965202265445862
1.212617110569167
1.2079159633416507
1.2175188736615692
1.2236831647633437
1.2107917377980963
1.2105873145815549
1.1973005985608731
1.2078600039703768
1.2072981945200731
1.2146833880637746
1.2133288820544104
1.2131211273032987
1.212284859117046
1.2118227818783391
1.212279191956079
1.2025099586894608
1.208972475794703
1.2064897699004455
1.2195222518610342
1.2103530796071174
1.2045135186424512
1.196267308595133
1.1968336340438
1.2002964874732518
1.2004289954774232
1.235522560033305
1.2521435547751616
1.2561879058500232
1.2837158453644941
1.283674373433275
1.2694502781618784
1.2643747793507583
1.2557395536927172
1.2736789415666772
1.2832823757171343
1.2845188917171633
1.2831997875757681
1.2779740582286456
1.2710123427724687
1.271728209577116
1.2717858795483918
1.272795961327786
1.2733707942828778
1.2740973064165804
1.2714644411038014
1.2696176118355649
1.2722291732498474
1.2823829682474495
1.273943900117356
1.272404581497681
1.2804037832566004
1.2775048950928767
1.271111833447539
1.272541423681147
1.2743884027109378
1.2756802861311796
1.2745833546559941
1.2763559307360983
1.2727482592114612
1.2707097377189118
1.282788494644111
1.2822289443661752
1.2817529722409335
1.275154106493668
1.273569924504672
1.2696132253770205
1.2912524631219569
1.2859762285120169
1.2861281057095582
1.290423071970566
1.2903364512759412
1.2898405963785224
1.3011684343740717
1.2879570497196964
1.2840313096212888
1.2825970140208582
1.2718943808825018
1.2718943808825018
1.2729311586751473
1.2694770890294265
1.2716648429481863
1.268027786530367
1.2757806408570533
1.2757806408570533
1.270222438803286
1.2610597936740489
1.2504439299190064
1.2469801994666585
1.2448014090604878
1.2441147486724973
1.242844545730523
1.2442695054255621
1.2565461486207852
1.2525575192820944
1.2320714302231084
1.2456982241881127
1.2342500234155005
1.2415088140041826
1.2283295871239424
1.2308730126951553
1.216794190341581
1.2232297532542533
1.2078613209110869
1.207374618255338
1.1746367157398998
1.1749063646071494
1.1754790003922737
1.1751713505179153
1.1836629969826173
1.1844479010140303
1.186086023554522
1.1872047658178326
1.1988129863565675
1.1931262645829788
1.190042194112173
1.1913546445028425
1.1902486750698327
1.1902408524563277
1.1886397792194725
1.1877676261487355
1.187557285156653
1.1866985224327196
1.1836474083633683
1.1846963389558471
1.1892772393733178
1.1879841732892775
1.186321679187739
1.1875034152355608
1.1870381523775686
1.186218065325804
1.1814813169105522
1.1824697102506347
1.1823281278236897
1.167853535684422
1.1704253365728021
1.1697161639830884
1.169738836164012
1.168276798948038
1.1513848259290613
1.1475186722143993
1.1690408957749427
1.1722051175299875
1.177591830570795
1.1792465626875286
1.1829804172586234
1.194213624092983
1.1986866193231716
1.1813858982226066
1.181633869145844
1.1808139424576622
1.1808139424576622
1.181426100870849
1.1677014816178974
1.1653341445049328
1.168248463656124
1.1682253306468264
1.1637859038177454
1.1622692729001356
1.1588947379211978
1.1594048422970413
1.1584335021361565
1.1580624683501692
1.1515178959994417
1.1505907495094196
1.1566832496147081
1.1650164777378667
1.1637510668617874
1.172125198992711
1.1710192330096758
1.1710192330096758
1.1690967671318935
1.1706429734960084
1.1713780049741305
1.1720058226936836
1.1699222354455223
1.1840894414143193
1.1686081945167326
1.168679466234162
1.1694166997776752
1.1699242623175534
1.1751392944492276
1.1812169002841646
1.1833590990718572
1.1595665273232343
1.167405042674817
1.1635249097258853
1.165396675798072
1.1676488026146499
1.1683829291709578
1.1666333186461777
1.1715766382741926
1.1711489729109488
1.1618413060839712
1.1618413060839712
1.1616903463371528
1.1474021999150978
1.149519280881834
1.151132789515106
1.1504821891300427
1.156484673847577
1.1499525348811843
1.149225151098309
1.1507907677457703
1.1555838710021291
1.1706110276931503
1.160778560541882
1.1651635936344187
1.1696646962382693
1.1674395344103798
1.1678630036291437
1.1691188131741863
1.1654186534321034
1.1647840870746164
1.1649647232813705
1.141550415985521
1.1359723262815538
1.1344107414092122
1.1322091584468232
1.1340841676032773
1.1300959782905027
1.130543686747846
1.1403685956458198
1.1401782519493742
1.1404846006970533
1.1448616881771252
1.1466727529901626
1.1506404040452036
1.1698867155553685
1.1669935939116345
1.1772125149436874
1.1790199201025457
1.1789471483731429
1.173218041672258
1.1679378399532796
1.1645698196857288
1.1645698196857288
1.1653386062986841
1.1667549580118406
1.167285500021316
1.1465341655471781
1.1452227817903704
1.1452475579265171
1.1520635976091655
1.1473988316484953
1.1464610709697824
1.159476322301271
1.1671167438252392
1.1676955963800473
1.1697113528904617
1.17944750015883
1.1778343042464343
1.1831266175578836
1.1640376745892178
1.1637878817978775
1.1655125837672222
1.1663667674798963
1.170598284423242
1.1704497075509463
1.1658628783559226
1.1712388739232527
1.174152513454095
1.1594156051171334
1.166320893977634
1.16473128742774
1.159561940308141
1.1596098372842358
1.155419910296492
1.1548146594098334
1.1521963683171679
1.1463683187930014
1.1463683187930014
1.1400840133649184
1.1429408164957005
1.1422329897995476
1.1393662495611991
1.1283052230838435
1.1270652333210065
1.1235976911413328
1.1235976911413328
1.1250646125004298
1.1246572517041684
1.1241322523239545
1.132182892358404
1.137888125803527
1.1417245561065934
1.145305563968641
1.1526648853740857
1.154277776743303
1.152522768702626
1.148985157734069
1.1517629650722916
1.156166015158237
1.1435935925674034
1.1421750505511576
1.1504145907176233
1.1542296053148409
1.1568099032824648
1.1750460669038671
1.1773620029734844
1.1757672075545207
1.1697440335088902
1.1685830686219587
1.176681608299725
1.1740726159950123
1.1715718435184261
1.1700141106900985
1.1670641524963756
1.160549225131383
1.1617331270310682
1.1640874638613665
1.1747731721932706
1.1571859742439312
1.1670839649013693
1.1631104943043782
1.1631104943043782
1.160636792813744
1.1712008417726423
1.1699447670502887
1.1517035390184827
1.1535270875239967
1.1648184335043634
1.1625022509768121
1.1529455043181316
1.1527049059044499
1.1465612860231573
1.1486421240002598
1.1481213239730579
1.14761838504857
1.147023531628648
1.147516688068715
1.147516688068715
1.1474987584846972
1.147926312477516
1.1441634869922368
1.1399495981468255
1.1332885459025928
1.1332272052861536
1.1329753944606578
1.134403279552627
1.133967278235253
1.1311631661921824
1.1475637115525443
1.1515688014714582
1.1280822516107176
1.1340136672098504
1.1373940521464034
1.1415299600894675
1.1415143682508724
1.1534715110024847
1.14484519668971
1.1464378353794011
1.1464378353794011
1.1696414786022853
1.1898575866558179
1.1878874023732535
1.1751641561924935
1.1794761670861222
1.1810123550549514
1.179648808278927
1.179648808278927
1.1739206490401461
1.1736874557747095
1.1761351816612262
1.1767735086073312
1.182295446488743
1.1913622628342708
1.1915982845884978
1.1892226165901665
1.1880928802282418
1.1867180946401832
1.1772526727673094
1.17972574147996
1.1712193133754125
1.1712193133754125
1.172934391711537
1.1924434093055596
1.1865444307789361
1.1883309171873087
1.190491688868647
1.168704359805892
1.1521556594777953
1.151984035026192
1.1498502141943983
1.1491953896569986
1.1453778317598342
1.1426607393026045
1.137861811213152
1.1419143867504855
1.1308642302505427
1.1334768720197106
1.133949987902923
1.1323771156133335
1.1364556466857403
1.1459159196471511
1.132931729269302
1.1558919787460644
1.1559875215122812
1.1547362053919052
1.1522949184347155
1.1479713426241598
1.1265534116096922
1.128155904574957
1.1261117488453036
1.1278088581719035
1.1278986895152647
1.128785533092297
1.1260414270047057
1.1267634006222553
1.1258834533871023
1.119577979090468
1.1236705506143931
1.123720682196352
1.1305029102284152
1.1317888980648168
1.1270628690979065
1.1272104186201963
1.120450651317128
1.1193281091793916
1.118627330987916
1.106907769278432
1.1094237462682492
1.1106136290031985
1.1106136290031985
1.1100566984284943
1.1100389555685115
1.123413098150725
1.123413098150725
1.1403250079449816
1.1233668415373117
1.123332223048087
1.1163917013975393
1.1145747530575065
1.1144596411483119
1.1428663350706532
1.1501427923173684
1.1483126232232632
1.1483126232232632
1.1483126232232632
1.1500215592775789
1.1483954239971725
1.1281631699432662
1.1313014190194723
1.1335390664414682
1.1382415129242887
1.1397664709214763
1.1400066248081726
1.1480658729145001
1.1511683826516945
1.1490649895732343
1.1513642148540704
1.154385784119455
1.1376710834182113
1.1442658549372637
1.1536527835378807
1.1559289268676478
1.1804618547044103
1.1733954779257023
1.1698070575466732
1.1737365960126924
1.173725569170855
1.1749836575537131
1.1837567927816794
1.1837567927816794
1.1941383188842314
1.1904098208821583
1.1836382914685522
1.1797897207410135
1.173137018225976
1.1779164374764772
1.1802409255167032
1.183519711941925
1.1756233737826118
1.1875764931053971
1.1875196848551108
1.1733750257954902
1.17047887490237
1.1710775282643058
1.172275409494605
1.169249718317309
1.1692358825411733
1.1694761349560996
1.1753475471571764
1.1793799065238602
1.1806936907767749
1.1888263511632415
1.1890007248852883
1.1950573560733253
1.1966148954922573
1.1965427197142757
1.2217000717982345
1.2122514933798507
1.2142920857879984
1.2144012975926173
1.2156044027521276
1.2170921092609137
1.2094923897527508
1.2116938858286184
1.218613625662984
1.1943815820381853
1.1943815820381853
1.200092479822472
1.1897204074185614
1.1981567797044819
1.1981567797044819
1.1931902797959941
1.1932033369508734
1.2016147058606164
1.1999039655261865
1.197052376826347
1.197052376826347
1.1826403771884564
1.1854370584081548
1.1825814717160978
1.18434585945726
1.2122131495500086
1.2100166056059196
1.2168630624025798
1.2177500351236672
1.2169014630359758
1.2169014630359758
1.218391038472986
1.2301609133253735
1.234162255496263
1.2414035220595716
1.2339482821385659
1.2368424808542875
1.2009005364370362
1.2013509194068581
1.2211153344615857
1.2137190038540897
1.2137190038540897
1.2096569050270491
1.205894845977769
1.212776930079595
1.2301319515184441
1.2301319515184441
1.2324319173595197
1.2313103351103476
1.2260289193524114
1.2257842942316675
1.216012627421387
1.2142466175973856
1.2149626984692912
1.2196222195070736
1.233896902652671
1.2352335518597402
1.2406293848760472
1.2445883832797684
1.2427523394177076
1.2415219168201528
1.2413850617706477
1.2445886687833356
1.2563077186168548
1.2541098517404747
1.2393169629224075
1.2288784630913527
1.2288784630913527
1.2245379392661355
1.2249203317525337
1.227460230500171
1.2273630184507942
1.2275460440057926
1.2275460440057926
1.228035699798831
1.2307694348442262
1.2258843531705466
1.237518875209193
1.2448234160332776
1.2381778974711122
1.2390396324561723
1.2412256685093903
1.2465007871981908
1.223295861913199
1.2203726808210327
1.2203726808210327
1.2196408949658297
1.2194598389472011
1.2204613947425391
1.21271053291754
1.2014599696530057
1.2018101204673792
1.1910504705707647
1.1931013627564384
1.1945073833195634
1.1972085175469498
1.2060843750627632
1.1998266580375552
1.2036062840094404
1.2211009932709322
1.2189596583973397
1.2249569485201957
1.2267040161353284
1.2265251220230118
1.229279401409404
1.2042555043757792
1.2112772847098017
1.2262044590322656
1.2245790593273305
1.222703842098295
1.2160964402623804
1.2126803142665183
1.2076369179007307
1.2083301943193097
1.2018868403568748
1.2011837402850942
1.2049206137521278
1.2160444039369829
1.2223445186510302
1.2223445186510302
1.1952011408757615
1.1916760377523663
1.1904480165632911
1.1904480165632911
1.188588873389457
1.18878355792064
1.191000720717148
1.1827213018916762
1.1805374802737398
1.179710859845281
1.171366384434696
1.1690445067774835
1.1525394896066032
1.158651146731213
1.1631952844220776
1.161317680996603
1.1568028344786232
1.1608737764870454
1.1602356954220756
1.1576309560506757
1.1637367664501739
1.159380677698811
1.1592719224980617
1.160169641257988
1.1569634942784481
1.1575724480153122
1.1574264627146524
1.1505727187485884
1.1511891276954362
1.150610385343583
1.1434154222200028
1.1480946258141684
1.1480946258141684
1.1514315654640799
1.1514315654640799
1.1576600391919423
1.1603471208207297
1.1695163796292383
1.1888993950415547
1.1918658619142404
1.187875752382455
1.1842474351341887
1.186342342201321
1.1848476492530502
1.1843290853870572
1.1748076279724486
1.1721190944203794
1.1702611440858337
1.156605842015108
1.1630907245379547
1.1615781475676261
1.173850149950596
1.1710961309628711
1.1710961309628711
1.1665856235145706
1.1678313532539124
1.1763756003101673
1.1762867999170277
1.1711385509735648
1.1722726069053966
1.1630184286251162
1.1700401914832752
1.180815863250266
1.1799729841351014
1.1844974838210562
1.1815203197200446
1.1815203197200446
1.1778101952005802
1.185339240656606
1.1956323992343685
1.191725771668395
1.2162277361747085
1.205485087082003
1.2045898156096306
1.218161851568768
1.223959440439641
1.2223192528808153
1.2161226685540685
1.2161477147188302
1.2165280671078311
1.2270646380927703
1.2287295052845588
1.2286675732042083
1.2286675732042083
1.228679545090121
1.2292370732817968
1.2310759975523242
1.2310759975523242
1.2304635678874987
1.2304921766164885
1.230560016774014
1.224760400256163
1.224760400256163
1.2245662680029354
1.2248564332075427
1.235206877734886
1.2353344270617939
1.2336989678834893
1.2334163840439987
1.2481146578982658
1.2210764858101477
1.2207605623905065
1.2116331562656202
1.2048506223845339
1.2023687055161814
1.2229902049941996
1.2183999196349578
1.217474405351088
1.217474405351088
1.2178531237170749
1.2170956313141346
1.22908926925888
1.2330574332810824
1.2330574332810824
1.2297392700824565
1.2293931187106943
1.1989003600986008
1.2018497907492516
1.2078735863735257
1.1867175191021602
1.1885426168658033
1.1872118890875236
1.1830605978706632
1.1825299364242192
1.184778085537667
1.1828723677648398
1.190005357415834
1.2040211545594184
1.2023905579354242
1.1982586517555416
1.1972811416421982
1.2018017795895304
1.1958263949877235
1.2031748727024034
1.197575416663271
1.197575416663271
1.1964373412466955
1.1935530674654093
1.1856394401245776
1.1833984765779753
1.1959539569080535
1.1963631786807352
1.1965990978152872
1.196481301682451
1.1885087019414107
1.1998128943571524
1.2021577852073009
1.2034679257855825
1.2020272601934547
1.1856301612895328
1.1746576124274246
1.1762451491968606
1.171684268127009
1.1733847035139329
1.180965044039035
1.195117108043212
1.1875704613229927
1.1914588759557587
1.1902440407112618
1.1909080917282562
1.1870982644063068
1.1933422523287398
1.195128052331097
1.1952409216256101
1.1952409216256101
1.1876120403588504
1.1841498487655362
1.1860601621070088
1.1860601621070088
1.1860601621070088
1.1860601621070088
1.1818058722461167
1.1772827928730831
1.179278636294061
1.19137499600891
1.1839335835772518
1.1987319949267325
1.1993335656987318
1.2005051192666134
1.1938175148862178
1.1973593726440024
1.215001420379964
1.2147606107364697
1.214063088141379
1.190143479558772
1.161466490801911
1.1631709928498375
1.1613142722940173
1.1582518002682167
1.1576178734127642
1.1563233304939886
1.1644122218059705
1.1653816779091923
1.1637040861211179
1.1680284435491486
1.157832050715781
1.1575615705054783
1.1598389605769681
1.1585900929038455
1.1582838301959244
1.1582838301959244
1.1582838301959244
1.157309981693478
1.157309981693478
1.1633719355278729
1.152827070381004
1.1489685740722981
1.1485021860082565
1.148490133002395
1.148490133002395
1.1552459935683752
1.1552459935683752
1.1303922038304564
1.1328437581204553
1.132401119482589
1.130674864093661
1.1248651541232189
1.1160175544675186
1.114984222037968
1.0904184286997498
1.094812959497169
1.102452783602099
1.1044601354188903
1.1037777994937852
1.076747631742874
1.0770258836399536
1.0683548821621625
1.0658345186134635
1.068775693340016
1.0754714376749392
1.0770551921742295
1.0841189864970753
1.0841189864970753
1.0878067465782542
1.092306135839386
1.0962580170729954
1.1116988836036454
1.1213599074219518
1.1231999063311053
1.108061577303677
1.121912164152576
1.1245137291387883
1.1245137291387883
1.1313568457926717
1.1477540753969913
1.1401630467677812
1.1401630467677812
1.1394003434984634
1.1353314652914477
1.1353314652914477
1.1336353504196794
1.1428385925729445
1.1192447214576657
1.1188989808864254
1.1191300236549555
1.126796865402409
1.1273241328190475
1.1324763689207198
1.1320008982565568
1.1186393944675044
1.1052656764175819
1.0930210716372775
1.0930210716372775
1.0937717079239897
1.0942601735615607
1.0942601735615607
1.0942601735615607
1.0957696081496953
1.1008006757109967
1.0995252972059366
1.099408251585973
1.082999176940925
1.082999176940925
1.0773731575898167
1.060073286254465
1.089899835759251
1.1052526008336458
1.1083852547878499
1.1007764753159806
1.1011506544517842
1.100681538620908
1.100681538620908
1.095844932586533
1.1104809525641348
1.1069343526694577
1.0728454340263578
1.0674363044950732
1.066800129052588
1.0668907059453279
1.0695127351706655
1.0716405494252068
1.0594833090142048
1.0541056138595344
1.0519164851718554
1.0492994788875964
1.0429010760621202
1.0252014292136935
1.0206666116672332
1.026305987256251
1.0261917245041754
1.02994015932975
1.0135308566909818
0.9934848901065755
0.9968135166785979
0.9994146746232205
0.9916575193599362
0.9805626760911473
0.9642687835328709
0.9643205065045085
0.9643205065045085
0.966531224604337
0.9842507577302878
0.9795503124189627
0.9792082621265268
0.9807356997331986
0.9780561698738625
0.9675848872818139
0.9660734740765665
0.9693968218902025
0.9693968218902025
0.9638603075547256
0.9637174208417844
0.9681836320846293
0.9747425918681496
0.9747425918681496
0.976406775136221
0.9759524596429814
0.9741621983846396
0.9752476048267475
0.9752476048267475
0.9752298769381004
0.9752298769381004
0.9768026474962422
0.9768026474962422
0.9803749916596189
0.9803749916596189
0.980901200018202
0.9873028801194931
0.9873028801194931
0.9898202672662416
0.9923526051918095
0.9898652447736637
0.9898652447736637
0.9898652447736637
0.9905557038455682
0.9952632082757611
0.9952632082757611
1.0048046954912444
1.0026470811727786
1.003376775479436
0.99878599132137
0.99878599132137
0.9979473063115514
0.9987320192991257
1.0013423732445275
1.003518384038118
1.003518384038118
0.9860817480680385
0.9861188069412709
0.9863448676745546
0.9863448676745546
0.9846570567014703
0.985175516187031
0.9950200072480652
0.9859667589130525
0.9853678597055141
0.9778619920937666
0.9689883052217733
0.9767437033890234
0.9742423118395263
0.9828745101781051
0.999175015359797
1.003526676981605
0.9949413430404558
0.9939784074387343
0.9965479813348735
0.9974877348634537
0.9978557765922428
1.0137930748540291
1.0168120175143511
0.9998785708376984
0.987969246512443
0.9855084644902624
0.984139592406964
0.9831624531379715
0.9911353241988543
0.9933240353128618
1.0102506761951537
1.0101517964497626
1.0095412896075384
1.0152306500978983
1.0177338209625983
1.01710424712887
1.0152431201133223
1.010351546420006
1.0033793294516202
0.9919680889041242
0.9970200318924797
0.9911637884823684
1.00907467315104
1.012922022377601
0.9971460418959517
1.0004386503117044
1.0000320524035746
1.0041210474299767
1.0031417436196195
1.0030964826221884
1.0051852804921453
1.001286819307271
1.001286819307271
1.0081284180413093
1.0141643082270668
1.0108393146947798
1.0108776583985395
1.0156369332160478
1.018664628904688
1.0115317243701043
1.0155421754517788
0.9866233334464988
0.978035464286144
0.978035464286144
0.978035464286144
0.9762556234973142
0.960861587910187
0.9454753225039535
0.9472726306301369
0.9472726306301369
0.9471553172118771
0.9493044004793557
0.9520352432630084
0.9554311649140134
0.9553922446136748
0.9471912644681377
0.9433158423924154
0.9433158423924154
0.934742585894712
0.9098423279708211
0.9144447535530202
0.9144447535530202
0.9161799832924744
0.9175086731469446
0.9175086731469446
0.9162625201231751
0.915234136272881
0.9328588863686128
0.948888360664254
0.9658187312117611
0.9556329151018466
0.9527853273008258
0.9527853273008258
0.9439733048535468
0.9434071221288872
0.9414930830380162
0.9412151166873591
0.9412151166873591
0.9309439700662302
0.939222221677021
0.927181760385352
0.9076462430714994
0.9089001979471983
0.9060374070828389
0.9060374070828389
0.9060374070828389
0.9042845079260603
0.9042845079260603
0.9248156705356281
0.9257137929416237
0.9219463595061351
0.9219463595061351
0.9222755782521033
0.9264396429064425
0.9285808053643244
0.925826469440094
0.9131404799838394
0.919575971105091
0.9205519917060937
0.9029433108677921
0.8733050866337473
0.8731296758036108
0.8702634680002816
0.8754913880813197
0.8659124845984859
0.8659124845984859
0.8631603027731878
0.8621348622926369
0.854604882595483
0.8543329124266712
0.8486227045093346
0.8315037487432196
0.830358994369696
0.8289200737544989
0.8289200737544989
0.8291795901079527
0.8290793335706973
0.8290793335706973
0.8446400208970094
0.8398065248571592
0.8176343888847569
0.8177756454591816
0.8135968257226024
0.8389976607293143
0.8406371596513802
0.836738245004978
0.836738245004978
0.836738245004978
0.8416718086234148
0.8447305435991355
0.8379823128840571
0.8457405625620918
0.8412912934157036
0.8415914680218082
0.8488666632068358
0.8219383515684985
0.8218937384456912
0.8238097885356171
0.8009799923102939
0.8046086535827647
0.8112080051617993
0.7853848856181894
0.7861109029123464
0.7858919762224027
0.7861375399642744
0.7844019455900184
0.7844019455900184
0.7849499616682113
0.7796493037058861
0.7589628407416292
0.7576427776881891
0.7493148789608485
0.7512438831364736
0.7509587985902757
0.7448339128939715
0.7441583858168492
0.7333557678565938
0.7349299480950707
0.7349299480950707
0.7455292306442496
0.742834217432095
0.7505238928443793
0.7507581551635156
0.76629067821945
0.7804537905923457
0.7804537905923457
0.7728270238033155
0.7746697789869372
0.7711977218733396
0.773763029117138
0.7698220509688383
0.7711236985967554
0.7740188946261827
0.7785870561475382
0.7889336645429713
0.7881360297542351
0.7939656159512062
0.7939656159512062
0.7907417351181683
0.8136127991011832
0.8241458638276618
0.8238871102979487
0.8219667870521887
0.8219667870521887
0.8219667870521887
0.8213215536224604
0.8310158330943982
0.8334976723319191
0.8336705296357979
0.8348614337422987
0.8219385540515288
0.8219385540515288
0.8219385540515288
0.8272160148052257
0.8272160148052257
0.830821946618144
0.8341901002221918
0.833871944201249
0.833871944201249
0.8327681662627492
0.8327681662627492
0.8395131718094799
0.836914492929122
0.836243191270682
0.8347575088639927
0.8504717308257256
0.8520395228046176
0.8520395228046176
0.8513737077680389
0.8536415042296983
0.8509703136469516
0.8363233895634385
0.8361748982378463
0.8299138211343325
0.8169444450557183
0.8200408984954225
0.8200408984954225
0.8055012971841491
0.7738754023238988
0.7698528377905319
0.7728898238771632
0.7663638618807427
0.7663638618807427
0.7719757754824506
0.7833234011804779
0.7908935572045973
0.7949411999898368
0.7922142353929501
0.7777954173890577
0.7924773972830503
0.7754503730364596
0.7754503730364596
0.7631942093564944
0.7789446314947888
0.7772150399492015
0.7813081673852508
0.7755693278658634
0.7908243892551976
0.7925968575044812
0.7950654836324669
0.7928488649103177
0.7976992580700444
0.7863068899273464
0.795909338071748
0.795909338071748
0.7950979041360522
0.7949234762968846
0.7872707582766844
0.7872707582766844
0.7829400833856794
0.7791646624164642
0.7860156136819357
0.7839026390643687
0.7712117331302936
0.7598618670226325
0.7627492675407708
0.7612509251120438
0.7591744735808214
0.7564795410568469
0.7564795410568469
0.7369200524314495
0.7526936304302073
0.7445856888262209
0.7432796150045436
0.7432796150045436
0.7413077315942238
0.7389991284623032
0.7385344379799339
0.7391682503212275
0.7411068267676406
0.7396384077054623
0.7398315949663675
0.7398716976287356
0.7374298101459542
0.7375007879168223
0.7377643532689101
0.7377643532689101
0.7377643532689101
0.7377643532689101
0.7414860647667559
0.7299447134044384
0.7287805873397208
0.731713892905502
0.7365656020242998
0.7336507523312794
0.7336507523312794
0.7336507523312794
0.732455251709349
0.739924884570717
0.7438511465795471
0.7611075775590993
0.7611081223668658
0.7766407624328269
0.777459508132304
0.7635592723397677
0.7623117901650969
0.7615310910545845
0.7645641566131525
0.7645641566131525
0.7507839097131048
0.7371564398433861
0.723366169618414
0.7174390752223729
0.7220962090839381
0.7220962090839381
0.7298220104005488
0.7385768425733538
0.7385768425733538
0.7371015402422714
0.7371015402422714
0.7340436118099786
0.735239165124389
0.7453415527344922
0.7428608235444105
0.7553009757732426
0.7578006764964188
0.7574989074108459
0.7602201980869728
0.7573821051100021
0.755851788899812
0.7646115201142688
0.7646115201142688
0.7645193623214914
0.766902341991916
0.7695703590673423
0.7697758108693378
0.7698351622910506
0.7674258377273779
0.7673632416792242
0.7710959567565175
0.7710959567565175
0.7680571580670056
0.7680571580670056
0.7680571580670056
0.7680571580670056
0.7680571580670056
0.7777700317146117
0.7829418602135341
0.7795992760219024
0.7795992760219024
0.7764409018816685
0.771285745961958
0.7674096798193563
0.767760039057882
0.7741582972351684
0.7741582972351684
0.7741582972351684
0.7741582972351684
0.7812917964234118
0.8022163066304053
0.8047280586492842
0.8049929123181921
0.8092901940149841
0.8107222097682715
0.8315382647198453
0.8315382647198453
0.8315382647198453
0.8279848775415082
0.8279848775415082
0.8114709467651037
0.8116100001137456
0.8120963865802616
0.8120963865802616
0.8120963865802616
0.8120963865802616
0.8119224757047516
0.8120957011354114
0.8102625442508847
0.8144525956978109
0.8170039139896448
0.8136673590335277
0.8384331717781569
0.8314053560416531
0.83599113148652
0.8370995170305199
0.8411227859772159
0.8408787041187301
0.8382803732856509
0.850545289924339
0.852622108226784
0.8637696531224076
0.8684840006643426
0.8662451407239871
0.8662451407239871
0.8618083820730412
0.8641202674555861
0.8641747548756215
0.8855841808892811
0.8794029393946243
0.861308814303877
0.8612484481914088
0.8593843615744863
0.8632374932581859
0.8632374932581859
0.8632374932581859
0.8557518334537403
0.8594277011812209
0.8616366213049125
0.8527503122316052
0.8527503122316052
0.849168138830818
0.8401348928005823
0.8237913714813426
0.8276864369653933
0.8164823209209027
0.8261887594864556
0.8261887594864556
0.8283070267532728
0.8283070267532728
0.8248373372717176
0.8249773518341845
0.8334345998636702
0.8274500548550302
0.8275122276853497
0.8286030064997725
0.8236455063489948
0.8168814719089099
0.8121562434904797
0.8133952016264445
0.8237046546371417
0.8320430914928392
0.8417113162438378
0.8417113162438378
0.8546648917945562
0.8621265106408285
0.8487283194575714
0.8486397679160367
0.8463116601458028
0.840297647234843
0.8340261396199281
0.8340261396199281
0.8422428264227675
0.8422428264227675
0.8561143635123112
0.8734519508953065
0.8745517930095088
0.8679964992837386
0.8561121440675541
0.8609424636845054
0.8627068214940132
0.8532306428678855
0.8663353085087485
0.866932520935168
0.8614584910356571
0.8609361293221627
0.8558692067780435
0.8533098990765571
0.8502982317995151
0.8502982317995151
0.8513050491993461
0.8513050491993461
0.8553348397723107
0.8553348397723107
0.8542296035244196
0.8542296035244196
0.8586292949156796
0.8566451885836551
0.8696090685941164
0.8722730150205574
0.8657841683262895
0.8453781618988258
0.8453781618988258
0.8453781618988258
0.8450909911105527
0.8450909911105527
0.8451172921927208
0.8488658357284664
0.8592967927540588
0.8592967927540588
0.8549980488694794
0.8549980488694794
0.8549980488694794
0.8524553077301803
0.8541241957084935
0.8551254557254742
0.8297341873396127
0.8255705666159221
0.8301571573929121
0.8303383229879124
0.8290573274375362
0.8266620383908926
0.8266620383908926
0.8208676578998567
0.8180539905128167
0.8129884326504466
0.8132914785680955
0.8168905329227228
0.8166455410798227
0.8184208265569577
0.8206014942583061
0.8273292460384872
0.8219599539850955
0.8219599539850955
0.8163621093774439
0.8163621093774439
0.8114956758315762
0.8114956758315762
0.8114956758315762
0.8113280995042776
0.8152117459301279
0.8155979751770759
0.8116068980696834
0.8343353331244341
0.8347669605842571
0.8347669605842571
0.825881125772744
0.819346100642552
0.827675686106032
0.8274561099968164
0.828166045012877
0.828166045012877
0.8280492261485505
0.8319977352810165
0.8319977352810165
0.8384784124505841
0.8415295738004328
0.8376842872827455
0.8409208719005803
0.8390399441900579
0.8454530885377702
0.8433784445926168
0.8433784445926168
0.8433784445926168
0.8462820087491612
0.8481529475480716
0.8386920416030714
0.8386920416030714
0.8231779760427103
0.8186740639217835
0.8187848232572374
0.8186839609810013
0.8201308164497507
0.8201308164497507
0.7949952056026388
0.8000314651184316
0.8045980957319944
0.8045980957319944
0.8040078612600375
0.7998236276516741
0.7984827616736299
0.7971513112680965
0.7973671122291526
0.7973671122291526
0.7973671122291526
0.7881865306159761
0.7880770259511416
0.7866147823263759
0.7864771127159421
0.7864771127159421
0.7789582017625376
0.7786898745375822
0.7786898745375822
0.7848166617929108
0.7751428974700931
0.7751428974700931
0.7680540277273168
0.7577513906552511
0.7600071106274396
0.7600071106274396
0.7600071106274396
0.7946870775599109
0.8009921974904868
0.790784695392498
0.7891683713939801
0.7847888811186808
0.7830584094111038
0.7822791252799849
0.7753293448105868
0.7753293448105868
0.7718149920139001
0.7733429932295495
0.7849971106124373
0.7849971106124373
0.786064771166454
0.7903814314539807
0.7903814314539807
0.7903814314539807
0.7895108646390482
0.8072935183247436
0.8046695266392007
0.802179889723361
0.8019444406349322
0.8019444406349322
0.8074056096565597
0.8067728399264286
0.804146073529781
0.7962376975848533
0.7894684454343369
0.796174735089317
0.8009116100072644
0.800279129630321
0.8050465381367334
0.8030138498235531
0.8030138498235531
0.8030138498235531
0.7851499689587892
0.7900496529336672
0.7779515029005988
0.7791327303258232
0.7802899756741755
0.7801683388163669
0.7775640955099962
0.7793241743331993
0.7861305042463571
0.7911744108077905
0.7911742878200545
0.7859304526058238
0.7823329894988484
0.775904015948354
0.7760381168196663
0.7748513409006967
0.7728094129604749
0.7728094129604749
0.7728681869211583
0.7738191652401877
0.7597249874824957
0.7582232673760976
0.7599965375338541
0.7602184942412081
0.7602184942412081
0.7611202765047709
0.7675519153937855
0.7563991871023024
0.7563991871023024
0.7572934179660127
0.7572099504007131
0.7525548591663207
0.7528833654546382
0.7528833654546382
0.7486270926858986
0.7486270926858986
0.7517575657936157
0.7441890769906124
0.7455775430263332
0.7455775430263332
0.7425754538975339
0.7491459055872225
0.7393755318936425
0.7441277788747152
0.745494949014404
0.745494949014404
0.728772306233657
0.7255027273955238
0.7261338668818402
0.719850425694145
0.7187831183102135
0.7179802216486564
0.7179802216486564
0.7172652535383199
0.7293029839470035
0.7338393242803322
0.7249191468672248
0.7225169984255921
0.7225169984255921
0.720935261005102
0.7222607536098072
0.7191374943836665
0.7191374943836665
0.7191374943836665
0.713608912731313
0.713608912731313
0.7146563617289723
0.7146563617289723
0.7032789559523265
0.7057203087003916
0.7057203087003916
0.7057203087003916
0.7044393244580216
0.7020264619599852
0.7015281629663425
0.696426776619925
0.6947845474173967
0.6947845474173967
0.7006968301078885
0.7006968301078885
0.692514077338849
0.6822662717220769
0.6822662717220769
0.6822662717220769
0.6811190532868306
0.6811416359938414
0.6825786400309629
0.6848530903649086
0.6848530903649086
0.6848530903649086
0.6834109928346872
0.6866472117688908
0.6877464926750076
0.6877464926750076
0.6949550971645349
0.6943316830145378
0.694437972012619
0.7000973112291516
0.7009123453737788
0.7002260812439535
0.6997909268558231
0.6997909268558231
0.7022746675601692
0.7034555488297863
0.7008908773080077
0.7043976231190485
0.7015208400784246
0.7057424360867617
0.7057424360867617
0.7140831275670182
0.7140831275670182
0.7140831275670182
0.7132432987825962
0.7132432987825962
0.7101450019375847
0.7101450019375847
0.7133410330250642
0.7133410330250642
0.711305808793731
0.7140868948812078
0.7099836459994415
0.7099836459994415
0.6942546416181978
0.6897745995650177
0.689016199422214
0.689016199422214
0.689016199422214
0.6720213858620316
0.671389967898468
0.671389967898468
0.6373608024889807
0.6381447405918115
0.6263811383785468
0.6263811383785468
0.6263811383785468
0.6263811383785468
0.6280962827139817
0.6512687808172688
0.6561784607848119
0.6570761133745021
0.6535354225551677
0.650073538558687
0.6495152944099407
0.6496405937188846
0.6514690462425049
0.6523717001819165
0.6391352048299046
0.6344852683717063
0.6441629489003051
0.655578592538768
0.6519321034986597
0.6517152659778608
0.6517152659778608
0.6517152659778608
0.6517152659778608
0.6517152659778608
0.6513590131552313
0.6452706667493728
0.6452706667493728
0.6381534677434709
0.6381534677434709
0.6365942237756981
0.6367725889858539
0.6362448908498309
0.6362448908498309
0.6362448908498309
0.6388228200296736
0.640097168601339
0.6332576488140498
0.6305917866669056
0.6328464919533702
0.630402057003168
0.6351966673134004
0.637778817466812
0.6372701749694988
0.6372701749694988
0.638380518271473
0.6404927361425274
0.6367336128424959
0.6360175400096553
0.6360175400096553
0.636116831855341
0.6358273809995936
0.642892392966788
0.6420427416555035
0.6420427416555035
0.6420427416555035
0.6439888862667575
0.650643178958904
0.6472800638528001
0.6481193419122053
0.6481193419122053
0.6447043035705828
0.6355898535432146
0.6327147102193537
0.6363583842318871
0.6314794230737366
0.6268500910376913
0.6268500910376913
0.6226867890468875
0.6226867890468875
0.6130194982525127
0.6130194982525127
0.6157355437323744
0.5978905251106137
0.6027836578735948
0.6057627515247347
0.6031574674924667
0.6079601053831182
0.6300984858405867
0.6266640442662087
0.6266640442662087
0.6267675603855212
0.6267675603855212
0.6273060912923071
0.6195397128481113
0.624701325900601
0.6029210494776357
0.5936892569828927
0.5936892569828927
0.5936892569828927
0.5695840585462573
0.579471790352207
0.5685872196485676
0.56857248356134
0.566642555750304
0.565696558864819
0.565696558864819
0.565696558864819
0.565696558864819
0.5716534437460642
0.5838297931304878
0.5747839949026509
0.5747839949026509
0.577697018828148
0.5649309629184046
0.5704754635944449
0.5704754635944449
0.5708618611878546
0.5708618611878546
0.5722440754187414
0.5814295739787932
0.5823955646827358
0.5823955646827358
0.5823955646827358
0.5823955646827358
0.5823955646827358
0.5823955646827358
0.5823955646827358
0.5905710263014786
0.5796985100330054
0.5949726027908516
0.5949726027908516
0.5944299881972857
0.6220899358787214
0.6215478903462944
0.6215478903462944
0.6215478903462944
0.6215478903462944
0.6196605518644548
0.6120706978507893
0.6120706978507893
0.6163503869663605
0.6152664333269586
0.6152664333269586
0.6153961275933179
0.6083769362995853
0.6083769362995853
0.6083769362995853
0.6088385326046888
0.6088385326046888
0.6088385326046888
0.6094983212022022
0.6055210998311509
0.6001969578806629
0.6001969578806629
0.6107337791107241
0.6063027001101576
0.6049621072744853
0.6049621072744853
0.6122880347446829
0.6140935724100157
0.6105758639290763
0.5955802850069933
0.5943078112177432
0.5961374522902811
0.5961374522902811
0.5910815533580661
0.5911973445028421
0.5901327749648863
0.5884219542412471
0.5922449102351613
0.5846705855818236
0.5846705855818236
0.5786691536233884
0.5786691536233884
0.5789923111537031
0.5834557207548945
0.5835326390430545
0.5835235494877817
0.5827859903173266
0.5827859903173266
0.5827284522958458
0.5799526959146019
0.568782681322861
0.5690913031470515
0.5715698194142964
0.5715698194142964
0.5715698194142964
0.5722000580143956
0.5690613236739416
0.5690613236739416
0.5676190711176818
0.5595430281217861
0.5595430281217861
0.5595430281217861
0.5595430281217861
0.5595430281217861
0.574348900889547
0.574348900889547
0.5748948663115553
0.5750586341913411
0.5752164526990712
0.5755745947937002
0.575059122056004
0.5663049960150954
0.5665821989333214
0.5665821989333214
0.5665821989333214
0.5610963701985469
0.5571447666394416
0.5586593967547734
0.5577594501575006
0.5484873773171767
0.5482163495042414
0.5482163495042414
0.5448520029255043
0.5411906371324884
0.5411906371324884
0.5411906371324884
0.5411906371324884
0.5354204367175059
0.5367577917196964
0.536323297417801
0.536323297417801
0.5364467270145291
0.5364467270145291
0.5364467270145291
0.5355226412813106
0.5415155431053195
0.5418747674828236
0.5451149698543237
0.5365073132866229
0.5373527742794961
0.5373527742794961
0.5434396289876985
0.5498483728693054
0.5491626456098928
0.5491626456098928
0.5491626456098928
0.5587627943578715
0.5600437981720738
0.5591675881015516
0.5585949651492034
0.5615404369300546
0.5615404369300546
0.5620505577480696
0.5634613545637168
0.5700256232278851
0.5529885949839617
0.5567284328077211
0.5567284328077211
0.5525727727063764
0.5499256377167036
0.5481996866856023
0.5481996866856023
0.5481996866856023
0.5481996866856023
0.5481996866856023
0.5606653336545118
0.5606653336545118
0.5600935869360603
0.5537752990861162
0.547860538708643
0.547860538708643
0.5564037421577617
0.552221272320489
0.552221272320489
0.5503579470914397
0.5418961427116181
0.5414092042954834
0.5304927101681216
0.5304927101681216
0.5286377767678497
0.517919131249105
0.5195428878816776
0.5224811918342778
0.5189740217993778
0.5202647803558743
0.515677619636369
0.515677619636369
0.5153124426808945
0.5155221832667498
0.5155221832667498
0.5132584032558699
0.5132584032558699
0.5132584032558699
0.5131832150437686
0.5121308970865821
0.5136114440859696
0.5154075067255117
0.5152005867191504
0.5162877711260196
0.516533847052581
0.5199335873028696
0.5093493732729772
0.509160988659064
0.47251271944788165
0.4753586967986159
0.4753586967986159
0.4835577206067936
0.48286823296892056
0.4899989560785482
0.4899989560785482
0.4905762708876283
0.4928441796194592
0.4989782513295207
0.49584767615679487
0.48601617332464375
0.47986933729940184
0.482410199277178
0.48538764214824476
0.48538764214824476
0.4911271617561386
0.4911271617561386
0.489405429883135
0.48604850784266307
0.48522625838296696
0.48522625838296696
0.48522625838296696
0.4667275733281904
0.4657522069856578
0.4620938031920761
0.4590782026719388
0.4580605518150529
0.4580605518150529
0.4580605518150529
0.4504315040463723
0.4504315040463723
0.44685203241870464
0.44715164932307633
0.4486728867151159
0.45903030321711824
0.4529446096235873
0.4505461417317145
0.4505461417317145
0.4505461417317145
0.4506166494702302
0.4508276219619989
0.4508276219619989
0.45456486574599764
0.46685405439684413
0.46799477618585045
0.47200765714983617
0.47144293502702594
0.47152391590398607
0.47050466887212583
0.47050466887212583
0.47060471723798314
0.47060471723798314
0.4681501033468852
0.4681501033468852
0.4568710790327498
0.4569755992046791
0.4569755992046791
0.4569755992046791
0.4582324352697378
0.4576923033444853
0.4590237207493532
0.4585894913925566
0.4585527113772727
0.45838608499249334
0.45838608499249334
0.45838608499249334
0.4294758445956491
0.4240732854342505
0.42583743913090594
0.42583743913090594
0.425096600041792
0.425096600041792
0.425096600041792
0.42130661791268675
0.4238995443984289
0.4110923993165682
0.4110923993165682
0.38991378760640616
0.38264955615312324
0.38264955615312324
0.38264955615312324
0.38513935836634644
0.38232757729053973
0.3821736883109086
0.37549058126400797
0.37579003979202125
0.3712259893052711
0.36292671455651176
0.36516940690006744
0.35959705393464647
0.3662218846475656
0.365732191136502
0.3669189747590863
0.3676942360444967
0.3722324740788234
0.3688627324784037
0.3673845303148298
0.36879298639232516
0.36879298639232516
0.36879298639232516
0.36769340820689295
0.36902589047512624
0.36902589047512624
0.3701978705161263
0.3701978705161263
0.3406248176092984
0.3406248176092984
0.34441512501710403
0.34441512501710403
0.32162259682811184
0.32568227350299706
0.32568227350299706
0.32568227350299706
0.32162259682811184
0.30799501922385736
0.30168527721583155
0.30168527721583155
0.30158250117611884
0.30158250117611884
0.30158250117611884
0.2973058767242394
0.28720176700986716
0.28540196732839435
0.28540196732839435
0.28540196732839435
0.28540196732839435
0.28540196732839435
0.28540196732839435
0.283461005461444
0.28345228820570056
0.28345228820570056
0.28345228820570056
0.28156953641549093
0.28156953641549093
0.28156953641549093
0.28156953641549093
0.28156953641549093
0.28002632919234777
0.2687325127919736
0.2678654582218713
0.2678654582218713
0.2678654582218713
0.2635837002489118
0.2635837002489118
0.2635837002489118
0.2635837002489118
0.2635837002489118
0.2635837002489118
0.2635837002489118
0.26275560761114763
0.26275560761114763
0.2580340058569136
0.2580340058569136
0.2580340058569136
0.2580340058569136
0.2580340058569136
0.2580340058569136
0.2580340058569136
0.2580340058569136
0.24064916509004533
0.24064916509004533
0.24064916509004533
0.24064916509004533
0.23297647448076236
0.23297647448076236
0.23297647448076236
0.23297647448076236
0.23297647448076236
0.23297647448076236
0.23297647448076236
0.23059399942440753
0.23138121649665824
0.23138121649665824
0.23138121649665824
0.23138121649665824
0.23138121649665824
0.23099631666723694
0.23099631666723694
0.23099631666723694
0.23099631666723694
0.23099631666723694
0.23099631666723694
0.23099631666723694
0.23099631666723694
0.23099631666723694
0.23099631666723694
0.23099631666723694
0.22918071942623963
0.22918071942623963
0.22401662588456772
0.22401662588456772
0.22401662588456772
0.22401662588456772
0.22398431165092936
0.22398431165092936
0.22398431165092936
0.22398431165092936
0.22300230152067388
0.22300230152067388
0.22300230152067388
0.22300230152067388
0.21385152475681213
0.21385152475681213
0.21385152475681213
0.21385152475681213
0.21385152475681213
0.21091864443411265
0.21091864443411265
0.21091864443411265
0.21091864443411265
0.20951868898233617
0.20951868898233617
0.20951868898233617
0.20951868898233617
0.20951868898233617
0.20951868898233617
0.20951868898233617
0.20951868898233617
0.20951868898233617
0.20951868898233617
0.20922171247730936
0.20922171247730936
0.20848143329110974
0.208522180008425
0.208522180008425
0.208522180008425
0.208522180008425
0.20820716258839025
0.20590834167077493
0.20590834167077493
0.17152573770781232
0.17149817663631492
0.17149817663631492
0.1714677389442951
0.1714677389442951
0.1714677389442951
0.1714677389442951
0.17135627560513406
0.17135627560513406
0.17135627560513406
0.17135627560513406
0.16690374233499708
0.16690374233499708
0.16690374233499708
0.16690374233499708
0.16690374233499708
0.16211502258849886
0.16211502258849886
0.16211502258849886
0.16211502258849886
0.16211502258849886
0.16211502258849886
0.16211502258849886
0.16211502258849886
0.16211502258849886
0.16211502258849886
0.16211502258849886
0.16211502258849886
0.16211502258849886
0.16227660062525157
0.16227660062525157
0.16227660062525157
0.16227660062525157
0.16227660062525157
0.16227660062525157
0.16227660062525157
0.16227660062525157
0.16227660062525157
0.16227660062525157
0.16227660062525157
0.16227660062525157
0.16227660062525157
0.16227660062525157
0.16297341060056908
0.16297341060056908
0.16297341060056908
0.15292568780334437
0.1391625817417886
0.1391625817417886
0.1391625817417886
0.1391625817417886
0.1391625817417886
0.13657304881364307
0.13657304881364307
0.13657304881364307
0.13657304881364307
0.13657304881364307
0.13657304881364307
0.13657304881364307
0.13657304881364307
0.13657304881364307
0.13657304881364307
0.13657304881364307
0.13657304881364307
0.13657304881364307
0.13657304881364307
0.13657304881364307
0.13657304881364307
0.13657304881364307
0.13657304881364307
0.13657304881364307
0.13625106023744343
0.13625106023744343
0.13625106023744343
0.13625106023744343
0.13625106023744343
0.13625106023744343
0.13625106023744343
0.13179461983627347
0.13179461983627347
0.13179461983627347
0.13179461983627347
0.13179461983627347
0.13179461983627347
0.0876081952231194
0.0874604992619294
0.0874604992619294
0.08707403305738437
0.08707403305738437
0.08707403305738437
0.08707403305738437
0.08707403305738437
0.08707403305738437
0.08707403305738437
0.08707403305738437
0.08707403305738437
0.08707403305738437
0.08707403305738437
0.08707403305738437
0.08707403305738437
0.08707403305738437
0.08707403305738437
0.08707403305738437
0.08707403305738437
0.08707403305738437
0.08707403305738437
0.07582282689585741
0.07582282689585741
0.07582282689585741
0.07643438113529129
0.07643438113529129
0.07643438113529129
0.07643438113529129
0.07643438113529129
0.07643438113529129
0.07643438113529129
0.07643438113529129
0.07643438113529129
0.07553742069300505
0.07553742069300505
0.07553742069300505
0.07553742069300505
0.07553742069300505
0.07553742069300505
0.07553742069300505
0.07553742069300505
0.07553742069300505
0.07553742069300505
0.0753788954241435
0.0753788954241435
0.0753788954241435
0.0753788954241435
0.0753788954241435
0.0753788954241435
0.0753788954241435
0.0753788954241435
0.07282449900822056
0.07282449900822056
0.07282449900822056
0.07282449900822056
0.07282449900822056
0.07282449900822056
0.07282449900822056
0.07282449900822056
0.07282449900822056
0.06637094623655478
0.06818561758276408
0.06818561758276408
0.06818561758276408
0.0676520378866039
0.0676520378866039
0.0676520378866039
0.0676520378866039
0.0676520378866039
0.0676520378866039
0.0676520378866039
0.0676520378866039
0.0676520378866039
0.0676520378866039
0.0676520378866039
0.0676520378866039
0.0676520378866039
0.0676520378866039
0.0676520378866039
0.0676520378866039
0.0676520378866039
0.0676520378866039
0.0676520378866039
0.0676520378866039
0.06671962148313078
0.06671962148313078
0.06671962148313078
0.06671962148313078
0.06671962148313078
0.06671962148313078
0.06845499800798273
0.07046418081941318
0.07046418081941318
0.07046418081941318
0.07046418081941318
0.07046418081941318
0.06970776133805896
0.06970776133805896
0.06970776133805896
0.06970776133805896
0.06970776133805896
0.06970776133805896
0.06970776133805896
0.06970776133805896
0.06970776133805896
0.06970776133805896
0.06970776133805896
0.06970776133805896
0.06970776133805896
0.06970776133805896
0.06970776133805896
0.06970776133805896
0.06970776133805896
0.06970776133805896
0.06970776133805896
0.06970776133805896
0.06970776133805896
0.06970776133805896
