0.0466667 0.016758995405684374
-0.0866667 -0.11315471123173981
-0.3733333 -0.2847479306742444
-0.1533333 -0.15618471123098993
0.0366667 -0.06024088347563611
0.0066667 0.0328037865829271
0.7633334 0.22782069472790584
0.61 0.5550910896927094
0.3833334 0.3773626565474166
-0.28 -0.2872910411520711
0.56 0.5441414536286351
0.1633333 0.21075682540375773
0.1266667 0.1433513234428267
-0.71 -0.6883103726395032
0.9666667 0.9038006771253071
-0.86 -0.8036549931722448
-0.59 -0.5965906431546129
-0.2366667 -0.20646913717685988
-0.4033333 -0.33859447985272234
-0.7566667 -0.7496248306847101
0.7133334 0.5371896240755281
0.4233333 0.4023337363597076
-0.2933334 -0.3297247146497046
0.72 0.4048453834716992
-0.9666667 -0.8725962719077925
-0.9966667 -0.8207161184099122
0.9833333 0.12869342590403166
-0.6666667 -0.657417588609351
-0.17 -0.18521140518205031
0.9 0.9504292973799495
0.03 -0.004555597808971995
0.27 0.14284042544342956
