0.0466667 -0.015373489503083204
-0.0866667 -0.10356671592813027
-0.3733333 -0.3839694123514098
-0.1533333 -0.14860175242899953
0.0366667 0.024282503444872733
0.0066667 -0.019094228855586426
0.7633334 0.8507253174406363
0.61 0.6215248390951343
0.3833334 0.41563248219983573
-0.28 -0.2923980492123985
0.56 0.529395503961363
0.1633333 0.1364519996773762
0.1266667 0.1600879943385086
-0.71 -0.7821715859408007
0.9666667 0.7008552881033985
-0.86 -0.8480546082816744
-0.59 -0.5495413962671785
-0.2366667 -0.26397567997698845
-0.4033333 -0.42687534928954773
-0.7566667 -0.7822915959826974
0.7133334 0.7436270333414927
0.4233333 0.3818954946069884
-0.2933334 -0.22863176898670545
0.72 0.7312387005257512
-0.9666667 -0.9128524773619898
-0.9966667 -0.990928508610151
0.9833333 0.995418379126723
-0.6666667 -0.42357247995312486
-0.17 -0.2123047667155761
0.9 0.9442148133316395
0.03 0.0350499567583617
0.27 0.19444798951959413
