1.6455376066798488
1.5272121930531317
1.527167893135015
1.5273615618176857
1.5257244727323866
1.5230036932699833
1.5187288826813503
1.504232387924803
1.500714373963755
1.4925573258960605
1.482615237453252
1.4820162148524845
1.478684045719326
1.4783152634303691
1.483382441642972
1.4889606111802653
1.48712658011015
1.4893287633510761
1.4872178193707712
1.4839931821628494
1.4823831557552105
1.4890717501094544
1.4869039963353432
1.483967380551473
1.4921814888492184
1.4884362082754878
1.4823774031685468
1.4853563319577314
1.4852233693663006
1.4744142756458753
1.4784346367766559
1.4816971402834695
1.4836894764747606
1.4826484891325198
1.4827743816752683
1.484481955009221
1.4801269689653103
1.483169459515927
1.498315017145266
1.494851763481432
1.504535374587196
1.5048126154764652
1.5045268336496775
1.504716135775898
1.5051011146260238
1.5087958159786732
1.5125999840169932
1.5135968702417875
1.519271618397614
1.517615976096576
1.513679131157416
1.5156297993539471
1.529259167257001
1.529249022481775
1.5262774569140665
1.5238044981267695
1.5238399915196916
1.4958730305189667
1.4965746911109499
1.5026365469724534
1.5026250542284427
1.5127645774909337
1.4970800042682848
1.4916367194011722
1.4915857411782025
1.4949632348273676
1.5011921901440748
1.4993153795806322
1.5005544096705374
1.5251498376669164
1.5257391924967374
1.5236743007399403
1.5267702540200485
1.5285552719916597
1.5284728584574108
1.529825382905244
1.5277810157367153
1.5245961389242322
1.5237027942921786
1.5235125045442242
1.5217478549527246
1.512445658240674
1.4940135348068857
1.4935010932351054
1.4861945478438852
1.4855275169926658
1.4878961936135278
1.4891388710670148
1.4784192533012936
1.4812321877349417
1.483536293527909
1.4822511089796033
1.4803556901378752
1.47866431886398
1.4821126074408957
1.482894080457661
1.4812088746615484
1.5119659112002837
1.4910633340201278
1.491508291669322
1.4878967464956707
1.4872985958988976
1.4833380333754265
1.4960943300976253
1.490565647919259
1.4830985852497778
1.4656244746862028
1.4452760876000508
1.429317374932903
1.4295135083448822
1.4254587687563145
1.431177852764631
1.4341657092034015
1.4252118977025041
1.4307611341856161
1.4063775361421669
1.408047004191681
1.4023545713565737
1.4023545713565737
1.4063994236731168
1.404547435965326
1.4066149646300825
1.4041046214044204
1.3758501944085402
1.3644789166698723
1.3599952123581365
1.3619329763988484
1.3508164861718586
1.3539369922410094
1.3187490213082065
1.3184018087561167
1.341231810855457
1.3180954273355034
1.3186621293979015
1.3157441879250156
1.3151192571769268
1.3178463500978075
1.3176325556265491
1.3168715160782059
1.321266927960872
1.3330239848052488
1.3344339278732271
1.3428558775258137
1.3445961723772841
1.3381220403644472
1.340627839823438
1.3509434066759867
1.354889919798058
1.350926644254942
1.3452621790687613
1.3487658979515889
1.3518354731386675
1.3496720085397478
1.356686327171915
1.3598203071042456
1.3597623644087493
1.3597862927032434
1.3566511110119648
1.3446955895910166
1.374809325422706
1.3732550972513187
1.3739563562503836
1.3681400758518507
1.3734810062250198
1.3725262629429145
1.3727103142033368
1.380886509301093
1.3803311094648079
1.3703287701827704
1.3670684141862175
1.364970905739507
1.366455936819145
1.3689442776677159
1.372662411389806
1.3721536920613953
1.3548386928754532
1.3603192019517496
1.3674130852134627
1.3674788274636924
1.3586571923884458
1.3585786807685563
1.3659043582391777
1.3566770589672112
1.3736952660186712
1.3733961271375297
1.3760039408031366
1.3697713536619927
1.3691123332879094
1.3625012429870955
1.3742987037392729
1.3712710391774547
1.3892699298255218
1.3633565482861452
1.3681523483002753
1.3638727513345736
1.3678533845272909
1.368645725397172
1.3686252031566144
1.366786655984673
1.3667415169021606
1.3667211772377246
1.3772749097187678
1.3758503676373595
1.3762008971013895
1.3695545310640498
1.3715921501758424
1.368081380290121
1.3694210328075083
1.3660382853005464
1.3488158643007935
1.3467431974419897
1.3510787786779124
1.3465189324178626
1.3438128931283884
1.3514816014964153
1.3514816014964153
1.35104144307209
1.3484105065286207
1.3370085699069523
1.3320763245450913
1.3138339185390147
1.329397102078746
1.3302380963431444
1.3444294563355872
1.3405622002373723
1.3392628816903416
1.3398266382308825
1.3177431447439145
1.3094873482351728
1.3197029978693424
1.3176425659128386
1.3166792366931364
1.3112915539698622
1.3100721753824633
1.3122508739685192
1.307124212744271
1.3068147078837051
1.3064750814878385
1.3057840417532254
1.3057840417532254
1.3050945637905502
1.3133337520713932
1.315328675914963
1.3019547111059564
1.3030050060591185
1.3040636270243435
1.3096237651505376
1.2938703002716392
1.2658634362286858
1.259739395759245
1.2589391145901248
1.2541766414839906
1.2559127593764507
1.2621729335521459
1.2642252554196518
1.2643905801709534
1.2617628341806444
1.259643191529419
1.2597553771897803
1.2551300150647293
1.2564134083732585
1.2563737895937384
1.2638851805423093
1.2639914213265333
1.2612004144683164
1.2591960387634604
1.2674983821646895
1.26657516244979
1.2676388445665876
1.2783999968745143
1.278159929473263
1.2680766101386787
1.252842715705488
1.2531004437182083
1.2438844806600184
1.2376732661513274
1.2406285987091916
1.264519257573754
1.264101864818904
1.2649672564856127
1.2595284589462157
1.263440060240791
1.272046932128889
1.2785105966871229
1.2786715609455694
1.277964104125887
1.2782247995234972
1.2832466144388763
1.2809898150753027
1.282833974480611
1.2894436770789546
1.2829013413840853
1.2822550834003545
1.270590176341058
1.2828048276050181
1.2835040481033577
1.2885742380714138
1.2950453425546846
1.2950453425546846
1.2950453425546846
1.2909177826347575
1.2919395366254618
1.2887018828332497
1.2966662734987189
1.2910215911688847
1.2952688734331206
1.2934484137231725
1.2713783407871488
1.264784173348502
1.275811942257685
1.2756241952151726
1.273849341021099
1.2781602023765226
1.2780587237903709
1.274950912738618
1.2698237682490043
1.2738316660891322
1.2861300189707896
1.291624334097844
1.2886259189702847
1.2870265675400363
1.2871187434295552
1.2892393831771596
1.3087806735379335
1.3235528252355353
1.3109003959500554
1.3103277226719645
1.3033234785964958
1.3047128688808183
1.3155896819517565
1.3155518892233389
1.3133836161959318
1.3058675312791246
1.2924468021990243
1.293428195692036
1.2842049251886964
1.28046691329966
1.279109843556117
1.2721877351217268
1.2664219490720479
1.2744701027934713
1.2740036859360406
1.2949756974225564
1.3004986997337316
1.3051827699375351
1.297144907348619
1.2990789256810817
1.302114837211848
1.3109666220105323
1.311704519384609
1.319096719197556
1.3216007467160453
1.3219700889009272
1.3297837492930291
1.3311640142630625
1.3274509561423111
1.3240526477244265
1.3237747960252708
1.3250777931731645
1.3020273580695716
1.3101975722206898
1.3068171369148844
1.3087719509894995
1.3153255463066953
1.315487538170496
1.3038999634234976
1.3012209613344325
1.3066841924579753
1.3177710584013829
1.3087038677133023
1.2864754186591927
1.2892848061424511
1.2577757831429672
1.2507331572825098
1.2547953155180238
1.2449655744515051
1.242356936126409
1.2434565140915061
1.2553894938126977
1.2298538891414752
1.2160162084486426
1.2158388389584596
1.2103785289070275
1.2135821527467772
1.203818497522727
1.2017257823904346
1.2155725857866029
1.2030790065035246
1.2084665303758773
1.2267811494794003
1.2306520191715866
1.2134548658814577
1.2139029737850557
1.2156308613851126
1.2296946893112413
1.2368807424858945
1.2483195040366328
1.2713070890241007
1.2628315174012579
1.2634272641589916
1.2625688919501532
1.2555778599944147
1.2554365758135368
1.2472949942045826
1.247696079596024
1.2468155222129438
1.2501734280508647
1.2562863506347255
1.2562863506347255
1.2821794068908525
1.2821877726783963
1.285480890305828
1.3100236137519659
1.3063001999894863
1.3077564319320722
1.3117539392237858
1.324181856761277
1.324181856761277
1.3182202059301567
1.3088225532360507
1.3084695708101606
1.3102922895095752
1.3144560102219303
1.3181722679347034
1.3181823683018739
1.336724720264812
1.336724720264812
1.3286298897430286
1.3429321696960237
1.3450026746598163
1.3527744296674777
1.3609147345856718
1.3610897393345565
1.359405065952092
1.359405065952092
1.3281058836122088
1.3243157488230082
1.3133438905681583
1.3130431330154055
1.3151306419011208
1.3115314260121356
1.3186920407041443
1.3242649291377782
1.3242649291377782
1.3198400835444457
1.321430099992432
1.3261143739626138
1.3117130397585617
1.3036747876951083
1.2947417062970537
1.286880775234701
1.2868044067589786
1.2868044067589786
1.3021797399594413
1.300564653099859
1.2883682677157173
1.2873602515690792
1.3001208288796198
1.2860214987668594
1.319673899913359
1.3202810045928466
1.3194493838419166
1.2861524624089498
1.28380405081444
1.2876928106613437
1.308032111235208
1.3121500315782306
1.3419075278539663
1.3628150352266093
1.3640308305286295
1.3653946788022973
1.3447786581415426
1.3524428186385817
1.3558742166555104
1.355880390778425
1.3545203919682145
1.3483371212363007
1.340024374809421
1.342045146506797
1.3213669724210737
1.3241536048483982
1.300805768253187
1.3008951376521694
1.3047365533509474
1.2973395138072366
1.2980667528232703
1.3000839051959046
1.3013918799543112
1.3013918799543112
1.3011662728163096
1.2961331153612217
1.2984548871884014
1.307035362016404
1.3123305544115764
1.3320275997855924
1.3304494126896131
1.3306033426303054
1.3287047844860003
1.3295390353583885
1.3295390353583885
1.3295390353583885
1.3361315428556935
1.3337856512414192
1.3386285295225397
1.3127750551185629
1.3167255844994994
1.3196947737087066
1.3158798247817063
1.3152173833750438
1.3151969314320364
1.3170146264432152
1.339349995323223
1.3477010659858475
1.329609339441681
1.322840568003208
1.3192844343125245
1.3117147195906589
1.3049235357316988
1.322774891618979
1.3249836319418888
1.3287668630944882
1.339703650010198
1.344593439133822
1.3463456945179406
1.3437059547775962
1.335618317617446
1.3459820319905205
1.3455423187789304
1.3364443972767237
1.3525055041582783
1.3669137163180678
1.368567827638114
1.3665628184145302
1.371379336239421
1.3699195678065936
1.3720864139524331
1.3643203778118993
1.3648343579689837
1.3667974975782202
1.3430622950350868
1.3428982823080282
1.3397009832506879
1.3394100815551857
1.335685532170929
1.33110274704074
1.3507080152800963
1.3482977596305998
1.3492186940070887
1.3325759246889528
1.3297113829507663
1.328077232364585
1.3258018661496453
1.3244798425300741
1.3302781073569774
1.3321095357185484
1.3293454559175637
1.334564964229088
1.326722084290366
1.3041252350587056
1.305518203670283
1.3045313526327014
1.2965533857554168
1.3140942516071707
1.3152210165312272
1.3013556660930787
1.3105372984899366
1.327949927158801
1.3282567748838414
1.3376333280696902
1.3264736155656138
1.3531132863382105
1.3552541843189896
1.3625086531804476
1.3567345533669215
1.338920479461855
1.3356332066503698
1.3389378784750856
1.3481050051089738
1.3370098804257453
1.3373102904984195
1.3321225217700026
1.3321886526650963
1.3352833837181066
1.3352046466150667
1.3324307011994239
1.3324358956703304
1.3339259839819746
1.3341156945917716
1.329014637151848
1.3105174554329917
1.311048290616962
1.3301858429778544
1.3314888077383524
1.331583012994831
1.3389682189846186
1.35007606738978
1.3486050049178016
1.3486664481698436
1.3410715375703792
1.339744841054165
1.3402985261476392
1.3336864949135308
1.3239734579777311
1.3348547298277684
1.3342122577214208
1.341930163722592
1.3325427868218482
1.3259675839071983
1.3269405503718465
1.3252712815961236
1.3259488335452816
1.319419259742796
1.3199529382535935
1.3102148523343313
1.3161125696275346
1.3149192928149767
1.314686781921257
1.3102676060781415
1.3106147843972784
1.2840473256931249
1.2830855358245017
1.2826932408875582
1.2884827384518396
1.28880961248251
1.299754762831999
1.3102213971462113
1.3074378587939435
1.2970021908981597
1.29871104080879
1.3020811016839493
1.3262250080528386
1.327020241774182
1.297126011648942
1.2965292503957646
1.2988203312362738
1.2988203312362738
1.296408742197006
1.296408742197006
1.297699207999659
1.2947847086038644
1.3051914459930012
1.2950554170587243
1.2941130797462228
1.2815253402611313
1.280913453068139
1.2790954498532008
1.269745318407363
1.2698665893853545
1.2687487895835654
1.2724218641630791
1.272478206679139
1.2453245008867866
1.2404220584261718
1.2418728713378426
1.2420175414469892
1.2376432546995033
1.2379685925728277
1.2431456247075197
1.2539973427021593
1.2546569007320199
1.2594639506634069
1.2564248050376825
1.260888331851248
1.2567047566829443
1.2702332916362913
1.2693670864241633
1.2625580515031016
1.2626395250044322
1.259794373852028
1.2534227946213545
1.2564320945624883
1.2530148901942342
1.2553561325390532
1.2555400480119194
1.254280628349379
1.2567635483009807
1.235815741795802
1.2413919943533056
1.2431903918251959
1.2430436305526495
1.2428970292999475
1.247659989880469
1.2475921593890984
1.2488214735825731
1.2554122710839684
1.250694356597231
1.2481812547408682
1.2427602134244098
1.2386979581686093
1.2314466169126903
1.2387263737684653
1.251711773962364
1.2525311911923953
1.2525311911923953
1.2520450863562569
1.2497077840797153
1.2491182988755574
1.249667697769209
1.2297881021471813
1.2312168833524668
1.2287816504127258
1.2251371516153773
1.2225196813148134
1.2206317328505707
1.210042227087392
1.2082183429129736
1.2048512699637206
1.2022893385309215
1.207261507986949
1.187412019787058
1.1650600384561343
1.185864644544497
1.1880974483421074
1.186517943470701
1.1863028319228854
1.1836786992253605
1.1865705669819453
1.184132777989205
1.1778632542312468
1.1876495193798744
1.1883315833517787
1.1956949066964035
1.20338219431777
1.2046814200394487
1.2024627852660386
1.198868946228706
1.2031817952631667
1.2034060424583681
1.2076015206526607
1.2216072695221432
1.2072437722810674
1.1964934218017569
1.1969375527114234
1.1977306624624835
1.1988491360259677
1.1978553875021645
1.2034682016559557
1.190592529886207
1.1897761421214927
1.1893305361958417
1.1890938142472507
1.2200036100218041
1.2202505409951483
1.2293444135221987
1.2298950575100236
1.2258803685894684
1.2265856033600533
1.2396948088223851
1.2413052208424233
1.242674125697162
1.2472370606877798
1.2494681126514453
1.2535854713613228
1.2500913285853084
1.2474615115593748
1.2474615115593748
1.2394153067253426
1.244328452379756
1.24554454942529
1.2446751312514208
1.2443801899370355
1.2436407808290877
1.244218875123182
1.2550743951557894
1.2534399180376867
1.2439273934860848
1.2485887180452515
1.2386653537806558
1.2050419277259032
1.202117393572038
1.2375372958573454
1.2421901318803656
1.2431469673975732
1.2471913060326345
1.247621114384134
1.246197204441916
1.246197204441916
1.2513427636380776
1.2649724079362183
1.2667581047040342
1.2667581047040342
1.2550508513580065
1.2617671185535386
1.263673932373866
1.2766919129189163
1.2727841041910795
1.2813975186438096
1.279087196590832
1.282599385601381
1.2725757673484934
1.2723940145776906
1.2774080088311563
1.271472909115
1.2714188306347747
1.2711700029333435
1.2767100716929547
1.2771058824190187
1.2861363830588877
1.278110932478685
1.2817845968011512
1.2588001641023665
1.2706667201782624
1.272953747015992
1.2779303050018127
1.2778580042512742
1.2781528745601638
1.2775101099108315
1.2754251378558745
1.270079773660291
1.235781963348088
1.2337355459868053
1.230724477867291
1.2074884594333126
1.223226498215406
1.2179159643326145
1.211357914166967
1.2004716720447184
1.202952052822082
1.2031968166277196
1.2051065910962977
1.202960049512175
1.2059292759760774
1.2135717051633157
1.2003149942494116
1.2151539589469884
1.222004531542564
1.2313366591532244
1.2388942199557462
1.2603775521629448
1.2613148228368483
1.275351366218719
1.2821848854670823
1.2785568361985735
1.2694873858731373
1.2695448051317848
1.2695448051317848
1.2684247709599852
1.2705417742668677
1.2839554440170897
1.292216756037408
1.2789706810941062
1.279269696707453
1.272979276500106
1.278309641271081
1.2749466542664891
1.2897960838148392
1.2763932858336446
1.273882928292595
1.2854134138205946
1.307555083005143
1.3233154480408558
1.3147047012983057
1.3237276741292594
1.3237276741292594
1.3285365625743415
1.3277252760824205
1.3312788059522942
1.3483942855856557
1.3601537293765755
1.3579542838733694
1.3674065639801012
1.3634991177140365
1.363812954600461
1.362461182516814
1.3647208379413114
1.359361237048538
1.3566438590613012
1.3524953617381068
1.3437655155824415
1.336119365327899
1.3482890029958035
1.3464624446386222
1.342220272814447
1.359875858327396
1.3607348046742642
1.3651427355450847
1.3643555955507443
1.3577965849052764
1.3441695495479153
1.3409025374836725
1.3407489712873317
1.3418228251373154
1.3411323048112251
1.359375345892898
1.3622187181281877
1.36248884519513
1.360741847287082
1.3478094247744072
1.3474317008280252
1.3454015233453276
1.3465125873597286
1.3442457870238764
1.3466428825129684
1.3392127689275632
1.3330898298916316
1.3330898298916316
1.3311616503881296
1.3281532032627275
1.3288355360539899
1.3297195054436304
1.3303096520407738
1.3461462252265268
1.3453850427298053
1.3456159916688892
1.3360056667378264
1.3357577182524467
1.3351390955640996
1.3416984249375514
1.3423103837260992
1.3411174970390287
1.3401941008752958
1.3354185957912623
1.3364230506857033
1.3360456740819988
1.3406574717213344
1.3406227707892893
1.3439229110087352
1.3236497813886334
1.3174493942231031
1.31208769334362
1.3127227442661769
1.3103432826553163
1.303478427377406
1.3070701125021167
1.3090148554028527
1.3070864265509035
1.300637050568897
1.3160087826619664
1.3093515906377717
1.3093515906377717
1.3091308791577212
1.3111438535606887
1.3023403942388012
1.294597758746546
1.2820170883072124
1.2820170883072124
1.283001942574337
1.2922438839351031
1.2900394056817983
1.289472408335589
1.291056320155155
1.2894760016585458
1.2861705836805053
1.2893967817285286
1.2872818534688069
1.2838430453565417
1.2841387456879958
1.2868191595891652
1.2892947163932071
1.2895077197754463
1.2897740035494605
1.2889930051208636
1.2880751026966515
1.2880751026966515
1.2970115737529624
1.2998919063890113
1.3109472170938152
1.3071383851954483
1.322439989989843
1.2907376189947959
1.2787487789822334
1.2767089905440854
1.2793687986065576
1.2846722476483634
1.2846337890632056
1.2773024333619887
1.2773024333619887
1.2744513873456325
1.2751481594754788
1.2722202596666639
1.270886549365111
1.273689135889445
1.2738214363712717
1.2776656093562044
1.272039677864512
1.2615902080485581
1.2612828893557062
1.2605964836816757
1.2622941712893723
1.2529399251359439
1.2561819190184187
1.2790866036892174
1.2804295051268573
1.2749186999859627
1.2795749410560016
1.2801888855978107
1.2897282732649324
1.286139014577213
1.2855591947086975
1.2816801172918464
1.280282676676497
1.2692456230523912
1.2714936449228444
1.2688298343902489
1.2592517067164002
1.263346156153808
1.263346156153808
1.2569744964425889
1.2460398017031042
1.2441174429917659
1.2442762388211952
1.2413883970531068
1.2374875247271908
1.23732100106375
1.2415561037228526
1.2477536087161896
1.235710019235849
1.2366910377976983
1.2453247781477252
1.241129792228156
1.241474608131369
1.2369122140721815
1.2357452031074903
1.2314722660805477
1.231434489763487
1.2258954364869201
1.21651403475268
1.2191546071564727
1.2266325509194418
1.2215760608532362
1.2209686396106014
1.2242113825937802
1.222489079954783
1.221417572564915
1.2368573953600444
1.2382256731767234
1.2535542743114887
1.2567165281913317
1.2577733002499507
1.2639306627929858
1.2517970119139437
1.2539497137075717
1.2516321133453954
1.2530215964111415
1.2529521952294895
1.2529521952294895
1.2702598744467009
1.2696842293455124
1.2552693132562314
1.2586315538537105
1.2586315538537105
1.2633911606278776
1.265497149191507
1.2633458822985657
1.2567419252206355
1.2563374018416937
1.2535182782942478
1.2477888862792503
1.2476999545080523
1.2499987363958684
1.248709494508216
1.248733882967944
1.2488889196837194
1.2514452870106256
1.2514452870106256
1.2528032805235785
1.2575483379404615
1.2633113045689683
1.255891353512265
1.2536287090941896
1.2587211999018189
1.2585160582697115
1.2657079481349967
1.2655662557642815
1.2647847453226297
1.2611522891029485
1.2632753131057994
1.253315136997405
1.24123793735701
1.240091870600026
1.249159766174986
1.2485374953811392
1.248768290147943
1.249413136373395
1.2493482000420049
1.216755697246709
1.216755697246709
1.2175825918814616
1.2175825918814616
1.2162310167718107
1.228336017050196
1.2310624844330702
1.2320037024312647
1.2439957495054044
1.2354235898054846
1.2370407087496016
1.238930079907563
1.2404859232953203
1.2312236194476427
1.2293627750387577
1.2297837321656586
1.2286617930042625
1.2235706437598106
1.1925532708764646
1.1920829579911831
1.187681628383364
1.1880069898940187
1.186828419434177
1.180811150762773
1.1850722241033422
1.1854273894231746
1.182840599667622
1.1982753453166737
1.1988648939072695
1.2018579468145063
1.200886942914799
1.1976928405138654
1.1940165462440795
1.2072284623805676
1.1990932999903028
1.2001263310660395
1.2001263310660395
1.2062251523418344
1.2248666313361172
1.2293115263925771
1.2354458692402526
1.235381038919159
1.2165129141944189
1.2158403443841956
1.2286713982618123
1.2214285413613761
1.1835526565166812
1.193699751297064
1.1928577721740825
1.207037026413303
1.1860914042619768
1.1853263845124893
1.184201196437282
1.1876352104844166
1.1879846306165052
1.1844047142607426
1.1843618040994286
1.182293522216381
1.189829660115215
1.187847508297993
1.1992809584817303
1.2043198642420845
1.2060320710133088
1.2072114448385918
1.209995668837764
1.2090256685087661
1.2081912766213931
1.2069058637800998
1.203209217211969
1.2132893051683433
1.2016661957905757
1.2018014624040638
1.2051241453938715
1.2051241453938715
1.2146550290568243
1.21664210762054
1.2408836047054714
1.2412476887680512
1.2313615283819563
1.2295381440772746
1.2245688948377624
1.2149888112080762
1.214101350380122
1.2190959268400858
1.19512604726143
1.167092978086157
1.1550517700340117
1.1530129582284883
1.1787387829353568
1.1834849774354494
1.1704118024786154
1.1492206642917238
1.143899482560539
1.1162318904824537
1.1215593120068226
1.1235609388740428
1.1240261941362069
1.109809951079392
1.0954686087658272
1.0987400320786125
1.0923156429113268
1.1034503842667855
1.1000662605076972
1.0886107081327063
1.086464627941218
1.0820485328314613
1.0820485328314613
1.0806757993666725
1.077775997123653
1.0795477596344003
1.0790170672708954
1.076967220163007
1.0785330196243859
1.0841277598800823
1.0808638096100853
1.0574435135225004
1.0691049314332683
1.0639603736089813
1.0627762863836827
1.0718386760888043
1.0595794937741936
1.0625324220859154
1.054124501079809
1.053265185405917
1.05286775895031
1.0410957994750645
1.040447615228676
1.0412837339405145
1.053369574074872
1.0780179917206876
1.077965839845024
1.0732280109821588
1.0683227025096116
1.0634982555419166
1.0642176581381186
1.062145846764344
1.062145846764344
1.063953710186137
1.0642387149023365
1.0642387149023365
1.0659783268192982
1.0718684881342189
1.0691329335433135
1.066472513174476
1.0663043291929166
1.0735434595565228
1.0743490359415853
1.0705404738386461
1.08576859852052
1.0865424329328972
1.072617523983287
1.072617523983287
1.0794113090799529
1.0738693614936288
1.0738693614936288
1.0791956487973118
1.0781762978793898
1.0758551914519068
1.0761818315407032
1.083419522830906
1.0933423533554147
1.0934025483077754
1.0949354089717167
1.0960612580274356
1.0965415981581679
1.0970675452470295
1.0937954682419655
1.0884247682740356
1.088295884235948
1.0717619313163005
1.0717619313163005
1.0667814696096718
1.0716624845421987
1.0722657176511154
1.0650020835021718
1.0647511601124175
1.0660566505923004
1.066094926533804
1.0688990074199791
1.0672846979089234
1.0690443979982236
1.0676539343708722
1.0678803196038595
1.068775421346334
1.0717263390381657
1.0703191065804483
1.0712780144998122
1.0539262682424975
1.0391157715329824
1.046474185911053
1.0475416449633865
1.0464908782174152
1.0456357361727924
1.0504633476845615
1.0502286289314968
1.0560204030905145
1.0542994339742102
1.0558666806000747
1.0608715942724007
1.0608743274117118
1.0548356763114406
1.0435660163087974
1.0578913036521451
1.075714511901441
1.0758484335814278
1.070623976822462
1.0865449174967878
1.0875206078657356
1.116683591563561
1.115723601399619
1.1298336463993672
1.1450575743972051
1.1449781515631752
1.141594723925785
1.1342776131709105
1.1296741287002683
1.129061702833417
1.1436937079128693
1.1438630107961405
1.1438630107961405
1.134834736075438
1.1260323424158665
1.1119208704508585
1.1124782500194632
1.1049203087683406
1.0981443155021042
1.1101675889502092
1.1154656495242259
1.1154656495242259
1.1231115754841647
1.125258694513293
1.1266215981678556
1.1304028243086235
1.1150284038498257
1.1226653923968695
1.1128531296158346
1.116068032236708
1.1167451979958676
1.1041823909972632
1.1094287433522172
1.1031512987646115
1.106020445544529
1.1037538540362362
1.092867769237632
1.092867769237632
1.0904747510975121
1.0972343183692121
1.0959099629541225
1.0995619702008497
1.068912692278123
1.0713388361015328
1.0713388361015328
1.071429067973247
1.0825052885315034
1.0807226259675902
1.0863016192660593
1.102435545480213
1.1037422615415153
1.115441423415988
1.1099021609145912
1.1115422147681246
1.1106717766670962
1.111565597640124
1.1074620714022103
1.1074620714022103
1.1060817984719833
1.0840606237947448
1.0932051556604976
1.09154411497761
1.0989624427762557
1.0977519035563459
1.0997120638896472
1.0950329674116182
1.0950329674116182
1.0766143997469357
1.07494072644938
1.0749038468160452
1.0761769358030298
1.0761617433834052
1.0991013956072087
1.102285064757512
1.102285064757512
1.093575317578439
1.092115912261978
1.0916417838706627
1.0974363273650005
1.0957635007082733
1.0770439478578486
1.076174427914119
1.0872106296039736
1.0872106296039736
1.0872106296039736
1.0687611168137787
1.0692693915140246
1.0545777643625052
1.069107156200243
1.0751169563324108
1.0751169563324108
1.0832983030318335
1.0861332729447033
1.0974221001127484
1.0991409874116544
1.0867424008782136
1.0774995260371034
1.0745509862666853
1.0787307749489663
1.0839155990912592
1.08526919617105
1.0873892539179875
1.0851681544911995
1.0837427154332162
1.0847880277683604
1.0901768886164511
1.0906144153460982
1.0850332043164164
1.083023515762927
1.0832243803797075
1.0773808649695942
1.0732226996522372
1.074525528112989
1.0614739173810441
1.0756140037757713
1.071163333268553
1.075375754314178
1.070784807009556
1.070784807009556
1.0713949310826245
1.0713949310826245
1.0927599116481719
1.0880391793639979
1.0880391793639979
1.0947781053951855
1.0947781053951855
1.0946713281380958
1.094404488138782
1.1014392889446383
1.1064530364970928
1.118580272660792
1.118580272660792
1.1144041568169871
1.1030597794102353
1.104384457744133
1.0812877931282434
1.077276338916518
1.0740573986367747
1.0797783202307925
1.0776020894506941
1.0775025666275913
1.0904190759171593
1.0852801538603165
1.0865788516278776
1.085508471927054
1.0838068386827782
1.106491710937886
1.1042502440902175
1.1042502440902175
1.108967806936709
1.1030572626854012
1.0955102913878607
1.0971604671285502
1.0933852019339794
1.1019196865022869
1.1078737984025926
1.1047571682046171
1.1043005965529167
1.1031999580747882
1.1048532418547254
1.1048792315891713
1.1048792315891713
1.1064176518098614
1.1071068572156464
1.110744099978855
1.1193544766456975
1.1136422838503777
1.1207469117657163
1.1279517683805338
1.1172741463120641
1.1176267082464018
1.1064227228182444
1.1064227228182444
1.1063899170650728
1.102534452752245
1.1025897792409673
1.1035635507569863
1.1035635507569863
1.1098572543164302
1.0999735457860742
1.0806615324663373
1.0788236686031625
1.0836476613992336
1.083529792687009
1.0921625633493468
1.0921625633493468
1.0923488581890037
1.0787069539049416
1.0804115482444194
1.0765001825212528
1.0722836136440141
1.0716087862016213
1.0765323460385023
1.0670752673391288
1.0749617882417586
1.0658349115946186
1.0655808866318155
1.0442263534894463
1.0419417189723617
1.0434475609110454
1.0504061811001846
1.0477528834687435
1.0622401974422226
1.0617126283680767
1.0616591055134421
1.0656254142052475
1.0673162207989975
1.0673162207989975
1.068054157377904
1.064973043054579
1.0720191766494047
1.060278284324081
1.055726651903965
1.0737664346624836
1.066987894237531
1.067340290823947
1.063493098664651
1.055354089705773
1.0608905905251655
1.0608905905251655
1.0664666306353339
1.0735607814672725
1.0813727969616314
1.0797903111416234
1.0886933949609277
1.0938264907828399
1.09517213097699
1.0914311356632755
1.0914311356632755
1.0914311356632755
1.0810225641150941
1.0861105020643584
1.0984561930409529
1.107634896608159
1.0960912326075742
1.0956559622603679
1.0956559622603679
1.0904576288849175
1.0918934937619915
1.0918934937619915
1.0896644701420022
1.0896644701420022
1.079257387597696
1.0805900807050384
1.0779592128409141
1.0761442903269378
1.0761442903269378
1.0528120262458804
1.0330710027830081
1.0242318461568536
1.0331010647767527
1.0327552302399177
1.0233974467411966
1.0226640762760892
1.0187541386409542
1.0309917628743104
1.0222249924353775
1.0222249924353775
0.989942653767323
0.9913632020366526
1.0120667124677425
1.005882193290222
1.0067536716479495
1.01001377538732
1.0057379593095659
1.0071479332623725
1.0073329188353517
1.005716968029092
0.9853494200057407
0.9834303476524718
0.9839476935948683
0.9839476935948683
0.9805207968573368
0.979871521121704
0.9802101429663327
0.9758106186877896
0.9942395926912615
0.988874337301305
0.9889644043271995
0.9736587607756809
0.9748470314701592
0.9744799440080211
0.9754133022750693
0.9610739938433571
0.9611627246205084
0.9512547006814402
0.9520338148415516
0.9560989389710965
0.9590888472049854
0.9654376539552962
0.9599122137773162
0.9599122137773162
0.9593416998829587
0.9597881683381007
0.9597881683381007
0.9549739823873955
0.9549739823873955
0.9544438484646371
0.9544438484646371
0.9466784377272877
0.9438896123331388
0.9467323897550646
0.9542528677890428
0.9628431463073313
0.9587991283063079
0.9588024014555686
0.9416030992662697
0.9786063498964366
0.9898431915884334
0.9715866774112838
0.9642231922338288
0.9661207529278591
0.9718381498697658
0.9707973276817418
0.9714195111616581
0.9651476698436552
0.9651476698436552
0.9626043203338506
0.9634655146340769
0.975658288169857
0.9913473703065124
0.9867940028955773
0.9828289703398299
0.980910752409631
0.9895073442097786
0.9868134335174202
0.9847644121508626
0.9845660107655547
0.9814798786751114
0.9728459668981024
0.9728459668981024
0.9728459668981024
0.9726854799533942
0.9716207150397886
0.9620304265582446
0.9611927138310092
0.9611927138310092
0.962954757166455
0.9804973705446421
0.9925339001090029
1.003590892100066
0.9924920753383567
1.0201322333932115
1.024239614650933
1.0446080187855458
1.0446855766805008
1.0446855766805008
1.0433103542833386
1.0439277102909272
1.0421604888110252
1.04500197635562
1.0491777294129816
1.070723989751309
1.0739284193659662
1.0859433052341247
1.0678584228889816
1.0671199119801797
1.0656016606990015
1.0656016606990015
1.0655223031477925
1.0593660510412815
1.0593660510412815
1.0464405460670267
1.0614767491368569
1.0528883600003895
1.055665564368721
1.055665564368721
1.0558717914656648
1.0553356180255695
1.0553973864218855
1.0555189037566708
1.0555189037566708
1.0546819266393954
1.054280703082714
1.0650066051821334
1.0653725980511044
1.065279184782692
1.0560314169892588
1.0669499551879906
1.0669499551879906
1.0285375500947207
1.0146447003728665
1.0146447003728665
1.015500168048256
1.008173327982632
1.012111558983303
1.0055206845848812
0.9976409742227865
1.0102008171386496
1.0115753433905523
1.0128172104347835
0.9950434366859818
1.0049599968295135
0.985746988114169
0.9780146714519315
0.9775516175669959
0.9532128907805006
0.946238536517197
0.9449348003806171
0.94064871842468
0.939802305316467
0.9354547353777766
0.9441502606412118
0.945864690587224
0.9506464258416745
0.9502953191727649
0.9509156467632041
0.9509156467632041
0.9755470511114246
0.9796891439607107
0.9886508043784044
0.9871582902517365
0.9884966216553361
0.9884966216553361
0.9905868621124305
0.9905868621124305
0.9864667181215365
0.9867796059985802
0.9867796059985802
0.9942741018783511
0.9835891875033904
0.9831368718343895
0.9832706495776596
0.982061648989421
0.9811173648474556
0.9730943614626456
0.9727261873556119
0.9875229302870487
0.9893710522847471
0.9886896959151213
0.9760142873905747
0.9765838662939618
0.9817490330693652
0.9835597874692621
0.9845131163374584
0.9903909989429801
0.9917890937106577
0.9917890937106577
1.0041291040064027
1.0028443447181996
1.0028117736264466
1.0045287631200104
0.9915032021327813
0.9796542684732666
0.9624619569119003
0.98112236234564
0.9839219758196105
0.9705186299300366
0.9707556110121907
0.9707556110121907
0.9551354880097563
0.9603565549788173
0.9617711069986239
0.953523015803351
0.9524488741699504
0.9531043020542453
0.9507845546558169
0.9424177133655773
0.9447649517102538
0.9341359176615511
0.9311805382905545
0.9357432053009513
0.9459727151660621
0.9371487957550654
0.9379046214862505
0.9344678207488168
0.9323397746945206
0.9351960795349443
0.9346093973004522
0.9265393377720448
0.9235483225268436
0.9235483225268436
0.9153296751153167
0.916044199177867
0.9235316591651508
0.9183230891954313
0.9123037470531552
0.9091759837408661
0.9091759837408661
0.9050058418403462
0.9111875115387389
0.911389096566033
0.9102677636379213
0.9102677636379213
0.9093922893942313
0.8909814444162957
0.8902253353413495
0.8904437691990099
0.896574023063742
0.8956244007638794
0.899427625502918
0.8923946110235739
0.8909566561787347
0.8693186461965516
0.8615781891268692
0.8549166885396983
0.8550507848432012
0.8506773684398653
0.8480914912452424
0.8389110902496317
0.8389110902496317
0.8383340925730973
0.8372108146016692
0.836297218849617
0.836297218849617
0.833972286002139
0.8274530721433045
0.837270278752768
0.8410800347196781
0.8428410303249169
0.838477297434767
0.836380159555913
0.8360063429891569
0.8263482027406609
0.8296744177276897
0.8297224276023704
0.8243117283538637
0.8189270112873264
0.8189270112873264
0.8154052042560611
0.8154052042560611
0.8167053564326491
0.8167053564326491
0.8167232490247525
0.8168382341022115
0.8171981232861425
0.8179304018721707
0.818658044933595
0.8168839475047979
0.8223694993842481
0.8223686929409146
0.8250441023491248
0.8305299811800394
0.8304325603701534
0.8287860034871537
0.8429911443688212
0.8429911443688212
0.8440656849114867
0.8440656849114867
0.8423111145125317
0.838198163846362
0.8276213274238167
0.826340567182517
0.8228563574868993
0.821772095496818
0.822431219762383
0.8229939678157266
0.8229939678157266
0.8237531195255007
0.8195263965840052
0.8195263965840052
0.8110725783148827
0.810060096117792
0.8090876916982908
0.8098243138087821
0.8098243138087821
0.815629853967014
0.8330548867342991
0.837419301418307
0.8365630499042541
0.8365080491142239
0.8347332392262617
0.8350337701185223
0.8374100441240027
0.8374099064039361
0.8363211895837392
0.8327304159435539
0.8339644648612691
0.8339644648612691
0.8356919559604414
0.8382580483748623
0.8451324695535314
0.8463271907491932
0.8463271907491932
0.8471361776046814
0.8282273782196683
0.8289847679474116
0.8495237664926681
0.8447624018315165
0.8419446716652954
0.8396709719423286
0.8462051693027711
0.8462051693027711
0.8465853377580236
0.8341068840902561
0.8409100952881401
0.8400448539109122
0.839743484601202
0.8358241068529634
0.8365137950226886
0.8368855364615226
0.8349998933679494
0.822742133043611
0.8092793993238719
0.8092793993238719
0.7939288264314928
0.7953541117564537
0.793983029741089
0.7977549511547343
0.7977549511547343
0.793368174979047
0.7917054685869304
0.7962483745368036
0.7952837991880563
0.7908302695293422
0.7915316522587927
0.7793286669208048
0.7407980937664741
0.7499281720281303
0.7452083096081938
0.7446148167821931
0.7465321868929701
0.7213343768303581
0.7186540028156128
0.7286202013801821
0.728494282539657
0.7282413430233231
0.7315169714156534
0.7290264202701319
0.7353821010604823
0.7360482220106416
0.7371167480968481
0.742916342982853
0.7228547860152901
0.7110599728463665
0.7059337586236373
0.7086193200241278
0.7058625211412745
0.7066840834737976
0.7083235051941452
0.6957212361480691
0.6927584636814083
0.6988697318227628
0.6990596863317078
0.68109186213334
0.6958122931903422
0.6978319218410521
0.6959782139220566
0.7046127850741065
0.7082697581360516
0.7081866896766048
0.7085632128274367
0.7084290080662777
0.7079349139267206
0.7147271402992449
0.7280857687685187
0.7259381049903436
0.7240173381748856
0.724934161334369
0.7067278363063149
0.7134693427938859
0.7282673434469884
0.7313111840557647
0.7400016577917041
0.732834222537369
0.728614930620828
0.728614930620828
0.7304194203072889
0.7258074334256794
0.726970794187476
0.726970794187476
0.726970794187476
0.7270540885773761
0.7191868899750065
0.7197809558973852
0.7233539152421892
0.7178107895612764
0.7104886908115152
0.7047249603834715
0.7175896564997041
0.7271438299606964
0.7160111484499596
0.7196660602335907
0.7249533291647393
0.7157957732968876
0.7142978450063981
0.7132523343176487
0.6971764740729496
0.6979631078739912
0.7157371283912088
0.7193104174434962
0.7135673081738538
0.7082049842285416
0.7097726116091674
0.7123733491754396
0.7046870913990326
0.6838471712478662
0.6952652172287987
0.699351292296636
0.699351292296636
0.699351292296636
0.7016589033955191
0.6912728835839278
0.6914870258986758
0.7003551296456856
0.7003551296456856
0.694121635699989
0.6923730328528808
0.6990887293474944
0.6978470294037573
0.6978109968418895
0.6992661296299219
0.6972037525651813
0.6874196071388086
0.6874196071388086
0.68710663011423
0.6772027551976761
0.6722697514141143
0.6780505883629964
0.6865356467741642
0.6774870659245098
0.6813313177661784
0.6852244421608591
0.6863852668182671
0.6863852668182671
0.6874337219341067
0.6796703377400832
0.6801911247191328
0.6800392096157909
0.680184237361507
0.680184237361507
0.6761112219142832
0.6785515545005689
0.6801403759696537
0.6777249199345515
0.6720311320499843
0.6836487795706765
0.7003973111551731
0.7003973111551731
0.7084666423220707
0.7022393931884093
0.6990878498492963
0.7066446205088023
0.7056761624003807
0.6998781916369192
0.6992191381416634
0.6936659944013998
0.6936659944013998
0.700215893856847
0.6928138871523625
0.6882508664405776
0.6855985953898498
0.685578663024276
0.6836447314964845
0.686245780051881
0.6867221138239079
0.6866127982959697
0.6880945763277521
0.6925345856968063
0.6925078919129112
0.7077218087361541
0.710735904732519
0.7089872050997758
0.7078252809170644
0.7073049864227736
0.7072891230391349
0.7177909254084173
0.7188540706252015
0.7195185117866827
0.7122342824364056
0.70713456500989
0.7048321369936494
0.7047033550719123
0.7044703739305535
0.7055633729407336
0.7099984962723048
0.7099984962723048
0.7096890947418085
0.7096890947418085
0.6908576624874452
0.68938682846054
0.6899657462171488
0.6899657462171488
0.6817254426956797
0.6808840074686507
0.6814404624209276
0.6643709878087731
0.663893971216731
0.660938390498574
0.660938390498574
0.6528127812954669
0.6374835440127276
0.647893530283532
0.6407556248813042
0.6352512234067929
0.6265927519843056
0.6262279687859382
0.6330952507045954
0.6306975187811625
0.6370927111766582
0.6388652739706445
0.6388971540855716
0.6365396204988814
0.6366799876165041
0.6366799876165041
0.6319097318606184
0.6305511955374323
0.607516178995356
0.610770080636215
0.6123016439095452
0.6120238967679245
0.6129943428265591
0.6222262684081703
0.6128543331593647
0.5889795805321622
0.5837286231873157
0.5837286231873157
0.5909634719740159
0.5910283424112786
0.5977746962643452
0.597359569172146
0.5972927547485597
0.598899770613353
0.6051671399246191
0.6097981240327977
0.6136442430816093
0.6136442430816093
0.6083022448543083
0.6083022448543083
0.6000458711920456
0.6002869979293161
0.5919491854312611
0.5919491854312611
0.5919491854312611
0.5953873433987572
0.5954727400984703
0.5890149742723982
0.5890149742723982
0.5869702010640244
0.562735692375128
0.5624934998337456
0.5612543421533068
0.5623817596003571
0.5793654430703703
0.5873350920488029
0.585068869399433
0.5850390109851081
0.5751725686932451
0.5779834552151872
0.5779834552151872
0.5777164294454628
0.5779746236716382
0.5779746236716382
0.5782192015054465
0.5737646194793112
0.5602381713358433
0.56382168288492
0.564311036374054
0.5705479318144392
0.5709517352417455
0.5709517352417455
0.5726922787307851
0.5858908791021658
0.5965353111050536
0.619343184499809
0.6220414918698314
0.6177573344371342
0.6162556738444797
0.6128755969325388
0.6137811515465827
0.6137811515465827
0.6161670154128323
0.6161670154128323
0.6141837078713996
0.61520034431701
0.6151752822856323
0.619605505984236
0.619605505984236
0.6346574924074391
0.6346574924074391
0.6493770528738587
0.6503007511835776
0.6495698452022781
0.6498859882157884
0.6531234967759841
0.6617327797914522
0.6658122935415405
0.651794063235385
0.6417103747758288
0.64956980901654
0.648769051688847
0.6498557528621141
0.6498557528621141
0.6498557528621141
0.6486921170985004
0.6605294098079124
0.6573366321128736
0.6583103668002891
0.6594071861312323
0.6671114670812001
0.6668371489484985
0.6675924402968174
0.667652292299817
0.6671881083822433
0.6621439705138532
0.6621439705138532
0.6621439705138532
0.6590331018985628
0.6577473874676547
0.6577473874676547
0.6528356347867464
0.6511188865340484
0.6578037179709062
0.6461202032513857
0.6493627371004161
0.6506310728341271
0.6601783283568007
0.6628531149059905
0.6636481133093435
0.668500870581924
0.6683761955879807
0.6684961053338097
0.6658673560596192
0.6621878680451516
0.6418262878098628
0.6400881722228843
0.6400881722228843
0.6411636769137223
0.640608714706678
0.6385382336266746
0.6385382336266746
0.6602727948594663
0.6602727948594663
0.6526135653633075
0.6511287670952705
0.6511287670952705
0.6455711555371921
0.6570072842063942
0.6579772238640715
0.6502029594018722
0.6500363648163727
0.6475960151904665
0.638062676844948
0.6396556793422036
0.633821571906636
0.6343763790160722
0.6330351356741679
0.6321285851241903
0.6373164816159638
0.6455509580125453
0.6444441053763318
0.6444441053763318
0.6444441053763318
0.6341572587216848
0.6341572587216848
0.6335558019138635
0.6614510550297563
0.661433131125087
0.6668487887777508
0.6650187334644831
0.6650187334644831
0.67543485791733
0.6721982166909868
0.678804503759252
0.6777866629550181
0.6721138914154149
0.6594275925537445
0.659568927172171
0.6491361607809311
0.6401810682362417
0.6389358041220187
0.639473376832102
0.6369877266884575
0.6372973150585712
0.6373683477259994
0.6324425678628534
0.6315453254411779
0.6315453254411779
0.6396461186697514
0.6392273708054067
0.638918293468457
0.6385755850600382
0.6133660709069451
0.6109827317946255
0.6286041292365748
0.6223612782876051
0.6223612782876051
0.6246948275711731
0.6300120033643201
0.6260600680121798
0.6296589288227226
0.6296589288227226
0.6264439769508738
0.6263005389430806
0.6263005389430806
0.625254980363885
0.6167976808313083
0.6192516501503212
0.6161399841522209
0.6215138525460949
0.621549212456156
0.621549212456156
0.6215840581916724
0.6287942123422309
0.6287942123422309
0.6336361033791172
0.6331342233174831
0.6385040432663042
0.6356583818517039
0.6367434948053086
0.6366794762810182
0.6366794762810182
0.6434222972855675
0.6387809306007591
0.6404509267330539
0.6404509267330539
0.6404509267330539
0.6482795051751638
0.6443694569471923
0.6445568602206154
0.6315308064786572
0.6315308064786572
0.6235966532871913
0.6241002795723123
0.6203585328008597
0.6192348869110371
0.6192348869110371
0.6136655962212759
0.6136655962212759
0.61689470717665
0.612913262989856
0.611678857820107
0.611695995889925
0.6122082340206068
0.6133131439891275
0.5924205670835608
0.5905414472201869
0.5866644768032414
0.5730284808334886
0.5730284808334886
0.5683225170935693
0.5718654738226371
0.580472681808289
0.5941617906607128
0.5941617906607128
0.5941617906607128
0.5837741840045096
0.5844050315329619
0.5847043664685758
0.5759825127129347
0.5776256700704057
0.5776256700704057
0.5809580546732178
0.5736587649871241
0.5737783691777468
0.5737783691777468
0.5746751598641151
0.5753286937295596
0.5624011677533483
0.5624011677533483
0.5592911026164228
0.560772712657505
0.5576278691257636
0.5559065746718344
0.5559065746718344
0.5577214323215502
0.5599797657130782
0.5618109554258128
0.5549341126644566
0.5624539944790535
0.5647037342330262
0.5647037342330262
0.5687752510952481
0.5687752510952481
0.5388525201259944
0.5345996482574343
0.5345996482574343
0.5345996482574343
0.5345996482574343
0.5351204998487284
0.529636781926267
0.5343568507248938
0.5343568507248938
0.5317515986550722
0.5278544426454613
0.5278544426454613
0.5278544426454613
0.5355774991713086
0.5441041492102047
0.5467319633861789
0.5486733002387897
0.551355817592901
0.5405583150761686
0.5405583150761686
0.5415731092497413
0.5542936551226081
0.5519135920446077
0.5482766817477958
0.5437980438390931
0.5313113797091394
0.5291651359737278
0.5291651359737278
0.5291651359737278
0.5283728960205867
0.5347746769296993
0.5275335223187875
0.5240440936337203
0.5224201766655009
0.5145987203668828
0.5127983849354947
0.5127983849354947
0.5317427020899725
0.5327505101647512
0.5339170318128332
0.5339170318128332
0.5323924958518373
0.5324991087150559
0.5524519975321519
0.5489197926618671
0.549788032233148
0.549788032233148
0.5477084751371832
0.5529683008238448
0.5529683008238448
0.5530189202671938
0.544920240235025
0.5433512974922351
0.5472171371963335
0.5472171371963335
0.5560863876613618
0.5560863876613618
0.5589204690805574
0.5552627130444537
0.5530591217395595
0.5556577980635083
0.5580022744773229
0.5577661421022156
0.5615542119391768
0.5642178605089236
0.5665651862365799
0.5839335731773344
0.58310429338655
0.5958782956352949
0.5958782956352949
0.5939123754044253
0.593923122766888
0.5975234474883999
0.5940805185971331
0.5904165170855885
0.5904165170855885
0.5904165170855885
0.5904165170855885
0.5846164369586901
0.5846164369586901
0.5846164369586901
0.5738779663397717
0.5519789562872202
0.5519789562872202
0.5519789562872202
0.5519093417518532
0.5520076798080957
0.5523497105159949
0.5516974233538136
0.551673241214432
0.551454565738537
0.5514884705490449
0.5509465141749446
0.5600739372645951
0.5455991021271777
0.5476901265525509
0.5484495599241147
0.5502382440704883
0.5504894034348625
0.5418402109020534
0.5234382859740505
0.5236046313780074
0.527107333989693
0.5227966851390005
0.49790000278641766
0.49790000278641766
0.4982503198333024
0.4982503198333024
0.5114382467124664
0.5138196814792757
0.5134837685866335
0.5222574159757746
0.5255880637367601
0.516847281350691
0.5169193678585389
0.5169193678585389
0.5169641898396502
0.510433570559464
0.510433570559464
0.5157031585644061
0.5165118494568266
0.5092410870726938
0.5084962613281353
0.5016792347147531
0.5052497885335238
0.5048819123357078
0.49775790604633097
0.4982954419954274
0.49728161505755186
0.49129937587866446
0.4890699863326064
0.48380620105430777
0.48380620105430777
0.4777964908343855
0.4782803044065894
0.47966716383134156
0.4785522708494708
0.48280053792135497
0.4928072502442547
0.49095900229347633
0.4902815062475718
0.4875490103698176
0.4831794506390684
0.49705469088997833
0.493135605133995
0.4964155825215318
0.4967965978828408
0.4967965978828408
0.49741925861061176
0.4982559219807062
0.5005331136756822
0.4787486918105017
0.4774343486827102
0.4814210240896023
0.4804081936397073
0.4789687700907506
0.47638805940994267
0.4807118284655918
0.48224348510307496
0.4803646694589339
0.47796020073206413
0.47796020073206413
0.47796020073206413
0.480318091887969
0.48437630909720625
0.48437630909720625
0.48437630909720625
0.4845181594870155
0.4794140209670717
0.4794140209670717
0.47404119706551273
0.48279794170116935
0.4800687562821651
0.48437975268813616
0.47973456959351546
0.4772348049409357
0.48204337242973866
0.4843886934320754
0.4843886934320754
0.4843886934320754
0.4843886934320754
0.4739287552021714
0.4912701037255123
0.499388114947164
0.4691765214174522
0.46973716006313826
0.4734090645125268
0.48658294621240744
0.48417109742588044
0.48417109742588044
0.4838455843308399
0.4838455843308399
0.47526368607758646
0.4772269802566163
0.4772269802566163
0.4772269802566163
0.4761950860534943
0.4761950860534943
0.4761950860534943
0.4761950860534943
0.5073565425408383
0.5041392797301182
0.5009811144316226
0.505080874362256
0.5026111914102638
0.5088863952154309
0.5111271124805105
0.5111271124805105
0.5243673756011462
0.5240741180180571
0.5182648863368674
0.5151125018241107
0.5160942515573536
0.5160942515573536
0.4983595567925486
0.4969780855892807
0.49690776744169796
0.49690776744169796
0.4938689144914055
0.4897699300374383
0.4897699300374383
0.4893490617188887
0.4942170912252853
0.4901124424160916
0.48494352744245095
0.4848029650297369
0.4848029650297369
0.491086798817398
0.4919819515986559
0.4877901874658804
0.4852422844964803
0.4856460306966756
0.4881118790607657
0.4819333095537148
0.4778421382918926
0.4702679105003749
0.46711180913526096
0.46711180913526096
0.46711180913526096
0.4771385842532668
0.4764026675722099
0.4763358579107869
0.4763358579107869
0.47576478765925156
0.47574981351257417
0.47574981351257417
0.4756529892953979
0.474629876963344
0.4682092620618216
0.4682092620618216
0.4682092620618216
0.4681918325785916
0.46920441795288087
0.4728951216260404
0.4906792655850575
0.4906792655850575
0.4996741316142757
0.4907862423320322
0.49341782734287715
0.49452155673988274
0.49062682042446226
0.49869164131453325
0.4892242116277062
0.4889833376793118
0.4889833376793118
0.4906433311592612
0.4815145349043369
0.4821913697942995
0.4853363406993637
0.4802931222531583
0.4802931222531583
0.4763819862153013
0.4749510902350503
0.4749510902350503
0.4750928554900403
0.47111780943026044
0.4831874227922792
0.4858124990371032
0.47947186039473316
0.48034106966902373
0.4769075213850535
0.4681611991858822
0.4681611991858822
0.47250451555891554
0.47883653881554883
0.4796397004685132
0.4801735869012207
0.4801735869012207
0.4885021419063823
0.4813051374143074
0.4635422038304756
0.4625739636863622
0.4624753745791803
0.4537531893844256
0.4537531893844256
0.46282631049907913
0.46302060064022454
0.4636152498393322
0.46534125966119533
0.46730741782409085
0.48226815802448975
0.47287144120555624
0.47287144120555624
0.4706054636670898
0.4706054636670898
0.47309522873167853
0.47309522873167853
0.46896756378377996
0.4527643994487058
0.4527643994487058
0.4538966559116976
0.45409779649858056
0.4485275237769755
0.4485275237769755
0.43163564712592883
0.43040347929925854
0.43040347929925854
0.4295187316502523
0.4396912824093628
0.4232365580462932
0.425090517070095
0.425090517070095
0.4258996565007529
0.4258996565007529
0.4253669980116907
0.41270238793824243
0.41270238793824243
0.41261013804484464
0.4166370629327943
0.39655118125970307
0.39655118125970307
0.39655118125970307
0.39655118125970307
0.3948619509672179
0.3948619509672179
0.3948619509672179
0.39097654321020275
0.3914298842282192
0.3914298842282192
0.3914298842282192
0.40856447357668907
0.4112337614374164
0.41391692301568095
0.4128191880581487
0.4114852277198956
0.4148244608858225
0.4148244608858225
0.4160023722538007
0.4160023722538007
0.41141649945998116
0.41241718394657156
0.41241718394657156
0.4019694649537868
0.40051402258935637
0.40051402258935637
0.40051402258935637
0.39712908957011517
0.39754411869451445
0.39754411869451445
0.3865331016970446
0.38641425689132936
0.392915662026949
0.392745133153723
0.40135430468472294
0.40135430468472294
0.3999580663105318
0.40033169414305175
0.40313897839551815
0.3688994937333474
0.3638673360351315
0.3628845480707066
0.344325413792891
0.33913310577558725
0.3396345154416427
0.33115916780863097
0.33115916780863097
0.3276614933186422
0.32758264411853266
0.3246712659176728
0.3312496044716044
0.33184984637413556
0.33442640147831515
0.3470714005984603
0.3454573683922519
0.3423502809855016
0.3423502809855016
0.33623517329986596
0.33707226720948535
0.33707226720948535
0.33707226720948535
0.33425349531430953
0.33425349531430953
0.34355570720955236
0.34513268518703294
0.3434601321231426
0.3434601321231426
0.34353240453022454
0.3481168860017969
0.3407968521842984
0.3400921789091194
0.34050783489740327
0.3376221103244033
0.33900721333275574
0.35004303582181534
0.34827054333181845
0.34827054333181845
0.34827054333181845
0.3478565270496005
0.3478565270496005
0.3461291653637724
0.3461291653637724
0.3461291653637724
0.33972621988548746
0.33972621988548746
0.3420979764733599
0.3461792621294726
0.33376045855180936
0.3401408629752082
0.34556985817508185
0.34556985817508185
0.3482238307771757
0.3487697681360086
0.3500212905306962
0.36365806445508625
0.36227433902820355
0.36227433902820355
0.36085426558422795
0.36085426558422795
0.3609607731038471
0.3583045486435976
0.35792374448525016
0.3580642314552803
0.34850654715925417
0.3472078382828104
0.3568499669852437
0.36472983889441846
0.36472983889441846
0.37673057174894553
0.3791172612704601
0.36274386064808095
0.36544361635761496
0.36407513882615744
0.3581045547031678
0.36011143810933754
0.36134063611460987
0.3692361266398093
0.3692313598622426
0.3650259534768165
0.3666647321347631
0.3666647321347631
0.3672279593391947
0.3672279593391947
0.3672279593391947
0.362391951172179
0.3662885637987085
0.3666819915451951
0.36059844314450035
0.3603983615957632
0.36979309125200654
0.37777346521205474
0.37777346521205474
0.37777346521205474
0.3804348592002588
0.3805466057536296
0.3928422592061197
0.3928422592061197
0.3928422592061197
0.3894500721159318
0.3894500721159318
0.3894500721159318
0.3864900079711035
0.3844277854152349
0.37924847301670267
0.3771371725468742
0.3771371725468742
0.37735499422516444
0.37605423332950494
0.3735488846117291
0.37353950526388785
0.36181076754379166
0.3600598280954058
0.355684027451046
0.355684027451046
0.355684027451046
0.355135354309652
0.355135354309652
0.3563425785638261
0.3563425785638261
0.3470438695319551
0.3470438695319551
0.3485430207865369
0.3485430207865369
0.35100445903596456
0.34126917491915626
0.34126917491915626
0.33991088188517293
0.3482225110353268
0.34829920612968457
0.3472971072260171
0.3472971072260171
0.34839185487336255
0.3479735595699483
0.3479735595699483
0.33983735950290955
0.3478118357573881
0.3461850741429069
0.3461850741429069
0.3460144557366902
0.33726415578352065
0.3370006860682899
0.3370006860682899
0.3370006860682899
0.33536898778410856
0.33536898778410856
0.3339599241938436
0.3452926673446722
0.3246819172725773
0.3286966959524334
0.3286966959524334
0.3286966959524334
0.31534134230146404
0.316251845113706
0.316251845113706
0.30871154357319947
0.30871154357319947
0.30871154357319947
0.3086151500864696
0.3115512189389341
0.31671160645709406
0.31776064077659294
0.31620618077036916
0.31602931238156773
0.3172812266614348
0.3172812266614348
0.3246712659176728
0.3246712659176728
0.3121885269680158
0.30205656713344015
0.3033207852989715
0.3033207852989715
0.3033207852989715
0.3038172163479924
0.3038172163479924
0.30141768238028505
0.30141768238028505
0.30141768238028505
0.30141768238028505
0.30141768238028505
0.30141768238028505
0.2804048138501488
0.2804048138501488
0.2804048138501488
0.2804048138501488
0.2758140245454663
0.27485968580764897
0.27485968580764897
0.272354920698705
0.272354920698705
0.27065059642669304
0.27065059642669304
0.27078953389968363
0.2686694929551628
0.2686694929551628
0.2686694929551628
0.2686694929551628
0.2686694929551628
0.2686694929551628
0.26801036616255774
0.2583345992820212
0.2583345992820212
0.2583345992820212
0.2583345992820212
0.24183752093231714
0.24183752093231714
0.24183752093231714
0.24183752093231714
0.2385164658561696
0.2329700321093853
0.2329700321093853
0.229565400136052
0.229565400136052
0.229565400136052
0.229565400136052
0.229565400136052
0.229565400136052
0.229565400136052
0.229565400136052
0.2280830923192473
0.22604852031386224
0.22604852031386224
0.21099940628560418
0.21099940628560418
0.21099940628560418
0.20712441115730798
0.20712441115730798
0.20712441115730798
0.20712441115730798
0.2068849977415995
0.2068849977415995
0.2068849977415995
0.2068849977415995
0.2042349031287743
0.2042349031287743
0.2042349031287743
0.2042349031287743
0.20149371318650225
0.20149371318650225
0.17945605563974
0.17898286429945598
0.17898286429945598
0.17898286429945598
0.17898286429945598
0.17898286429945598
0.17926169367993408
0.17926169367993408
0.17926169367993408
0.17926169367993408
0.17926169367993408
0.17926169367993408
0.17926169367993408
0.17926169367993408
0.17926169367993408
0.17926169367993408
0.1785061023155852
0.1785061023155852
0.1785061023155852
0.1785061023155852
0.1785061023155852
0.1785061023155852
0.17781246166740358
0.17454144084284845
0.17454144084284845
0.17454144084284845
0.17454144084284845
0.17454144084284845
0.17454144084284845
0.17454144084284845
0.17454144084284845
0.17454144084284845
0.17454144084284845
0.17454144084284845
0.1743863360491177
0.16072660320764026
0.16072660320764026
0.16072660320764026
0.14292058735943183
0.14292058735943183
0.14292058735943183
0.14292058735943183
0.14292058735943183
0.14292058735943183
0.14292058735943183
0.14292058735943183
0.14208415045124007
0.14208415045124007
0.14208415045124007
0.14208415045124007
0.14208415045124007
0.14208415045124007
0.13256518734140357
0.13256518734140357
0.13256518734140357
0.13256518734140357
0.13256518734140357
0.13256518734140357
0.13222444957138013
0.13165024821801866
0.13165024821801866
0.1312701196614964
0.13004287938002576
0.13004287938002576
0.13004287938002576
0.13004287938002576
0.13004287938002576
0.13004287938002576
0.13004287938002576
0.13004287938002576
0.13004287938002576
0.13004287938002576
0.13004287938002576
0.13004287938002576
0.13004287938002576
0.13004287938002576
0.13004287938002576
0.12969613662593282
0.12969613662593282
0.12969613662593282
0.12969613662593282
0.12969613662593282
0.12969613662593282
0.12969613662593282
0.12969613662593282
0.12969613662593282
0.12969613662593282
0.1293401823256017
0.1293401823256017
0.1293401823256017
0.1293401823256017
0.1293401823256017
0.1292211673801232
0.1275554731589542
0.1275554731589542
0.1275554731589542
0.1275554731589542
0.1275554731589542
0.1275554731589542
0.12868812776912428
0.12868812776912428
0.12868812776912428
0.12868812776912428
0.12868812776912428
0.12868812776912428
0.12868812776912428
0.12868812776912428
0.12868812776912428
0.12868812776912428
0.12868812776912428
0.12868812776912428
0.12868812776912428
0.12868812776912428
0.12868812776912428
0.12868812776912428
0.1285569753698366
0.1285569753698366
0.1285569753698366
0.1285569753698366
0.1285569753698366
0.1285569753698366
0.1285569753698366
0.12571922778725605
0.12071925725015292
0.12071925725015292
0.12071925725015292
0.12071925725015292
0.12071925725015292
0.12071925725015292
0.12071925725015292
0.12071925725015292
0.12071925725015292
0.12071925725015292
0.12071925725015292
0.12071925725015292
0.12071925725015292
0.12071925725015292
0.1196459133876384
0.1196459133876384
0.1196459133876384
0.1196459133876384
0.1196459133876384
0.1196459133876384
0.1196459133876384
0.1196459133876384
0.1196459133876384
0.1196459133876384
0.1196459133876384
0.1196459133876384
0.1196459133876384
0.1196459133876384
0.1196459133876384
0.09388639588389246
0.09388639588389246
0.09388639588389246
0.08160217332344792
0.08160217332344792
0.08159175078096782
0.08159175078096782
0.08159175078096782
0.08159175078096782
0.08159175078096782
0.08159175078096782
0.08159175078096782
0.08159175078096782
0.08159175078096782
0.08366607639426228
0.08366607639426228
0.0753010235343204
0.07357912019673313
0.07357912019673313
0.07357912019673313
0.07339272384426823
0.07167961196497825
0.07167961196497825
0.0635240722029233
0.06446323478968607
0.06446323478968607
0.06072802574830861
0.06072802574830861
0.06072802574830861
0.06072802574830861
0.06072802574830861
0.06072802574830861
0.06072802574830861
0.06072802574830861
0.06072802574830861
0.06072802574830861
0.06072802574830861
0.06072802574830861
0.06072802574830861
0.06072802574830861
0.06072802574830861
0.06072802574830861
0.06072802574830861
0.06072802574830861
0.06072802574830861
0.06072802574830861
0.06072802574830861
0.06072802574830861
0.06072802574830861
0.06054484174831102
0.06054484174831102
0.06054484174831102
0.06054484174831102
0.06054484174831102
0.06054484174831102
0.06054484174831102
0.06054484174831102
0.06054484174831102
0.06054484174831102
0.06054484174831102
0.06054484174831102
0.06054484174831102
0.0603654248843217
0.0603654248843217
0.05981760423805971
0.05981760423805971
0.05981760423805971
0.05981760423805971
0.05981760423805971
0.05981760423805971
0.05981760423805971
0.05981760423805971
0.05981760423805971
0.05981760423805971
0.05981760423805971
0.05981760423805971
0.05981760423805971
0.05981760423805971
0.05981760423805971
0.05981760423805971
0.05981760423805971
0.05981760423805971
0.05981760423805971
0.05981760423805971
0.05981760423805971
0.05981760423805971
0.05981760423805971
0.05981760423805971
0.05981760423805971
0.05777765915483289
0.05777765915483289
0.05777765915483289
0.05777765915483289
0.05777765915483289
0.05777765915483289
