0.8466667 0.4944482435945316
0.45 0.4430332048125747
0.38 0.393240920516454
0.1066667 0.11300751480062246
-0.1966667 -0.19917975239022662
0.5366667 0.535003403666451
-0.51 -0.4798540700193134
0.4833333 0.46889644359839316
-0.16 -0.1621137234221138
0.6533334 0.665749497175574
0.9066667 0.9298511223653003
-0.4066667 -0.41071043942190016
-0.7 -0.6942364479563132
0.5733333 0.5839719684063522
-0.22 -0.21867032127880903
0.1333333 0.1259662916952544
0.32 0.32660331065591414
-0.8866667 -0.8728107596729381
-0.9866667 -0.9905817407694172
-0.5866667 -0.5708924263737459
-0.79 -0.5372368999396004
-0.7866667 -0.5200617464372792
-0.1366667 -0.1393443395128699
0.9866667 0.717310416577368
0.7866667 0.7406469576031659
0.82 0.7969806316864515
0.0433333 0.050635692396614446
-0.01 0.03653006258462699
-0.3666667 -0.36778454181808656
-0.0466667 -0.05539506216561557
0.0166667 0.009553798485062492
0.55 0.5465972183829758
0.3933333 0.39972935410823773
-0.7466667 -0.7575640412200607
-0.17 -0.17140067856964636
-0.1733333 -0.16268647223833682
-0.9066667 -0.651967954111421
0.55 0.5353538313419675
0.06 0.037297809447959976
0.3733333 0.35516456668073937
0.98 0.9369390924577773
-0.6233333 -0.6134372021430865
0.1 0.09591145625089458
-0.0033333 -0.0027282326621019815
0.2133333 0.2142505733665189
0.1333333 0.13053388659332177
0.4466667 0.4351746500005294
0.44 0.43785172784932214
0.4233333 0.42947659054328663
-0.3266667 -0.3583650833687574
-0.02 -0.012335804522304858
-0.0633333 -0.06244164038970035
0.1233333 0.11125114977804679
-0.19 -0.19314017874810077
0.6966667 0.7023303937218275
-0.36 -0.35760668449640215
0.1433333 0.15031932564789152
-0.16 -0.13807521663634303
-0.5133333 -0.49304210477444577
-0.9566667 -0.9463654445713725
-0.7666667 -0.8022296718745906
0.1633333 0.13927395727545636
0.7066667 0.7287398415180844
-0.93 -0.9571652306784515
0.9966667 0.9468272604507858
0.18 0.11571560479826051
-0.5066667 -0.4132842746366347
-0.1466667 -0.10855595789214034
-0.0566667 -0.05157804979629027
-0.6366667 -0.5500096960826127
-0.0233333 0.009928640446962206
-0.34 -0.31189129659488296
-0.25 -0.2482680328446757
-0.8733333 -0.8504780809167014
0.06 0.07467659600144387
-0.4133334 -0.4295405500326798
0.5 0.4618334137883598
0.7466667 0.7664217231312411
0.3266667 0.3019391516801028
0.82 0.8719774339288117
-0.8566667 -0.8893740015762436
0.8033333 0.7950116003357737
0.5733333 0.4789060785632919
-0.33 -0.2770014921702538
-0.3633333 -0.33716296562418085
0.8633333 0.8642797485756208
0.9066667 0.8934259044849455
-0.2766667 -0.27039409357331434
0.0933333 0.09575457108015106
-0.0166667 -0.009043769604827556
-0.1866667 -0.17902696606568697
-0.8233334 -0.8363089078735316
0.9466667 0.9156430886804393
-0.38 -0.36005602916142043
0.5 0.5368567111717867
-0.0033333 0.031844952224046444
0.9633334 0.9942071089306548
0.6033334 0.4302949978319112
-0.26 -0.25341262375674006
-0.7466667 -0.7112351565221955
0.0566667 0.06442068239496283
0.39 0.40578254366362765
-0.4366667 -0.42683798298290365
0.2933334 0.2919376774549597
0.3966667 0.40408125034462267
0.5333334 0.5228276743226425
-0.04 -0.04851834342531
0.09 0.09904401531395529
-0.2766667 -0.2630348459614485
-0.8633333 -0.8525577264636716
0.3866667 0.15758590313822884
0.7033334 0.4968467447471945
-0.9966667 -0.6882113715043561
-0.9833333 -0.6462001494101519
0.6066667 0.5864925837416077
-0.6733333 -0.30762876268779366
0.6933333 0.6867354708318057
0.1766667 0.15666450671768484
-0.42 -0.3789475576353033
0.9266667 0.895111920855647
0.58 0.5521901178484828
-0.35 -0.32757435008027574
-0.1333333 -0.13291050379714023
0.6933333 0.6785130250446885
-0.34 -0.31673892673867976
0.2233333 0.20134520803281336
-0.96 -0.793627067265823
-0.5433334 -0.5505077302432626
