0.5833334 0.5831513762563498
0.8166667 0.7953740908351038
0.05 0.04077900112042841
-0.97 -0.9748273056906858
-0.5066667 -0.519400870499926
-0.0666667 -0.08781267035876304
-0.39 -0.3962421810217238
0.3933333 0.39862286905561795
0.27 0.265118174884114
0.4366667 0.45053999935881284
-0.8166667 -0.816503719312538
-0.3166667 -0.35640774812270176
0.6466667 0.6475151213293676
-0.0233333 -0.028048920824975426
-0.5466667 -0.5428700893022763
-0.2966667 -0.29867688899621925
-0.5333334 -0.5321220598496181
-0.1966667 -0.1837622636801
-0.3366667 -0.3633027270841161
-0.5933334 -0.5934134365213845
0.0 -0.010538285291664992
0.7033334 0.6971706194044397
-0.6366667 -0.6489178316139937
0.7366667 0.7462142853161371
0.0066667 -0.0006763690983937341
-0.28 -0.31239326472880746
0.4866667 0.482636481335353
0.32 0.31664852574094837
0.4133334 0.40869472656056294
-0.3633333 -0.35554338977375216
-0.2233333 -0.2208862356210454
0.9366667 0.9275487700728484
