0.74 0.7406751200132569
-0.97 -0.9554556018546357
-0.77 -0.7601026049609895
0.7433333 0.7528409059838164
-0.4766667 -0.4846756621306415
0.9666667 0.9722120905787452
-0.38 -0.3801391453041801
-0.7766667 -0.7783000807943321
-0.2966667 -0.30410712046019694
-0.72 -0.704294946218488
-0.1333333 -0.13692159149208974
0.1166667 0.12538169783299918
0.4766667 0.4626954569821162
0.43 0.4018675658068481
-0.79 -0.7782700987366009
-0.5 -0.48270107653768385
0.1566667 0.163255438164393
-0.0866667 -0.05162366622832704
-0.6433334 -0.6268761327665745
-0.85 -0.8629377486029818
-0.45 -0.45166309276426453
0.76 0.7857364693374295
0.0833333 0.08115443082727158
0.92 0.9319454055506988
0.4266667 0.43590219394728125
0.3333333 0.33706212699081584
-0.8166667 -0.8280637348215557
0.51 0.49911990499992714
-0.0133333 -0.0010264589352848297
-0.86 -0.8659332907141958
0.5166667 0.5171607798940473
0.7233334 0.7026409422129845
0.0366667 0.05474509373662284
0.63 0.6246244385927108
0.3866667 0.3850573717718926
0.71 0.7084455342631364
0.25 0.25191999820841626
0.26 0.27498241227704256
0.0333333 0.04057784285879007
-0.26 -0.24944276305619353
-0.3266667 -0.329442542023251
-0.0266667 -0.046315098450310954
-0.1366667 -0.12768990684118497
-0.1 -0.09771459319612519
0.4066667 0.41174791476543127
0.5366667 0.5327761094076205
-0.76 -0.763582462753673
-0.6766667 -0.6923360633063761
-0.94 -0.9505509994875609
0.55 0.5423654138325936
0.6933333 0.6876392268505994
-0.6866667 -0.7003985471581203
-0.9433333 -0.9380740258336536
0.4733334 0.4885867683295884
-0.4333333 -0.4559718174103582
-0.0833333 -0.07183907890191234
-0.75 -0.7649453901247247
-0.6166667 -0.6304653702557823
0.0366667 0.03685336120542635
-0.02 -0.004212420743195222
0.8633333 0.892338293686123
0.36 0.346389581562572
0.1566667 0.17919585924747383
-0.54 -0.5409318718367868
0.75 0.7708895800812273
0.31 0.3002146568382237
0.3 0.2841637221292827
-0.2866667 -0.29834974966488814
-0.0866667 -0.09983814571184321
-0.6366667 -0.6276163573111863
-0.5166667 -0.490619953403011
-0.2266667 -0.23605245688453644
-0.9966667 -0.9861007863026477
-0.0633333 -0.0809962771283464
-0.36 -0.36893532916511257
0.57 0.5810110846506996
-0.0066667 -0.013152153142735802
-0.9466667 -0.9295852158238105
-0.1633333 -0.1449183508462769
-0.5433334 -0.5437805099197351
-0.4833333 -0.4619995798840064
0.9466667 0.9336973320625519
0.4766667 0.4829099939209222
-0.2766667 -0.28736846741587657
-0.7333333 -0.739669109549628
0.2833333 0.266692727635197
-0.2333333 -0.23357802015679857
0.3066667 0.3107833275778896
-0.7 -0.712112068141127
-0.59 -0.6059352608362334
-0.1333333 -0.12875091297310348
0.7133334 0.7190008023472828
0.4566667 0.43140860410904247
-0.4866667 -0.46320885830967995
-0.9933333 -0.9916712060833051
-0.7366667 -0.7286289026443722
0.94 0.9388310186663128
0.3433333 0.3476337670096212
0.8066667 0.8165009520284636
-0.2166667 -0.2203284826231897
-0.1566667 -0.16601787926879705
0.58 0.5800163501254556
0.21 0.2146017759559371
-0.0266667 -0.027108612311095653
-0.17 -0.17979302142469078
-0.3333333 -0.33210530964011986
0.1066667 0.1192496564716018
0.75 0.775441202566584
0.5166667 0.5306500336643125
0.1066667 0.11749681191664295
0.7933334 0.7880466609675549
-0.23 -0.23378477459767522
0.15 0.1557925825318409
-0.6833333 -0.6885407024430953
-0.2666667 -0.2850428172395325
-0.03 -0.016583957454452996
0.67 0.6783942554837243
-0.7133334 -0.718647977536183
-0.3133333 -0.30916134471366047
0.4333333 0.4548021422808714
-0.6 -0.5968956457739729
-0.2566667 -0.2493551160831195
0.9566667 0.9509435436905345
0.0733333 0.06605990368759279
0.88 0.8780631145377775
-0.6266667 -0.6435249138386251
0.4366667 0.4371553911940005
-0.6666667 -0.6623579362894533
