0.8466667 0.8287366172831558
0.45 0.45006619278077764
0.38 0.3934191127801791
0.1066667 0.11766296734457651
-0.1966667 -0.19700066103006503
0.5366667 0.5307623631491106
-0.51 -0.5260373425979112
0.4833333 0.48639984752790144
-0.16 -0.18880859372746256
0.6533334 0.6638455894713793
0.9066667 0.926617262499199
-0.4066667 -0.3840687069711024
-0.7 -0.6960525144211691
0.5733333 0.5907287671111595
-0.22 -0.19376105139220676
0.1333333 0.12388573268328015
0.32 0.321689026679864
-0.8866667 -0.8831623040893704
-0.9866667 -0.9764752869909654
-0.5866667 -0.5694472612931162
-0.79 -0.7823267637176885
-0.7866667 -0.7659406096999439
-0.1366667 -0.14893574729379613
0.9866667 0.9683116219728435
0.7866667 0.7861376933902694
0.82 0.8230092452029443
0.0433333 0.03514078388511542
-0.01 -0.019341859662943422
-0.3666667 -0.34759224118154836
-0.0466667 -0.03312969350646183
0.0166667 0.014647275472118767
0.55 0.5199397503916378
0.3933333 0.425584121942475
-0.7466667 -0.774851481735662
-0.17 -0.16014369692921548
-0.1733333 -0.1816655786270193
-0.9066667 -0.9240259574749236
0.55 0.5390945270957679
0.06 0.04361486209536253
0.3733333 0.3813453093712792
0.98 0.9857501458773265
-0.6233333 -0.6378908469959994
0.1 0.09654049899432225
-0.0033333 0.002907831039741099
0.2133333 0.21141566458178132
0.1333333 0.12852364806319602
0.4466667 0.4452488729172641
0.44 0.42552444724582605
0.4233333 0.41366440652242986
-0.3266667 -0.33044555134057524
-0.02 -0.01570158446696507
-0.0633333 -0.043757260918933005
0.1233333 0.12596487307506748
-0.19 -0.17779458924574598
0.6966667 0.7174165484919063
-0.36 -0.3830375933570711
0.1433333 0.14989808801371524
-0.16 -0.17501803181344325
-0.5133333 -0.5043566685786481
-0.9566667 -0.9648534901396688
-0.7666667 -0.7692470170874491
0.1633333 0.19172991141732507
0.7066667 0.708423585360898
-0.93 -0.9646901750591765
0.9966667 0.988799257590459
0.18 0.18244885927232155
-0.5066667 -0.5085693537765219
-0.1466667 -0.1347733563604962
-0.0566667 -0.07813746425309026
-0.6366667 -0.6538840158371705
-0.0233333 -0.02310882589931279
-0.34 -0.35501345263727996
-0.25 -0.2467530695815642
-0.8733333 -0.8588649471688572
0.06 0.0551407170188847
-0.4133334 -0.4201630567026807
0.5 0.5031833817275634
0.7466667 0.7455731744024094
0.3266667 0.31919208552648504
0.82 0.8487603657866453
-0.8566667 -0.867774516667761
0.8033333 0.7825552907038144
0.5733333 0.5650584848709523
-0.33 -0.344824542605052
-0.3633333 -0.36535148876423496
0.8633333 0.8546469779723829
0.9066667 0.9263110217379704
-0.2766667 -0.2990573816914477
0.0933333 0.10008270216339699
-0.0166667 -0.0190465695140927
-0.1866667 -0.2138778332253397
-0.8233334 -0.8229423231295364
0.9466667 0.9611383411880619
-0.38 -0.37166223828413364
0.5 0.5099840928374033
-0.0033333 -0.004030654099719408
0.9633334 0.9546202014036091
0.6033334 0.5755203705385022
-0.26 -0.2520477200407625
-0.7466667 -0.7565093802752919
0.0566667 0.06430755633470676
0.39 0.3991196824912002
-0.4366667 -0.430156622601503
0.2933334 0.30573214982869074
0.3966667 0.43612944846782825
0.5333334 0.5265825472404613
-0.04 -0.064897109904658
0.09 0.09542008291658319
-0.2766667 -0.2945138468421968
-0.8633333 -0.8505375498280229
0.3866667 0.365385865064631
0.7033334 0.7058917404792568
-0.9966667 -0.9954154220851188
-0.9833333 -0.9784977624546326
0.6066667 0.5992530267440731
-0.6733333 -0.6850255835304583
0.6933333 0.704131766126992
0.1766667 0.1879376847120764
-0.42 -0.4522847405313531
0.9266667 0.939026713073414
0.58 0.5780306179909972
-0.35 -0.3539216288859261
-0.1333333 -0.13993391910314223
0.6933333 0.693705510321736
-0.34 -0.3261107441110236
0.2233333 0.23068175195930052
-0.96 -0.9598003884397553
-0.5433334 -0.5582228128208496
