0.74 0.7433822699467175
-0.97 -0.9375627648378937
-0.77 -0.791347183077126
0.7433333 0.7307309622729062
-0.4766667 -0.4900544251382568
0.9666667 0.9710806727447985
-0.38 -0.37594930157450546
-0.7766667 -0.8000267909231735
-0.2966667 -0.2896706676592151
-0.72 -0.7207560615762807
-0.1333333 -0.12610784452926566
0.1166667 0.129371981344893
0.4766667 0.4673671018579597
0.43 0.43711097499403845
-0.79 -0.7845629545873744
-0.5 -0.498552942389749
0.1566667 0.13480061308494812
-0.0866667 -0.06746407319187249
-0.6433334 -0.6339466447397455
-0.85 -0.8554770119120261
-0.45 -0.4568099359847194
0.76 0.7427213309305055
0.0833333 0.08850868909287508
0.92 0.9300568667637067
0.4266667 0.41089377273881533
0.3333333 0.32210842778003973
-0.8166667 -0.8210688252320787
0.51 0.5082150445669117
-0.0133333 -0.017086237323774386
-0.86 -0.8693393087948029
0.5166667 0.5073128099693635
0.7233334 0.7342338340170111
0.0366667 0.05943247778681898
0.63 0.6473708422039312
0.3866667 0.3972765035948219
0.71 0.7208577684052723
0.25 0.24850389476258783
0.26 0.23809639950423594
0.0333333 0.04550038344802204
-0.26 -0.2723812861655632
-0.3266667 -0.3276716629874449
-0.0266667 -0.035197928380287194
-0.1366667 -0.13808857110569195
-0.1 -0.0900186300590291
0.4066667 0.41245902260979916
0.5366667 0.5470712663753965
-0.76 -0.7659091564010123
-0.6766667 -0.6811140508270762
-0.94 -0.94835592992196
0.55 0.5396030607481336
0.6933333 0.7062376720775349
-0.6866667 -0.6959032585047025
-0.9433333 -0.9430710589916841
0.4733334 0.47783557629144113
-0.4333333 -0.4307814968494738
-0.0833333 -0.08397971143488098
-0.75 -0.7559031601674446
-0.6166667 -0.6319220710202503
0.0366667 0.027326508526228588
-0.02 -0.014764930251424807
0.8633333 0.8761399984382405
0.36 0.36300287022048705
0.1566667 0.15590103147947293
-0.54 -0.5254925951447127
0.75 0.7409788565923418
0.31 0.32249507674004974
0.3 0.29942917325573815
-0.2866667 -0.28590672791283905
-0.0866667 -0.10729399421813235
-0.6366667 -0.6284893553438671
-0.5166667 -0.5328067745548449
-0.2266667 -0.21635989499862252
-0.9966667 -0.9892438870874616
-0.0633333 -0.07019464165355623
-0.36 -0.3620628482630065
0.57 0.5809887054359226
-0.0066667 -0.008421221322055153
-0.9466667 -0.9603001946057023
-0.1633333 -0.15622061719023106
-0.5433334 -0.5357526132832114
-0.4833333 -0.4628908237264658
0.9466667 0.9683528890924739
0.4766667 0.45444582079999984
-0.2766667 -0.266999825223329
-0.7333333 -0.7246584097134818
0.2833333 0.2812118041718672
-0.2333333 -0.23189111436580723
0.3066667 0.3183130716189382
-0.7 -0.6983805972164174
-0.59 -0.591373802663232
-0.1333333 -0.13328288947625674
0.7133334 0.7213824996981091
0.4566667 0.44977456444144615
-0.4866667 -0.4879771276724385
-0.9933333 -0.9827663010574639
-0.7366667 -0.7463722227759854
0.94 0.9422771164996747
0.3433333 0.3346118285162146
0.8066667 0.8062863140498001
-0.2166667 -0.22019858249105678
-0.1566667 -0.14853792681117287
0.58 0.5893077690403223
0.21 0.2191880801741552
-0.0266667 -0.044743012966956056
-0.17 -0.1757992838744661
-0.3333333 -0.3328661092314547
0.1066667 0.11132178463053355
0.75 0.7661735226118755
0.5166667 0.5128984307770675
0.1066667 0.10058593436954369
0.7933334 0.8023525096629659
-0.23 -0.22427156780777593
0.15 0.157968510043918
-0.6833333 -0.6901565563304163
-0.2666667 -0.2560187643947808
-0.03 -0.027069129391497734
0.67 0.6732038181688845
-0.7133334 -0.7219129976918851
-0.3133333 -0.3210523329368149
0.4333333 0.4270736703204308
-0.6 -0.6036476818318748
-0.2566667 -0.248308795633763
0.9566667 0.9668699846852754
0.0733333 0.08990715873726285
0.88 0.8847823726684101
-0.6266667 -0.6238929521106475
0.4366667 0.42720410514359475
-0.6666667 -0.6694550474249942
