0.0466667 0.035756346729919314
-0.0866667 -0.09358732880688864
-0.3733333 -0.3700957309631138
-0.1533333 -0.14258782337146014
0.0366667 0.023088621239634316
0.0066667 0.033320104509964796
0.7633334 0.7664675265678791
0.61 0.5995999957990579
0.3833334 0.38648810215662116
-0.28 -0.29408142235135953
0.56 0.5589496580218615
0.1633333 0.1652362160393127
0.1266667 0.12566288910028597
-0.71 -0.7504484235650062
0.9666667 0.9800785083382945
-0.86 -0.8704520760684074
-0.59 -0.5839231882857584
-0.2366667 -0.2699564137612492
-0.4033333 -0.3886979122556466
-0.7566667 -0.7394446199421973
0.7133334 0.7111672251580974
0.4233333 0.41280304949767255
-0.2933334 -0.29387572112399396
0.72 0.7130775705143668
-0.9666667 -0.9445987588535285
-0.9966667 -0.9947118629163014
0.9833333 0.9867167725401289
-0.6666667 -0.6816999545153642
-0.17 -0.17805342019197476
0.9 0.8944125717792499
0.03 0.021747977419426565
0.27 0.26861142612075983
