-0.7333333 -0.737073567761285
-0.43 -0.42894492294969266
-0.1266667 -0.13266289457458402
0.6733333 0.6769599086817679
0.3366667 0.34152575308558397
-0.17 -0.1776793738901804
0.3466667 0.3550868507210671
-0.14 -0.12706065679069672
0.68 0.7025172912693247
0.8733333 0.8638204598783259
0.9933333 0.9798117192533041
-0.23 -0.22157429053710245
0.3833334 0.3921357644954624
-0.3633333 -0.3721108242447796
-0.0666667 -0.1019566319155142
-0.3966667 -0.3959685310194297
-0.5 -0.48906757581561894
-0.7066667 -0.7129287633889049
-0.48 -0.47415642724973334
0.42 0.42472551418947824
0.9866667 0.9954060926024704
-0.64 -0.6202762841225098
0.7466667 0.7374637349432052
-0.3166667 -0.3088754459244435
-0.0533333 -0.05776857329720533
0.29 0.3117275698734514
0.2833333 0.3016789820004989
-0.4866667 -0.4918996595572736
0.96 0.9636338365542136
-0.5933334 -0.6025169051559756
0.0966667 0.08443309416229783
-0.2933334 -0.3222085727918107
-0.78 -0.7789910450015594
-0.85 -0.8506045825366819
0.0266667 0.027342641299949042
-0.79 -0.7898883353107956
0.2466667 0.25341779428966676
0.65 0.6583477418873526
-0.3333333 -0.3236004059944271
0.5033333 0.48981420891447724
-0.99 -0.9780063191407554
-0.4066667 -0.3963124368676546
0.4466667 0.4371028019556009
0.1 0.09346881443118765
-0.77 -0.771525678821633
0.1666667 0.13582230820311714
0.2233333 0.21344395589953674
-0.7266667 -0.7054285715440352
0.09 0.09710287135131503
-0.28 -0.2851813066683349
0.0866667 0.0769581916824257
-0.1 -0.07995218842980889
0.0333333 0.04562939506939366
-0.0533333 -0.07157142591750217
0.5333334 0.5207154251623237
-0.0666667 -0.07750454411698499
-0.4166667 -0.3919552495733514
0.46 0.47504617617377604
0.87 0.8558486189026548
-0.03 -0.0110952749606139
0.4866667 0.5009026250530185
-0.8233334 -0.8199074739993585
0.46 0.46801975479121627
0.35 0.34486538755556917
0.4766667 0.472057713288326
-0.07 -0.06073519061156865
-0.84 -0.8590888867624435
-0.7933334 -0.8009063257462243
0.4933333 0.47930023209401124
-0.9466667 -0.9407295335988636
-0.3466667 -0.36609328080381903
0.7833334 0.786571805585342
0.1266667 0.12468759501096652
-0.6466667 -0.623071108148484
-0.6633334 -0.6729601954881907
-0.2933334 -0.2962314105295369
0.3433333 0.3265077822201453
0.2533333 0.233805102112769
-0.3566667 -0.3605593217708161
0.34 0.3716881718810895
0.0666667 0.06385694385335074
0.6233333 0.6028082605766264
0.58 0.5837458121623875
0.83 0.8159135822977122
-0.3433333 -0.3570383421951918
-0.2833333 -0.3006101497278689
0.05 0.029553445906668335
0.6933333 0.6971913562529768
0.81 0.8226328068310562
-0.6033334 -0.581752281780895
0.7066667 0.7230714826524756
-0.8133333 -0.8055564132681942
0.2933334 0.29407824545675293
-0.3333333 -0.3286552812750236
0.83 0.8328374699765821
0.37 0.37539117786616116
-0.9133334 -0.9105987548147209
0.3 0.3012023022457979
-0.2766667 -0.27341669857792883
-0.45 -0.442155545186383
0.0266667 0.03228164361373745
-0.1166667 -0.13148914999157227
-0.59 -0.5914749668498033
-0.9733334 -0.9774104734093796
0.9833333 0.9521361956240703
0.22 0.23052281981365685
-0.5866667 -0.5990486487989393
0.1433333 0.11860967477562417
-0.03 -0.019102945083172618
0.71 0.7271170425490404
0.2333333 0.24308497609577
0.54 0.5223808349797748
0.4633333 0.4467110053124093
-0.94 -0.9489605682024763
-0.5166667 -0.5164538925759592
0.4633333 0.4617514808384004
-0.7633334 -0.7853104525969192
0.92 0.9234325199205554
0.31 0.31106907966322717
0.2966667 0.2990523722111761
-0.9166667 -0.9029598277961002
0.6233333 0.5839139970503915
0.2266667 0.2181272517663199
-0.7933334 -0.7724690115449008
-0.3133333 -0.32772314408727526
-0.12 -0.12598920032408129
0.3533334 0.3483238519605229
-0.9133334 -0.889690554070649
