-0.7333333 -0.7476668761553905
-0.43 -0.4443827910693229
-0.1266667 -0.12521341798486774
0.6733333 0.6776067553207
0.3366667 0.34002176238729465
-0.17 -0.19869498224841284
0.3466667 0.35436459479514987
-0.14 -0.1432381600469513
0.68 0.6596837870909124
0.8733333 0.8335168048979391
0.9933333 0.9906170632108727
-0.23 -0.23030380063247802
0.3833334 0.38090405589555
-0.3633333 -0.3594332259162638
-0.0666667 -0.07042320341269717
-0.3966667 -0.4099523928819533
-0.5 -0.504054178187346
-0.7066667 -0.711237212326264
-0.48 -0.4815608866062367
0.42 0.42389026557622633
0.9866667 0.9750934097417381
-0.64 -0.6358271342647998
0.7466667 0.7354891837298372
-0.3166667 -0.2876835712268927
-0.0533333 -0.036831063921740986
0.29 0.25648194737600377
0.2833333 0.2875838185383059
-0.4866667 -0.4731800263044429
0.96 0.9622911948343158
-0.5933334 -0.5758883789604998
0.0966667 0.10001154768732382
-0.2933334 -0.2820432200269607
-0.78 -0.7724615051765067
-0.85 -0.8606994207567888
0.0266667 0.040897985389520775
-0.79 -0.7801368404948421
0.2466667 0.2690115123142894
0.65 0.6467829426724687
-0.3333333 -0.33496847282363146
0.5033333 0.5112872832725641
-0.99 -0.9775023836639898
-0.4066667 -0.4257671406160874
0.4466667 0.4454784170072485
0.1 0.11360184543247465
-0.77 -0.7372827850699382
0.1666667 0.16841370337568567
0.2233333 0.2015181905160277
-0.7266667 -0.735231204346144
0.09 0.0827450034688812
-0.28 -0.28435937366491887
0.0866667 0.0908392996172139
-0.1 -0.09381723998621506
0.0333333 0.022595472681356588
-0.0533333 -0.056847895183023876
0.5333334 0.5288255969945224
-0.0666667 -0.0717630208185504
-0.4166667 -0.4350124218866309
0.46 0.45891971601473547
0.87 0.9001708235682413
-0.03 -0.04873491760148979
0.4866667 0.4747195408692661
-0.8233334 -0.8330685333268901
0.46 0.46108722839387084
0.35 0.34242505437728926
0.4766667 0.47027236349840684
-0.07 -0.05725201565501242
-0.84 -0.7553343004741004
-0.7933334 -0.7134789232461881
0.4933333 0.4784090439875106
-0.9466667 -0.8586560586092307
-0.3466667 -0.36429471979411393
0.7833334 0.7742132430192795
0.1266667 0.11312853527179409
-0.6466667 -0.6354445467677032
-0.6633334 -0.6747628750330986
-0.2933334 -0.30510401438351015
0.3433333 0.3395873484306531
0.2533333 0.25208996591628263
-0.3566667 -0.3542226328909381
0.34 0.348136958750654
0.0666667 0.06747696886650255
0.6233333 0.5963617508837011
0.58 0.5094988297610522
0.83 0.8102366360960567
-0.3433333 -0.3573913865776353
-0.2833333 -0.27480027560790843
0.05 0.041320009205931846
0.6933333 0.6822278439302774
0.81 0.8132682653400071
-0.6033334 -0.6089857966487351
0.7066667 0.6570168465256526
-0.8133333 -0.7846136982847814
0.2933334 0.283088628990258
-0.3333333 -0.2890239371710111
0.83 0.8121475730854698
0.37 0.3676138362477769
-0.9133334 -0.8841209295725593
0.3 0.29337623027645454
-0.2766667 -0.28238893100061074
-0.45 -0.43355180952222055
0.0266667 0.023963903241706507
-0.1166667 -0.1052539564385509
-0.59 -0.5740690061781704
-0.9733334 -0.9645074640568204
0.9833333 0.9683028547585646
0.22 0.2427525687517498
-0.5866667 -0.5246765052761182
0.1433333 0.14056982765877812
-0.03 -0.02720291740601749
0.71 0.7046205352203421
0.2333333 0.23992022780502775
0.54 0.5516175270406062
0.4633333 0.4807062273294692
-0.94 -0.9284063183640487
-0.5166667 -0.5393990475038806
0.4633333 0.4671247330076621
-0.7633334 -0.7762671377490334
0.92 0.9295889133749407
0.31 0.32551996319155263
0.2966667 0.30008196659961967
-0.9166667 -0.9305144844732331
0.6233333 0.6206235303789823
0.2266667 0.1792038639992226
-0.7933334 -0.7639641732946055
-0.3133333 -0.31821893847217475
-0.12 -0.17515056094776
0.3533334 0.3580876619427793
-0.9133334 -0.9269640844586937
