0.0833333 0.07704081386562311
0.5633333 0.5426079003627027
0.7633334 0.7571752845382467
-0.79 -0.772534526150843
0.6266667 0.623740959311554
-0.4766667 -0.48268211700968233
0.63 0.6187029390676739
-0.63 -0.6443121672577069
-0.5166667 -0.5213717259960507
0.2666667 0.25331211545151106
0.7066667 0.7073311337151116
-0.31 -0.30674054847208554
0.0133333 -0.010251194453564816
-0.2266667 -0.23028639846186055
0.3866667 0.3816076599273839
-0.7033334 -0.6950830781745974
-0.4166667 -0.39596973309165057
0.39 0.40219583452353336
-0.5866667 -0.5826539618036174
-0.3766667 -0.3565359417946664
-0.48 -0.48631117362330123
-0.0566667 -0.046333146225064126
-0.25 -0.26192929863486125
-0.28 -0.28773026118992656
0.9966667 0.994438533098926
-0.1166667 -0.1139174208239785
-0.8433334 -0.823357971543739
-0.05 -0.04268282372509058
0.7 0.7054908225470002
0.7466667 0.7468472157504151
-0.2233333 -0.24259127978646217
-0.1866667 -0.20516928483084118
