0.0833333 0.07547257068638819
0.5633333 0.5468838222718252
0.7633334 0.7425516254266267
-0.79 -0.8125869337885718
0.6266667 0.6105754339016536
-0.4766667 -0.4376655416466008
0.63 0.6254415231497819
-0.63 -0.6462784215170527
-0.5166667 -0.558087100514499
0.2666667 0.2941821726054676
0.7066667 0.7244752768527019
-0.31 -0.27293008576269784
0.0133333 -0.0008110553655609753
-0.2266667 -0.18104711643181404
0.3866667 0.37946626900385866
-0.7033334 -0.7077940408203539
-0.4166667 -0.4297824231172702
0.39 0.39821100530799025
-0.5866667 -0.5650662901846522
-0.3766667 -0.39868612000294357
-0.48 -0.4905566413942544
-0.0566667 -0.04108519783990966
-0.25 -0.2593243510244141
-0.28 -0.3122426178851545
0.9966667 0.9993533560430724
-0.1166667 -0.12027848701747657
-0.8433334 -0.8186248468046494
-0.05 -0.07263268157218569
0.7 0.6414534112780029
0.7466667 0.7045904849085802
-0.2233333 -0.28687686539945745
-0.1866667 -0.1567529626500468
