0.74 0.714548314478378
-0.97 -0.9784771587844727
-0.77 -0.7822439626114653
0.7433333 0.7184547363130671
-0.4766667 -0.4975582243338956
0.9666667 0.9640144005123721
-0.38 -0.3807488511539204
-0.7766667 -0.7943215021043953
-0.2966667 -0.2977227941361262
-0.72 -0.7024215686758162
-0.1333333 -0.1341292049620201
0.1166667 0.11704513564415797
0.4766667 0.472070859689696
0.43 0.43182127734916664
-0.79 -0.7866311262090461
-0.5 -0.5196233318294841
0.1566667 0.14669925697527839
-0.0866667 -0.10063249991700968
-0.6433334 -0.7433245396915464
-0.85 -0.8086311193229434
-0.45 -0.49026285483147836
0.76 0.7162101379355992
0.0833333 0.079246060835935
0.92 0.9297919626828908
0.4266667 0.4303833477487868
0.3333333 0.3412561809206664
-0.8166667 -0.809461135226977
0.51 0.48969099062588906
-0.0133333 0.0018768526778712505
-0.86 -0.8318771336233429
0.5166667 0.5240116010576104
0.7233334 0.7072009832422639
0.0366667 0.024494829631333703
0.63 0.6206852203659701
0.3866667 0.43629279232076623
0.71 0.6522433531177495
0.25 0.23354455089670284
0.26 0.26966540003644873
0.0333333 0.037066076692768776
-0.26 -0.26560848757974576
-0.3266667 -0.3350948244614395
-0.0266667 -0.029174097037934457
-0.1366667 -0.10929076279122135
-0.1 -0.10357485992373718
0.4066667 0.3841973986136391
0.5366667 0.5259503880056229
-0.76 -0.7596381955241693
-0.6766667 -0.650053468260879
-0.94 -0.8685063313883086
0.55 0.5508157212829772
0.6933333 0.6249500633532125
-0.6866667 -0.6392058330093332
-0.9433333 -0.9499432327031181
0.4733334 0.38413465602204466
-0.4333333 -0.41322250351784034
-0.0833333 -0.0858639262306731
-0.75 -0.7399652781182408
-0.6166667 -0.6054236999205497
0.0366667 0.03512560026015238
-0.02 -0.02946286324290899
0.8633333 0.8435304850910533
0.36 0.3795912090043567
0.1566667 0.1472247232587471
-0.54 -0.5091600400214897
0.75 0.7748851184051309
0.31 0.2612018747737321
0.3 0.20398294078946164
-0.2866667 -0.2985867597955075
-0.0866667 -0.08719901710068122
-0.6366667 -0.6325844601462081
-0.5166667 -0.5119235027891935
-0.2266667 -0.2280225897433389
-0.9966667 -0.9822462512664195
-0.0633333 -0.04789250712312994
-0.36 -0.36786498211969215
0.57 0.5578876045591339
-0.0066667 0.10508000233025167
-0.9466667 -0.9172299042225909
-0.1633333 -0.06088990495792612
-0.5433334 -0.29517814218585703
-0.4833333 -0.4705312097969949
0.9466667 0.9995536679432226
0.4766667 0.5015448910744952
-0.2766667 -0.3005067261085361
-0.7333333 -0.7309524743350698
0.2833333 0.28608372582290803
-0.2333333 -0.2409427767885402
0.3066667 0.3141670073052537
-0.7 -0.7064948190310554
-0.59 -0.5899927857794909
-0.1333333 -0.13497738391038475
0.7133334 0.6888493531016219
0.4566667 0.4397748009378271
-0.4866667 -0.4865112937800299
-0.9933333 -0.8177325236935116
-0.7366667 -0.6797167815090961
0.94 0.9313257562362479
0.3433333 0.33843351867256105
0.8066667 0.7871795166572317
-0.2166667 -0.2303006528082463
-0.1566667 -0.15255934904244012
0.58 0.5799994070143373
0.21 0.20836028032627257
-0.0266667 -0.03461365826528201
-0.17 -0.1732857803936543
-0.3333333 -0.336538276645924
0.1066667 0.10258883257313242
0.75 0.739772715336612
0.5166667 0.5065915464596226
0.1066667 0.10420871280357852
0.7933334 0.7883742928063805
-0.23 -0.2158498504333634
0.15 0.14821034064206517
-0.6833333 -0.6685973422475946
-0.2666667 -0.20442838041426753
-0.03 -0.07920751480167557
0.67 0.6579058503495598
-0.7133334 -0.6975586214893195
-0.3133333 -0.30978516901439046
0.4333333 0.4356923127963254
-0.6 -0.5940999484594977
-0.2566667 -0.2492801963119461
0.9566667 0.9552298088122307
0.0733333 0.07235245054735073
0.88 0.8892961500692914
-0.6266667 -0.6345453696655642
0.4366667 0.4232083293380767
-0.6666667 -0.6466858431981609
