-0.7333333 -0.732578241867215
-0.43 -0.42775535982598584
-0.1266667 -0.13895679028979474
0.6733333 0.683066500403906
0.3366667 0.3485401136231762
-0.17 -0.1662086215356649
0.3466667 0.3314786559260945
-0.14 -0.1408244001796683
0.68 0.6918413625254207
0.8733333 0.8585645473677942
0.9933333 0.9817991530592556
-0.23 -0.24703212423892773
0.3833334 0.3815461393229039
-0.3633333 -0.3638152966769831
-0.0666667 -0.05006984548728621
-0.3966667 -0.4091435251673071
-0.5 -0.49181951540614977
-0.7066667 -0.6949196412680327
-0.48 -0.48226006107996316
0.42 0.41415614964575626
0.9866667 0.9963408593000601
-0.64 -0.6458832016284625
0.7466667 0.760188304512631
-0.3166667 -0.32290498911480264
-0.0533333 -0.05570291656820076
0.29 0.28276366396883895
0.2833333 0.2758888792365818
-0.4866667 -0.4932641559457922
0.96 0.9462559362047311
-0.5933334 -0.618134007816144
0.0966667 0.09589811773880443
-0.2933334 -0.29196309596749903
-0.78 -0.7617270449102733
-0.85 -0.8365628268421454
0.0266667 0.027138925626902566
-0.79 -0.7797957290699565
0.2466667 0.24358741942008244
0.65 0.6553439166834119
-0.3333333 -0.3333236341370092
0.5033333 0.5012534158489652
-0.99 -0.9851300267067835
-0.4066667 -0.38094529178886466
0.4466667 0.44294296940525035
0.1 0.0871323587635155
-0.77 -0.777775763583533
0.1666667 0.18946797550851716
0.2233333 0.23256287078317556
-0.7266667 -0.7202289382654781
0.09 0.09390958891223207
-0.28 -0.2776894125958285
0.0866667 0.07333673478900726
-0.1 -0.0960359859898465
0.0333333 0.043040462841429615
-0.0533333 -0.04823490715436353
0.5333334 0.5241671361154968
-0.0666667 -0.058871541499358415
-0.4166667 -0.40180052139353295
0.46 0.47699523715896774
0.87 0.8559249550141773
-0.03 -0.0393081567694788
0.4866667 0.5034544511758711
-0.8233334 -0.8253449009297221
0.46 0.4621983833414305
0.35 0.3384816575313959
0.4766667 0.4887736376403762
-0.07 -0.06042875718979812
-0.84 -0.8535400153526759
-0.7933334 -0.8006548945829678
0.4933333 0.478016477242923
-0.9466667 -0.9510231194379187
-0.3466667 -0.34102025645862155
0.7833334 0.7791667005177534
0.1266667 0.12491903908714
-0.6466667 -0.6461682179821328
-0.6633334 -0.6751068394510885
-0.2933334 -0.2970503084607709
0.3433333 0.33117587044485514
0.2533333 0.2500266325254485
-0.3566667 -0.35136612761648056
0.34 0.34778056937672247
0.0666667 0.07315964709926841
0.6233333 0.6416205186617052
0.58 0.5841848183786336
0.83 0.8304913301558502
-0.3433333 -0.35423412615507416
-0.2833333 -0.297814608184712
0.05 0.057776134848034004
0.6933333 0.6909528780159215
0.81 0.8110210433991288
-0.6033334 -0.6051429169885109
0.7066667 0.7136986178760639
-0.8133333 -0.830388441865168
0.2933334 0.28734776655696015
-0.3333333 -0.33903539328405563
0.83 0.8380925129848109
0.37 0.3704269730972592
-0.9133334 -0.9290789291655821
0.3 0.30345017971071797
-0.2766667 -0.26583213409748097
-0.45 -0.4478420554110675
0.0266667 0.032150847204841404
-0.1166667 -0.1114370929585172
-0.59 -0.5905066027205681
-0.9733334 -0.9759117333345576
0.9833333 0.9824591070989743
0.22 0.20265193406150211
-0.5866667 -0.5928605297080264
0.1433333 0.14319392252896915
-0.03 -0.03376825870736502
0.71 0.7419346044044854
0.2333333 0.24011189277846662
0.54 0.5417947970934224
0.4633333 0.4632225951497167
-0.94 -0.9334835579016788
-0.5166667 -0.5214884597783792
0.4633333 0.4680789611798676
-0.7633334 -0.7640581004587246
0.92 0.9123262795524831
0.31 0.3143763966014846
0.2966667 0.31356821893598336
-0.9166667 -0.9193066348312808
0.6233333 0.6274589690208097
0.2266667 0.2415350153748636
-0.7933334 -0.7739590444314022
-0.3133333 -0.32031946948441314
-0.12 -0.12147203723565964
0.3533334 0.3395113789494027
-0.9133334 -0.907344257941679
