    1    1   0.1000000
    1    2  -0.7700000
    2    1   0.9800000
    2    2  -0.9866667
    3    1  -0.1933333
    3    2   0.7766667
    4    1   0.9333333
    4    2  -0.2400000
    5    1  -0.6233333
    5    2  -0.8833333
    6    1   0.3166667
    6    2   0.1366667
    7    1  -0.4800000
    7    2  -0.2533333
    8    1   0.3666667
    8    2  -0.3933333
    9    1   0.4066667
    9    2  -0.4100000
   10    1   0.3300000
   10    2   0.0266667
   11    1  -0.9333333
   11    2  -0.7800000
   12    1   0.8933334
   12    2   0.3933333
   13    1  -0.3933333
   13    2  -0.4266667
   14    1  -0.8200000
   14    2  -0.4733334
   15    1   0.3833334
   15    2   0.9100000
   16    1   0.3900000
   16    2  -0.9866667
   17    1   0.2200000
   17    2   0.4066667
   18    1  -0.3766667
   18    2  -0.1100000
   19    1  -0.3066667
   19    2  -0.6433334
   20    1  -0.1900000
   20    2   0.1100000
   21    1   0.9466667
   21    2   0.3100000
   22    1   0.5100000
   22    2   0.2200000
   23    1   0.3033333
   23    2  -0.9933333
   24    1  -0.4666667
   24    2   0.4200000
   25    1  -0.0766667
   25    2   0.9566667
   26    1  -0.7366667
   26    2  -0.3466667
   27    1  -0.4933333
   27    2   0.3300000
   28    1  -0.0433333
   28    2  -0.5700000
   29    1   0.4300000
   29    2   0.0366667
   30    1   0.2466667
   30    2  -0.4000000
   31    1   0.5800000
   31    2  -0.9800000
   32    1   0.2200000
   32    2   0.6966667
   33    1   0.0633333
   33    2  -0.5033333
   34    1   0.3600000
   34    2   0.5200000
   35    1   0.4600000
   35    2   0.3766667
   36    1   0.1833333
   36    2   0.8166667
   37    1  -0.0366667
   37    2  -0.3133333
   38    1  -0.4200000
   38    2   0.0300000
   39    1   0.0733333
   39    2  -0.6766667
   40    1  -0.8666667
   40    2   0.9533334
   41    1   0.2966667
   41    2   0.1266667
   42    1   0.3933333
   42    2   0.1900000
   43    1   0.8800000
   43    2  -0.9533334
   44    1   0.7633334
   44    2   0.2733333
   45    1   0.7666667
   45    2   0.8733333
   46    1   0.6500000
   46    2   0.1733333
   47    1  -0.3766667
   47    2   0.8900000
   48    1   0.3133333
   48    2   0.1300000
   49    1   0.2566667
   49    2  -0.6500000
   50    1  -0.1500000
   50    2   0.7833334
   51    1   0.8666667
   51    2   0.5433334
   52    1   0.3766667
   52    2  -0.3866667
   53    1  -0.1000000
   53    2  -0.0166667
   54    1   0.1766667
   54    2  -0.4066667
   55    1   0.0866667
   55    2   0.5533333
   56    1  -0.0533333
   56    2   0.9500000
   57    1  -0.6166667
   57    2  -0.3733333
   58    1  -0.4666667
   58    2   0.6500000
   59    1  -0.6166667
   59    2   0.1900000
   60    1   0.0666667
   60    2   0.8000000
   61    1   0.8233334
   61    2  -0.5766667
   62    1   0.3000000
   62    2  -0.0466667
   63    1  -0.4600000
   63    2  -0.5533333
   64    1  -0.8300000
   64    2   0.2833333
   65    1  -0.2500000
   65    2   0.0833333
   66    1  -0.8433334
   66    2  -0.7866667
   67    1  -0.3766667
   67    2   0.8066667
   68    1  -0.6166667
   68    2  -0.0033333
   69    1  -0.1800000
   69    2   0.7500000
   70    1  -0.5100000
   70    2  -0.6600000
   71    1   0.5733333
   71    2   0.4466667
   72    1  -0.3233334
   72    2   0.3633333
   73    1   0.9033334
   73    2   0.6633334
   74    1   0.1166667
   74    2  -0.8633333
   75    1  -0.4566667
   75    2  -0.8233334
   76    1  -0.6900000
   76    2   0.5333334
   77    1   0.2366667
   77    2  -0.1000000
   78    1  -0.7500000
   78    2   0.4933333
   79    1   0.6900000
   79    2   0.6433334
   80    1   0.0866667
   80    2   0.1366667
   81    1  -0.2166667
   81    2   0.1500000
   82    1  -0.3000000
   82    2  -0.5400000
   83    1   0.6600000
   83    2   0.4666667
   84    1  -0.5533333
   84    2   0.0133333
   85    1  -0.7200000
   85    2  -0.6533334
   86    1  -0.6333333
   86    2   0.2100000
   87    1   0.9500000
   87    2  -0.0266667
   88    1   0.4633333
   88    2   0.2033333
   89    1   0.3066667
   89    2  -0.4866667
   90    1  -0.3000000
   90    2   0.2766667
   91    1  -0.7033334
   91    2   0.7900000
   92    1   0.6166667
   92    2  -0.2166667
   93    1  -0.8466667
   93    2   0.4166667
   94    1  -0.9766667
   94    2  -0.5566667
   95    1   0.2866667
   95    2  -0.5966667
   96    1  -0.3366667
   96    2   0.7733334
   97    1   0.1400000
   97    2  -0.3866667
   98    1  -0.1766667
   98    2   0.8866667
   99    1   0.3066667
   99    2  -0.0533333
  100    1   0.6833333
  100    2   0.2866667
  101    1  -0.2700000
  101    2  -0.6766667
  102    1  -0.4833333
  102    2   0.0266667
  103    1   0.5166667
  103    2   0.0900000
  104    1   0.4100000
  104    2   0.6133333
  105    1  -0.2900000
  105    2   0.1833333
  106    1  -0.0433333
  106    2   0.6400000
  107    1   0.9566667
  107    2   0.0433333
  108    1   0.7433333
  108    2  -0.5466667
  109    1  -0.8766667
  109    2   0.2133333
  110    1   0.5266667
  110    2  -0.0900000
  111    1   0.9733334
  111    2   0.8066667
  112    1   0.0700000
  112    2  -0.1833333
  113    1   0.4433334
  113    2   0.7266667
  114    1   0.6166667
  114    2  -0.7166667
  115    1   0.4700000
  115    2  -0.2233333
  116    1   0.3700000
  116    2   0.7366667
  117    1   0.5900000
  117    2  -0.7366667
  118    1  -0.4100000
  118    2   0.3000000
  119    1   0.8533334
  119    2  -0.9633334
  120    1   0.7233334
  120    2   0.4800000
  121    1   0.9633334
  121    2  -0.3866667
  122    1  -0.4866667
  122    2   0.9466667
  123    1   0.1033333
  123    2  -0.4066667
  124    1  -0.1000000
  124    2   0.8700000
  125    1   0.3666667
  125    2  -0.5633333
  126    1  -0.8833333
  126    2  -0.1766667
  127    1   0.9933333
  127    2   0.7033334
  128    1   0.0933333
  128    2  -0.6466667
  129    1  -0.0900000
  129    2   0.5966667
  130    1   0.6500000
  130    2   0.2300000
  131    1   0.7833334
  131    2  -0.4800000
  132    1  -0.1300000
  132    2   0.2600000
  133    1   0.6000000
  133    2   0.5500000
  134    1   0.2833333
  134    2   0.0200000
  135    1  -0.1266667
  135    2   0.1200000
  136    1   0.6033334
  136    2  -0.3933333
  137    1   0.4300000
  137    2  -0.5966667
  138    1   0.5400000
  138    2  -0.8600000
  139    1   0.4900000
  139    2  -0.3066667
  140    1   0.1466667
  140    2   0.7633334
  141    1   0.9600000
  141    2  -0.6533334
  142    1  -0.8433334
  142    2   0.4066667
  143    1   0.6966667
  143    2   0.4766667
  144    1  -0.4300000
  144    2   0.5333334
  145    1   0.4733334
  145    2  -0.7233334
  146    1   0.9633334
  146    2   0.6033334
  147    1  -0.0433333
  147    2   0.7766667
  148    1  -0.6766667
  148    2  -0.0700000
  149    1  -0.5100000
  149    2  -0.6900000
  150    1   0.6700000
  150    2   0.5333334
  151    1  -0.5466667
  151    2  -0.2500000
  152    1   0.3333333
  152    2  -0.2100000
  153    1   0.8666667
  153    2   0.0300000
  154    1   0.4000000
  154    2   0.1133333
  155    1  -0.0466667
  155    2   0.4000000
  156    1   0.3966667
  156    2   0.4000000
  157    1  -0.1133333
  157    2   0.9100000
  158    1   0.6433334
  158    2  -0.7066667
  159    1  -0.4533333
  159    2  -0.1633333
  160    1  -0.5833334
  160    2  -0.0666667
  161    1  -0.2100000
  161    2  -0.0566667
  162    1   0.1033333
  162    2   0.3133333
  163    1  -0.3333333
  163    2  -0.2400000
  164    1   0.8100000
  164    2  -0.0133333
  165    1   0.7666667
  165    2  -0.9200000
  166    1  -0.7533333
  166    2  -0.3966667
  167    1   0.8666667
  167    2  -0.0166667
  168    1  -0.5933334
  168    2  -0.6833333
  169    1  -0.9133334
  169    2   0.3533334
  170    1  -0.7300000
  170    2  -0.8066667
  171    1   0.7433333
  171    2   0.7266667
  172    1   0.5433334
  172    2  -0.7733334
  173    1  -0.6400000
  173    2  -0.8900000
  174    1  -0.8766667
  174    2  -0.1200000
  175    1   0.1833333
  175    2  -0.5000000
  176    1   0.5300000
  176    2   0.2800000
  177    1   0.2066667
  177    2   0.8000000
  178    1   0.2400000
  178    2  -0.1100000
  179    1  -0.8233334
  179    2  -0.9300000
  180    1   0.7700000
  180    2  -0.4166667
  181    1  -0.5100000
  181    2   0.0833333
  182    1  -0.3966667
  182    2   0.2433333
  183    1   0.8600000
  183    2   0.3866667
  184    1  -0.7766667
  184    2   0.8033333
  185    1  -0.9533334
  185    2  -0.7600000
  186    1  -0.0033333
  186    2  -0.5600000
  187    1  -0.5400000
  187    2  -0.5600000
  188    1   0.4466667
  188    2  -0.9400000
  189    1   0.5633333
  189    2   0.0600000
  190    1  -0.2666667
  190    2  -0.5200000
  191    1   0.9200000
  191    2  -0.9700000
  192    1   0.5433334
  192    2  -0.1900000
  193    1   0.8833333
  193    2  -0.7966667
  194    1  -0.5933334
  194    2   0.8733333
  195    1  -0.8366667
  195    2   0.3800000
  196    1  -0.6733333
  196    2  -0.7700000
  197    1  -0.5833334
  197    2   0.2900000
  198    1  -0.2666667
  198    2   0.9633334
  199    1   0.2566667
  199    2   0.6766667
  200    1  -0.9800000
  200    2  -0.5900000
  201    1  -0.3966667
  201    2  -0.1733333
  202    1  -0.8966667
  202    2  -0.8300000
  203    1  -0.1000000
  203    2  -0.1833333
  204    1  -0.6800000
  204    2   0.2766667
  205    1   0.6100000
  205    2  -0.9266667
  206    1  -0.2633334
  206    2   0.8100000
  207    1  -0.3233334
  207    2  -0.5533333
  208    1   0.7566667
  208    2  -0.7533333
  209    1  -0.4666667
  209    2  -0.0200000
  210    1   0.3133333
  210    2  -0.3766667
  211    1   0.0500000
  211    2  -0.5800000
  212    1   0.6900000
  212    2   0.2600000
  213    1   0.1700000
  213    2  -0.4466667
  214    1  -0.2000000
  214    2   0.0166667
  215    1  -0.4766667
  215    2  -0.7200000
  216    1  -0.1333333
  216    2  -0.4933333
  217    1   0.6033334
  217    2   0.7666667
  218    1   0.9333333
  218    2  -0.6033334
  219    1  -0.6600000
  219    2  -0.3133333
  220    1   0.4466667
  220    2  -0.0933333
  221    1  -0.7400000
  221    2   0.9166667
  222    1  -0.7300000
  222    2  -0.4566667
  223    1   0.1333333
  223    2  -0.3300000
  224    1  -0.5900000
  224    2   0.5300000
  225    1   0.6166667
  225    2  -0.2400000
  226    1  -0.9100000
  226    2   0.0933333
  227    1  -0.7866667
  227    2   0.0566667
  228    1  -0.6266667
  228    2   0.5066667
  229    1  -0.4866667
  229    2  -0.2300000
  230    1  -0.3500000
  230    2  -0.8466667
  231    1   0.5866667
  231    2  -0.0366667
  232    1   0.7100000
  232    2  -0.5933334
  233    1  -0.7700000
  233    2   0.3066667
  234    1  -0.4533333
  234    2   0.8266667
  235    1  -0.6700000
  235    2  -0.8933334
  236    1  -0.2933334
  236    2   0.6466667
  237    1   0.3100000
  237    2  -0.8633333
  238    1   0.1266667
  238    2   0.3200000
  239    1   0.1133333
  239    2   0.5233334
  240    1   0.0600000
  240    2   0.2266667
  241    1   0.1900000
  241    2   0.7466667
  242    1   0.1800000
  242    2   0.9200000
  243    1   0.2300000
  243    2  -0.0600000
  244    1  -0.0500000
  244    2  -0.4233333
  245    1  -0.9866667
  245    2  -0.9066667
  246    1  -0.4700000
  246    2  -0.0333333
  247    1   0.3433333
  247    2   0.8666667
  248    1   0.6800000
  248    2  -0.2766667
  249    1   0.3633333
  249    2   0.1866667
  250    1  -0.9200000
  250    2  -0.1633333
  251    1   0.1766667
  251    2   0.0066667
  252    1  -0.2000000
  252    2  -0.5133333
  253    1  -0.8800000
  253    2  -0.7633334
  254    1   0.7600000
  254    2  -0.2866667
  255    1  -0.4600000
  255    2   0.0633333
  256    1   0.0233333
  256    2   0.2466667
  257    1   0.3333333
  257    2   0.6133333
  258    1   0.4933333
  258    2   0.8066667
  259    1   0.4966667
  259    2   0.1666667
  260    1   0.3633333
  260    2  -0.6066667
  261    1  -0.2333333
  261    2  -0.5000000
  262    1  -0.1700000
  262    2   0.3333333
  263    1   0.2433333
  263    2   0.1166667
  264    1   0.8966667
  264    2   0.5700000
  265    1   0.3566667
  265    2   0.8900000
  266    1   0.0733333
  266    2  -0.4666667
  267    1  -0.6533334
  267    2   0.4400000
  268    1   0.6566667
  268    2  -0.5233334
  269    1   0.3500000
  269    2   0.2133333
  270    1   0.4900000
  270    2   0.3266667
  271    1  -0.1466667
  271    2   0.5533333
  272    1   0.6166667
  272    2  -0.9266667
  273    1  -0.2733333
  273    2  -0.8000000
  274    1  -0.7133334
  274    2   0.0266667
  275    1  -0.5133333
  275    2  -0.8466667
  276    1   0.1666667
  276    2   0.9833333
  277    1  -0.7300000
  277    2  -0.1000000
  278    1  -0.6700000
  278    2  -0.1400000
  279    1  -0.5033333
  279    2   0.8700000
  280    1  -0.8933334
  280    2  -0.3566667
  281    1  -0.4900000
  281    2  -0.8466667
  282    1   0.6333333
  282    2   0.6433334
  283    1   0.8000000
  283    2   0.1900000
  284    1  -0.9666667
  284    2   0.8566667
  285    1   0.7100000
  285    2  -0.7933334
  286    1   0.8233334
  286    2  -0.5766667
  287    1   0.4333333
  287    2   0.5400000
  288    1   0.2933334
  288    2   0.1366667
  289    1   0.9700000
  289    2   0.8200000
  290    1  -0.4033333
  290    2  -0.8900000
  291    1   0.9333333
  291    2  -0.7800000
  292    1   0.2000000
  292    2  -1.0000000
  293    1  -0.5366667
  293    2  -0.6233333
  294    1   0.2600000
  294    2  -0.5033333
  295    1   0.9566667
  295    2   0.9400000
  296    1  -0.2200000
  296    2   0.8700000
  297    1   0.5000000
  297    2  -0.2300000
  298    1   0.7366667
  298    2  -0.9266667
  299    1  -0.2566667
  299    2   0.6933333
  300    1   0.2633334
  300    2  -0.3800000
  301    1   0.3466667
  301    2   0.3366667
  302    1   0.6733333
  302    2   0.0933333
  303    1   0.9333333
  303    2   0.9500000
  304    1   0.2033333
  304    2   0.2100000
  305    1  -0.0200000
  305    2   0.4966667
  306    1  -0.2533333
  306    2   0.6333333
  307    1   0.9733334
  307    2   0.7566667
  308    1  -0.4300000
  308    2  -0.1866667
  309    1   0.8766667
  309    2   0.6500000
  310    1  -0.4800000
  310    2  -0.4000000
  311    1  -0.4833333
  311    2   0.3266667
  312    1  -0.2866667
  312    2  -0.0600000
  313    1   0.0866667
  313    2   0.1700000
  314    1  -0.7033334
  314    2   0.5166667
  315    1   0.3666667
  315    2  -0.6800000
  316    1   0.6933333
  316    2   0.7366667
  317    1   0.8100000
  317    2   0.2266667
  318    1  -0.8866667
  318    2  -0.0700000
  319    1  -0.1666667
  319    2   0.3733333
  320    1  -0.0600000
  320    2   0.0166667
  321    1   0.0700000
  321    2   0.9700000
  322    1   0.2566667
  322    2  -0.7733334
  323    1   0.7433333
  323    2   0.9566667
  324    1   0.2833333
  324    2   0.2233333
  325    1   0.5833334
  325    2  -0.0700000
  326    1  -0.2000000
  326    2   0.2666667
  327    1   0.3733333
  327    2  -0.4400000
  328    1   0.3433333
  328    2   0.4900000
  329    1  -0.1700000
  329    2   0.0000000
  330    1   0.3400000
  330    2  -0.7800000
  331    1  -0.2733333
  331    2   0.1666667
  332    1   0.2333333
  332    2   0.6100000
  333    1  -0.4500000
  333    2   0.2333333
  334    1  -0.3000000
  334    2   0.3266667
  335    1   0.6700000
  335    2  -0.4866667
  336    1  -0.0766667
  336    2   0.5266667
  337    1   0.7466667
  337    2   0.0666667
  338    1  -0.8466667
  338    2   0.7866667
  339    1   0.1466667
  339    2  -0.3400000
  340    1  -0.2733333
  340    2   0.9233333
  341    1  -0.1466667
  341    2   0.2700000
  342    1   0.3366667
  342    2   0.6500000
  343    1   0.2966667
  343    2   0.2133333
  344    1   0.5900000
  344    2   0.1766667
  345    1  -0.5900000
  345    2   0.3800000
  346    1   0.4966667
  346    2   0.7800000
  347    1   0.5100000
  347    2  -0.8433334
  348    1  -0.8833333
  348    2  -0.3133333
  349    1  -0.6500000
  349    2  -0.6800000
  350    1   0.9833333
  350    2   0.5633333
  351    1  -0.7466667
  351    2   0.4933333
  352    1  -0.9300000
  352    2  -0.4100000
  353    1  -0.1133333
  353    2   0.3166667
  354    1   0.1833333
  354    2  -0.7333333
  355    1   0.9800000
  355    2  -0.3033333
  356    1  -0.4966667
  356    2  -0.0233333
  357    1  -0.9333333
  357    2   0.9400000
  358    1  -0.9200000
  358    2  -0.7566667
  359    1  -0.9466667
  359    2  -0.5066667
  360    1  -0.5800000
  360    2  -0.1433333
  361    1   0.5266667
  361    2   0.6000000
  362    1  -0.4266667
  362    2  -0.6633334
  363    1   0.0566667
  363    2   0.4366667
  364    1  -0.1266667
  364    2  -0.7900000
  365    1  -0.8700000
  365    2   0.3466667
  366    1  -0.2366667
  366    2   0.7233334
  367    1   0.3366667
  367    2  -0.7333333
  368    1   0.5933334
  368    2  -0.9233333
  369    1  -0.0200000
  369    2   0.5466667
  370    1  -0.7133334
  370    2   0.1466667
  371    1   0.6000000
  371    2  -0.8000000
  372    1   0.6400000
  372    2   0.3400000
  373    1  -0.0033333
  373    2   0.7933334
  374    1   0.9766667
  374    2  -0.9800000
  375    1   0.9700000
  375    2  -0.6300000
  376    1  -0.7100000
  376    2  -0.8133333
  377    1   0.0900000
  377    2  -0.3433333
  378    1  -0.4066667
  378    2   0.1266667
  379    1  -0.7666667
  379    2  -0.9300000
  380    1  -0.2300000
  380    2   0.9766667
  381    1   0.6733333
  381    2  -0.6400000
  382    1  -0.5400000
  382    2   0.5633333
  383    1  -0.3766667
  383    2  -0.4666667
  384    1   0.7866667
  384    2   0.0166667
  385    1  -0.4133334
  385    2   0.8433334
  386    1  -0.0800000
  386    2   0.4366667
  387    1  -0.9866667
  387    2   0.1366667
  388    1   0.5566667
  388    2   0.0533333
  389    1  -0.1500000
  389    2   0.5566667
  390    1  -0.9500000
  390    2  -0.8600000
  391    1   0.0933333
  391    2  -0.8633333
  392    1  -0.7866667
  392    2   0.4300000
  393    1   0.1133333
  393    2   0.6133333
  394    1  -0.7233334
  394    2  -0.1300000
  395    1  -0.1133333
  395    2  -0.3733333
  396    1   0.6866667
  396    2   0.1900000
  397    1  -0.1200000
  397    2  -0.7066667
  398    1  -0.0633333
  398    2   0.6433334
  399    1  -0.2966667
  399    2   0.4133334
  400    1   0.4033333
  400    2  -0.7900000
  401    1  -0.0866667
  401    2  -0.4866667
  402    1   0.7100000
  402    2   0.6900000
  403    1   0.0933333
  403    2  -0.4800000
  404    1  -0.5500000
  404    2   0.5366667
  405    1  -0.2333333
  405    2   0.1800000
  406    1  -0.7100000
  406    2  -0.2366667
  407    1  -0.5633333
  407    2  -0.8533334
  408    1  -0.1166667
  408    2   0.9933333
  409    1  -0.0466667
  409    2   0.2200000
  410    1   0.2933334
  410    2   0.7233334
  411    1   0.0633333
  411    2   0.7866667
  412    1   0.8833333
  412    2   0.8766667
  413    1   0.9066667
  413    2   0.4400000
  414    1  -0.8933334
  414    2  -0.9633334
  415    1   0.8900000
  415    2   0.9400000
  416    1  -0.9533334
  416    2   0.8533334
  417    1  -0.2166667
  417    2  -0.4200000
  418    1   0.5366667
  418    2  -0.2500000
  419    1   0.6866667
  419    2   0.5800000
  420    1  -0.0966667
  420    2   0.1800000
  421    1  -0.8466667
  421    2  -0.2300000
  422    1   0.4533333
  422    2   0.7633334
  423    1   0.4833333
  423    2   0.1233333
  424    1  -0.8933334
  424    2  -0.8433334
  425    1  -0.1900000
  425    2   0.5333334
  426    1   0.1100000
  426    2   0.9733334
  427    1   0.1966667
  427    2   0.3700000
  428    1   0.5333334
  428    2   0.7933334
  429    1  -0.7966667
  429    2  -0.9633334
  430    1  -0.2466667
  430    2  -0.1133333
  431    1  -1.0000000
  431    2   0.1833333
  432    1  -0.1133333
  432    2  -0.9433333
  433    1   0.3366667
  433    2   0.1066667
  434    1   0.8433334
  434    2  -0.2166667
  435    1   0.3000000
  435    2   0.4533333
  436    1  -0.2333333
  436    2  -0.1200000
  437    1  -0.5933334
  437    2  -0.9066667
  438    1   0.7333333
  438    2   0.7033334
  439    1  -0.5633333
  439    2   0.7733334
  440    1   0.1633333
  440    2  -0.5400000
  441    1  -0.7300000
  441    2   0.6566667
  442    1   0.9600000
  442    2  -0.0066667
  443    1   0.0633333
  443    2  -0.5100000
  444    1  -0.6933333
  444    2   0.0933333
  445    1   0.9300000
  445    2   0.3366667
  446    1   0.3633333
  446    2  -0.1600000
  447    1  -0.4833333
  447    2   0.5733333
  448    1  -0.9400000
  448    2  -0.3800000
  449    1   0.5900000
  449    2   0.1500000
  450    1  -0.6066667
  450    2   0.4800000
  451    1  -0.1366667
  451    2   0.7400000
  452    1  -0.6733333
  452    2  -0.5933334
  453    1  -0.2700000
  453    2  -0.8433334
  454    1  -0.0333333
  454    2  -0.8033333
  455    1  -0.8000000
  455    2  -0.2733333
  456    1  -0.3200000
  456    2  -0.2833333
  457    1   0.2766667
  457    2  -0.7800000
  458    1   0.3600000
  458    2   0.5266667
  459    1  -0.8500000
  459    2   0.6700000
  460    1   0.4200000
  460    2   0.4000000
  461    1   0.4466667
  461    2  -0.6566667
  462    1  -0.1133333
  462    2   0.4533333
  463    1   0.5433334
  463    2  -0.8100000
  464    1  -0.8800000
  464    2  -0.5266667
  465    1  -0.4566667
  465    2   0.3933333
  466    1   0.8433334
  466    2   0.5400000
  467    1   0.5733333
  467    2  -0.4466667
  468    1   0.1566667
  468    2  -0.0666667
  469    1   0.6966667
  469    2  -0.3966667
  470    1   0.1766667
  470    2  -0.1633333
  471    1  -0.6466667
  471    2  -0.2433333
  472    1   0.7033334
  472    2   0.9566667
  473    1   0.1266667
  473    2  -0.4733334
  474    1   0.0966667
  474    2   0.5566667
  475    1   0.6600000
  475    2  -0.5966667
  476    1   0.8500000
  476    2  -0.3066667
  477    1  -0.3733333
  477    2   0.5833334
  478    1  -0.1500000
  478    2   0.4200000
  479    1  -0.3933333
  479    2  -0.4366667
  480    1  -0.0733333
  480    2   0.8000000
  481    1   0.0233333
  481    2   0.5033333
  482    1  -0.7833334
  482    2  -0.9400000
  483    1  -0.9466667
  483    2   0.3900000
  484    1  -0.0933333
  484    2  -0.0566667
  485    1   0.7700000
  485    2   0.8133333
  486    1  -0.0266667
  486    2   0.7666667
  487    1  -0.6733333
  487    2  -0.8633333
  488    1   0.6800000
  488    2   0.1100000
  489    1   0.3866667
  489    2  -0.4300000
  490    1   0.4666667
  490    2  -0.1333333
  491    1  -0.9866667
  491    2   0.2700000
  492    1   0.5566667
  492    2   0.5633333
  493    1  -0.8766667
  493    2   0.7966667
  494    1  -0.4433334
  494    2   0.4300000
  495    1   0.8700000
  495    2  -0.2466667
  496    1  -0.7133334
  496    2   0.9966667
  497    1  -0.1966667
  497    2   0.5900000
  498    1   0.3833334
  498    2  -0.6733333
  499    1  -0.4600000
  499    2   0.3866667
  500    1   0.6833333
  500    2  -0.1133333
  501    1   0.7600000
  501    2   0.8200000
  502    1  -0.0166667
  502    2   0.5500000
  503    1   0.8766667
  503    2  -0.9933333
  504    1  -0.8966667
  504    2  -0.1500000
  505    1  -0.6366667
  505    2  -0.3466667
  506    1   0.6533334
  506    2  -0.9500000
  507    1  -0.1766667
  507    2  -0.7866667
  508    1   0.6433334
  508    2   0.0633333
  509    1  -0.1433333
  509    2   0.2633334
  510    1  -0.1700000
  510    2  -0.8500000
  511    1  -0.2200000
  511    2  -0.0266667
  512    1  -0.9600000
  512    2   0.5666667
  513    1  -0.3666667
  513    2  -0.7300000
  514    1  -0.7100000
  514    2   0.1266667
  515    1   0.6366667
  515    2   0.5366667
  516    1  -0.1300000
  516    2  -0.9533334
  517    1  -0.7966667
  517    2   0.4166667
  518    1  -0.0033333
  518    2   0.9266667
  519    1  -0.0833333
  519    2   0.1766667
  520    1  -0.4400000
  520    2   0.6666667
  521    1  -0.7033334
  521    2  -0.0433333
  522    1   0.2666667
  522    2  -0.2433333
  523    1   0.0766667
  523    2  -0.2633334
  524    1  -0.6633334
  524    2   0.4200000
  525    1  -0.5800000
  525    2   0.2966667
  526    1   0.2666667
  526    2  -0.6766667
  527    1   0.1666667
  527    2   0.2266667
  528    1  -0.7866667
  528    2  -0.1733333
  529    1  -0.3566667
  529    2   0.3400000
  530    1  -0.4900000
  530    2  -0.4433334
  531    1  -0.4866667
  531    2  -0.8700000
  532    1   0.6900000
  532    2   0.3066667
  533    1   0.2433333
  533    2   0.8833333
  534    1   0.4933333
  534    2   0.8000000
  535    1   0.0833333
  535    2   0.0700000
  536    1   0.4466667
  536    2  -0.9100000
  537    1  -0.2633334
  537    2   0.9300000
  538    1  -0.8733333
  538    2   0.9433333
  539    1   0.9500000
  539    2  -0.5366667
  540    1  -0.1800000
  540    2  -0.8466667
  541    1  -0.8900000
  541    2   0.2933334
  542    1   0.3466667
  542    2  -0.4200000
  543    1  -0.6100000
  543    2  -0.4066667
  544    1   0.4500000
  544    2  -0.2233333
  545    1  -0.5366667
  545    2   0.4100000
  546    1  -0.2166667
  546    2   0.3133333
  547    1  -0.1533333
  547    2  -0.3133333
  548    1  -0.2633334
  548    2   0.7633334
  549    1   0.1633333
  549    2   0.0266667
  550    1   0.0633333
  550    2   0.2533333
  551    1   0.1333333
  551    2  -0.0966667
  552    1   0.6566667
  552    2   0.8266667
  553    1  -0.3500000
  553    2  -0.6233333
  554    1  -0.3100000
  554    2  -0.8866667
  555    1   0.7866667
  555    2   0.4800000
  556    1   0.6166667
  556    2  -0.8433334
  557    1  -0.4200000
  557    2   0.9533334
  558    1  -0.0966667
  558    2  -0.3200000
  559    1   0.2933334
  559    2  -0.1233333
  560    1   0.9533334
  560    2   0.6666667
  561    1   0.6966667
  561    2  -0.8700000
  562    1   0.4966667
  562    2   0.6933333
  563    1  -0.1133333
  563    2  -0.4466667
  564    1   0.9433333
  564    2  -0.9500000
  565    1  -0.5500000
  565    2  -0.9900000
  566    1   0.2733333
  566    2   0.3333333
  567    1  -0.5233334
  567    2  -0.5133333
  568    1   0.4166667
  568    2  -0.4166667
  569    1   0.6666667
  569    2   0.6566667
  570    1  -0.7333333
  570    2   0.5000000
  571    1  -0.3500000
  571    2  -0.2633334
  572    1  -0.6033334
  572    2   0.6633334
  573    1   0.2933334
  573    2   0.6333333
  574    1   0.5200000
  574    2   0.7533333
  575    1   0.6000000
  575    2   0.2600000
  576    1  -0.2833333
  576    2   0.9233333
  577    1   0.1366667
  577    2   0.1066667
  578    1   0.8900000
  578    2   0.6833333
  579    1  -0.1366667
  579    2   0.3866667
  580    1   0.3933333
  580    2  -0.9500000
  581    1  -0.6300000
  581    2  -0.2433333
  582    1   0.6233333
  582    2  -0.1000000
  583    1  -0.9466667
  583    2   0.0233333
  584    1  -0.0900000
  584    2   0.5700000
  585    1   0.8600000
  585    2   0.9900000
  586    1   0.9633334
  586    2  -0.9133334
  587    1   0.5600000
  587    2  -0.8133333
  588    1  -0.4166667
  588    2   0.5066667
  589    1   0.1566667
  589    2   0.5933334
  590    1   0.8166667
  590    2  -0.0333333
  591    1   0.8700000
  591    2   0.4700000
  592    1   0.1166667
  592    2  -0.2933334
  593    1   0.4633333
  593    2  -0.8200000
  594    1  -0.5033333
  594    2  -0.3200000
  595    1  -0.3633333
  595    2   0.7400000
  596    1   0.5866667
  596    2  -0.7466667
  597    1   0.0833333
  597    2   0.5666667
  598    1  -0.9566667
  598    2   0.5300000
  599    1  -0.9200000
  599    2   0.4400000
  600    1  -0.0200000
  600    2   0.0266667
  601    1   0.6600000
  601    2   0.9466667
  602    1   0.2333333
  602    2  -0.0166667
  603    1  -0.8066667
  603    2  -0.9166667
  604    1   0.5266667
  604    2   0.5966667
  605    1  -0.7900000
  605    2  -0.7866667
  606    1  -0.0300000
  606    2   0.1166667
  607    1  -0.2066667
  607    2  -0.1333333
  608    1  -0.5866667
  608    2   0.8366667
  609    1  -0.3866667
  609    2   0.7600000
  610    1  -0.5466667
  610    2   0.6866667
  611    1   0.5800000
  611    2  -0.3566667
  612    1  -0.0866667
  612    2  -0.5700000
  613    1   0.7166667
  613    2  -0.4600000
  614    1   0.1300000
  614    2  -0.4300000
  615    1  -0.4300000
  615    2  -0.7400000
  616    1  -0.1600000
  616    2   0.1433333
  617    1  -0.0866667
  617    2  -0.9933333
  618    1  -0.6733333
  618    2   0.2633334
  619    1  -0.2333333
  619    2  -0.5800000
  620    1  -0.9600000
  620    2  -0.5266667
  621    1   0.4700000
  621    2   0.8133333
  622    1  -0.3033333
  622    2  -0.1033333
  623    1   0.1433333
  623    2  -0.8300000
  624    1  -0.4233333
  624    2   0.1033333
  625    1   0.9366667
  625    2  -0.7633334
  626    1  -0.1533333
  626    2  -0.5533333
  627    1   0.2466667
  627    2   0.3333333
  628    1   0.2733333
  628    2  -0.9666667
  629    1   0.1633333
  629    2  -0.8000000
  630    1  -0.9800000
  630    2  -0.6433334
  631    1  -0.3300000
  631    2  -0.5800000
  632    1   0.7066667
  632    2   0.3033333
  633    1   0.4233333
  633    2  -0.6233333
  634    1   0.2633334
  634    2  -0.6100000
  635    1   0.3500000
  635    2  -0.9366667
  636    1  -0.5766667
  636    2  -0.0800000
  637    1   0.8000000
  637    2  -0.5800000
  638    1  -0.3700000
  638    2   0.9733334
  639    1  -0.8466667
  639    2   0.5600000
  640    1   0.2933334
  640    2  -0.2500000
  641    1   0.0900000
  641    2  -0.1566667
  642    1  -0.4000000
  642    2  -0.7166667
  643    1   0.1366667
  643    2  -0.9266667
  644    1  -0.6200000
  644    2   0.6933333
  645    1   0.7933334
  645    2   0.5666667
  646    1   0.6533334
  646    2  -0.0933333
  647    1   0.4200000
  647    2   0.3866667
  648    1  -0.1066667
  648    2   0.0100000
  649    1   0.2533333
  649    2   0.4733334
  650    1   0.7333333
  650    2  -0.3400000
  651    1  -0.9033334
  651    2   0.2166667
  652    1  -0.3966667
  652    2   0.6433334
  653    1  -0.2500000
  653    2  -0.1900000
  654    1  -0.8666667
  654    2  -0.0800000
  655    1  -0.1966667
  655    2   0.8633333
  656    1  -0.2266667
  656    2   0.4566667
  657    1  -0.7000000
  657    2   0.8733333
  658    1   0.0233333
  658    2   0.7800000
  659    1  -0.3333333
  659    2   0.6166667
  660    1  -0.0633333
  660    2  -0.9466667
  661    1  -0.2033333
  661    2  -0.3400000
  662    1  -0.1366667
  662    2  -0.4066667
  663    1   0.0666667
  663    2   0.9333333
  664    1  -0.3066667
  664    2   0.2266667
  665    1   0.4766667
  665    2  -0.0166667
  666    1   0.8333334
  666    2   0.8666667
  667    1  -0.3266667
  667    2   0.5600000
  668    1  -0.1800000
  668    2  -0.3166667
  669    1   0.5166667
  669    2   0.6833333
  670    1   0.5266667
  670    2  -0.3766667
  671    1   0.4500000
  671    2   0.9300000
  672    1   0.8266667
  672    2   0.5933334
  673    1   0.8066667
  673    2   0.9500000
  674    1  -0.0966667
  674    2  -0.5266667
  675    1   0.0466667
  675    2  -0.7666667
  676    1   0.5300000
  676    2   0.9000000
  677    1  -0.8400000
  677    2  -0.5533333
  678    1   0.4766667
  678    2  -0.4633333
  679    1   0.8300000
  679    2  -0.7300000
  680    1   0.4133334
  680    2  -0.9300000
  681    1  -0.0733333
  681    2  -0.6100000
  682    1  -0.8466667
  682    2  -0.9566667
  683    1   0.0233333
  683    2  -0.8533334
  684    1   0.2733333
  684    2  -0.3466667
  685    1  -0.3566667
  685    2   0.0600000
  686    1   0.2666667
  686    2  -0.2500000
  687    1   0.5133333
  687    2  -0.8866667
  688    1   0.9000000
  688    2   0.2966667
  689    1   0.3866667
  689    2   0.4000000
  690    1  -0.3933333
  690    2   0.3000000
  691    1   0.3866667
  691    2  -0.5533333
  692    1   0.5900000
  692    2   0.5700000
  693    1  -0.3033333
  693    2  -0.9533334
  694    1   0.2533333
  694    2  -0.8966667
  695    1   0.1500000
  695    2   0.7300000
  696    1   0.8633333
  696    2  -0.4366667
  697    1  -0.4900000
  697    2   0.0066667
  698    1   0.6266667
  698    2  -0.8566667
  699    1  -0.8000000
  699    2   0.5633333
  700    1  -0.6133333
  700    2   0.9366667
  701    1   0.9033334
  701    2  -0.8433334
  702    1  -0.0266667
  702    2  -0.0466667
  703    1  -0.5366667
  703    2  -0.4166667
  704    1  -0.6400000
  704    2   0.9466667
  705    1  -0.6066667
  705    2  -0.5933334
  706    1   0.8600000
  706    2  -0.7200000
  707    1  -0.2666667
  707    2  -0.7100000
  708    1   0.8700000
  708    2  -0.8566667
  709    1   0.8100000
  709    2   0.9633334
  710    1  -0.9133334
  710    2   0.2433333
  711    1   0.8433334
  711    2   0.5633333
  712    1  -0.9033334
  712    2   0.2133333
  713    1  -0.1300000
  713    2   0.3700000
  714    1   0.0733333
  714    2   0.2466667
  715    1   0.3100000
  715    2   0.8200000
  716    1  -0.0200000
  716    2   0.1700000
  717    1  -0.6566667
  717    2  -0.6566667
  718    1  -0.9400000
  718    2   0.2866667
  719    1  -0.3500000
  719    2   0.1666667
  720    1  -0.5700000
  720    2   0.4233333
  721    1   0.8233334
  721    2   0.9200000
  722    1   0.6866667
  722    2   0.1566667
  723    1  -0.7666667
  723    2   0.0666667
  724    1   0.2666667
  724    2  -0.0133333
  725    1   0.3600000
  725    2  -0.9666667
  726    1   0.6433334
  726    2  -0.5533333
  727    1  -0.4400000
  727    2  -0.2966667
  728    1   0.5066667
  728    2   0.5766667
  729    1   0.4800000
  729    2  -0.9700000
  730    1   0.3100000
  730    2  -0.4333333
  731    1   0.4733334
  731    2  -0.5733333
  732    1   0.6666667
  732    2   0.3100000
  733    1  -0.3633333
  733    2  -0.3700000
  734    1  -0.4000000
  734    2  -0.2833333
  735    1   0.6200000
  735    2   0.3100000
  736    1   0.0633333
  736    2  -0.8666667
  737    1   0.3666667
  737    2   0.1733333
  738    1   0.5166667
  738    2  -0.3933333
  739    1   0.1400000
  739    2  -0.4133334
  740    1   0.7200000
  740    2   0.4433334
  741    1   0.0766667
  741    2   0.4066667
  742    1  -0.0266667
  742    2   0.0100000
  743    1  -0.9133334
  743    2  -0.1266667
  744    1  -0.4766667
  744    2   0.6966667
  745    1   0.9033334
  745    2  -0.7633334
  746    1   0.0966667
  746    2  -0.2000000
  747    1   0.9633334
  747    2  -0.0266667
  748    1  -0.2033333
  748    2  -0.0533333
  749    1   0.7233334
  749    2   0.8366667
  750    1   0.6966667
  750    2  -0.3766667
  751    1   0.1233333
  751    2  -0.9233333
  752    1   0.1233333
  752    2   0.9166667
  753    1   0.3933333
  753    2  -0.5266667
  754    1   0.1066667
  754    2  -0.8200000
  755    1  -0.7300000
  755    2  -0.9400000
  756    1   0.6900000
  756    2   0.4000000
  757    1  -0.1266667
  757    2   0.1833333
  758    1  -0.4666667
  758    2   0.7266667
  759    1   0.7800000
  759    2  -0.3333333
  760    1  -0.7000000
  760    2   0.1066667
  761    1  -0.5333334
  761    2  -0.5800000
  762    1  -0.5300000
  762    2   0.8500000
  763    1   0.6466667
  763    2  -0.4166667
  764    1  -0.8166667
  764    2   0.5233334
  765    1  -0.0666667
  765    2   0.8300000
  766    1   0.9133334
  766    2   0.8766667
  767    1  -0.2666667
  767    2   0.8733333
  768    1  -0.6866667
  768    2  -0.8766667
  769    1   0.1800000
  769    2   0.0433333
  770    1  -0.5333334
  770    2   0.5366667
  771    1   0.1433333
  771    2  -0.0566667
  772    1  -0.9466667
  772    2   0.1133333
  773    1  -0.8333334
  773    2   0.5666667
  774    1  -0.7366667
  774    2   0.0566667
  775    1   0.9966667
  775    2   0.6200000
  776    1  -0.6633334
  776    2  -0.7466667
  777    1  -0.5266667
  777    2   0.9233333
  778    1  -0.3033333
  778    2  -0.2800000
  779    1  -0.9400000
  779    2   0.9900000
  780    1   0.4400000
  780    2  -0.2866667
  781    1   0.9900000
  781    2   0.7366667
  782    1  -0.9700000
  782    2   0.6400000
  783    1   0.1700000
  783    2   0.7000000
  784    1   0.2233333
  784    2  -0.8200000
  785    1   0.6266667
  785    2   0.2166667
  786    1   0.2600000
  786    2   0.5333334
  787    1  -0.4366667
  787    2   0.1633333
  788    1  -0.4166667
  788    2   0.9833333
  789    1   0.2966667
  789    2   0.5433334
  790    1   0.4366667
  790    2   0.9166667
  791    1   0.4866667
  791    2  -0.5766667
  792    1  -0.5200000
  792    2  -0.8200000
  793    1   0.9066667
  793    2   0.3300000
  794    1  -0.7166667
  794    2  -0.1566667
  795    1   0.8366667
  795    2  -0.1433333
  796    1   0.8500000
  796    2  -0.3333333
  797    1   0.6400000
  797    2   0.3900000
  798    1   0.3000000
  798    2  -0.7833334
  799    1  -0.8200000
  799    2  -0.9966667
  800    1  -0.2366667
  800    2  -0.4333333
  801    1   0.2266667
  801    2  -0.9733334
  802    1  -0.9400000
  802    2   0.4100000
  803    1   0.8933334
  803    2   0.0433333
  804    1   0.3800000
  804    2   0.4900000
  805    1   0.3033333
  805    2   0.7666667
  806    1   0.9766667
  806    2   0.5933334
  807    1  -0.6433334
  807    2  -0.7000000
  808    1  -0.4400000
  808    2  -0.1233333
  809    1  -0.6500000
  809    2   0.4766667
  810    1  -0.8266667
  810    2   0.7033334
  811    1  -0.1133333
  811    2  -0.9400000
  812    1   0.9733334
  812    2   0.2500000
  813    1  -0.5566667
  813    2   0.0133333
  814    1  -0.6933333
  814    2  -0.5800000
  815    1  -0.9600000
  815    2  -0.4833333
  816    1   0.6466667
  816    2  -0.0466667
  817    1  -0.7833334
  817    2  -0.0533333
  818    1   0.4566667
  818    2   0.9866667
  819    1  -0.1466667
  819    2   0.3733333
  820    1   0.0466667
  820    2  -0.0800000
  821    1  -0.8300000
  821    2  -0.9733334
  822    1   0.9166667
  822    2  -0.8400000
  823    1  -0.5733333
  823    2  -0.2266667
  824    1  -0.8600000
  824    2   0.6633334
  825    1   0.2066667
  825    2   0.6100000
  826    1   0.8500000
  826    2  -0.3333333
  827    1  -0.4733334
  827    2  -0.6666667
  828    1  -0.7066667
  828    2   0.8733333
  829    1   0.5500000
  829    2   0.9233333
  830    1   0.8066667
  830    2   0.5200000
  831    1  -0.0633333
  831    2  -0.6266667
  832    1  -0.2000000
  832    2   0.4133334
  833    1  -0.4800000
  833    2   1.0000000
  834    1   0.9733334
  834    2  -0.0633333
  835    1   0.9866667
  835    2   0.3300000
  836    1   0.4100000
  836    2   0.5500000
  837    1   0.2500000
  837    2  -0.1300000
  838    1   0.3000000
  838    2  -0.4000000
  839    1  -0.9933333
  839    2   0.7866667
  840    1   0.6700000
  840    2   0.8466667
  841    1  -0.6933333
  841    2  -0.9100000
  842    1  -0.1033333
  842    2  -0.0533333
  843    1  -0.6900000
  843    2  -0.7166667
  844    1  -0.6500000
  844    2  -0.3700000
  845    1  -0.9733334
  845    2  -0.8966667
  846    1   0.1400000
  846    2  -0.3700000
  847    1  -0.3500000
  847    2  -0.0800000
  848    1   0.5066667
  848    2  -0.8133333
  849    1  -0.6900000
  849    2   0.1866667
  850    1  -0.9366667
  850    2   0.9400000
  851    1   0.3466667
  851    2   0.4533333
  852    1   0.9800000
  852    2  -0.6533334
  853    1   0.1633333
  853    2   0.7033334
  854    1  -0.7766667
  854    2  -0.0100000
  855    1   0.6466667
  855    2   0.1500000
  856    1   0.3666667
  856    2  -0.4866667
  857    1  -0.8300000
  857    2   0.2166667
  858    1  -0.9833333
  858    2   0.3666667
  859    1   0.4633333
  859    2  -0.3833334
  860    1   0.7133334
  860    2  -0.7066667
  861    1   0.3433333
  861    2  -0.8066667
  862    1   0.3166667
  862    2  -0.1033333
  863    1   0.4533333
  863    2   0.7066667
  864    1  -0.1400000
  864    2  -0.8966667
  865    1   0.9200000
  865    2   0.8866667
  866    1   0.7300000
  866    2  -0.8100000
  867    1   0.4033333
  867    2   0.2066667
  868    1   0.1066667
  868    2  -0.8966667
  869    1   0.2833333
  869    2   0.1766667
  870    1  -0.1433333
  870    2  -0.3333333
  871    1  -0.5966667
  871    2   0.4466667
  872    1  -0.5000000
  872    2  -0.4733334
  873    1   0.0433333
  873    2   0.2500000
  874    1  -0.3900000
  874    2   0.5966667
  875    1  -0.3333333
  875    2  -0.8766667
  876    1  -0.2066667
  876    2   0.1333333
  877    1   0.8000000
  877    2   0.0733333
  878    1  -0.7300000
  878    2   0.5266667
  879    1  -0.1066667
  879    2   0.7733334
  880    1  -0.2400000
  880    2  -0.5033333
  881    1   0.4533333
  881    2  -0.4533333
  882    1   0.3533334
  882    2  -0.3466667
  883    1   0.6533334
  883    2   0.2833333
  884    1  -0.9633334
  884    2   0.8266667
  885    1   0.6933333
  885    2  -0.7833334
  886    1  -0.8200000
  886    2   0.7566667
  887    1   0.1366667
  887    2  -0.7633334
  888    1   0.1000000
  888    2  -0.4900000
  889    1   0.0666667
  889    2  -0.8400000
  890    1   0.8500000
  890    2  -0.0533333
  891    1  -0.7066667
  891    2  -0.7266667
  892    1   0.3833334
  892    2   0.3100000
  893    1  -0.8766667
  893    2  -0.1133333
  894    1   0.2766667
  894    2  -0.0533333
  895    1  -0.4866667
  895    2  -0.6533334
  896    1  -0.3233334
  896    2  -0.9533334
  897    1  -0.5166667
  897    2   0.4766667
  898    1   0.1666667
  898    2  -0.1366667
  899    1  -0.4633333
  899    2  -0.8766667
  900    1   0.6300000
  900    2   0.4200000
  901    1   0.8200000
  901    2  -0.5233334
  902    1  -0.4700000
  902    2   0.2266667
  903    1   0.2300000
  903    2   0.6133333
  904    1   0.1266667
  904    2   0.2800000
  905    1   0.5533333
  905    2  -0.0700000
  906    1   0.5966667
  906    2  -0.1100000
  907    1   0.5300000
  907    2  -0.0566667
  908    1  -0.7633334
  908    2  -0.3966667
  909    1   0.8166667
  909    2   0.1900000
  910    1  -0.2400000
  910    2  -0.2733333
  911    1   0.8900000
  911    2  -0.0200000
  912    1   0.3800000
  912    2  -0.0733333
  913    1  -0.6966667
  913    2   0.4033333
  914    1  -0.4266667
  914    2  -0.7033334
  915    1   0.1833333
  915    2   0.1700000
  916    1   0.5866667
  916    2  -0.5033333
  917    1  -0.5466667
  917    2  -0.5333334
  918    1   0.1766667
  918    2  -0.3233334
  919    1  -0.6300000
  919    2  -0.5300000
  920    1  -0.4966667
  920    2   0.3000000
  921    1  -0.1233333
  921    2   0.8400000
  922    1   0.1533333
  922    2  -0.0866667
  923    1  -0.3400000
  923    2  -0.4033333
  924    1   0.8966667
  924    2  -0.8100000
  925    1   0.9300000
  925    2   0.1166667
  926    1   0.0100000
  926    2   0.9033334
  927    1  -0.1866667
  927    2   0.5733333
  928    1   0.6466667
  928    2  -0.4866667
  929    1  -0.2100000
  929    2   0.5400000
  930    1   0.9966667
  930    2   0.1766667
  931    1   0.2433333
  931    2   0.5966667
  932    1   0.9866667
  932    2  -0.6200000
  933    1  -0.2666667
  933    2   0.7000000
  934    1   0.8600000
  934    2   0.4900000
  935    1   0.9500000
  935    2  -0.8300000
  936    1  -0.7200000
  936    2  -0.7366667
  937    1  -0.2933334
  937    2   0.7033334
  938    1  -0.0866667
  938    2  -0.4233333
  939    1   0.3600000
  939    2  -0.2600000
  940    1  -0.0866667
  940    2  -0.0700000
  941    1   0.0400000
  941    2   0.7000000
  942    1   0.1966667
  942    2   0.7466667
  943    1   0.8500000
  943    2   0.7900000
  944    1  -0.5633333
  944    2  -0.6833333
  945    1   0.2300000
  945    2   0.9866667
  946    1   0.0066667
  946    2   0.7066667
  947    1   0.8333334
  947    2   0.5233334
  948    1  -0.7066667
  948    2  -0.8266667
  949    1  -0.8433334
  949    2   0.6966667
  950    1  -0.5700000
  950    2   0.9533334
  951    1  -0.9500000
  951    2  -0.5333334
  952    1  -0.2100000
  952    2   0.1700000
  953    1  -0.2500000
  953    2  -0.4466667
  954    1   0.3466667
  954    2  -0.8833333
  955    1  -0.8766667
  955    2   0.7900000
  956    1  -0.1000000
  956    2   0.9433333
  957    1   0.8166667
  957    2  -0.8900000
  958    1   0.3000000
  958    2  -0.0633333
  959    1   0.5533333
  959    2  -0.4200000
  960    1   0.9833333
  960    2  -0.6566667
  961    1   0.5900000
  961    2   0.3866667
  962    1   0.9066667
  962    2  -0.0466667
  963    1  -0.2700000
  963    2  -0.5766667
  964    1  -0.8433334
  964    2   0.8933334
  965    1   0.7633334
  965    2   0.6400000
  966    1   0.9433333
  966    2  -0.6133333
  967    1  -0.4433334
  967    2  -0.2366667
  968    1   0.7566667
  968    2  -0.3566667
  969    1  -0.6400000
  969    2  -0.8266667
  970    1   0.2800000
  970    2   0.6100000
  971    1  -0.9100000
  971    2  -0.9200000
  972    1   0.8966667
  972    2   0.1000000
  973    1   0.9200000
  973    2   1.0000000
  974    1   0.7433333
  974    2   0.0366667
  975    1   0.4733334
  975    2  -0.3866667
  976    1   0.8666667
  976    2  -0.0100000
  977    1  -0.2766667
  977    2   0.4800000
  978    1   0.8100000
  978    2   0.2533333
  979    1   0.2833333
  979    2  -0.5700000
  980    1   0.0633333
  980    2  -0.1433333
  981    1  -0.9166667
  981    2   0.0933333
  982    1   0.7966667
  982    2   0.4966667
  983    1   0.9900000
  983    2  -0.6366667
  984    1   0.9900000
  984    2   0.2000000
  985    1  -0.8733333
  985    2   0.6733333
  986    1   0.6133333
  986    2  -0.5933334
  987    1   0.2466667
  987    2  -0.9633334
  988    1   0.4900000
  988    2  -0.4166667
  989    1   0.3166667
  989    2   0.8166667
  990    1  -0.6033334
  990    2   0.8733333
  991    1   0.6600000
  991    2   0.0100000
  992    1   0.9266667
  992    2   0.3200000
  993    1   0.1300000
  993    2  -0.7200000
  994    1  -0.9833333
  994    2  -0.7033334
  995    1  -0.0966667
  995    2  -0.6233333
  996    1   0.4433334
  996    2   0.8166667
  997    1  -0.3100000
  997    2  -0.2800000
  998    1   0.1400000
  998    2  -0.2833333
  999    1  -0.9600000
  999    2   0.7700000
 1000    1  -0.5466667
 1000    2  -0.7266667
 1001    1  -0.7900000
 1001    2  -0.8566667
 1002    1  -0.2633334
 1002    2  -0.5166667
 1003    1  -0.0066667
 1003    2  -0.0966667
 1004    1   0.5366667
 1004    2  -0.6100000
 1005    1   0.6600000
 1005    2  -0.8600000
 1006    1   0.3333333
 1006    2  -0.2733333
 1007    1   0.8366667
 1007    2  -0.7933334
 1008    1   0.5833334
 1008    2  -0.1933333
 1009    1  -0.0733333
 1009    2   0.9366667
 1010    1   0.6066667
 1010    2  -0.8466667
 1011    1  -0.5400000
 1011    2  -0.7766667
 1012    1   0.6833333
 1012    2   0.2433333
 1013    1  -0.1666667
 1013    2  -0.2766667
 1014    1  -0.6366667
 1014    2   0.7400000
 1015    1  -0.4766667
 1015    2   0.3400000
 1016    1  -0.3266667
 1016    2  -0.7766667
 1017    1   0.7133334
 1017    2  -0.6633334
 1018    1   0.0066667
 1018    2   0.2200000
 1019    1  -0.9066667
 1019    2  -0.7200000
 1020    1   0.6300000
 1020    2  -0.2133333
 1021    1   0.6300000
 1021    2   0.4233333
 1022    1   0.1866667
 1022    2  -0.0233333
 1023    1  -0.9333333
 1023    2  -0.5466667
 1024    1   0.3233334
 1024    2  -0.2400000
