-0.3637449145521616 -0.17205946180808662
0.8084791336721677 0.7553862832549162
0.3186989274008505 0.21346236441576233
-0.3943654967915793 -0.3418046000445929
-0.6941575158506008 -0.6901878659361961
0.29208819903948546 0.2177418857681876
0.5164095508653777 0.4367723524298325
0.12752665882918746 0.09740532150071161
0.2795754506390744 0.1367048690019606
0.6795404507864178 0.7714344505518315
-0.5568187813075525 -0.6278276308607155
0.6659150520842612 0.6333114836924499
0.28224532066874164 0.23071255905830934
-0.9163912563583041 -0.9352088829679926
-0.9765430755728757 -0.9923630872588455
0.4179368067762159 0.5125035969404362
