0.5571114894903224 0.5649442488209488
0.9115188900730675 0.7258512624791825
0.5895488259894186 0.9826699913113183
0.430671466600403 0.31530891754483276
-0.28203648042055574 -0.17950872586786593
-0.6654021853998011 -0.6195223612420995
0.223714592096794 0.08184816206792687
0.5481296581685504 0.36319472237975975
0.7323931541141684 0.7204316232872706
0.9687358036062581 0.3975156731581092
0.530617055550582 0.9982292540651206
0.7175441577012955 0.7278442371930152
0.8637936344005912 0.6476339086284263
0.1755465732142032 0.7495532567224429
-0.3152403383526101 0.16169910550974842
-0.5795024688552013 -0.5463495060337609
