0.1833038632463978 0.15974293293149008
0.14731808375745936 0.18212436752643643
-0.21880109901694045 -0.23275265056330316
0.26935948703384727 0.29223364172559135
-0.3111175081584465 -0.32512218984561303
0.11540072378843369 0.15445704351114617
0.1561511211060067 0.135295040229007
0.4030476776733052 0.38403508850628976
0.16377648283845014 0.1627311313279413
-0.8280156997737638 -0.826771039071166
0.19374048295097757 0.21065496970430742
0.7021891702436699 0.6757775073711396
0.6172708159033953 0.6118264496419299
-0.5017511688247246 -0.5271837211518967
0.05789263519809518 0.10821419699678726
0.04278764006211355 0.03794108215747982
0.5004831890850217 0.49388827898303383
-0.6435184639258521 -0.6285269008203458
0.07854114717584515 0.09745830340445803
0.5583844782693175 0.4992861662779435
-0.20958296368340323 -0.2110744393549407
0.4343197311675908 0.4329853207620131
0.1529592997247532 0.1912310461108606
-0.14213375221937696 -0.2640596991408389
0.6163985128254158 0.637542420086046
0.9628206453144281 0.999875195464598
-0.0437564250999567 -0.05235679442409191
-0.2377139203839328 -0.24688024394424576
0.8332613999410524 0.8719033857008661
-0.5064667369472102 -0.48276563156561986
0.8008874280334233 0.7756715597709617
0.6317457082986769 0.5941124941771798
0.07861265108077431 0.08929851874289997
-0.14853074456724447 -0.14113911808634838
0.32502461753628475 0.33652689638974337
-0.07162088908435083 -0.08011408002716208
0.09530237594399937 0.0910919888298421
0.5249000036600316 0.47820683112478285
0.14135866497998317 0.1436181223784283
-0.6744285260060642 -0.6880297556591032
-0.21539069799578459 -0.22026138173883045
-0.2846893374295627 -0.3090914604576808
-0.15252167775112468 -0.13792631338842948
0.4172156667842628 0.3996257265861768
-0.5697780223022463 -0.5624849475942154
0.08671199958868447 0.10321841908787105
0.29861629607558093 0.34389797276849876
0.06197049522043219 0.09284959402666712
0.30064971508635707 0.30830114463457203
0.26555481261655933 0.2871827467473762
-0.89567502927143 -0.8932663138564798
-0.302834590206838 -0.33719974361728366
-0.3822889816478605 -0.380699133674598
-0.23693822275769105 -0.20383111221341105
0.21057966779159387 0.23792356227186853
-0.2037207830793899 -0.2110975509695328
0.38940950571367716 0.37539569176485477
0.7602762833722683 0.7548180822845632
-0.2632313696020798 -0.29635216885350535
0.5157539547105048 0.5186344826367121
-0.48601854161615543 -0.4681656134396346
-0.1147165856836273 -0.1297233836423175
-0.019373341888593965 -0.028710150548850993
0.2522370536568397 0.2264644618918295
0.18046979901923588 0.1906765069925715
0.2991610324928844 0.32497278059178525
