-0.48879351814380645 -0.4864334307616066
-0.4768101299975217 -0.5220087801720271
-0.13398879346212889 -0.15818441226418983
0.2476563755788106 0.2512860914565028
0.5189011566184045 0.6164169467663967
0.49948008141469824 0.4471090613022625
0.6223791295896546 0.6152608415055287
0.3642956101862992 0.39634141384915056
-0.11098577045979774 -0.1685567264962392
0.6409095550910686 0.6324837922913982
-0.5618552424952362 -0.5807404709102962
-0.4078163002331735 -0.40622599332429926
0.4763754250493064 0.49350522034645716
-0.10986796525866382 -0.09491303494685273
0.4712260484360137 0.5214555708223855
-0.04300306023528866 -0.10491996264341025
0.4179134189059629 0.4393574253081194
-0.5262183899849605 -0.5571631371009327
0.5059592030051825 0.5153092879376001
0.3116536587121391 0.33700605753300283
0.24521328249572638 0.24799174297094775
0.045120023976636725 0.05446682853090995
-0.4629118675369881 -0.43030574730104915
-0.0183142047912771 -0.0031710489855903182
0.13126105586569325 0.13037134228316838
0.028600104895439293 0.03128899601682206
-0.20952043724564906 -0.1983851227727915
-0.4595057228100804 -0.4596401703372309
-0.8247216820558899 -0.7628823756417121
-0.1654825721374833 -0.14896636786273734
0.20742986876575875 0.19149600460234312
0.10219095497923314 0.0831614237977907
0.5421275251089105 0.5579242075467366
-0.09180848249304008 -0.07300877793958344
-0.47542295491659403 -0.45852888858762453
0.04757442971237291 0.01962216003822531
-0.9185012401038057 -0.9053900109659042
0.11987927322198266 0.15906802291832436
0.7069089158086307 0.7019040580041638
0.6175604744713642 0.5743674695659833
0.26999146518067496 0.2739180868564733
-0.3060573875278493 -0.29878489280297793
-0.29422628033508536 -0.2790388383381308
0.4805250745129871 0.4221024237725391
0.21704397928812025 0.20529742998327488
0.7201466462678275 0.7280125916580377
-0.01637208333506235 -0.04647461676304221
-0.4032134919644972 -0.4127531948505692
-0.29255942219857545 -0.33345507290524756
-0.19487123572754816 -0.2279810812515023
0.8053787861095146 0.8085641877279214
-0.6449658396325227 -0.6283456051881984
-0.3188035943498928 -0.3495685241640916
-0.031085626179896075 0.046554475858625544
-0.43189992776427844 -0.32982806045654023
0.03920719410668794 0.08004247992757249
0.06468074901343046 0.04904757918270057
-0.5485753427330222 -0.5150419597285082
0.04563451967646115 0.05564649415383196
-0.1759293604850839 -0.1457175717884216
0.2695845872844227 0.2925154115463329
0.015764615007115457 0.009718296337674875
0.793317257922279 0.8229102484756428
-0.28736524348888437 -0.2684258221572707
0.07708067944960806 0.08013280395290964
-0.525742884990408 -0.49833932822649263
