0.19528694633427857 0.06313955733934351
-0.41738925017284445 -0.4199497358154116
-0.4497476634059534 -0.4224704426925452
0.20868170055030322 0.19219131338901368
0.47626502718067676 0.4502658364444858
0.3183748893416133 0.32434480808515737
0.7192579895704319 0.7075988584439357
0.377670798953916 0.380030262981408
-0.5308307095343942 -0.5528254009173814
0.19142512171024473 0.17583383817501197
-0.5916562410473213 -0.6084570737852988
0.5581400821363373 0.5559813890255335
-0.0013242763309520011 0.0554983710505972
-0.2655255041939881 -0.20348501899993163
-0.4246920769644781 -0.41430735952417597
-0.31820038679678053 -0.41841321502933515
-0.3390929874803179 -0.3345571549225066
-0.1147452734173372 -0.15388362150895565
0.15286909392625314 0.21967329951880327
0.23856655703905616 0.4223327188792233
-0.16932198437186397 -0.1208834351481381
0.28953455362270875 0.3341948393194206
0.001264693618125201 -0.013484148008601315
-0.48899825334061464 -0.43426183005955893
-0.5673344383748913 -0.5767652847625528
-0.4217239357860888 -0.42282994174018423
0.45437647109863133 0.4508784834583146
-0.10680769866073159 -0.1211500355176103
-0.2767427539521461 -0.3074334342147409
-0.01775645191338937 -0.0014547378160862101
0.339176589456595 0.26492753589592555
0.045393666523825815 0.052825566243801005
0.8526619698684806 0.9082564199510735
-0.2110035239400576 -0.24158522046630812
-0.2946923545045079 -0.28846356679149265
-0.09205969980959272 -0.12249369785669367
0.060607951063451515 -0.0037259864024289935
-0.3286151311762445 -0.2975497746368381
0.8650487145877294 0.8954888794223286
-0.13424432776535244 -0.1511295514372646
-0.0718664572058868 -0.03857527549915504
0.20519736156100832 0.12644325629163916
-0.5838996144737898 -0.5535623678525547
0.44059862325525734 0.3996746430977046
-0.7118216802701052 -0.7551755778142223
0.7182687793216445 0.7514963758586394
0.6948691388992556 0.7230073422585335
-0.07387408998885636 -0.11198952776001247
0.08658451682770063 0.09107656460469893
-0.29949738194439635 -0.31281960631949063
-0.5292234283400573 -0.5642487501131697
-0.4905571708526193 -0.5083468676781027
0.3981600307122255 0.42249941912282585
0.08304139502612007 0.09980972276729078
0.08737092563110105 0.04723127030332623
-0.24043275602748382 -0.24660503851532842
0.7914942433215305 0.7871626504507503
-0.8550825138118024 -0.8190717236686862
0.020360115893885422 0.02174696819526548
0.7229669798746877 0.6810533726595138
-0.6826188433449911 -0.6906364725740834
0.10619761078941437 0.08609957176637942
-0.08513071070757205 -0.18446948323451803
0.5692338579696431 0.5223231047506194
0.1875949187539786 0.18271512035590454
0.25846028647552277 0.3139548405046986
0.7213407788423324 0.7954142901062013
0.3574595924880126 0.42107305797876315
-0.5966803920342745 -0.5919708330122242
0.6555628281870236 0.7633123367348696
-0.5330530497450446 -0.5206829554671254
0.78518448436828 0.8087699024030985
0.010173384526168117 -0.0997265107126303
0.39340068511684523 0.48196019780794336
0.48525607703772267 0.4376132701723235
-0.057116006885810644 -0.1429590211421436
-0.8054066432737647 -0.7546520434607932
0.09130270946957975 0.1005805892420218
-0.7794333829554352 -0.6796488639116423
-0.2548888137521985 -0.30170221157866456
0.5047132248836147 0.35489689339658365
-0.7990445797829674 -0.7778957595196524
-0.45447860909369764 -0.4045617900911151
-0.6212687916942349 -0.4853106707983311
-0.6574375573446808 -0.7343895449461194
-0.6322399849692709 -0.6447964244057038
-0.5492952925219406 -0.5347840432345811
-0.06343900610565001 -0.1210410864985676
-0.27954935204767395 -0.2433191971559452
0.211709639399412 0.30448715950471933
0.35153640960200894 0.23699404338740876
0.32527986323248004 0.3159759115910253
-0.20521994750750483 -0.18895049235622968
-0.2911804227640129 -0.30803647385443955
-0.20265900076899956 -0.16905906082175434
0.025150159303840236 0.024952838443803832
-0.20377930741721162 -0.214467939183836
0.04647219953575987 -0.017481919427220695
0.056720680875733676 0.050893829906864474
0.7173754183108918 0.7852789469840704
0.013276735107888071 0.003615813157047628
0.18412048584644447 0.20979906888564098
0.09015583404289329 0.07782092267721243
0.39059506492583285 0.4713249228622951
-0.45740782697405946 -0.5017842583820685
0.553422044749483 0.5838109592920906
0.11328234524245095 0.09151568145382333
-0.032047361919692374 -0.010285461820912497
-0.18563893288268685 -0.20752935673039669
0.6808043622243829 0.7392495646546341
-0.2908565424155142 -0.2779853797191889
0.8956222428203773 0.9448003721910814
0.10982867472307545 0.05012717538895288
0.6436633218856881 0.6227724895983271
-0.3944885380974663 -0.40407368825770384
0.2543848227556812 0.11680655762120842
0.7382678542313593 0.7399538085696653
0.2863344041594835 0.33785096731742736
-0.4334593827188177 -0.3827462090426934
0.31027965695497306 0.3637538335184575
