-0.10898323312834057 -0.10842542894904217
0.6344151087436009 0.6566965045978913
0.5340583058492016 0.5919110796192908
0.4896077188381197 0.4786694387674158
0.1795332234953828 0.16284502921161112
-0.5816608891815928 -0.6211496944113176
0.4060955461910013 0.4610538276518791
0.8119277306611323 0.8116136162178018
-0.7952912409015466 -0.8099893488284271
0.3060162939670784 0.2647132541424074
-0.7988016458284677 -0.7979711539012776
-0.6423860677598803 -0.6285915682066187
0.7885889037300615 0.7519907990996042
-0.04769416327805376 -0.09115017695019231
0.4947798690841314 0.5675142402850106
-0.14708967544741247 -0.19344680299624617
-0.1335816158471428 -0.14362567944812593
0.04973495394636274 0.07422303579328993
0.09055374100057234 0.06597504847330778
-0.21255059695516765 -0.19116212303594518
0.21570520842845808 0.20445965524715007
0.29037187962292554 0.2977674183250755
0.024752505608469533 0.018739104323206815
-0.1527268701397111 -0.19205411908910539
-0.1768506856306693 -0.21881890590872566
-0.32923446832194425 -0.29610915332577836
-0.38671742566807954 -0.42967648961110094
-0.04518053520997656 -0.06368543576577246
0.9017875222818512 0.9042849068373927
-0.22125304187189176 -0.14583913474028287
0.04951256366792256 0.06873660829818912
0.013959476158549866 0.04703687070298736
-0.2048178875908614 -0.12168540735526022
-0.028571332188637277 -0.01645055590751849
0.8796825118961134 0.8946796836303825
-0.3042625478768499 -0.4138159505950601
0.7195052887196363 0.7089704105856404
-0.13078653453491196 -0.06126570562676667
-0.06624044208638025 -0.17396978428913762
-0.7794935653031843 -0.7454431564419903
-0.40494300881548073 -0.35887824584964556
-0.6311744229618719 -0.6033042823123258
0.45530162582557976 0.48296349871712857
-0.14675783236430828 -0.15051264921926305
0.25755091178611533 0.25147048425845786
-0.11567465673265787 -0.14503943290682414
0.03405143202008987 -0.0010783447496286527
0.620955756246928 0.6947337379547343
0.46783528590626267 0.41726750075086944
-0.04866509359721838 -0.06652264560607471
-0.010068685940171851 0.019520320545309475
0.30413014234129476 0.2923882235926621
0.09273117619936355 0.08973674599600644
-0.3676727647559572 -0.3697243395469126
0.39005799072276803 0.4040743580791141
0.5484573137099849 0.5377142561624423
0.6035519437844177 0.574431425684904
-0.24864550606215052 -0.2953793338599771
0.5182480469389378 0.5413901297005306
-0.005036329664047989 0.0973457914773665
0.2520437948993193 0.24800580467476285
-0.02984814276618064 -0.05196716250007814
0.40940322974559007 0.4648736176335752
-0.018275037741833033 0.00982980772052
-0.1104769120809318 -0.15564748472171364
0.05289131380207035 0.017674658222470326
0.0060742259239214835 0.02384764780266113
-0.18443502129548073 -0.1931210496407688
-0.44644109547378763 -0.4705510589713525
-0.19682254454729664 -0.22968869929468025
0.48684636724263575 0.499817624675679
0.49699761113294116 0.4648461299077283
0.13569259143907308 0.15799553205989506
-0.11268387170870331 -0.1252243410853186
0.3039988925071768 0.3111715818893929
-0.5609679856178825 -0.5164606387018156
-0.43141205727250476 -0.4196494935499259
0.6387499433433554 0.6549894315214182
0.49731775142170886 0.5080583915378702
0.4825946209176649 0.5060565313953603
-0.23459640205312948 -0.23331963988433044
0.5069748086440594 0.5179534117797236
-0.7306811734134575 -0.6943483412782994
-0.26999564815096966 -0.29554816207204954
0.0062063049845976215 0.019892741179503244
-0.0312158850620452 -0.02183907804320412
0.7767154786575862 0.7923454765288562
0.23686246391973143 0.24929930684525767
0.43808665923156065 0.4399415206073192
0.11901310917131858 0.13575426467882368
-0.5330404092585367 -0.5590351985008667
0.09017175058811278 0.08269495486164019
0.1302701134501898 0.2231094784048912
0.0011933265275227978 0.03881687846570515
0.08616442925782875 0.05645880560667253
-0.23928204382273643 -0.14774874492438986
-0.8071432510836732 -0.7727371972653059
-0.723106194022647 -0.6468679200679164
-0.6606825184103895 -0.7132825710190902
-0.6988750630984462 -0.6690915177503562
0.6129624544117893 0.5993718910935526
-0.21294326972761346 -0.21238302022696512
0.35789227088988973 0.3525750451527452
-0.48674787908106 -0.43363564888614914
0.8396732246972245 0.901626082286127
0.12053222199965496 0.0654536807263865
0.8044133831168675 0.809223878419108
-0.49510280480805036 -0.5465101482786765
-0.5525745278883124 -0.5476500785774717
0.33537390055881144 0.3788166967898042
-0.376520433942783 -0.3397775829914648
-0.48202889767975365 -0.4824921373539792
-0.3434847356423384 -0.3794551941293569
0.2498904071054806 0.3243378586438888
0.1410071789534687 0.12439627204098512
-0.13481412717659014 -0.1022124660149673
-0.32271182242141594 -0.337082526079057
-0.4253123545116141 -0.42635864127162015
0.16939303261505456 0.19615441673997308
0.46096847709070776 0.4906485376476382
