0.3402001977018724 0.3509545394391952
-0.087737496446332 -0.09313553995833902
0.18388025962336563 0.17228000719106235
0.5771245823491966 0.5874153959145079
0.0722711890238038 0.06462573869774677
-0.4061026224277966 -0.3992683359302891
-0.19684419729836788 -0.18150509113988167
-0.5175273862543233 -0.4992869657170443
0.8401115885185407 0.7920932182886452
-0.09886745286765986 -0.07733858161079772
0.6660505310168602 0.6197502505536184
0.43174581556763447 0.43847790274129145
0.3262866485581881 0.3011852594532613
0.030686870496951624 0.03207204477646192
0.04011242101114443 0.059265032685838916
0.04485715186080075 0.007054427867794525
-0.4034444839057849 -0.38778636524192595
0.1417348910037981 0.1386725407464062
-0.2935656337655995 -0.26180483269668114
0.13105774789120672 0.14403204717756413
-0.7246139373245364 -0.7365334638465453
-0.5967997117691883 -0.5677570972039543
0.31076660059050376 0.2778977108853169
-0.350600904036403 -0.33871584861644544
-0.7889028978213026 -0.7681647751703582
0.019755222431867225 0.010135658183587132
-0.789323322898615 -0.8212162340118118
0.6651850743430171 0.661605073008678
