-0.42881401370509364 -0.4185033165492857
-0.33924735648608817 -0.3400216671283986
-0.23326896135522013 -0.19517615872865582
-0.03421797042419272 -0.07087185328976248
-0.05585479956811057 -0.04686148887516978
0.032975642594151866 0.049966994990359434
0.28736119418309414 0.28961350240806066
-0.10584393094181477 -0.1051324474341283
0.1129166300690273 0.12020428658521784
-0.7102509771677951 -0.7137700224061216
0.16798715812599374 0.1622506104362893
-0.815934071808978 -0.8024871784412918
0.3578750155034791 0.3632048138255832
0.02991790780949466 0.018573323682951434
-0.10219843638365855 -0.09093888989113758
0.06197005241394293 0.06772632912135407
0.6117363229787388 0.6051090987597958
0.40003750721915576 0.40511618089360113
0.35841420657461387 0.34940899635188194
-0.27767123417799244 -0.30484620938418505
-0.047625180421119406 -0.062206573978056456
-0.15074224356081956 -0.15419802854737527
0.13649884826663605 0.09405581316035519
-0.3780845861098653 -0.38831552893721116
0.12183373609123727 0.15101785188915448
0.1708203872395394 0.17452687893184413
-0.017863988569694733 -0.02942631900923532
0.11832732036430271 0.1222002537625127
