0.0466667 0.039698991059438304
-0.0866667 -0.09328178430205472
-0.3733333 -0.38313307334907476
-0.1533333 -0.15463059139708138
0.0366667 0.01514086315304812
0.0066667 0.03480307074406296
0.7633334 0.7659005683490208
0.61 0.5967323534425085
0.3833334 0.3875638894878839
-0.28 -0.2944988497111943
0.56 0.5556242355886079
0.1633333 0.1635696532582238
0.1266667 0.12111509232399556
-0.71 -0.7508128465562125
0.9666667 0.9802553573111782
-0.86 -0.8652984381307873
-0.59 -0.5863162410020671
-0.2366667 -0.2715999953822751
-0.4033333 -0.3867493626799849
-0.7566667 -0.7365333310093125
0.7133334 0.7060633109965319
0.4233333 0.4276269621918338
-0.2933334 -0.29435201319600673
0.72 0.7110722187092593
-0.9666667 -0.9448694899683248
-0.9966667 -0.9986794880713252
0.9833333 0.9864670221149885
-0.6666667 -0.6816127566560642
-0.17 -0.18495705086401454
0.9 0.8936822919376296
0.03 0.021656864485867816
0.27 0.26418170115002815
