0.0466667 0.0466474373564494
-0.0866667 -0.08322976444663144
-0.3733333 -0.36476681860656635
-0.1533333 -0.15549350338281098
0.0366667 0.04048421751450233
0.0066667 0.020351212175441537
0.7633334 0.7481513764914124
0.61 0.5992346193584134
0.3833334 0.3911409321928355
-0.28 -0.30799032068856147
0.56 0.573491503441204
0.1633333 0.15806920990729662
0.1266667 0.11330098228569463
-0.71 -0.7327585093956663
0.9666667 0.9747094442778537
-0.86 -0.8742566793186547
-0.59 -0.5868474034246662
-0.2366667 -0.26343670729075763
-0.4033333 -0.4188565213391028
-0.7566667 -0.7539921514769676
0.7133334 0.7407190892900759
0.4233333 0.43075042623336013
-0.2933334 -0.31442046728301115
0.72 0.7252012678185752
-0.9666667 -0.9775748286796329
-0.9966667 -0.9991002436496851
0.9833333 0.9801730522928853
-0.6666667 -0.659641212363948
-0.17 -0.176877552428565
0.9 0.909646647656387
0.03 0.031627801253403566
0.27 0.2649136604621168
