0.0833333 0.07039735178285868
0.5633333 0.5421670005043899
0.7633334 0.7533938633746972
-0.79 -0.7622124360534078
0.6266667 0.6226166292346877
-0.4766667 -0.4875978217639101
0.63 0.6171118475811773
-0.63 -0.6434880024381531
-0.5166667 -0.5266916915868766
0.2666667 0.2632832922587685
0.7066667 0.7056462478358426
-0.31 -0.30556799100968035
0.0133333 -0.007151937356213417
-0.2266667 -0.23293370936115926
0.3866667 0.38577393995462067
-0.7033334 -0.6854495452397246
-0.4166667 -0.39333872521378277
0.39 0.3912214805363824
-0.5866667 -0.5821662081117259
-0.3766667 -0.35501803865668297
-0.48 -0.49493193833532617
-0.0566667 -0.044135710612106
-0.25 -0.2624701425303068
-0.28 -0.2812249459034793
0.9966667 0.9999852221592463
-0.1166667 -0.11437880019025437
-0.8433334 -0.8246971604720956
-0.05 -0.047756270096800474
0.7 0.709202674149081
0.7466667 0.7507527861958272
-0.2233333 -0.24163489900079743
-0.1866667 -0.20206105159392246
