0.0833333 0.07830846298754225
0.5633333 0.5526797708435602
0.7633334 0.7149562008850057
-0.79 -0.7906987014145302
0.6266667 0.5748898810625326
-0.4766667 -0.476943916752013
0.63 0.6292500206577167
-0.63 -0.6217216502867854
-0.5166667 -0.4865604646668655
0.2666667 0.24003478230555206
0.7066667 0.7316112622685198
-0.31 -0.2822011092236716
0.0133333 0.016759581793247047
-0.2266667 -0.23828569324423216
0.3866667 0.3764100207696633
-0.7033334 -0.7090807008077764
-0.4166667 -0.4178682434925479
0.39 0.36620972238286964
-0.5866667 -0.5845414284631294
-0.3766667 -0.40112482209969613
-0.48 -0.48790597153838344
-0.0566667 -0.0739381988096045
-0.25 -0.2533186441207755
-0.28 -0.2974220211587572
0.9966667 0.9984885625230902
-0.1166667 -0.12002470980763126
-0.8433334 -0.7983170259483592
-0.05 -0.09518531904112748
0.7 0.6411601152460555
0.7466667 0.7062513631830818
-0.2233333 -0.26040007302942114
-0.1866667 -0.13990458758516225
