0.5833334 0.5874713500822196
0.8166667 0.8045066837850124
0.05 0.03793275724707164
-0.97 -0.9774679427648197
-0.5066667 -0.5162972056729865
-0.0666667 -0.08217291266556564
-0.39 -0.3904369598985841
0.3933333 0.4094007469414672
0.27 0.2595788477376496
0.4366667 0.45120376280692825
-0.8166667 -0.8126152937527896
-0.3166667 -0.3428625432873825
0.6466667 0.647050446151855
-0.0233333 -0.035146865668065075
-0.5466667 -0.5417763422852546
-0.2966667 -0.2917894683901573
-0.5333334 -0.5335483223164081
-0.1966667 -0.18991275836279542
-0.3366667 -0.3598690041890522
-0.5933334 -0.5978571501603025
0.0 -0.011701164516975213
0.7033334 0.6987753398124664
-0.6366667 -0.647518000732503
0.7366667 0.7447610419105092
0.0066667 0.0011323208463529478
-0.28 -0.31544622783389126
0.4866667 0.48096909462999937
0.32 0.32278192826833096
0.4133334 0.41718519465661497
-0.3633333 -0.3577411284223679
-0.2233333 -0.22643238420876294
0.9366667 0.930966230532742
