0.0466667 0.010196171843477436
-0.0866667 -0.08157869249404422
-0.3733333 -0.36625402695451637
-0.1533333 -0.16392347542446362
0.0366667 0.027465288713894365
0.0066667 0.010145178716014662
0.7633334 0.7730656005920633
0.61 0.622422808661684
0.3833334 0.3666485329733824
-0.28 -0.25776716079411466
0.56 0.5807878542834554
0.1633333 0.17521684219549083
0.1266667 0.1268356998465019
-0.71 -0.6953583995425013
0.9666667 0.9524301401584878
-0.86 -0.8479451625866976
-0.59 -0.5996225740172754
-0.2366667 -0.23491844503500173
-0.4033333 -0.3898968680126863
-0.7566667 -0.7433115075773621
0.7133334 0.7120989686660849
0.4233333 0.420575856215157
-0.2933334 -0.2886424629840239
0.72 0.717715688737949
-0.9666667 -0.955770060565557
-0.9966667 -0.9791092636004365
0.9833333 0.9570456808057137
-0.6666667 -0.6360219056650147
-0.17 -0.17833480468113863
0.9 0.9192734574572247
0.03 0.014734290763229574
0.27 0.28161299146258445
