0.5833334 0.5630221576489467
0.8166667 0.7909116654487949
0.05 0.04714554139395224
-0.97 -0.9414788686088122
-0.5066667 -0.5023491954821442
-0.0666667 -0.06848796187162563
-0.39 -0.39874204572465255
0.3933333 0.39625694981091897
0.27 0.2358388604478169
0.4366667 0.45443706655552557
-0.8166667 -0.8121994575055312
-0.3166667 -0.3135601028870809
0.6466667 0.6496064397223403
-0.0233333 -0.0332038153068908
-0.5466667 -0.5497245732139605
-0.2966667 -0.31350445513022
-0.5333334 -0.5791574037297723
-0.1966667 -0.2005307922751262
-0.3366667 -0.3681167779233616
-0.5933334 -0.6066154933190393
0.0 0.03336418900828002
0.7033334 0.6988519977593691
-0.6366667 -0.6835884500968017
0.7366667 0.7555829712327344
0.0066667 -0.00042849214312346007
-0.28 -0.2885344246949049
0.4866667 0.5027288389111603
0.32 0.31804115056348087
0.4133334 0.4217481117405509
-0.3633333 -0.3606633846421421
-0.2233333 -0.23349079320938268
0.9366667 0.9637030727169988
