0.0833333 0.10003414831008686
0.5633333 0.5499118255320781
0.7633334 0.7655514474761231
-0.79 -0.784957897090901
0.6266667 0.6323693660020108
-0.4766667 -0.47587183245405373
0.63 0.6335090832097313
-0.63 -0.6276014798690372
-0.5166667 -0.5168232481390733
0.2666667 0.27135027233451975
0.7066667 0.6953668450312895
-0.31 -0.3159542704897158
0.0133333 0.029858215853490355
-0.2266667 -0.2309431091546536
0.3866667 0.38760187337244983
-0.7033334 -0.7059436627875759
-0.4166667 -0.40894328152276893
0.39 0.3755505283363698
-0.5866667 -0.5904709123326124
-0.3766667 -0.3686033897561808
-0.48 -0.493190885855709
-0.0566667 -0.06510419291407865
-0.25 -0.25913952421262537
-0.28 -0.28187698535146055
0.9966667 0.9993369877897446
-0.1166667 -0.09806232942601348
-0.8433334 -0.8349490998636976
-0.05 -0.03778480458153935
0.7 0.718408963720666
0.7466667 0.7708914119111461
-0.2233333 -0.21495796834280062
-0.1866667 -0.18959449427615502
