0.5833334 0.5947761857633546
0.8166667 0.8091614384546552
0.05 0.053608435238990663
-0.97 -0.9853223107483582
-0.5066667 -0.5089499367003363
-0.0666667 -0.09103667726088696
-0.39 -0.39038705019990017
0.3933333 0.41596526830957875
0.27 0.2703377688731953
0.4366667 0.43475088153350405
-0.8166667 -0.8150391357975603
-0.3166667 -0.30838443180404224
0.6466667 0.6441633364721578
-0.0233333 -0.01711328352447758
-0.5466667 -0.5290490837560488
-0.2966667 -0.29646282245470806
-0.5333334 -0.5372356071276331
-0.1966667 -0.19465128435698031
-0.3366667 -0.34995480578345056
-0.5933334 -0.5877418912640439
0.0 -0.0033408033088437143
0.7033334 0.6946826809768556
-0.6366667 -0.6247994851840132
0.7366667 0.7415275412909572
0.0066667 0.0113546943860852
-0.28 -0.2706696735503411
0.4866667 0.48986485381288386
0.32 0.31352477696777487
0.4133334 0.4345631073520072
-0.3633333 -0.3604652055049523
-0.2233333 -0.23220298071490292
0.9366667 0.9508672408193231
