-0.7333333 -0.7191723514812611
-0.43 -0.42539346410755374
-0.1266667 -0.11222672553622987
0.6733333 0.656656516670813
0.3366667 0.3369592529131375
-0.17 -0.1775641862862354
0.3466667 0.3584434998244788
-0.14 -0.1497978318836511
0.68 0.6203808853893843
0.8733333 0.7708382793457027
0.9933333 0.9837458877133853
-0.23 -0.1592036652911379
0.3833334 0.3652716850833213
-0.3633333 -0.35464696513593424
-0.0666667 -0.04969855293918099
-0.3966667 -0.3969445574547106
-0.5 -0.4740437754158154
-0.7066667 -0.7083322221210426
-0.48 -0.4628300634838002
0.42 0.41607703893715164
0.9866667 0.9290770595176036
-0.64 -0.602617316908591
0.7466667 0.6576683736361516
-0.3166667 -0.2763102944465951
-0.0533333 -0.12849291874657248
0.29 0.34519948410962403
0.2833333 0.29374005054408375
-0.4866667 -0.5053412524703519
0.96 0.925164453154506
-0.5933334 -0.5236486564874756
0.0966667 0.09728505383285171
-0.2933334 -0.22956672019684324
-0.78 -0.756678651977235
-0.85 -0.8592532460968647
0.0266667 0.03221733808907137
-0.79 -0.7687123505333153
0.2466667 0.2572950574651249
0.65 0.6419917593663893
-0.3333333 -0.3002043797768007
0.5033333 0.5072339363368223
-0.99 -0.9983833530479123
-0.4066667 -0.4143093888482081
0.4466667 0.4416739533942621
0.1 0.09159655642254941
-0.77 -0.6781704946452919
0.1666667 0.1852206364720832
0.2233333 0.2184845556270275
-0.7266667 -0.7240720199785411
0.09 0.07646962064650464
-0.28 -0.2804853088450365
0.0866667 0.09729881688434769
-0.1 -0.08247348750486078
0.0333333 0.035525148636406254
-0.0533333 -0.06545223952447143
0.5333334 0.5291796992168747
-0.0666667 -0.06948037632299198
-0.4166667 -0.40808654496562247
0.46 0.4323528698635884
0.87 0.8830487743913609
-0.03 -0.04388706569494064
0.4866667 0.47349390943771186
-0.8233334 -0.8117119579987983
0.46 0.47181710819843214
0.35 0.31291558303392875
0.4766667 0.45974311436841514
-0.07 -0.08084670105586156
-0.84 -0.6722972128160051
-0.7933334 -0.6289760243886972
0.4933333 0.4696093968492714
-0.9466667 -0.8036801726277826
-0.3466667 -0.32049429722765915
0.7833334 0.7903038643960598
0.1266667 0.1264993178020521
-0.6466667 -0.6232330213375592
-0.6633334 -0.674565547473841
-0.2933334 -0.29421761655926787
0.3433333 0.30933396974573396
0.2533333 0.2516802548885721
-0.3566667 -0.33541801643336966
0.34 0.33309777289118875
0.0666667 0.000820034562186156
0.6233333 0.5363072005421892
0.58 0.43126795689187136
0.83 0.7353480850166468
-0.3433333 -0.3678971594589401
-0.2833333 -0.3153057808022634
0.05 0.008608691894766533
0.6933333 0.7442097832411367
0.81 0.780048823657393
-0.6033334 -0.6394579118623304
0.7066667 0.5698094161516694
-0.8133333 -0.7649011729485724
0.2933334 0.29671271564195795
-0.3333333 -0.18867466975047725
0.83 0.8049236239205173
0.37 0.3827225927269526
-0.9133334 -0.8265880245992505
0.3 0.28665462369791483
-0.2766667 -0.2932565861523551
-0.45 -0.45303048522039874
0.0266667 -0.03059839932435191
-0.1166667 -0.09291475940179761
-0.59 -0.5464425753357204
-0.9733334 -0.9473175298918182
0.9833333 0.9482672587233189
0.22 0.20889400369914138
-0.5866667 -0.4587709420236303
0.1433333 0.15614790759125988
-0.03 -0.04165870938673166
0.71 0.717111362403118
0.2333333 0.23480022215929558
0.54 0.5499444593699413
0.4633333 0.4572817250763073
-0.94 -0.9274300425392557
-0.5166667 -0.5376789618206677
0.4633333 0.5091528024701255
-0.7633334 -0.741486007468497
0.92 0.9170122974154014
0.31 0.32029732296194385
0.2966667 0.28331524862235646
-0.9166667 -0.9321798094131704
0.6233333 0.5877876530960652
0.2266667 0.17059094311010714
-0.7933334 -0.7553126171131528
-0.3133333 -0.29183608310357534
-0.12 -0.15847787521199974
0.3533334 0.33775726593453975
-0.9133334 -0.8771204214542307
