-0.7333333 -0.7392602583344212
-0.43 -0.4120043449514609
-0.1266667 -0.13122175693608068
0.6733333 0.6809562799829703
0.3366667 0.3534064111622447
-0.17 -0.16180260589086465
0.3466667 0.3391965229034244
-0.14 -0.13457838818135842
0.68 0.7069719971189423
0.8733333 0.8587265773278081
0.9933333 0.9836449986935054
-0.23 -0.2328204748942721
0.3833334 0.38601382133186957
-0.3633333 -0.36905534971087367
-0.0666667 -0.03113334195741535
-0.3966667 -0.3988316165977271
-0.5 -0.48652239884693377
-0.7066667 -0.6844312250067446
-0.48 -0.47999465581913753
0.42 0.39955475727074347
0.9866667 0.9922684721997291
-0.64 -0.653910459122031
0.7466667 0.7710111879077468
-0.3166667 -0.33051870517514254
-0.0533333 -0.05233901925147694
0.29 0.2864744890027405
0.2833333 0.28604538383149253
-0.4866667 -0.493107706252049
0.96 0.9447731964647508
-0.5933334 -0.6103169854019251
0.0966667 0.09206592176155004
-0.2933334 -0.28489826295065496
-0.78 -0.7530267159404508
-0.85 -0.8405848422392377
0.0266667 0.026842993300008333
-0.79 -0.7808335169652973
0.2466667 0.23735013929747067
0.65 0.6730544534594222
-0.3333333 -0.3129150168891414
0.5033333 0.4993217907277162
-0.99 -0.9752437065943789
-0.4066667 -0.38732046788618124
0.4466667 0.4409934563394889
0.1 0.07572974791019821
-0.77 -0.7630120811200664
0.1666667 0.1767610989869404
0.2233333 0.22925073226305007
-0.7266667 -0.7249936103156674
0.09 0.08365466653120561
-0.28 -0.2780296706691554
0.0866667 0.07394652407911627
-0.1 -0.08370789504222975
0.0333333 0.037285233437878346
-0.0533333 -0.043383341310246515
0.5333334 0.5224241298318473
-0.0666667 -0.06306666914152881
-0.4166667 -0.38961070632545
0.46 0.4740304467534278
0.87 0.8510262037071971
-0.03 -0.05027905610378369
0.4866667 0.5006884486888323
-0.8233334 -0.8286897070731637
0.46 0.46319004620799037
0.35 0.3411594466083144
0.4766667 0.4974719812189154
-0.07 -0.04992708428956205
-0.84 -0.8439656104504377
-0.7933334 -0.7853707134617016
0.4933333 0.4835663943152283
-0.9466667 -0.956960987179412
-0.3466667 -0.3309948124108927
0.7833334 0.7657945358896594
0.1266667 0.13254255844074464
-0.6466667 -0.6416627470568643
-0.6633334 -0.6770702610342935
-0.2933334 -0.29857976622155263
0.3433333 0.33731697656271115
0.2533333 0.2510888522767876
-0.3566667 -0.34645014148112874
0.34 0.3406018676193073
0.0666667 0.07916701168939966
0.6233333 0.6292546886077525
0.58 0.5687101078684197
0.83 0.8360883478572145
-0.3433333 -0.33644800166186356
-0.2833333 -0.31068623776673826
0.05 0.0672174071089135
0.6933333 0.6856689473875515
0.81 0.8147848574576559
-0.6033334 -0.6256053418565777
0.7066667 0.7315796032701438
-0.8133333 -0.8278167162833936
0.2933334 0.29435320908325
-0.3333333 -0.3414284169251066
0.83 0.8341419263893483
0.37 0.37155290126112694
-0.9133334 -0.9230370426362963
0.3 0.2882711579809833
-0.2766667 -0.27365794702309276
-0.45 -0.4423678974894429
0.0266667 0.00786867442705258
-0.1166667 -0.09722332904393532
-0.59 -0.582169710760367
-0.9733334 -0.9771074987697977
0.9833333 0.9736316384051393
0.22 0.20329490622310253
-0.5866667 -0.5759819163320044
0.1433333 0.14143676359036517
-0.03 -0.05047479915827291
0.71 0.7269147528462124
0.2333333 0.2464835079590953
0.54 0.5354561328598402
0.4633333 0.46843854275056324
-0.94 -0.9352810432893105
-0.5166667 -0.5104173799118035
0.4633333 0.4635514137316941
-0.7633334 -0.7988927182830654
0.92 0.9228278332900145
0.31 0.32205905210156927
0.2966667 0.3194822684838317
-0.9166667 -0.9099345192224557
0.6233333 0.6374955071858444
0.2266667 0.22579528120116832
-0.7933334 -0.7667998744554758
-0.3133333 -0.32222849450158486
-0.12 -0.11405123347383661
0.3533334 0.3460774617558288
-0.9133334 -0.8871779631797784
