-0.7333333 -0.7395488226789125
-0.43 -0.43348654076498183
-0.1266667 -0.13199615063088987
0.6733333 0.6655903778189924
0.3366667 0.3470982079088228
-0.17 -0.18176236061885098
0.3466667 0.36651817817608773
-0.14 -0.12610013953906538
0.68 0.7021785187662976
0.8733333 0.8622709858360195
0.9933333 0.9751654408817589
-0.23 -0.21307931770219035
0.3833334 0.39384280536158794
-0.3633333 -0.36635848960771317
-0.0666667 -0.10230177532475215
-0.3966667 -0.36583811032055086
-0.5 -0.4859669781907519
-0.7066667 -0.6986964020944257
-0.48 -0.4692460132671777
0.42 0.42983117216336325
0.9866667 0.9818004418727037
-0.64 -0.6160202318772461
0.7466667 0.734366624347109
-0.3166667 -0.30459657901539927
-0.0533333 -0.0648629744222256
0.29 0.2960408642740242
0.2833333 0.3007557138753151
-0.4866667 -0.4919787620773504
0.96 0.9598635093343302
-0.5933334 -0.5991859653868312
0.0966667 0.10059755491955859
-0.2933334 -0.3196144410326112
-0.78 -0.7880878787205072
-0.85 -0.8473355793811136
0.0266667 0.034557996662545165
-0.79 -0.7861549062899436
0.2466667 0.25169118921543054
0.65 0.6608102608055919
-0.3333333 -0.3254223781145524
0.5033333 0.4997461251569065
-0.99 -0.9775640523612223
-0.4066667 -0.3984270126781312
0.4466667 0.430593782277709
0.1 0.11863999020132641
-0.77 -0.7592226613045543
0.1666667 0.13439208811155895
0.2233333 0.21692831392000939
-0.7266667 -0.6962416673588228
0.09 0.09263377674909756
-0.28 -0.2921857490199592
0.0866667 0.08976428502485943
-0.1 -0.08228126419741094
0.0333333 0.05613333935785286
-0.0533333 -0.06473866493803804
0.5333334 0.527487841256441
-0.0666667 -0.07149807467675276
-0.4166667 -0.3992526130988425
0.46 0.4611057158878641
0.87 0.8359415009700775
-0.03 -0.0255819245867632
0.4866667 0.49792209022818884
-0.8233334 -0.8216935921442517
0.46 0.45902507392998904
0.35 0.3438094700579907
0.4766667 0.4759931409945788
-0.07 -0.06539618323877483
-0.84 -0.8274038310732394
-0.7933334 -0.8118434315481279
0.4933333 0.4749938068128591
-0.9466667 -0.9392142644474395
-0.3466667 -0.36664703334559556
0.7833334 0.7974227925090532
0.1266667 0.12941683789781283
-0.6466667 -0.6222065292958937
-0.6633334 -0.68430332423659
-0.2933334 -0.2963094793452635
0.3433333 0.3350489065642818
0.2533333 0.24380612997213497
-0.3566667 -0.35442693464351005
0.34 0.36896448085085887
0.0666667 0.06978796214818295
0.6233333 0.609220562380067
0.58 0.5917110539133308
0.83 0.8150277513333529
-0.3433333 -0.3531727965864002
-0.2833333 -0.3143085697780131
0.05 0.05378276468589102
0.6933333 0.6885097489788117
0.81 0.8037914564878372
-0.6033334 -0.6079073013994865
0.7066667 0.7147263739455211
-0.8133333 -0.8100096465886495
0.2933334 0.2898742461773228
-0.3333333 -0.3320764962606292
0.83 0.8326241679836928
0.37 0.36689828962035514
-0.9133334 -0.9212511214118176
0.3 0.31353631951816924
-0.2766667 -0.28515956153496963
-0.45 -0.426501106928209
0.0266667 0.018168943660617803
-0.1166667 -0.12011152126242813
-0.59 -0.5828956845941082
-0.9733334 -0.9684688957350626
0.9833333 0.9514320280524197
0.22 0.18982778461570066
-0.5866667 -0.5987587378417699
0.1433333 0.14455632151095804
-0.03 -0.021158401387513973
0.71 0.727985155409653
0.2333333 0.24766583250130259
0.54 0.5223544140333825
0.4633333 0.44493844872245486
-0.94 -0.9541404407129387
-0.5166667 -0.518224951420525
0.4633333 0.49058688379235715
-0.7633334 -0.7900830321643061
0.92 0.9125440878256373
0.31 0.30701566401596486
0.2966667 0.30173242848913945
-0.9166667 -0.9303507053151217
0.6233333 0.5869296265097121
0.2266667 0.23575382349151192
-0.7933334 -0.7479032835219794
-0.3133333 -0.34198244028809155
-0.12 -0.13831628371267626
0.3533334 0.37461020378913856
-0.9133334 -0.8884363449567594
