0.74 0.6978993022110387
-0.97 -0.9729601434941167
-0.77 -0.8455301240666122
0.7433333 0.752489398873219
-0.4766667 -0.4889229869665814
0.9666667 0.9390005980226321
-0.38 -0.3660694569277179
-0.7766667 -0.7827166117955474
-0.2966667 -0.29589112634020487
-0.72 -0.6968559999854758
-0.1333333 -0.15550595669656325
0.1166667 0.11827108284239253
0.4766667 0.4741723986713869
0.43 0.41773904467906703
-0.79 -0.8017952255086181
-0.5 -0.5287721269591884
0.1566667 0.13312929165709103
-0.0866667 -0.0789118690686989
-0.6433334 -0.7604981282268233
-0.85 -0.7299930377933388
-0.45 -0.476986686010384
0.76 0.7012741869212142
0.0833333 0.08312885115843988
0.92 0.9253183429843905
0.4266667 0.4277583118882595
0.3333333 0.3341510743187712
-0.8166667 -0.8042696835627564
0.51 0.48676021343438813
-0.0133333 0.00800670488397276
-0.86 -0.831215951092822
0.5166667 0.5295649589434479
0.7233334 0.7046184904569188
0.0366667 0.08949214969268214
0.63 0.7088895099656534
0.3866667 0.4652597917942352
0.71 0.7183827339134001
0.25 0.2325725031127814
0.26 0.24885848061169646
0.0333333 0.04493358522953861
-0.26 -0.26981019417277174
-0.3266667 -0.31894529974095187
-0.0266667 -0.03642542847652707
-0.1366667 -0.11978936022513542
-0.1 -0.10329014366296829
0.4066667 0.3725073080188876
0.5366667 0.501046243665815
-0.76 -0.7493400016157776
-0.6766667 -0.6394425453279794
-0.94 -0.9623492266723436
0.55 0.6061124789609994
0.6933333 0.630103618812357
-0.6866667 -0.61871731061045
-0.9433333 -0.9561595707251617
0.4733334 0.389642289369515
-0.4333333 -0.4343599405498958
-0.0833333 -0.09321921409750367
-0.75 -0.7494151883170653
-0.6166667 -0.5842502801469205
0.0366667 0.04172821219555567
-0.02 -0.023492536679341536
0.8633333 0.8519304617054893
0.36 0.3881355625962997
0.1566667 0.21438608248238966
-0.54 -0.6071496562312979
0.75 0.7959492563075867
0.31 0.21300337756202453
0.3 0.20494716413496322
-0.2866667 -0.2843203163837758
-0.0866667 -0.07867267469140049
-0.6366667 -0.6453896790926543
-0.5166667 -0.5152722346254479
-0.2266667 -0.25052019304181417
-0.9966667 -0.9628102371784358
-0.0633333 -0.06637001792246325
-0.36 -0.34414500627236666
0.57 0.5218841978247458
-0.0066667 0.13888780795565617
-0.9466667 -0.8873023370195161
-0.1633333 0.11393590262873185
-0.5433334 -0.19638544558389795
-0.4833333 -0.4445035450486852
0.9466667 0.9041697499275816
0.4766667 0.49089432279323647
-0.2766667 -0.33626521510666285
-0.7333333 -0.7401901805282802
0.2833333 0.2830828465236863
-0.2333333 -0.23966610006702715
0.3066667 0.3099691354220153
-0.7 -0.6858001389449957
-0.59 -0.5754122507913626
-0.1333333 -0.0936192718561702
0.7133334 0.6775732907091152
0.4566667 0.4223309428824229
-0.4866667 -0.48883862964888924
-0.9933333 -0.7742639654203014
-0.7366667 -0.6559215530883445
0.94 0.8813187591912265
0.3433333 0.3336197656522538
0.8066667 0.7968181743873712
-0.2166667 -0.20240329501142745
-0.1566667 -0.14391938812870675
0.58 0.5646559421509036
0.21 0.20345764711048442
-0.0266667 -0.04276622357158116
-0.17 -0.16506592324775754
-0.3333333 -0.33811587267938137
0.1066667 0.09817319077604864
0.75 0.7280632407426096
0.5166667 0.49820934130294015
0.1066667 0.09753198035428144
0.7933334 0.8260216610053098
-0.23 -0.18564043401966407
0.15 0.1586186807834666
-0.6833333 -0.6787708388861403
-0.2666667 -0.42814206799502064
-0.03 0.11392980068993559
0.67 0.6703062534194211
-0.7133334 -0.7059036126548737
-0.3133333 -0.3063615521469085
0.4333333 0.4217085735187085
-0.6 -0.5818545285683081
-0.2566667 -0.23072959283256222
0.9566667 0.944039097091838
0.0733333 0.049579834011702906
0.88 0.8772163873094685
-0.6266667 -0.6273125421969707
0.4366667 0.44011761626499196
-0.6666667 -0.6481176178289294
