0.8466667 0.43415236711615524
0.45 0.40982375961686857
0.38 0.3194546219653636
0.1066667 0.027389985395135874
-0.1966667 -0.2016956967410534
0.5366667 0.528567514002003
-0.51 -0.5674533601259698
0.4833333 0.43925130662473466
-0.16 -0.1408070965092339
0.6533334 0.6632735452064527
0.9066667 0.9402208362316644
-0.4066667 -0.42455578810346833
-0.7 -0.644262978720552
0.5733333 0.6066333987558257
-0.22 -0.2116934823665521
0.1333333 0.12598258172028115
0.32 0.32695565259070086
-0.8866667 -0.8801578562189297
-0.9866667 -0.970577959807903
-0.5866667 -0.5850380542691732
-0.79 -0.4350075273505243
-0.7866667 -0.4544740524868325
-0.1366667 -0.14401093751437527
0.9866667 0.627167651707236
0.7866667 0.7658410556551247
0.82 0.7971009451518577
0.0433333 0.06803387053585308
-0.01 0.016652423326999344
-0.3666667 -0.37641528856913853
-0.0466667 -0.04433606862369166
0.0166667 0.00934128735528856
0.55 0.5417123284613445
0.3933333 0.37967566881009945
-0.7466667 -0.7140654521230981
-0.17 -0.14477716639539334
-0.1733333 -0.17121228646024766
-0.9066667 -0.5412100137048645
0.55 0.5358890194439138
0.06 0.006210894026151714
0.3733333 0.32236919011282333
0.98 0.9411390628762728
-0.6233333 -0.593186590464196
0.1 0.09849076820055347
-0.0033333 -0.02315962258950907
0.2133333 0.21593681277478188
0.1333333 0.13116721595281738
0.4466667 0.25496903731491233
0.44 0.2704574006715626
0.4233333 0.4419204328142414
-0.3266667 -0.3507121799123541
-0.02 -0.019911370125695382
-0.0633333 -0.03547336552079766
0.1233333 0.11359875741758514
-0.19 -0.19221374008501962
0.6966667 0.6868320937991629
-0.36 -0.36807624959513485
0.1433333 0.12731760695905756
-0.16 -0.11405858087014309
-0.5133333 -0.4863180455251726
-0.9566667 -0.9448180161894276
-0.7666667 -0.7879956315371289
0.1633333 0.15021447388927778
0.7066667 0.6667402680458485
-0.93 -0.9084151304154102
0.9966667 0.920213081922496
0.18 0.12611748888763877
-0.5066667 -0.5164347304920498
-0.1466667 -0.2607533763396339
-0.0566667 -0.06372040440997923
-0.6366667 -0.6428773012018705
-0.0233333 0.034559231965300495
-0.34 -0.29662798511017846
-0.25 -0.24915574478101365
-0.8733333 -0.843022172262233
0.06 0.059555795996313284
-0.4133334 -0.4138314309458967
0.5 0.4835299484735553
0.7466667 0.7496453122550207
0.3266667 0.2801737203807353
0.82 0.8157848562837833
-0.8566667 -0.8490983279628086
0.8033333 0.7966001567244452
0.5733333 0.532117574543549
-0.33 -0.27310371405948836
-0.3633333 -0.31982577099354215
0.8633333 0.8837491993832933
0.9066667 0.8691502609274004
-0.2766667 -0.2701053651186304
0.0933333 0.09216436616689633
-0.0166667 0.02177515606532504
-0.1866667 -0.1926359213937805
-0.8233334 -0.8379984437498026
0.9466667 0.9193456540133171
-0.38 -0.37985829731962917
0.5 0.49483958792507
-0.0033333 -0.14082789835149134
0.9633334 0.9334596738812153
0.6033334 0.5131766901845556
-0.26 -0.23700461808167278
-0.7466667 -0.7553013435441329
0.0566667 0.05082370848043943
0.39 0.43056405545928644
-0.4366667 -0.4344137134934805
0.2933334 0.3222778365072459
0.3966667 0.4015118330147953
0.5333334 0.5534430704911063
-0.04 -0.04304469888460388
0.09 0.09443233887334326
-0.2766667 -0.3357456934726303
-0.8633333 -0.8894353189879175
0.3866667 0.21538292635565287
0.7033334 0.4563446722414582
-0.9966667 -0.5757901588613886
-0.9833333 -0.6082695501126383
0.6066667 0.5995277055677379
-0.6733333 -0.22848738101886085
0.6933333 0.7010678259925263
0.1766667 0.20712832471101258
-0.42 -0.44435935912612295
0.9266667 0.9792925049255798
0.58 0.5858776857752038
-0.35 -0.4007374228603029
-0.1333333 -0.1386229337788243
0.6933333 0.7039501370849203
-0.34 -0.265818919596397
0.2233333 0.17065124114599628
-0.96 -0.7932588934564988
-0.5433334 -0.5109233663171032
