0.8466667 0.8061864534629717
0.45 0.4280206452103678
0.38 0.35924767301464156
0.1066667 0.09370087405002522
-0.1966667 -0.20618854844274712
0.5366667 0.540727196365067
-0.51 -0.5214793514320332
0.4833333 0.4844876350237688
-0.16 -0.14678849446337303
0.6533334 0.6433029006132229
0.9066667 0.897652563006401
-0.4066667 -0.369569403268896
-0.7 -0.7145538104019709
0.5733333 0.562239905335592
-0.22 -0.22620025907090435
0.1333333 0.13319211717137916
0.32 0.32153486331496
-0.8866667 -0.8927314855969508
-0.9866667 -0.9870322400346357
-0.5866667 -0.6150307399008608
-0.79 -0.7899835885893841
-0.7866667 -0.7970041314057447
-0.1366667 -0.1382092835221087
0.9866667 0.9792995083061369
0.7866667 0.7862471732127845
0.82 0.8309305614260526
0.0433333 0.039690652847500944
-0.01 -0.021198072335150947
-0.3666667 -0.36209644337966845
-0.0466667 -0.04836858925968435
0.0166667 0.0010438270443404712
0.55 0.546000278050955
0.3933333 0.36209632992610546
-0.7466667 -0.7356699878037184
-0.17 -0.14801568789645397
-0.1733333 -0.1836769271699662
-0.9066667 -0.9000055769229458
0.55 0.557836626391665
0.06 0.024533059880926356
0.3733333 0.34986278562206974
0.98 0.9971651728927926
-0.6233333 -0.6044685622840199
0.1 0.08597264482392064
-0.0033333 -0.007294439828755994
0.2133333 0.22058097860028858
0.1333333 0.1449860873519169
0.4466667 0.45041098701421484
0.44 0.4473436500884101
0.4233333 0.4088211859124182
-0.3266667 -0.3260722738011921
-0.02 -0.030122131238093965
-0.0633333 -0.07040671553910968
0.1233333 0.11795913642005976
-0.19 -0.19601567190496738
0.6966667 0.6944351229349193
-0.36 -0.3713368883748316
0.1433333 0.1580271235654557
-0.16 -0.16135085348312928
-0.5133333 -0.5283437072653929
-0.9566667 -0.9593908502193526
-0.7666667 -0.7691331577772327
0.1633333 0.16074229565287362
0.7066667 0.6980975047072542
-0.93 -0.916155676540176
0.9966667 0.9792074405705649
0.18 0.1728547564060211
-0.5066667 -0.5197767586239541
-0.1466667 -0.168831839102712
-0.0566667 -0.0636618649994711
-0.6366667 -0.6415359897949247
-0.0233333 0.0009322883240828611
-0.34 -0.3328010084750004
-0.25 -0.24353338760398224
-0.8733333 -0.892414880374552
0.06 0.02944364402864036
-0.4133334 -0.40875353712655355
0.5 0.49192532815575846
0.7466667 0.7468637531306909
0.3266667 0.32457488658673134
0.82 0.8016594048028749
-0.8566667 -0.8590554682460007
0.8033333 0.7857986378086026
0.5733333 0.5926175639906204
-0.33 -0.3363028455067097
-0.3633333 -0.3680088223741862
0.8633333 0.8685778638891304
0.9066667 0.8875807832380314
-0.2766667 -0.27167857293332726
0.0933333 0.11724405828903581
-0.0166667 -0.005689602345475553
-0.1866667 -0.21392256382024083
-0.8233334 -0.8102286550697801
0.9466667 0.9495926920625021
-0.38 -0.3911841522361057
0.5 0.4883309900646693
-0.0033333 -0.013629665268245383
0.9633334 0.9465472638245294
0.6033334 0.6159528049529266
-0.26 -0.25542478999871504
-0.7466667 -0.7387305119046976
0.0566667 0.04147861111099477
0.39 0.39590043994217927
-0.4366667 -0.4228434876783775
0.2933334 0.33083416468575094
0.3966667 0.38044323361511734
0.5333334 0.5344886335710064
-0.04 -0.049920571198162844
0.09 0.09771041717579143
-0.2766667 -0.267757518575911
-0.8633333 -0.8662803650143477
0.3866667 0.38820529360485523
0.7033334 0.6858282824917301
-0.9966667 -0.9777183961690259
-0.9833333 -0.9588402413190333
0.6066667 0.5909139495988409
-0.6733333 -0.639583135283014
0.6933333 0.6875187992608929
0.1766667 0.17895273329568656
-0.42 -0.4365776583521255
0.9266667 0.9346624542325159
0.58 0.6019698683167574
-0.35 -0.3511961794631591
-0.1333333 -0.13625193889513695
0.6933333 0.7023060652937798
-0.34 -0.3358919218148572
0.2233333 0.23478819585119526
-0.96 -0.9413151131897375
-0.5433334 -0.5380303565873124
