0.74 0.738469910130467
-0.97 -0.9431295990539743
-0.77 -0.8018909402630634
0.7433333 0.6851270818817747
-0.4766667 -0.487245846038967
0.9666667 0.9706413401002596
-0.38 -0.37852965709074576
-0.7766667 -0.8009883570151574
-0.2966667 -0.29141543488538435
-0.72 -0.7146949014230638
-0.1333333 -0.10996557141294694
0.1166667 0.1319729208821065
0.4766667 0.452445245160962
0.43 0.43831110291713027
-0.79 -0.7960536313667387
-0.5 -0.49850385931667307
0.1566667 0.13321441004007764
-0.0866667 -0.06823295798786728
-0.6433334 -0.6270198710026063
-0.85 -0.8374178698637408
-0.45 -0.4605562037132035
0.76 0.7337431348412539
0.0833333 0.08626385723482038
0.92 0.928759725361719
0.4266667 0.41677351343163377
0.3333333 0.3070531137635194
-0.8166667 -0.8246580725073219
0.51 0.49092092342564936
-0.0133333 -0.03780849647847029
-0.86 -0.8640766799145249
0.5166667 0.4878651494786533
0.7233334 0.729999455809223
0.0366667 0.05507839242615631
0.63 0.6490894452888496
0.3866667 0.4196472935268669
0.71 0.7165626740854559
0.25 0.2394738589318972
0.26 0.23604657800355686
0.0333333 0.05576959922992723
-0.26 -0.2850650206239206
-0.3266667 -0.3231450288343511
-0.0266667 -0.04013057040978064
-0.1366667 -0.12752476444628041
-0.1 -0.08408002781702095
0.4066667 0.4107604339923863
0.5366667 0.553140595960959
-0.76 -0.7642658351767762
-0.6766667 -0.6852791045856069
-0.94 -0.9561767266175021
0.55 0.5476259841109508
0.6933333 0.7083117444391356
-0.6866667 -0.709226384707183
-0.9433333 -0.9460672186397656
0.4733334 0.4837082502624307
-0.4333333 -0.4284169892586836
-0.0833333 -0.07591804935300703
-0.75 -0.7558342707813144
-0.6166667 -0.6309906102843181
0.0366667 0.03246555267082535
-0.02 -0.01737673949308438
0.8633333 0.8686138166622968
0.36 0.37230192827931124
0.1566667 0.15576414824273713
-0.54 -0.5201371338428374
0.75 0.7467722217502955
0.31 0.3365586019834751
0.3 0.31093983286897775
-0.2866667 -0.2781487229571853
-0.0866667 -0.08395886727925433
-0.6366667 -0.6245193990850009
-0.5166667 -0.5193788304263744
-0.2266667 -0.22158166127320866
-0.9966667 -0.9892217098449516
-0.0633333 -0.08319458736225109
-0.36 -0.3677648133868931
0.57 0.57936554504019
-0.0066667 0.013009895722670639
-0.9466667 -0.9574244848377021
-0.1633333 -0.16501979789016274
-0.5433334 -0.5386997748420315
-0.4833333 -0.48025701531184767
0.9466667 0.9615344003463966
0.4766667 0.4607614331394332
-0.2766667 -0.2610615139202809
-0.7333333 -0.7154625295215545
0.2833333 0.2771487895524611
-0.2333333 -0.2304430752242296
0.3066667 0.31243431873607086
-0.7 -0.7091802645013396
-0.59 -0.6135866555151461
-0.1333333 -0.12684452402780316
0.7133334 0.7322950593282666
0.4566667 0.44925847252947543
-0.4866667 -0.4803797444171984
-0.9933333 -0.9626395726614206
-0.7366667 -0.7386797822404985
0.94 0.9403905263268091
0.3433333 0.3355685655921884
0.8066667 0.8006820098119322
-0.2166667 -0.21759076591816431
-0.1566667 -0.15003340335248055
0.58 0.5858523369517432
0.21 0.216600258711536
-0.0266667 -0.04762423748368838
-0.17 -0.17751386895724064
-0.3333333 -0.34238706758531
0.1066667 0.10517094194237847
0.75 0.7740835213896824
0.5166667 0.5143416742175002
0.1066667 0.10373871118032937
0.7933334 0.7934084213295309
-0.23 -0.21746652555436893
0.15 0.1457049107933776
-0.6833333 -0.6896795265991903
-0.2666667 -0.25722499185449116
-0.03 -0.031029100057336265
0.67 0.6454838233336546
-0.7133334 -0.7141920934889677
-0.3133333 -0.325113119093573
0.4333333 0.415759190474324
-0.6 -0.6013073497513055
-0.2566667 -0.25412974482589556
0.9566667 0.9753137655378946
0.0733333 0.08867687801373136
0.88 0.9007514706655468
-0.6266667 -0.6256663178566235
0.4366667 0.4295974428040608
-0.6666667 -0.6748914647699334
