0.74 0.735826795502125
-0.97 -0.9653080244448726
-0.77 -0.7490742175719751
0.7433333 0.7389715632043727
-0.4766667 -0.4908145841864695
0.9666667 0.9798592022172171
-0.38 -0.3878700330429082
-0.7766667 -0.764006790918006
-0.2966667 -0.2959833935616319
-0.72 -0.6931110563523075
-0.1333333 -0.14138983179738945
0.1166667 0.1106183471292729
0.4766667 0.44310464706142777
0.43 0.41605427944892076
-0.79 -0.7608592395649935
-0.5 -0.4831789054062832
0.1566667 0.18896413511856344
-0.0866667 -0.06743617995749379
-0.6433334 -0.5995722872843248
-0.85 -0.8564151602186089
-0.45 -0.4560649864353491
0.76 0.7900479402927225
0.0833333 0.07819943664880258
0.92 0.9011772187221236
0.4266667 0.43850093376928195
0.3333333 0.3265536961562928
-0.8166667 -0.8291881550505009
0.51 0.498994040049939
-0.0133333 -0.0031208047840605713
-0.86 -0.8599202149611174
0.5166667 0.5002619101028373
0.7233334 0.6803404842446701
0.0366667 0.03328508932775942
0.63 0.627778968618643
0.3866667 0.3728558264757744
0.71 0.6973004712468552
0.25 0.26460732881327265
0.26 0.27096623231365063
0.0333333 0.034823533056855316
-0.26 -0.2440502343967912
-0.3266667 -0.32695166362048345
-0.0266667 -0.046933704289324425
-0.1366667 -0.12951666276106025
-0.1 -0.07177355285793813
0.4066667 0.4095656404204422
0.5366667 0.5276236050573241
-0.76 -0.7760160147477239
-0.6766667 -0.69339077821557
-0.94 -0.9419881167935577
0.55 0.5487251964039028
0.6933333 0.678474877349888
-0.6866667 -0.6961176479053057
-0.9433333 -0.9392895197447227
0.4733334 0.45113209310305014
-0.4333333 -0.45540154120499676
-0.0833333 -0.07327730401251484
-0.75 -0.7446177429871971
-0.6166667 -0.6394781355076111
0.0366667 0.03663457488333405
-0.02 0.006798581267347503
0.8633333 0.8967387629272923
0.36 0.356360324892864
0.1566667 0.18413301841425264
-0.54 -0.5325363992125938
0.75 0.7789742493547744
0.31 0.2951668404017261
0.3 0.2993093028005783
-0.2866667 -0.3002449749741134
-0.0866667 -0.09462178386804992
-0.6366667 -0.6276584469189146
-0.5166667 -0.4906784841798039
-0.2266667 -0.23225058535926846
-0.9966667 -0.9883304371950822
-0.0633333 -0.08120098078510857
-0.36 -0.3555025220401368
0.57 0.5713437758864855
-0.0066667 -0.011853218609571281
-0.9466667 -0.9345866089531036
-0.1633333 -0.14679535097900653
-0.5433334 -0.54223967821183
-0.4833333 -0.45325112908428616
0.9466667 0.9351741677121805
0.4766667 0.47947876945061024
-0.2766667 -0.2742773802970554
-0.7333333 -0.7346155278843594
0.2833333 0.2802189821933391
-0.2333333 -0.2388581716088619
0.3066667 0.3301226834795301
-0.7 -0.7043979310580795
-0.59 -0.5947778465497972
-0.1333333 -0.12013206551894151
0.7133334 0.7208008587514855
0.4566667 0.4380328276142077
-0.4866667 -0.46715137641670224
-0.9933333 -0.9926426479200479
-0.7366667 -0.7421230093986462
0.94 0.9554319589168911
0.3433333 0.3465746105843748
0.8066667 0.8205795957424852
-0.2166667 -0.21982326831566934
-0.1566667 -0.14745400757846472
0.58 0.5709974344608395
0.21 0.20490495654879481
-0.0266667 -0.027633188201979964
-0.17 -0.15729958175445868
-0.3333333 -0.3316369544351148
0.1066667 0.12034424679424804
0.75 0.7931485019897431
0.5166667 0.5446220188687732
0.1066667 0.12244863587686672
0.7933334 0.7919350350423032
-0.23 -0.2330417846760081
0.15 0.1544040982776247
-0.6833333 -0.6675020250407823
-0.2666667 -0.26181413062705733
-0.03 -0.01959085610035504
0.67 0.6534083388796708
-0.7133334 -0.719718980407245
-0.3133333 -0.3108363067472799
0.4333333 0.45400506663906903
-0.6 -0.5965238361071458
-0.2566667 -0.25856654289065345
0.9566667 0.969064354017013
0.0733333 0.07936529080862736
0.88 0.8872799048222639
-0.6266667 -0.647239316628627
0.4366667 0.4265739976432074
-0.6666667 -0.658142955781973
