0.8466667 0.812326585499854
0.45 0.45525195444613664
0.38 0.39062229718124386
0.1066667 0.11284795374256407
-0.1966667 -0.1893772091809206
0.5366667 0.5329271297274272
-0.51 -0.511156820504199
0.4833333 0.5083570757701309
-0.16 -0.19635428179512127
0.6533334 0.6669675165075252
0.9066667 0.9260344161270522
-0.4066667 -0.3825337958581335
-0.7 -0.6729952307088127
0.5733333 0.5870022756658593
-0.22 -0.1954379833419828
0.1333333 0.12168723087597191
0.32 0.3220014029002427
-0.8866667 -0.8808355641243307
-0.9866667 -0.965416538989181
-0.5866667 -0.5555290677709717
-0.79 -0.7788739067566083
-0.7866667 -0.749764245349456
-0.1366667 -0.14898692281290973
0.9866667 0.9805251921677376
0.7866667 0.7910027926597281
0.82 0.8197726477829913
0.0433333 0.04004137790435913
-0.01 -0.018432090409429225
-0.3666667 -0.36485140536524646
-0.0466667 -0.042112108379380085
0.0166667 0.026986698604073156
0.55 0.5223934378831561
0.3933333 0.41831878646007997
-0.7466667 -0.7790187005776845
-0.17 -0.17914514457561115
-0.1733333 -0.18838374884137343
-0.9066667 -0.9191788632253433
0.55 0.5408456551676846
0.06 0.03581839187573048
0.3733333 0.3806486417185876
0.98 0.9718994034605569
-0.6233333 -0.6521574854988775
0.1 0.11314262826884026
-0.0033333 -0.001168921890651653
0.2133333 0.2141115105303724
0.1333333 0.1325021716068327
0.4466667 0.4466196543778572
0.44 0.4377688184293135
0.4233333 0.4048816102969779
-0.3266667 -0.330052868665789
-0.02 -0.009474535767834913
-0.0633333 -0.05834214158599543
0.1233333 0.1258495716691077
-0.19 -0.1890771616485788
0.6966667 0.7116276764550207
-0.36 -0.37985754168856634
0.1433333 0.1560460706593944
-0.16 -0.1750950357376006
-0.5133333 -0.5205703070947438
-0.9566667 -0.9750800574758726
-0.7666667 -0.7941147073114558
0.1633333 0.17796998163003083
0.7066667 0.7087850187513588
-0.93 -0.9649052159662466
0.9966667 0.9850310803796598
0.18 0.20751455067812705
-0.5066667 -0.493078178305257
-0.1466667 -0.18013848740365979
-0.0566667 -0.0781742144011246
-0.6366667 -0.6610919091945185
-0.0233333 -0.015545407078665575
-0.34 -0.34833627842749393
-0.25 -0.2733437523551146
-0.8733333 -0.8721549198706721
0.06 0.08098008949484625
-0.4133334 -0.4136130121223239
0.5 0.5123559550221093
0.7466667 0.7484899156740182
0.3266667 0.3133759476598232
0.82 0.8206802901562943
-0.8566667 -0.8750685491618291
0.8033333 0.7889059362166994
0.5733333 0.57442212074632
-0.33 -0.34843060154327454
-0.3633333 -0.36403269155730017
0.8633333 0.8732215514735037
0.9066667 0.927372532573449
-0.2766667 -0.2978044412766473
0.0933333 0.09577305297097358
-0.0166667 -0.02130131287415915
-0.1866667 -0.21166117595657558
-0.8233334 -0.8267892726385102
0.9466667 0.9639246498754268
-0.38 -0.3692665745337505
0.5 0.5174026756631132
-0.0033333 -0.004196222141054418
0.9633334 0.9500347226662997
0.6033334 0.5811606994722823
-0.26 -0.25313903217216677
-0.7466667 -0.7583304487153886
0.0566667 0.06481678581549338
0.39 0.3925766057078954
-0.4366667 -0.4320381746517603
0.2933334 0.3208424902692693
0.3966667 0.43756512800251257
0.5333334 0.5271536979333858
-0.04 -0.0623519365135248
0.09 0.08005691508814652
-0.2766667 -0.2924891315239536
-0.8633333 -0.8509334815270506
0.3866667 0.35550145165634434
0.7033334 0.7014423494212364
-0.9966667 -0.9965235667321469
-0.9833333 -0.9818470030208979
0.6066667 0.5837517908753129
-0.6733333 -0.6777786808332226
0.6933333 0.6949263958649403
0.1766667 0.16345958970251168
-0.42 -0.4537915928728684
0.9266667 0.9515754971976573
0.58 0.5756256154208282
-0.35 -0.36086178109609296
-0.1333333 -0.14603438237648847
0.6933333 0.690345323561697
-0.34 -0.31823890830261925
0.2233333 0.2579784505116968
-0.96 -0.9520683335700263
-0.5433334 -0.5511902551512934
