0.8466667 0.8297092320477317
0.45 0.4373439129900044
0.38 0.36426968822524874
0.1066667 0.09569657263834333
-0.1966667 -0.1964160554285353
0.5366667 0.5439460324932797
-0.51 -0.5276120269682627
0.4833333 0.4846960943064942
-0.16 -0.16572740512145456
0.6533334 0.6544425181451822
0.9066667 0.9045294631406751
-0.4066667 -0.39137479415699866
-0.7 -0.7019743902880259
0.5733333 0.5638026459971439
-0.22 -0.2282414307593443
0.1333333 0.14748136398021452
0.32 0.32365929255855624
-0.8866667 -0.8959388633297306
-0.9866667 -0.9914658351759744
-0.5866667 -0.6058804140968879
-0.79 -0.7870118535799935
-0.7866667 -0.79798226875279
-0.1366667 -0.13893112033819127
0.9866667 0.9891492817180655
0.7866667 0.8008556539165541
0.82 0.8411130096979205
0.0433333 0.04431707271860391
-0.01 -0.014603317063223376
-0.3666667 -0.3618359529375721
-0.0466667 -0.044430707565918215
0.0166667 0.014357390442229723
0.55 0.5578111218085703
0.3933333 0.3814069823549362
-0.7466667 -0.7305279944179245
-0.17 -0.16476385736326657
-0.1733333 -0.19303299066873042
-0.9066667 -0.9051443170485688
0.55 0.5635687436416209
0.06 0.04904502652784333
0.3733333 0.3633385391280973
0.98 0.9988307642045142
-0.6233333 -0.6021840892483648
0.1 0.10410615251195995
-0.0033333 -0.00785300701642122
0.2133333 0.21062490778962492
0.1333333 0.12277376633137999
0.4466667 0.4475725157831703
0.44 0.44585167301761436
0.4233333 0.42035427196919967
-0.3266667 -0.3328437288985419
-0.02 -0.02719012948553079
-0.0633333 -0.06647307955243459
0.1233333 0.12213682967320899
-0.19 -0.18752744568142887
0.6966667 0.6899990090574082
-0.36 -0.36547210655262496
0.1433333 0.1495154260679044
-0.16 -0.14616255861711974
-0.5133333 -0.5220721302904088
-0.9566667 -0.957793947249957
-0.7666667 -0.7591974411788605
0.1633333 0.16694593137995845
0.7066667 0.6960404628917376
-0.93 -0.9206365202311688
0.9966667 0.9763371635745877
0.18 0.16168993439400234
-0.5066667 -0.515251074042854
-0.1466667 -0.16984713220342249
-0.0566667 -0.06426820563806412
-0.6366667 -0.6429095219727269
-0.0233333 -0.015979641139668162
-0.34 -0.3341607441896467
-0.25 -0.24557226865669557
-0.8733333 -0.8953195757762858
0.06 0.044682329295381906
-0.4133334 -0.4097502303447526
0.5 0.4807457116297148
0.7466667 0.7466944722815114
0.3266667 0.33109106889173223
0.82 0.8185499140619337
-0.8566667 -0.861514395345152
0.8033333 0.7831610755899727
0.5733333 0.57600943733202
-0.33 -0.32689553613258865
-0.3633333 -0.35829333336053437
0.8633333 0.8705139588136313
0.9066667 0.8881199877741356
-0.2766667 -0.26981885159534136
0.0933333 0.1017944427419633
-0.0166667 -0.013937593514143434
-0.1866667 -0.19870419208121737
-0.8233334 -0.8149077079000691
0.9466667 0.9518719505424931
-0.38 -0.40035971226303235
0.5 0.4913442644786176
-0.0033333 -0.005196806196449744
0.9633334 0.9403353545851009
0.6033334 0.6224590213379391
-0.26 -0.26637636514408014
-0.7466667 -0.7345357228074209
0.0566667 0.04798493110319679
0.39 0.3937784968801397
-0.4366667 -0.42286290656431247
0.2933334 0.3049295022004886
0.3966667 0.38115813822885003
0.5333334 0.5299903345425799
-0.04 -0.04664854977597027
0.09 0.09582736890532936
-0.2766667 -0.2733809295196953
-0.8633333 -0.8668710423356083
0.3866667 0.38759920333267095
0.7033334 0.7055336278835767
-0.9966667 -0.9877667720044638
-0.9833333 -0.9786501276557542
0.6066667 0.6170868867326786
-0.6733333 -0.6602383486903772
0.6933333 0.7064083315594766
0.1766667 0.19331161120586587
-0.42 -0.43580702746037986
0.9266667 0.9320195016146663
0.58 0.593568037197366
-0.35 -0.35602852648468936
-0.1333333 -0.13322708054606933
0.6933333 0.6819396588653865
-0.34 -0.3439085611282565
0.2233333 0.23318206708371447
-0.96 -0.9595898566566128
-0.5433334 -0.5408625662968276
