0.0466667 0.04229573051875102
-0.0866667 -0.0735994516514438
-0.3733333 -0.36289363553460297
-0.1533333 -0.15791459139397915
0.0366667 0.046144068494645606
0.0066667 0.01705455958732177
0.7633334 0.7268468933947715
0.61 0.5913637836236685
0.3833334 0.3929445858842613
-0.28 -0.30813776711440233
0.56 0.570051729717177
0.1633333 0.14844233212913868
0.1266667 0.11627821763448049
-0.71 -0.732278512747897
0.9666667 0.9742272570154686
-0.86 -0.8710017873702698
-0.59 -0.5787491457747956
-0.2366667 -0.25564727384379854
-0.4033333 -0.4213870122828845
-0.7566667 -0.751687131488839
0.7133334 0.7327886192149851
0.4233333 0.4268643203115875
-0.2933334 -0.31329377155729
0.72 0.7214304458554683
-0.9666667 -0.9782052426049334
-0.9966667 -0.9993843231151667
0.9833333 0.9809804827197957
-0.6666667 -0.6638380561451809
-0.17 -0.17431895987069246
0.9 0.9095522731023011
0.03 0.031516374280112475
0.27 0.26269260096918745
