0.5833334 0.5585430864919233
0.8166667 0.7913687160877937
0.05 0.047079033880552096
-0.97 -0.9373621403173638
-0.5066667 -0.49861484043736937
-0.0666667 -0.06902029969957019
-0.39 -0.4138897198876432
0.3933333 0.38777939731025307
0.27 0.23856522387881124
0.4366667 0.45099499070315496
-0.8166667 -0.794725932166906
-0.3166667 -0.31638897279680905
0.6466667 0.634278023234676
-0.0233333 -0.025114106165672695
-0.5466667 -0.5408460278195546
-0.2966667 -0.30789776685103026
-0.5333334 -0.5560960187932458
-0.1966667 -0.20134323408822713
-0.3366667 -0.3511665738046187
-0.5933334 -0.5970183181150598
0.0 0.025863645624072132
0.7033334 0.6941651538134068
-0.6366667 -0.6724372288121754
0.7366667 0.7652969110356553
0.0066667 0.009247493919454484
-0.28 -0.3079236357407803
0.4866667 0.49502710331548305
0.32 0.3174475894171769
0.4133334 0.4171543573599562
-0.3633333 -0.3542668548896836
-0.2233333 -0.2598876073501871
0.9366667 0.9737585834730232
