0.0833333 0.09067815569431825
0.5633333 0.5553481307130312
0.7633334 0.7602361614185613
-0.79 -0.7823718319452405
0.6266667 0.6325169225206605
-0.4766667 -0.4706547633356303
0.63 0.6386837761959854
-0.63 -0.6379658013607465
-0.5166667 -0.5134052131583611
0.2666667 0.2706631579420718
0.7066667 0.6998868442529097
-0.31 -0.3186422527121992
0.0133333 0.030159012222687645
-0.2266667 -0.234173596648045
0.3866667 0.3879326590198924
-0.7033334 -0.7213798469566506
-0.4166667 -0.4039069029409073
0.39 0.3786834367420116
-0.5866667 -0.5941694947607051
-0.3766667 -0.3684129316980087
-0.48 -0.4988750192020309
-0.0566667 -0.07299956174558103
-0.25 -0.25627468013370114
-0.28 -0.2824762050377611
0.9966667 0.9976314028245069
-0.1166667 -0.10256115547502573
-0.8433334 -0.8281700339109106
-0.05 -0.05469369820347436
0.7 0.7195658535646016
0.7466667 0.7707097686314008
-0.2233333 -0.21278106617964387
-0.1866667 -0.18590342469995408
