0.5833334 0.5882207892961369
0.8166667 0.8026630161314646
0.05 0.048876397329774404
-0.97 -0.9807201763924709
-0.5066667 -0.5178596737003436
-0.0666667 -0.0863672646007782
-0.39 -0.38644034737367294
0.3933333 0.41757758494348696
0.27 0.26850296232399457
0.4366667 0.4373164058650965
-0.8166667 -0.8169323939356847
-0.3166667 -0.3095207964226509
0.6466667 0.6376885708788338
-0.0233333 -0.01636230191279981
-0.5466667 -0.5422609727357227
-0.2966667 -0.30117422630988755
-0.5333334 -0.5307868566333829
-0.1966667 -0.18842545759398455
-0.3366667 -0.3449878394042635
-0.5933334 -0.590624912733898
0.0 -0.006401282464082447
0.7033334 0.7001601773960583
-0.6366667 -0.6128821832149465
0.7366667 0.7403364213594932
0.0066667 0.014507759572533037
-0.28 -0.27205814547465784
0.4866667 0.4856453602897702
0.32 0.3077339786855927
0.4133334 0.4361848696052209
-0.3633333 -0.36264214561551
-0.2233333 -0.23148631514407628
0.9366667 0.9439812739909962
