0.0466667 0.01618049909912197
-0.0866667 -0.1267269838310545
-0.3733333 -0.3614796626125808
-0.1533333 -0.13663047621558908
0.0366667 0.060606741309984904
0.0066667 0.008210863507989115
0.7633334 0.7366956400056014
0.61 0.604696234109302
0.3833334 0.3711275156840161
-0.28 -0.23090230163221226
0.56 0.5776388355661377
0.1633333 0.14762912888226887
0.1266667 0.10969892433846493
-0.71 -0.693228749137631
0.9666667 0.9743730734368049
-0.86 -0.842058232891699
-0.59 -0.6032712949236891
-0.2366667 -0.21451207102792758
-0.4033333 -0.41572330978892674
-0.7566667 -0.7369712013226077
0.7133334 0.6841280127437958
0.4233333 0.3666754698109077
-0.2933334 -0.25563981801766966
0.72 0.7124046237590003
-0.9666667 -0.9048911514496005
-0.9966667 -0.9046097105739463
0.9833333 0.9570360345488838
-0.6666667 -0.6201046861251585
-0.17 -0.17738999876340814
0.9 0.9041507775584399
0.03 0.020373655686241
0.27 0.2689457196752258
