0.15234420897780732 0.12071992114684335
0.26038100294204813 0.2646261199407753
-0.010858261918757162 -0.06575345638771729
0.36777861824770763 0.33979484522871695
0.8820324239920427 0.8938727173032426
0.6126024291699952 0.6285810664475824
-0.11099854267240916 -0.15983775025524172
0.6739582616198152 0.7160632617043816
0.9472363838777387 0.9002794152340495
0.1328079281001937 0.1242442070083816
-0.7872287233942123 -0.791092951430026
0.5185339751526377 0.507721782372136
0.9983709842179909 0.9674351791192972
0.05475139322001543 0.013620619210864741
0.9616173265575652 0.9554958420104369
-0.5615824187509819 -0.5811072217138388
