0.5231360798686223 0.40658477169293106
0.051430998156047014 -0.046612398153941706
0.7723074650861556 0.7589686696830765
-0.6679448225854971 -0.6388797385864237
-0.5707779293090463 -0.5760400674789176
0.5728348481856789 0.6064550648197908
0.6544013506265712 0.5935078871809623
0.548418996730566 0.5677457197490542
0.15984457707877753 0.15339137995179622
-0.09580341666522285 -0.020167734673361446
0.008149914453451701 0.033285281046129524
-0.266621889296628 -0.26383397328625346
0.7141643840650327 0.694065960594486
-0.17302455845250253 -0.23322371997948516
-0.4841915349525886 -0.4730144171507066
-0.0038446700906161757 -0.015790532300814442
0.7619730808638537 0.7614015710286515
-0.07557342245843579 -0.05751103776379659
-0.772986515835756 -0.7481040837826581
-0.4222129339640045 -0.4284817652178108
0.14152615605109542 0.1371322746017098
0.6351592714809792 0.6517872652498187
-0.12828957245389205 -0.2119362599775148
-0.1829571463779882 -0.16566153871984482
0.537883077264147 0.5553624533393238
0.38389885639880417 0.3949886225723401
0.5697178338600867 0.6184994876607999
-0.2981363305176611 -0.33622834388838324
0.6483236247292318 0.5848037018191586
0.36504967150601986 0.37278802339395883
0.18721903000836349 0.21538730892110663
0.1669161492298663 0.16283412499074704
0.058540389884341626 0.04211305309413009
0.11579177995568124 0.12334384430313947
-0.8554442706496267 -0.8641011370755749
0.6752291204131615 0.6956770653420459
-0.1512855092080061 -0.1507999366975595
0.698095116448326 0.6971543071965229
-0.021420417920336554 -0.06956559525122995
-0.2754742442445143 -0.2671903572591712
0.007484132848930236 -0.023016457759099412
0.22657773495027 0.24689606598876862
-0.3247250705371938 -0.33822739252065603
-0.15361908519775835 -0.14858852403681855
-0.5502727743578786 -0.5283285207421187
0.5090455963812722 0.4487505331483614
-0.086522291217481 -0.06554157324784377
-0.4811384864833588 -0.48405252515884045
0.06687750134142956 0.07616408008003091
0.9420846552468981 0.9201712416945577
-0.176656244151411 -0.18739170570243213
0.6567151864865177 0.6126820611345672
0.5223848140657591 0.4813051459975882
0.3441067363429021 0.32897089923276607
-0.3438834446957284 -0.3278434146095105
-0.07596959615804943 -0.11702883449431797
-0.08261244958095071 -0.08865620073039888
0.6161066883387576 0.6214525562429574
0.34416522002569594 0.32412311207386607
-0.41376605952734336 -0.39456924671118687
0.01653335455198035 0.04716808339895701
0.15563009683548745 0.16641427590423016
-0.01429371567410298 -0.011994770160452792
-0.2897136528628963 -0.30973593257643817
-0.09409569541022145 -0.10952326699490479
0.03904213409619561 0.04401960284128447
