0.1454606369799809 0.3128652927388602
0.39925474929046567 -0.4663616970560432
0.5310002063081808 0.5026461003818323
0.033293335376423094 0.1280173743506622
0.3897991620027267 0.29317782214764165
-0.2565709585250827 -0.3280809518300729
0.3408692271453583 0.15726203812374764
-0.5794484927539143 -0.637382840602929
0.5168966842076896 0.7642041139783403
-0.01798741345730459 0.02224649473362103
-0.4741336445901043 -0.25046393562025693
0.9002127021370079 0.9991216337838656
-0.09692553241863366 0.5976899978675673
0.022249301016427636 0.11132452636407267
0.35836527044280475 0.3868976979227777
-0.589283878032523 -0.242868704541784
0.019609098186409213 -0.022052487436576965
0.313694684194634 0.5565097657993133
0.19434050488541643 0.18333568582692325
-0.337980436318449 -0.29796727480429186
-0.7065004639179373 -0.6357897474449591
-0.39252922323175377 -0.38470608717201943
-0.16598924344734567 0.011642739769822906
0.5377464101867382 0.5332077045225612
0.03218749605644777 0.048666757745896204
-0.6378423677132056 -0.6471497504253224
-0.07950150022564384 -0.17789781172682695
0.13247650654884824 -0.04117441480693409
0.2712963853098421 0.2897476359917196
0.8885784638432019 0.9266772618855921
-0.665165092976129 -0.6497607450579387
-0.17996668597330778 -0.2792964515554893
0.468108131730132 0.21042865156506135
-0.23470470817386757 0.297432556567745
-0.39270430945547485 -0.5330058613539026
0.508983561480192 0.9257075503140374
-0.6665954737438192 -0.9251106822856224
0.1861690234788107 -0.3213702216110241
0.5545123095106819 -0.005105271650533596
0.6120488148270817 0.9689850060026377
0.7232787114035664 0.13142979620720277
-0.8464433183384896 -0.4376306197397925
-0.00559765192054662 0.025956539560104866
0.22313568090577318 0.1393354080681929
0.4985835562779206 0.5882370411732649
0.4040088780461618 0.46003262933637573
0.2406318860685509 0.20947884938437597
-0.5046801967681862 -0.3861448581377289
-0.41071901300949987 -0.4829680682520721
0.06899281495325738 0.05358301461687503
0.6316263620072733 0.5653507023359577
0.12843353578410266 -0.06250398605959244
0.14696799683152328 0.21454416471253826
0.11385762169410085 0.02432525061868787
-0.06098882849121734 -0.014161078627289946
0.6614899358915356 0.5959961750421013
-0.40602789656858207 -0.47366259773817615
0.27634095098594214 0.3031731861306522
-0.05711367032103276 -0.1717785228963855
0.17303214882741147 0.06862931284078794
-0.48998466233414195 -0.5332404659968237
-0.1986317934879931 -0.039371060119190025
-0.31810996916333356 -0.4347154534607068
-0.13480882066291855 -0.26683531934932875
0.3796822606037725 0.11365696005762933
-0.11960463688626888 -0.12033688856015233
-0.1085641995437473 -0.23047369845793544
-0.3721924884536426 -0.3999755712591674
-0.32380179922479324 -0.6884546160528486
-0.8069706904812264 -0.45498213567035595
-0.011048656209771024 -0.013958289567601197
-0.2255876836462215 0.06203231622010498
-0.862962618278838 -0.0023257877149958778
0.0940633895654287 0.06961121494217665
-0.26827342098818785 -0.2431264341365023
-0.5485680652111817 -0.4981571814607499
-0.26847145437584685 -0.27542892297850624
-0.3530066415895352 0.14133058247292768
0.6100287784226998 0.588499499284769
-0.1578795398828744 -0.15275320347732346
-0.6114357185547433 -0.3606991045791265
-0.1474437321590173 -0.4649366530925193
0.40426991201166207 0.3290450917912953
-0.2931773097753272 -0.21032280216773255
-0.5113195451756135 -0.6451413098638171
0.11364414049483473 0.015426273086036616
0.35804660046760173 -0.10083927037127702
0.10733967924617938 -0.041932707446457496
0.6821665872335891 0.8135478398726022
0.3450853107301255 -0.07582094206984447
-0.06231170747448245 -0.23422669494235013
0.15537342072231397 0.2379778172550146
-0.016257684968410402 -0.37258926359180233
-0.7670866955412619 -0.39070842616843027
0.6144707198204233 0.5965792506646945
-0.8811741564779075 -0.25693075166757284
-0.31837750717342506 0.26031669351997466
-0.3688553724775543 -0.4153252225079576
0.21574862734604838 0.2521257845966511
-0.5109486356330999 -0.5115122704999902
0.19250478842243102 0.5085715072257266
0.6888001363797912 0.9985627981285488
0.4023972974511435 -0.30085734579508855
-0.018593750602367343 -0.017010498773116736
-0.07392507385168601 -0.539836763711975
-0.670326945991209 -0.6732191320768436
-0.2539006103174979 0.2735259031269234
-0.5609167979424734 -0.23284455275128543
-0.746419292467842 -0.7095866035324087
0.21394684232136874 0.2897286864385767
-0.46622301326596494 0.03951567525503019
0.5945224024411724 0.11618528426083526
-0.0393221635500246 -0.022481402783007087
0.3345794300768251 0.2789665867596546
0.030995092159087356 0.20208326858780842
-0.03377062755470184 0.06454029950013407
0.6344021136178408 0.5929943137650868
0.7406902700516198 0.45923229416002603
-0.9336414315477766 -0.9355526262511739
-0.1752437652500456 -0.15449666362375852
