0.029725385185668807 0.015020291536529734
-0.6381420946791684 -0.590562998821758
0.4918046936826831 0.4745964755768645
0.14437811780507415 0.10903006707398608
-0.06470002826039434 -0.1132650946585479
0.048761218290236275 0.06946900194146133
0.2604304516249828 0.2520427991171698
-0.06306905093462134 -0.09933685249145913
0.08909972102505803 0.04434905988089066
-0.2581765695789656 -0.27748834636407377
-0.39649864528092305 -0.43159771219687293
-0.4809176845213099 -0.508654100949438
-0.3663603367989057 -0.3514781125914837
-0.6595320153640424 -0.6775590952355395
0.12146817160741086 0.09599222890480229
-0.6861534660000419 -0.7431257999992269
-0.039966796573281504 -0.029859224082955618
-0.31887624486772614 -0.3314827785474148
-0.8658776269549903 -0.8534376676490023
-0.047904729617047836 -0.04482651121670986
0.3274849801276196 0.33478573553031515
0.05789473821739943 0.06690226967280759
-0.11578548802720401 -0.13831497712065016
0.31854593667398623 0.31675777149505985
0.18827111898537496 0.19894066110135827
-0.11984004257816505 -0.1335693366472442
0.16957879121356323 0.13201484399976915
0.12492510467236206 0.10473257576886026
