0.11749298285650252
0.11705015109749954
0.11658873588583915
0.11614131887093547
0.11569810409322968
0.11526361776335324
0.11484647699230348
0.11445589533251559
0.11414616154683908
0.11387617097266448
0.11364745422536549
0.11341506704316233
0.11316506701197115
0.11289473150702711
0.11259252025601724
0.11225479265795502
0.11188695572641505
0.11151144310263471
0.11114735487322028
0.11082161305962213
0.11055771008688713
0.11036664556912547
0.11024081189452044
0.1101509331130937
0.11006333127654284
0.10997959366080903
0.10985609693716183
0.10967115673996979
0.10945545665383333
0.10926717769736545
0.10916414311269113
0.10918543106759605
0.10935028215437204
0.10965995190729934
0.11010337620448794
0.11065734422530811
0.11128002544978226
0.11191120408340147
0.11248862723511618
0.11298967009449322
0.1134397915768937
0.11386983912766835
0.11423405094772437
0.10980024977601002
0.1048657059420052
0.10038134141949837
0.09591625248239073
0.0918424611114194
0.088005416397124
0.08465673100607227
0.08183344263785886
0.07902179026731995
0.07111812259452442
0.06250060509047406
0.05120291735732474
0.04071027876030173
0.030848747926421866
0.024856428139280323
0.022049950413510915
0.02119594423094849
0.020472572481210614
0.019730157076001537
0.019115794877722865
0.01847221818866478
0.017921862564326388
0.017353849632193073
0.016861655929416238
0.016354652837265886
0.01590942005490807
0.01545405435691914
0.015056412042568653
0.01464288355086047
0.014283641519092234
0.013906000536335153
0.013579923278843584
0.013233159213036258
0.012935897150724053
0.012615825740689975
0.01239707171890741
0.012076721642479275
0.011923350253281555
0.011606290279040872
0.011392179822957612
0.011077902372119409
0.010886836297842551
0.01063050455745066
0.010437376291610841
0.01020608357149421
0.010017626539010385
0.00980518819601786
0.009623812855490573
0.009426399257174105
0.009252852721364597
0.009067898929694132
0.008908120365271012
0.008753695898303037
0.008595168053090805
0.008428492088161493
0.008274500570358393
0.00811701998238381
0.007970871184824114
0.00782075962580743
0.007681367527332627
0.007537666935506322
0.007404319477204181
0.0072663665590002565
0.007138515627842473
0.007005784094488192
0.006882973499396632
0.0067550186507308995
0.006636855163218127
0.006513290796614482
0.006399430256561565
0.006279917091387352
0.006170056383012487
0.0060542950497542575
0.0059481666605610654
0.005835892737648899
0.005729861170785672
0.005609713052707179
0.005505951400690269
0.005409600283362545
0.005311490181751419
0.005213195080300155
0.005117506999567568
0.005019857490851203
0.00492819816360965
0.004832308357021653
0.004743781495411544
0.004649969744233549
0.004564205457710591
0.00447256064001254
0.004389347687979167
0.004299874543730727
0.004233457986058624
0.004160864532257904
0.004079274136095204
0.004018191215061958
0.003911813841066833
0.0038413589305157157
0.003753104481880103
0.0036793222288675183
0.0035986311390285293
0.00352420646286294
0.003448009341510091
0.0033742499610946103
0.003301291383286154
0.0032288429003428988
0.0031585420180897596
0.0030877278183586714
0.0030197953420133383
0.0029507806207168413
0.0028850643815761063
0.0028179354381664256
0.0027543516494717237
0.0026891546034655913
0.002627655117906056
0.002564359868504423
0.0025014190787583223
0.002439281755492121
0.0023813708627464414
0.002319371365800248
0.0022680594750785618
0.0022117576157178677
0.0021588762155708386
0.002105526844237054
0.0020539407545179847
0.0020026906894981857
0.001953123061926148
0.0019047319014976686
0.0018590244210497176
0.0018102000825002075
0.0017641106427753535
0.0017185191322126169
0.00167388782813881
0.0016298204080655294
0.0015872513549758274
0.0015478033973766868
0.0015048433102787585
0.001465268913395315
0.001425411483593563
0.0013871408265454864
0.0013492474493017432
0.0013127738548479144
0.0012777804826381186
0.0012430939480563429
0.0012106606073790838
0.0011771876683675077
0.0011476302974356613
0.0011147934771687257
0.0010854175561294719
0.0010560961266332118
0.0010271846245956805
0.0009987616828042428
0.0009738178638512077
0.0009468476382238914
0.0009218551952253047
0.0008974903793474274
0.0008739174441087195
0.000851359932312133
0.0008287613769218593
