1.4402662228976397
1.415618254922456
1.3910997482038905
1.3666815118398437
1.3424149091392457
1.3183268624961761
1.2944367738079465
1.2707470967603016
1.2472090102754236
1.2238966662915938
1.2008164137227282
1.1779953108085959
1.1554429665155364
1.1331865381850954
1.1112303068811735
1.0895670281914467
1.0681684241617437
1.0469599796331677
1.0258488984970136
1.0046988138936341
0.9833471569869887
0.9616454893320986
0.9395010849837961
0.9169085801038227
0.893928131095522
0.8706105823934391
0.8470146510607919
0.8231715669453541
0.7990892253994432
0.7747677396898831
0.7502029569155262
0.7253932883908322
0.7003484455456965
0.675087522741613
0.6496405150042677
0.6240480111113522
0.5983566149253486
0.5726111006229406
0.5468473864885441
0.5210840855398703
0.4953315298728193
0.46960951190432043
0.44396649364280105
0.4204524767605129
0.3972516149960111
0.37388822389017606
0.35048120717598624
0.32675508136514403
0.3027192218848381
0.2782268356612273
0.25336964256463096
0.22931625412446985
0.21022462917120538
0.19266700589910674
0.18012929423771606
0.16781808385018832
0.1577855783862066
0.1496417787663646
0.1444645383929027
0.13909866117458844
0.1363287072601739
0.13352285260446467
0.13086008811533464
0.12824201964388404
0.12575323399581612
0.12330356025744212
0.12097034723728797
0.11867197338520388
0.11653215923923774
0.11435281372461167
0.11229498005082919
0.1102508398307683
0.10830442323193663
0.10637798742332508
0.10453607345602922
0.10271549030953604
0.10097088899330942
0.0992468303927756
0.09763602208708663
0.09598165381919706
0.09446935759281111
0.0928905905512586
0.09140924465008231
0.08995212892254675
0.08852119393267413
0.08711937128048389
0.08575977425927743
0.08442456661628286
0.08312988760173724
0.08185710021216155
0.08062288993558238
0.07940879462680293
0.07823137659883592
0.07707259524500645
0.07597558347555138
0.0748821581895158
0.07382764840125483
0.0727553611111266
0.07173338044714042
0.07071550041344982
0.06973725474047214
0.06876738051157019
0.06783111713009009
0.06690544736734612
0.06600954436061153
0.06512530800153145
0.06426818017889986
0.06342312860403218
0.06260323010211404
0.06179542777688951
0.061011267250040836
0.060238991804456375
0.05948914307612098
0.058750831356094234
0.05803393812557308
0.05732815368329146
0.056642929913707715
0.05596834144524131
0.0553253581366131
0.054702144629574165
0.05407269006937025
0.053448478794350864
0.052861797321621995
0.05228191955159728
0.05169674235316705
0.05113922262783808
0.05058851868647527
0.050054592160175694
0.04953167355940485
0.04902145124904635
0.04852395331264934
0.048037075350821634
0.04756357638376729
0.04709945812902229
0.04665917382503694
0.046227519162766656
0.045795655969394264
0.045390914794318456
0.04496372418098773
0.04457214373076318
0.04417571624672263
0.04380052744536895
0.043427336644977006
0.04306962757853513
0.04271697861607482
0.04237694896268071
0.042043350227224593
0.04172077763622799
0.0414051981701126
0.041099661399356724
0.04080127852481241
0.040512265304833234
0.04023036195695443
0.03995732113526075
0.039691239763537466
0.03943360673201626
0.039182727144909425
0.038939975050141115
0.038706159967408164
0.038478602682566684
0.03825605168009864
0.03804271806079475
0.03783170524756959
0.03762945735674299
0.03743337210514953
0.03724323316804876
0.037059956969065874
0.036881472728511056
0.036711009099895664
0.03654663147381618
0.03639260483966368
0.0362328925022289
0.03608388952980732
0.03593837166708796
0.035798135441924055
0.03566639718557267
0.03554047901908464
0.03541581514346942
0.035292260931057744
0.035176579755729555
0.035063674835906264
0.03495656561508034
0.034852501182979535
0.03475292131987928
0.0346562910401727
0.03456422892231901
0.03447740906342233
0.034392318280654505
0.034313368201886366
0.03423492194571622
0.03415881735981728
0.03408742632484487
0.034017937907111065
0.03395376661798502
0.0338917222333078
0.033831346303985724
0.033772547166843095
0.0337186178209999
0.0336679178105581
0.033616571922847574
0.033568605668816545
