1.4540283313567934
1.4301037403349735
1.4063519616884625
1.3827810589648055
1.3593984451584193
1.336209097747566
1.3132149152655561
1.290415539678137
1.2678093490115405
1.2453929378558337
1.223159126111993
1.2010958497652158
1.1791882502451816
1.1574227253740124
1.135787630874574
1.1142668827520623
1.0928282096564657
1.071410486131585
1.049918229125765
1.028233307019169
1.006242365028638
0.9838710081512403
0.9611071829506107
0.9379820936909946
0.914534075035441
0.8907954840141509
0.8668020466221484
0.8426107621354874
0.8182979628508683
0.793929474242647
0.7695352333508664
0.7451084106825855
0.720620640197182
0.6960356348519696
0.6713123750520885
0.6464090021627443
0.6212983226514265
0.5959839417083609
0.5705049885503218
0.5449349670458308
0.5193635941639444
0.49384941356239853
0.46838826441958326
0.44297670570677106
0.41986945908725765
0.39650164267320437
0.3731191325817226
0.34952017623828013
0.3276190597691531
0.3059149055783319
0.28405172358450087
0.26205955169586637
0.2399718895308874
0.22024284102250843
0.20302084732626574
0.18858375362518237
0.17633688611846965
0.16854734218336292
0.16098658768390844
0.15353540290757745
0.14602234540011955
0.13859991279849346
0.1333257436278324
0.13053573275429403
0.1280101189183968
0.1256039463583789
0.12325174030666342
0.12099261946457862
0.1187904323600957
0.1166674258070975
0.1145991756176367
0.11260103929899815
0.11065397087848364
0.10877031521168412
0.106933719067806
0.10520894605535769
0.10345701420804987
0.1017819367437381
0.10013355266004151
0.09854250381557038
0.09701337901638077
0.09552829461409375
0.0940206794291861
0.09259325663882333
0.09118417686587253
0.08982250472611478
0.08848694424472674
0.08718973686095882
0.08592020249954983
0.08468434775715704
0.08347575740064596
0.0822977642949945
0.08117534673144075
0.08006356780250207
0.07895762370474885
0.07788438941458717
0.07683243103669792
0.07580758646261071
0.07483088207524635
0.07383593669173376
0.07288525340994069
0.07194038071885209
0.07102838467383249
0.07015702596315282
0.06926589455379296
0.06841431353621681
0.06756684680002123
0.06676227566805956
0.06596425057751798
0.06518050679403004
0.0644239471125865
0.06364987640724627
0.06291719053768316
0.0621977648343088
0.06150247477657247
0.06079034644639605
0.06011628556961964
0.0594583115889426
0.05882070652821556
0.05816135589739324
0.05754160336598603
0.05691900819881083
0.056320507897293856
0.05572588174268518
0.05514941172086858
0.05457959730532547
0.05402498351425396
0.05349142642818179
0.052969138580633915
0.05242936658336739
0.0519218322692942
0.0514111812342601
0.05092073445430374
0.05043234471083209
0.04995950343389662
0.049490922672114725
0.04903554173751131
0.04858533148594056
0.048146971771309825
0.04771408228380808
0.04729218033988054
0.04687574797799114
0.04646969587833302
0.04606896197077365
0.04567814487826283
0.04529241888435691
0.04491623263520681
0.044544873705936176
0.04418273284697361
0.04382513972028966
0.04347648090998803
0.04313208584842288
0.04279636897158949
0.04246463378297689
0.04214134192907299
0.0418217551258669
0.04151039400706436
0.041202468626793116
0.04090256573061276
0.04061019918674151
0.04032499070714864
0.04004393418767842
0.039772269712112604
0.03950720399174532
0.039248421589067536
0.038971385612333286
0.038715546652478366
0.038455846286028335
0.03820728683982204
0.03795834113909759
0.03771812771508278
0.03747850358987489
0.037246764845323896
0.03702265273869863
0.03680397962422098
0.036587268152463284
0.03636556456153213
0.03615270494680719
0.03594308058051782
0.035736533376736636
0.03553528199323927
0.03533560227518675
0.03514182254566104
0.03494901729784912
0.034762257989799636
0.034576158497298934
0.03439609912256778
0.034216485040519
0.03404285370166439
0.03386949337892025
0.03370523125801671
0.033539790760963244
0.03338167790470398
0.03321597213036457
0.03306192771974975
0.03290413894193343
0.03275486353307444
0.032603167432177074
0.03245884234813827
0.03231262225470112
0.0321732353006967
0.0320321397960818
0.03189759081630319
0.03176136596720306
0.03163151669980685
0.03149995266121601
0.031374650183200195
0.031247560459516904
0.031126648052692173
0.031003860518581
0.030887182682518898
0.030768535369133165
0.030655940115665685
0.030541279076794454
0.03043261894656437
0.030321797084297174
0.030216929552017102
0.030109805906555202
0.03000859348898466
0.02990715407973013
0.0298104324009676
0.029713565930154017
0.02962006600451788
0.029522503653786687
0.029430993094091567
0.02933769202151284
0.02924897836196677
0.029158981602848695
0.02907320819670788
0.028986244815297886
0.02890337511664407
0.02881929556747529
0.02873924543384141
0.028657933672690372
0.028580608045866922
0.0285019603949958
0.028427263498842042
0.028352599105093867
0.028281062469265074
0.0282092840955341
0.028140089986196694
0.028068372205004844
0.02800082824413399
0.02793326410151053
0.027868338525953808
0.027804992047280958
0.027742705245935955
0.02767980071713979
0.027618841692352035
0.027556304387011017
0.02749648013399854
0.02743667096707228
0.0273785461667645
0.027320840746072883
0.027264534772733905
0.027208745524202556
0.027154248372093858
0.027100275542115894
0.027047540303325356
0.02699530966219043
0.0269442798050465
0.026893726515109833
0.02684434396579229
0.026795407788776433
0.02674761539949689
0.026700239111971825
0.026653981421477603
0.026608110220973202
0.026563333667972883
0.026518914907747472
0.026475567860366728
0.026432550901077812
0.026390583622292723
0.026348919728660693
0.026308284319438786
0.026267926576102846
0.026228576911465778
0.026189480148266598
0.026151371812040462
0.026113492534820194
0.026076582755314565
0.026039879080564717
0.026004126668049965
0.0259685582606329
0.02593392354693182
0.02589945156047586
0.025865896340755656
0.025832483360488205
0.02579997083724181
0.025767580825100785
0.025736075554265277
0.02570467379616707
0.0256741416353109
0.025643694690473322
0.02561410274897801
0.025584578401208542
0.025555894992370393
0.02552726220323805
0.02549945679821622
0.02547168566203121
0.025444728845571356
0.025417790546100865
0.02539165397396604
0.025365520742818514
0.025340177100861616
0.025314822177474976
0.02529024514229001
0.025265642735462224
0.025241806936553805
0.0252179321874569
0.025194813170870335
0.025171642117491233
0.025149216310847496
0.025126725853801705
0.025104970532683783
0.02508313840234952
0.025062031657989026
0.025040836382912057
0.025020357091126606
0.025000056334899906
0.024980165840232806
0.024960681820945557
0.02494128530492995
0.02492196696857355
0.024903092475010897
0.024884381973263685
0.024866030047402014
0.024847887108265267
0.024830051038588877
0.024812447111118584
0.024795116376151304
0.024778028676243236
0.024761190769170563
0.02474459972381688
0.024728560279095535
0.024712444856498723
0.024697076397360636
0.024681324177023536
0.024665959876151715
0.024650606572289492
0.024635732438762943
0.024620782767002414
0.024606362441224668
0.024591813922047758
0.02457782254623374
0.02456366878685914
0.024550087189363228
0.024536319650630925
0.02452349201993696
0.024510112534233075
0.024497854123007805
0.02448473659282524
0.02447235967017687
0.024459544605806495
0.02444757960136119
0.02443507805791625
0.024423488064614595
0.024411658046123934
0.02440042909848065
0.02438910392765135
0.02437810496617674
0.024366607085196192
0.024355874766838276
0.02434473537039463
0.024334278969292435
0.02432346525137493
0.024313286569536418
0.02430277782740537
0.024292874550254008
0.024282655828896074
0.024273023336410245
0.024263082720482748
0.024253715136638113
0.02424404246208323
0.024234933266622932
0.024225519460442557
0.024216661844630265
0.024207498567292825
0.024198885640359803
0.02418996508304829
0.024181589991682705
0.02417290475643741
0.02416476075346432
0.02415630377933699
0.02414858525905686
0.024140316884101138
0.0241329276208919
0.024124804469700094
0.024117402116254655
0.02410947325455246
0.02410229265667939
0.024094556286263447
0.024087586418747964
0.024080039557083936
0.024073271411733224
0.02406591040938643
0.024059336279672168
0.02405215708553108
0.024045770138519933
0.02403876847022552
0.0240325624905696
