0.1434183766602937
0.14360043660819824
0.14372021913888877
0.1437646356846672
0.14372232079535266
0.14358667225220403
0.14335686191490424
0.14303624497310882
0.14263034332666283
0.14214729512545984
0.14160091546626463
0.14101245936274093
0.14040648037856465
0.13980223126463207
0.13921060633467086
0.13864302135052695
0.13812371096244253
0.13769338436445458
0.13740153820551587
0.13729259197548
0.1373961840841903
0.13772601471644172
0.13828017019316619
0.13903891130635532
0.13995716768486233
0.14095872949663737
0.1419489633375982
0.14284878950080632
0.14362472964764608
0.14428871622203482
0.1448758490661053
0.1454228066644449
0.14595480061417646
0.14647838467888666
0.14697672995290398
0.14741041323252774
0.14773618267564698
0.1479377544103383
0.14803079567404692
0.1480356478928115
0.14796269010171736
0.14783684125855676
0.14772286067980475
0.14759762407017563
0.14267645643355603
0.13834659350801748
0.1340355847492076
0.130151375217345
0.12453681700737755
0.1189946487592371
0.11394507634196424
0.10948942972614385
0.10569732179784731
0.10004876209168333
0.09253882344586967
0.08463660150178913
0.07666948829643075
0.06703384807315854
0.057326199321222
0.04769981303971427
0.03840941663063601
0.02975427387414489
0.023210755843748446
0.022035377261635646
0.021351960113869754
0.020741037857378814
0.020135162091617895
0.019579569579120305
0.01903476026149719
0.018530127366247675
0.018036725469319323
0.01757756346887589
0.017128514763123767
0.016709645614627792
0.016299327104157435
0.015961519714966708
0.015570784019754149
0.015224663316990449
0.014872999116155129
0.014550497825838076
0.014207929044409378
0.013890393417043657
0.013617105965800763
0.01333343222177456
0.01306566556489846
0.012804920983461782
0.012553912174890589
0.012311970186543569
0.01207743998413345
0.011851848247596821
0.011632498404162124
0.011421453478669453
0.011239060869585062
0.011021973522699695
0.010839234839012326
0.010643826170252684
0.010468173916906498
0.010287108218974274
0.010128619560504218
0.009953665336182927
0.009795773714769761
0.00963381188102513
0.009481954695802888
0.009394245559639738
0.009212073070439626
0.00908817692343818
0.008928395080283657
0.008784142348263827
0.008621539946044823
0.008515257422315691
0.008367229283461381
0.008262549925961945
0.008128814362325243
0.008001779295904959
0.007861699498347922
0.007773904945781397
0.007649603671497521
0.007557649191482589
0.0074481629319568905
0.0073419959862835674
0.0072360672590618255
0.007135470524476869
0.007033249078810929
0.006936114772968914
0.00683737604371628
0.006743270546400868
0.0066477718422846156
0.006562592366938301
0.006475254487582495
0.006379775230197878
0.006292438350690179
0.0062036575373841715
0.00611772746884266
0.006032654160992055
0.005948606431119018
0.005866392550727902
0.005784387141671631
0.005704648012321367
0.005624708387197249
0.005547225320560948
0.005469316634172728
0.005393943899810083
0.005318008377156043
0.005244637229120948
0.005170610119218411
0.00509915304006161
0.0050269697012075305
0.004957352798826246
0.004886951703170211
0.00481911069229086
0.004750434536281014
0.004684312408211371
0.004617308342591524
0.004552853882066783
0.004487473340038261
0.004424640095658473
0.004360838448989669
0.004299583964338273
0.004237320118908858
0.004173785010792527
0.004109781016825154
0.0040472407422506695
0.004000254111229299
0.0039472514549508935
0.0038977243742157547
0.0038348823382216026
0.0037814352042067133
0.0037251755329282825
0.0036714802581874714
0.0036176857573902454
0.0035648045483896683
0.003512696513786359
0.0034609609934736336
0.003424175264456765
0.0033833979045043163
0.0033463095198954995
0.003284167479005246
0.0032400719236270535
0.0031880538994775564
0.0031426146488908696
0.0030936896267441997
0.003048614805536401
0.0030014902901052466
0.002957338181386417
0.002911621929254787
0.0028685673472866194
0.002824113106974655
0.0027822031323426525
0.0027389431029219906
0.0026981808112987904
0.002656011215856879
0.002616390340161402
0.0025754219179135096
0.002536919345289946
0.002497038361077969
0.0024596386340510258
0.0024208317409030113
0.002384504446367247
0.002346748531675987
0.0023114713423376654
0.0022747442196338922
0.0022404948699011077
0.00220477492801703
0.002171531262610784
0.002136797115878805
0.002104537178632893
0.0020707675561027292
0.00203946959954866
0.0020066433272731134
0.001976285800161582
0.0019443818101585128
0.0019149433453643718
0.001883940690081639
0.0018554000981650068
0.0018252779650059453
0.001797614233357875
0.0017683519584176526
0.0017415442547297928
0.001713121335957106
0.001684138330109999
0.0016551667717762569
0.001625396850186572
0.0015974822433488715
0.0015741630470247916
0.0015488350244479954
0.001524777664035438
0.0015007110084426629
0.0014770816960204298
0.0014538943543179984
0.0014308987235100623
0.0014084686267979984
0.0013861473535888224
0.0013644255570905033
0.0013427780518733435
0.0013217368112025231
0.0013007507940695734
0.0012803689936904323
0.0012601981882687427
0.0012405447590821425
0.0012210854066511136
0.0012020632064189479
0.0011828799005131206
0.0011643548308620264
0.0011461088575755
0.0011282611272840069
0.001111562536325428
0.0010946519244182861
0.0010783275689902668
0.001061778916482982
0.001044699840507868
0.0010281992272235926
0.0010120619260301337
0.0009959392798368806
0.0009804138058097346
0.0009647556616935028
0.0009497616331598661
0.0009345835662937569
0.0009200877775921206
0.0009053844626086133
0.0008913664746788229
0.0008771264809275982
0.0008635699216119578
0.0008497801014328805
0.0008366701502649204
0.0008233169993859734
0.0008106395965987002
0.0007977096997392553
0.0007854512797721843
0.000772931464443871
0.0007610788599609154
0.0007489562516373013
0.0007374966561050482
0.0007257586980174706
0.0007146796492982729
0.0007033141087160228
0.0006926034804149377
0.0006815984493657473
0.000671244445029214
0.0006605883385084953
0.000650579486792257
0.0006402610396931529
0.0006305861897574688
0.000620594453051554
0.0006112427698901577
0.0006015671063049772
0.0005925280658976199
0.0005831581452180535
0.0005744215294734523
0.0005653473235419944
0.0005569032150315879
0.0005481149924981471
0.0005399537689951732
0.0005314420898554472
0.0005235544187003556
0.000515310128655613
0.0005076869609707347
0.0004997011856376969
0.0004923337504146021
0.00048459788941192277
0.0004774776874944498
0.0004699834084298667
0.00046310220641464917
0.0004558414387952971
0.00044919126287066923
0.0004421561919574612
0.0004357293217001802
0.00042891238232545584
0.00042270134447334844
0.0004160952148397312
0.00041009277705719304
0.00040369037253419545
0.00039788953718595063
0.0003916840041193742
0.0003860780020668269
0.0003800627116147784
0.00037464499604796653
0.00036881353805628557
0.00036357777837323855
0.00035792395530172196
0.0003525205744617262
0.00034706255100717834
0.00034155974187811044
0.000336384058642954
0.00033154696213590377
0.00032658804046503475
0.0003218494883506372
0.0003170790888682032
0.00031246088724686726
0.00030786051367815434
0.00030337120866163146
0.0002989279202787986
0.0002945699702282935
0.00029027413861092594
0.0002860469808498172
0.0002818534309993975
0.00027775871496002474
0.0002736804167334637
0.00026972547830170473
0.0002658170550772394
0.0002619883357440587
0.00025819870743485154
0.00025449100852174817
0.00025081761565920696
0.0002472263217983981
0.00024366595137772162
0.0002401868476154312
0.00023673605971331752
0.00023336521835179923
0.00023044501973482496
0.00022719718803518521
0.00022460795970963635
0.00022134191300281957
0.0002182659055573551
0.00021503237272713175
0.00021212187361885405
0.00020894366655777703
0.00020616435539211542
0.00020373020575807028
0.0002010854847105085
0.00019909362125226322
0.0001963544764137318
0.00019351250993460828
0.00019076341420408977
0.0001881079235545528
0.0001853842732115729
0.00018286550418469445
0.00018018692159259348
0.00017777857951202115
0.00017515578132786027
0.00017284252691586788
0.00017028102850886732
0.0001680531348006687
0.0001655553997114649
0.0001634062049739568
0.00016097290510546213
0.00015889750802011417
0.00015652826451293617
0.0001545228204829021
0.0001522166414517328
0.00015027796776311507
0.00014803350895009173
0.00014615885587590503
0.00014397457732037824
0.00014216149157292773
0.00014004879701643626
0.00013829530961671825
0.00013624927445337695
0.00013454966309608008
0.000132537825889463
0.00013089200272030084
0.00012893530706419782
0.0001273418707556868
0.000125438142729321
0.00012389562576473604
0.00012204292521223897
0.0001205498453272021
0.00011874639108658471
0.0001173012749095489
0.0001155454019742099
0.00011414679853357413
0.00011243693301220278
